1 0.1470588235 0.0272727273 0.0609625668 0.0545454545
1 0.2005347594 0.0278074866 0.0588235294 0.0556149733
1 0.2550802139 0.0288770053 0.0545454545 0.0577540107
1 0.3090909091 0.0299465241 0.0577540107 0.0598930481
1 0.4187165775 0.0320855615 0.0545454545 0.0641711230
1 0.3647058824 0.0315508021 0.0534759358 0.0631016043
1 0.4716577540 0.0331550802 0.0577540107 0.0663101604
1 0.5256684492 0.0336898396 0.0588235294 0.0673796791
1 0.5786096257 0.0342245989 0.0598930481 0.0684491979
1 0.6320855615 0.0352941176 0.0620320856 0.0705882353
1 0.6860962567 0.0358288770 0.0609625668 0.0716577540
1 0.7406417112 0.0363636364 0.0631016043 0.0727272727
1 0.7925133690 0.0379679144 0.0641711230 0.0759358289
1 0.8465240642 0.0385026738 0.0673796791 0.0770053476
1 0.1454545455 0.1903743316 0.0705882353 0.0727272727
1 0.2176470588 0.1951871658 0.0716577540 0.0716577540
1 0.2903743316 0.1957219251 0.0737967914 0.0770053476
1 0.3647058824 0.2000000000 0.0748663102 0.0705882353
1 0.4379679144 0.2042780749 0.0737967914 0.0705882353
1 0.5122994652 0.2085561497 0.0727272727 0.0663101604
1 0.5860962567 0.1786096257 0.0791443850 0.1347593583
1 0.6556149733 0.1775401070 0.0812834225 0.1411764706
1 0.7385026738 0.1780748663 0.0930481283 0.1401069519
1 0.8208556150 0.1844919786 0.0909090909 0.1379679144
1 0.1454545455 0.2935828877 0.0727272727 0.0652406417
1 0.2213903743 0.2978609626 0.0748663102 0.0631016043
1 0.2978609626 0.3026737968 0.0759358289 0.0663101604
1 0.3684491979 0.3037433155 0.0695187166 0.0641711230
1 0.1475935829 0.3598930481 0.0684491979 0.0631016043
1 0.2229946524 0.3625668449 0.0759358289 0.0620320856
1 0.2935828877 0.3673796791 0.0673796791 0.0631016043
1 0.3620320856 0.3700534759 0.0652406417 0.0598930481
1 0.4358288770 0.3705882353 0.0673796791 0.0631016043
1 0.4379679144 0.3058823529 0.0695187166 0.0641711230
1 0.5085561497 0.3406417112 0.0716577540 0.1229946524
1 0.5812834225 0.3475935829 0.0759358289 0.1197860963
1 0.6502673797 0.3486631016 0.0791443850 0.1240641711
1 0.7272727273 0.3497326203 0.0919786096 0.1262032086
1 0.8069518717 0.3518716578 0.0930481283 0.1262032086
1 0.1534759358 0.4491978610 0.0802139037 0.0513368984
1 0.2342245989 0.4518716578 0.0748663102 0.0481283422
1 0.3106951872 0.4529411765 0.0759358289 0.0438502674
1 0.3962566845 0.4561497326 0.0802139037 0.0417112299
1 0.4796791444 0.4582887701 0.0823529412 0.0438502674
1 0.1550802139 0.4989304813 0.0791443850 0.0545454545
1 0.2304812834 0.5026737968 0.0780748663 0.0577540107
1 0.3096256684 0.5037433155 0.0780748663 0.0598930481
1 0.3930481283 0.5069518717 0.0844919786 0.0556149733
1 0.4796791444 0.5106951872 0.0844919786 0.0566844920
1 0.5529411765 0.4903743316 0.0598930481 0.0994652406
1 0.6139037433 0.4941176471 0.0620320856 0.1005347594
1 0.6791443850 0.4962566845 0.0705882353 0.1005347594
1 0.7395721925 0.4978609626 0.0673796791 0.0994652406
1 0.8000000000 0.5016042781 0.0663101604 0.1026737968
1 0.1721925134 0.6229946524 0.1090909091 0.1208556150
1 0.2802139037 0.6315508021 0.1090909091 0.1208556150
1 0.3898395722 0.6374331551 0.1058823529 0.1219251337
1 0.4732620321 0.6374331551 0.0588235294 0.1219251337
1 0.5363636364 0.6401069519 0.0609625668 0.1272727273
1 0.5973262032 0.6417112299 0.0545454545 0.1262032086
1 0.6572192513 0.6449197861 0.0609625668 0.1262032086
1 0.7192513369 0.6475935829 0.0609625668 0.1272727273
1 0.7823529412 0.6508021390 0.0588235294 0.1294117647
8 0.1604278075 0.7786096257 0.0877005348 0.1026737968
8 0.2909090909 0.7844919786 0.1711229947 0.1037433155
3 0.3989304813 0.7978609626 0.0427807487 0.0834224599
3 0.4363636364 0.7839572193 0.0406417112 0.0406417112
3 0.4352941176 0.8224598930 0.0385026738 0.0363636364
3 0.4775401070 0.7871657754 0.0459893048 0.0385026738
3 0.4748663102 0.8235294118 0.0449197861 0.0385026738
7 0.5529411765 0.7946524064 0.1133689840 0.1112299465
7 0.6614973262 0.7989304813 0.1165775401 0.1090909091
7 0.7390374332 0.8037433155 0.0534759358 0.1080213904
7 0.7850267380 0.8074866310 0.0556149733 0.1069518717
2 0.1754010695 0.9475935829 0.1304812834 0.1048128342
2 0.2743315508 0.9486631016 0.0737967914 0.1026737968
2 0.3379679144 0.9508021390 0.0705882353 0.0983957219
7 0.4342245989 0.9390374332 0.1262032086 0.1219251337
7 0.5315508021 0.9422459893 0.0748663102 0.1155080214
7 0.5962566845 0.9433155080 0.0673796791 0.1133689840
7 0.6577540107 0.9459893048 0.0748663102 0.1080213904
