1 0.0284334764 0.0563304721 0.0568669528 0.1126609442
1 0.1840128755 0.0885193133 0.1963519313 0.1105150215
1 0.3653433476 0.1003218884 0.1770386266 0.1105150215
1 0.7623390558 0.1190987124 0.2006437768 0.0772532189
1 0.0396995708 0.1845493562 0.0793991416 0.1974248927
1 0.1893776824 0.1765021459 0.1856223176 0.0954935622
1 0.3626609442 0.1877682403 0.1673819742 0.0965665236
1 0.7521459227 0.2006437768 0.1909871245 0.0858369099
1 0.1920600858 0.2564377682 0.1802575107 0.0922746781
1 0.3594420601 0.2618025751 0.1630901288 0.0858369099
1 0.5413090129 0.2907725322 0.0611587983 0.0622317597
1 0.7312231760 0.2800429185 0.1856223176 0.0772532189
1 0.0493562232 0.3465665236 0.0987124464 0.1652360515
1 0.1968884120 0.3267167382 0.1684549356 0.0783261803
1 0.3567596567 0.3353004292 0.1555793991 0.0804721030
1 0.5536480687 0.3631974249 0.0665236052 0.0633047210
1 0.7006437768 0.3412017167 0.1952789700 0.0600858369
2 0.9806866953 0.3041845494 0.0386266094 0.1534334764
1 0.1995708155 0.3959227468 0.1630901288 0.0708154506
1 0.3540772532 0.4028969957 0.1502145923 0.0675965665
1 0.6984978541 0.3969957082 0.1587982833 0.0643776824
2 0.8846566524 0.4039699571 0.1362660944 0.1491416309
2 0.9506437768 0.4350858369 0.0987124464 0.1448497854
1 0.0563304721 0.4828326180 0.1126609442 0.1330472103
1 0.2049356223 0.4565450644 0.1545064378 0.0590128755
1 0.3508583691 0.4597639485 0.1459227468 0.0654506438
1 0.6818669528 0.4495708155 0.1598712446 0.0665236052
1 0.2124463519 0.5611587983 0.1351931330 0.0364806867
1 0.2065450644 0.5257510730 0.1448497854 0.0386266094
1 0.3438841202 0.5654506438 0.1276824034 0.0386266094
1 0.3449570815 0.5321888412 0.1298283262 0.0407725322
1 0.5863733906 0.5375536481 0.0697424893 0.0386266094
1 0.7054721030 0.5568669528 0.0826180258 0.0729613734
1 0.9425965665 0.5659871245 0.1148068670 0.0718884120
1 0.0595493562 0.5965665236 0.1190987124 0.1051502146
1 0.2172746781 0.6384120172 0.1233905579 0.0364806867
1 0.2162017167 0.5992489270 0.1298283262 0.0482832618
1 0.3379828326 0.6432403433 0.1180257511 0.0396995708
1 0.3401287554 0.6056866953 0.1244635193 0.0418454936
1 0.5869098712 0.6078326180 0.0643776824 0.0504291845
1 0.6834763948 0.6148068670 0.0836909871 0.0472103004
1 0.9275751073 0.6298283262 0.1083690987 0.0557939914
1 0.0037553648 0.6963519313 0.0075107296 0.0922746781
1 0.0692060086 0.6942060086 0.1384120172 0.0965665236
1 0.2188841202 0.7076180258 0.1180257511 0.0396995708
1 0.2199570815 0.6679184549 0.1180257511 0.0289699571
1 0.3342274678 0.7119098712 0.1190987124 0.0375536481
1 0.3369098712 0.6781115880 0.1201716738 0.0321888412
1 0.5777896996 0.6518240343 0.0611587983 0.0418454936
1 0.5649141631 0.6936695279 0.0611587983 0.0504291845
1 0.6716738197 0.6679184549 0.0793991416 0.0590128755
1 0.8980686695 0.6802575107 0.1180257511 0.0515021459
1 0.0772532189 0.7789699571 0.1437768240 0.0922746781
1 0.6571888412 0.7172746781 0.0675965665 0.0461373391
1 0.6405579399 0.7623390558 0.0708154506 0.0461373391
1 0.8814377682 0.7317596567 0.1062231760 0.0536480687
1 0.0155579399 0.7843347639 0.0311158798 0.0858369099
1 0.2242489270 0.7934549356 0.1115879828 0.0160944206
1 0.2280042918 0.8412017167 0.1105150215 0.0278969957
1 0.2237124464 0.8116952790 0.1105150215 0.0332618026
1 0.3299356223 0.8385193133 0.0933476395 0.0289699571
1 0.3331545064 0.8100858369 0.1040772532 0.0278969957
1 0.3326180258 0.7907725322 0.1094420601 0.0107296137
1 0.5456008584 0.8336909871 0.0611587983 0.0364806867
1 0.6083690987 0.8487124464 0.0643776824 0.0407725322
1 0.6180257511 0.8052575107 0.0772532189 0.0482832618
1 0.5520386266 0.7977467811 0.0740343348 0.0354077253
1 0.7736051502 0.8122317597 0.0686695279 0.0472103004
1 0.8095493562 0.8503218884 0.0482832618 0.0396995708
1 0.7521459227 0.8508583691 0.0665236052 0.0386266094
1 0.8288626609 0.8063304721 0.0504291845 0.0482832618
1 0.8567596567 0.8508583691 0.0568669528 0.0429184549
1 0.8744635193 0.8079399142 0.0622317597 0.0472103004
1 0.0252145923 0.8589055794 0.0504291845 0.0697424893
1 0.0949570815 0.8642703863 0.1298283262 0.0847639485
1 0.2322961373 0.8664163090 0.1019313305 0.0268240343
1 0.2301502146 0.8921673820 0.0997854077 0.0246781116
1 0.3288626609 0.8642703863 0.0912017167 0.0268240343
1 0.3272532189 0.8959227468 0.0922746781 0.0343347639
1 0.5380901288 0.8696351931 0.0611587983 0.0482832618
1 0.5960300429 0.8868025751 0.0568669528 0.0461373391
1 0.7939914163 0.8943133047 0.0515021459 0.0547210300
1 0.7371244635 0.8959227468 0.0686695279 0.0536480687
1 0.8353004292 0.8959227468 0.0697424893 0.0493562232
1 0.3245708155 0.9270386266 0.0954935622 0.0364806867
1 0.5289699571 0.9211373391 0.0643776824 0.0439914163
1 0.5847639485 0.9350858369 0.0600858369 0.0547210300
1 0.7156652361 0.9399141631 0.0622317597 0.0386266094
1 0.8111587983 0.9383047210 0.0643776824 0.0418454936
1 0.7671673820 0.9393776824 0.0665236052 0.0418454936
