7 0.1166489926 0.0901378579 0.1081654295 0.0402969247
7 0.1203605514 0.1362672322 0.1071049841 0.0434782609
3 0.2195121951 0.0848356310 0.0996818664 0.0445387063
3 0.2258748674 0.1320254507 0.0996818664 0.0455991516
7 0.3059384942 0.0949098621 0.0837751856 0.1198303287
0 0.3860021209 0.0774125133 0.0827147402 0.1548250265
0 0.4602332980 0.0837751856 0.0699893955 0.1442205726
0 0.5318133616 0.0774125133 0.0774125133 0.1548250265
0 0.6134676564 0.0758218452 0.0880169671 0.1516436903
0 0.6988335101 0.0795334040 0.0954400848 0.1442205726
0 0.7900318134 0.0763520679 0.0911983033 0.1420996819
1 0.1680805938 0.2057264051 0.0901378579 0.0721102863
7 0.2693531283 0.2449628844 0.0933191941 0.1378579003
7 0.3711558855 0.2126193001 0.1102863203 0.0710498409
7 0.4703075292 0.2237539767 0.0774125133 0.0615058324
7 0.5609756098 0.2258748674 0.0911983033 0.0678685048
7 0.6431601273 0.2359490986 0.0689289502 0.1410392365
7 0.7211028632 0.2359490986 0.0763520679 0.1431601273
1 0.1808059385 0.2831389183 0.0922587487 0.0678685048
7 0.3727465536 0.2799575822 0.1113467656 0.0678685048
7 0.4713679745 0.2820784730 0.0795334040 0.0509013786
7 0.5583244963 0.2841993637 0.0901378579 0.0572640509
6 0.1532343584 0.3923647932 0.0816542948 0.1420996819
6 0.2714740191 0.4103923648 0.1654294804 0.1081654295
6 0.4316012725 0.4056203606 0.1569459173 0.1071049841
6 0.5896076352 0.4019088017 0.1590668081 0.1039236479
1 0.7020148462 0.4103923648 0.0699893955 0.0742311771
1 0.7518557794 0.4072110286 0.0318133616 0.0805938494
1 0.3695652174 0.4946977731 0.0710498409 0.0668080594
1 0.4379639449 0.4915164369 0.0699893955 0.0625662778
1 0.5058324496 0.4872746554 0.0678685048 0.0583244963
1 0.6495227996 0.5063626723 0.0731707317 0.0328738070
1 0.7258748674 0.4872746554 0.0752916225 0.0646871686
1 0.2476139979 0.6744432662 0.0731707317 0.1230116649
1 0.3351007423 0.6686108165 0.0721102863 0.1304347826
1 0.4045599152 0.6797454931 0.0795334040 0.1251325557
1 0.4814422057 0.6595970308 0.0784729586 0.1187698834
1 0.5646871686 0.6643690350 0.0858960764 0.1304347826
1 0.6463414634 0.6659597031 0.0837751856 0.1357370095
1 0.7375397667 0.6595970308 0.0816542948 0.1272534464
7 0.5281018028 0.8764581124 0.0593849417 0.0731707317
7 0.4257688229 0.9034994698 0.1558854719 0.1420996819
7 0.6436903499 0.8987274655 0.0699893955 0.0604453871
7 0.5668080594 0.9676564157 0.1707317073 0.0646871686
7 0.7587486744 0.9729586426 0.0922587487 0.0540827147
7 0.8398727466 0.9740190880 0.0933191941 0.0519618240
1 0.2067868505 0.5387062566 0.0827147402 0.1314952280
1 0.2985153765 0.4978791092 0.0710498409 0.0646871686
