2 0.0254901961 0.0504201681 0.0509803922 0.1008403361
5 0.1490196078 0.0411764706 0.0694677871 0.0823529412
5 0.2196078431 0.0369747899 0.0750700280 0.0739495798
5 0.3478991597 0.0226890756 0.0717086835 0.0453781513
5 0.4218487395 0.0221288515 0.0717086835 0.0442577031
5 0.5546218487 0.0302521008 0.0806722689 0.0605042017
5 0.6336134454 0.0294117647 0.0750700280 0.0588235294
6 0.7873949580 0.0235294118 0.0868347339 0.0470588235
6 0.8775910364 0.0131652661 0.0946778711 0.0263305322
2 0.0291316527 0.1445378151 0.0582633053 0.1154061625
6 0.1613445378 0.1277310924 0.0750700280 0.1053221289
6 0.2347338936 0.1254901961 0.0739495798 0.1131652661
5 0.3509803922 0.0899159664 0.0711484594 0.1047619048
5 0.4254901961 0.0949579832 0.0823529412 0.1159663866
6 0.5655462185 0.1002801120 0.0868347339 0.0941176471
6 0.7885154062 0.0798319328 0.0857142857 0.0879551821
6 0.8775910364 0.0585434174 0.0935574230 0.0946778711
6 0.8789915966 0.1420168067 0.0896358543 0.0924369748
6 0.1722689076 0.2294117647 0.0924369748 0.1137254902
6 0.2481792717 0.2372549020 0.0549019608 0.0756302521
5 0.3560224090 0.1859943978 0.0845938375 0.1008403361
5 0.4389355742 0.1960784314 0.0823529412 0.0896358543
6 0.5652661064 0.1851540616 0.0840336134 0.0924369748
6 0.7927170868 0.1560224090 0.0918767507 0.0834733894
1 0.7857142857 0.2414565826 0.0778711485 0.0918767507
1 0.8588235294 0.2378151261 0.0817927171 0.0991596639
8 0.0582633053 0.3011204482 0.0571428571 0.2067226891
6 0.1728291317 0.3294117647 0.0700280112 0.1053221289
6 0.2422969188 0.3240896359 0.0767507003 0.1014005602
6 0.3893557423 0.2694677871 0.1456582633 0.0941176471
6 0.5649859944 0.2708683473 0.0778711485 0.0957983193
1 0.7862745098 0.3364145658 0.0700280112 0.0991596639
1 0.2016806723 0.4081232493 0.1355742297 0.0711484594
6 0.3943977591 0.4305322129 0.1366946779 0.0890756303
6 0.3938375350 0.3529411765 0.1445378151 0.0885154062
1 0.5526610644 0.4291316527 0.0554621849 0.0784313725
1 0.5969187675 0.3470588235 0.1428571429 0.0879551821
1 0.8602240896 0.3386554622 0.0812324930 0.1070028011
1 0.0154061625 0.4532212885 0.0308123249 0.0728291317
1 0.1977591036 0.4753501401 0.1299719888 0.0655462185
1 0.3621848739 0.5210084034 0.0756302521 0.0952380952
1 0.4282913165 0.5182072829 0.0711484594 0.0963585434
1 0.5661064426 0.5078431373 0.0700280112 0.0778711485
1 0.6358543417 0.5075630252 0.0672268908 0.0851540616
1 0.7879551821 0.4361344538 0.0689075630 0.0991596639
1 0.8621848739 0.4403361345 0.0862745098 0.1064425770
1 0.0224089636 0.6014005602 0.0448179272 0.0700280112
1 0.0182072829 0.5310924370 0.0364145658 0.0761904762
1 0.1694677871 0.6075630252 0.0610644258 0.0868347339
1 0.2366946779 0.6016806723 0.0700280112 0.0862745098
1 0.2044817927 0.5361344538 0.1266106443 0.0627450980
1 0.3655462185 0.6114845938 0.0689075630 0.0957983193
1 0.4378151261 0.6196078431 0.0655462185 0.0929971989
1 0.5686274510 0.5857142857 0.0649859944 0.0778711485
1 0.6386554622 0.5868347339 0.0761904762 0.0778711485
1 0.7907563025 0.5336134454 0.0711484594 0.1036414566
1 0.7907563025 0.5347338936 0.0689075630 0.1081232493
1 0.8661064426 0.5375350140 0.0840336134 0.0890756303
1 0.0226890756 0.6722689076 0.0453781513 0.0705882353
1 0.1764705882 0.6901960784 0.0616246499 0.0851540616
1 0.2392156863 0.6823529412 0.0683473389 0.0806722689
1 0.3677871148 0.7137254902 0.0677871148 0.0985994398
1 0.4431372549 0.7117647059 0.0605042017 0.0924369748
1 0.6408963585 0.6661064426 0.0761904762 0.0784313725
1 0.5694677871 0.6649859944 0.0644257703 0.0784313725
1 0.8025210084 0.6375350140 0.0857142857 0.0952380952
1 0.8789915966 0.6375350140 0.0739495798 0.0907563025
1 0.0156862745 0.7689075630 0.0313725490 0.1238095238
1 0.1711484594 0.7672268908 0.0532212885 0.0756302521
1 0.2268907563 0.7619047619 0.0638655462 0.0795518207
1 0.4050420168 0.8078431373 0.1389355742 0.0907563025
1 0.6414565826 0.7394957983 0.0739495798 0.0761904762
1 0.5703081232 0.7414565826 0.0638655462 0.0756302521
1 0.8028011204 0.7240896359 0.0773109244 0.0823529412
5 0.8148459384 0.8123249300 0.0980392157 0.0459383754
1 0.8792717087 0.7266106443 0.0801120448 0.0873949580
7 0.0260504202 0.8717086835 0.0521008403 0.0728291317
7 0.1781512605 0.9098039216 0.0627450980 0.0784313725
1 0.1736694678 0.8386554622 0.0515406162 0.0739495798
1 0.2294117647 0.8358543417 0.0677871148 0.0739495798
7 0.3711484594 0.8901960784 0.0644257703 0.0795518207
7 0.4378151261 0.8915966387 0.0700280112 0.0812324930
1 0.5736694678 0.8210084034 0.0717086835 0.0845938375
1 0.5789915966 0.9075630252 0.0812324930 0.0896358543
1 0.6593837535 0.9070028011 0.0817927171 0.0896358543
1 0.6585434174 0.8218487395 0.0801120448 0.0761904762
5 0.8047619048 0.8577030812 0.0823529412 0.0448179272
5 0.7896358543 0.9033613445 0.0498599440 0.0509803922
7 0.0271708683 0.9459383754 0.0543417367 0.0677871148
7 0.1831932773 0.9714285714 0.0627450980 0.0571428571
7 0.2380952381 0.9761904762 0.0526610644 0.0476190476
7 0.2352941176 0.9117647059 0.0571428571 0.0767507003
7 0.2893557423 0.9753501401 0.0476190476 0.0492997199
7 0.3728291317 0.9658263305 0.0655462185 0.0683473389
7 0.2803921569 0.9126050420 0.0442577031 0.0761904762
7 0.4392156863 0.9663865546 0.0705882353 0.0672268908
7 0.5775910364 0.9747899160 0.0672268908 0.0504201681
7 0.6445378151 0.9756302521 0.0700280112 0.0487394958
7 0.7033613445 0.9784313725 0.0532212885 0.0431372549
5 0.8308123249 0.9932773109 0.0448179272 0.0134453782
5 0.8378151261 0.9481792717 0.0453781513 0.0319327731
5 0.7913165266 0.9854341737 0.0397759104 0.0291316527
5 0.7913165266 0.9507002801 0.0453781513 0.0470588235
5 0.8759103641 0.9910364146 0.0431372549 0.0179271709
7 0.0383753501 0.9882352941 0.0767507003 0.0235294118
7 0.0383753501 0.9882352941 0.0767507003 0.0235294118
