1 0.4773030708 0.3618157543 0.1935914553 0.0881174900
1 0.7783711615 0.3411214953 0.2109479306 0.0947930574
1 0.0053404539 0.3985313752 0.0106809079 0.1375166889
1 0.1688918558 0.4005340454 0.1054739653 0.1361815754
1 0.2736982644 0.3971962617 0.0827770360 0.1054739653
1 0.4753004005 0.4439252336 0.1869158879 0.0814419226
1 0.7710280374 0.4245660881 0.2016021362 0.0907877170
1 0.0186915888 0.5240320427 0.0373831776 0.1134846462
1 0.1702269693 0.5240320427 0.1054739653 0.1108144192
1 0.2690253672 0.5106809079 0.0947930574 0.1134846462
1 0.4659546061 0.5160213618 0.1789052069 0.0680907877
1 0.7670226969 0.5080106809 0.2042723632 0.0947930574
1 0.1769025367 0.6315086782 0.0947930574 0.1174899866
1 0.2757009346 0.6308411215 0.1108144192 0.1161548732
1 0.4259012016 0.5974632844 0.1068090788 0.1054739653
1 0.5287049399 0.5881174900 0.0827770360 0.0814419226
1 0.7570093458 0.5907877170 0.2029372497 0.0894526035
1 0.0220293725 0.6421895861 0.0440587450 0.1041388518
1 0.4325767690 0.6995994660 0.1041388518 0.0961281709
1 0.7536715621 0.6715620828 0.1935914553 0.0854472630
1 0.0313751669 0.7396528705 0.0627503338 0.0907877170
1 0.1722296395 0.7496662216 0.0881174900 0.1081441923
1 0.2643524700 0.7516688919 0.1041388518 0.1094793057
1 0.4252336449 0.7917222964 0.0974632844 0.0961281709
1 0.5253671562 0.7503337784 0.0894526035 0.0640854473
1 0.7476635514 0.7463284379 0.1895861148 0.0774365821
1 0.0327102804 0.8364485981 0.0654205607 0.0894526035
1 0.1949265688 0.8584779706 0.0827770360 0.1094793057
1 0.2783711615 0.8564753004 0.0841121495 0.1054739653
1 0.4299065421 0.8871829105 0.1014686248 0.0921228304
1 0.5193591455 0.8251001335 0.0774365821 0.0614152203
1 0.7429906542 0.8604806409 0.1829105474 0.1588785047
