5 0.0336273429 0.0203969129 0.0672546858 0.0407938258
5 0.0154355017 0.0865490628 0.0308710033 0.0848952591
5 0.0584343991 0.0865490628 0.0507166483 0.0848952591
3 0.1968026461 0.0639470783 0.0540242558 0.0551267916
1 0.3042998897 0.0771775083 0.0639470783 0.1389195149
3 0.1460859978 0.1119073870 0.0628445424 0.0540242558
3 0.2012127894 0.1157662624 0.0540242558 0.0507166483
5 0.0226019846 0.2579933848 0.0452039691 0.0507166483
5 0.0214994487 0.2006615215 0.0429988975 0.0595369350
5 0.0777287762 0.2805953693 0.0606394708 0.1025358324
1 0.6460859978 0.2166482911 0.0683572216 0.0694597574
5 0.0231532525 0.3092613010 0.0463065050 0.0429988975
5 0.0071664829 0.4751929438 0.0143329658 0.0771775083
5 0.0055126792 0.3969128997 0.0110253583 0.0793825799
5 0.0644983462 0.4007717751 0.1003307607 0.0782800441
5 0.0683572216 0.4746416759 0.0992282249 0.0738699008
5 0.0115766262 0.5948180816 0.0231532525 0.0694597574
5 0.0694597574 0.5887541345 0.0926130099 0.0793825799
1 0.5474090408 0.6223814774 0.0804851158 0.0694597574
5 0.0088202867 0.7541345094 0.0176405733 0.0815876516
5 0.0126791621 0.6708930540 0.0253583241 0.0738699008
5 0.0727673649 0.6675854465 0.0882028666 0.0672546858
5 0.0066152150 0.8263506064 0.0132304300 0.0650496141
5 0.0733186329 0.8285556781 0.1135611907 0.0826901874
3 0.1416758545 0.0606394708 0.0584343991 0.0551267916
3 0.2497243660 0.0926130099 0.0540242558 0.1036383682
1 0.6097023153 0.7034178611 0.0661521499 0.0374862183
1 0.3649393605 0.0788313120 0.0595369350 0.1378169791
1 0.4200661521 0.0815876516 0.0595369350 0.1323042999
1 0.4751929438 0.0843439912 0.0551267916 0.1312017641
8 0.5540242558 0.0760749724 0.1003307607 0.1521499449
8 0.6554575524 0.0766262404 0.0893054024 0.1532524807
1 0.7596471885 0.0771775083 0.1102535832 0.1543550165
1 0.2601984564 0.2083792723 0.0793825799 0.0771775083
1 0.3439911797 0.2122381477 0.0771775083 0.0804851158
1 0.4228224917 0.2138919515 0.0760749724 0.0793825799
1 0.4994487321 0.2177508269 0.0749724366 0.0738699008
1 0.5722160970 0.2144432194 0.0727673649 0.0716648291
1 0.7177508269 0.2177508269 0.0727673649 0.0694597574
1 0.7850055127 0.2149944873 0.0661521499 0.0683572216
1 0.7194046307 0.2850055127 0.0716648291 0.0672546858
1 0.7833517089 0.2828004410 0.0650496141 0.0650496141
1 0.6433296582 0.2861080485 0.0716648291 0.0672546858
1 0.5733186329 0.2866593164 0.0683572216 0.0683572216
1 0.4972436604 0.2894156560 0.0727673649 0.0716648291
1 0.4184123484 0.2894156560 0.0760749724 0.0738699008
1 0.3423373760 0.2888643881 0.0760749724 0.0727673649
1 0.2635060639 0.2866593164 0.0815876516 0.0793825799
1 0.1791620728 0.2866593164 0.0826901874 0.0793825799
1 0.1780595369 0.2061742007 0.0848952591 0.0815876516
1 0.1852260198 0.3958103638 0.0882028666 0.0793825799
1 0.2706725469 0.3925027563 0.0848952591 0.0771775083
1 0.3550165380 0.3914002205 0.0815876516 0.0727673649
1 0.4316427784 0.3869900772 0.0760749724 0.0705622933
1 0.5033076075 0.3847850055 0.0694597574 0.0705622933
1 0.6455347299 0.3754134509 0.0628445424 0.0650496141
1 0.7171995590 0.3743109151 0.0606394708 0.0672546858
1 0.7199558986 0.4421168688 0.0507166483 0.0639470783
1 0.6521499449 0.4415656009 0.0606394708 0.0694597574
1 0.5782800441 0.4481808159 0.0716648291 0.0738699008
1 0.5760749724 0.3792723264 0.0694597574 0.0683572216
1 0.5060639471 0.4547960309 0.0661521499 0.0738699008
1 0.4299889746 0.4597574421 0.0749724366 0.0771775083
1 0.3528114664 0.4636163175 0.0727673649 0.0782800441
1 0.2728776185 0.4685777288 0.0826901874 0.0771775083
1 0.1863285557 0.4729878721 0.0859977949 0.0815876516
1 0.1962513782 0.5749724366 0.0970231533 0.0848952591
1 0.1968026461 0.6560088203 0.0937155458 0.0793825799
1 0.2899669239 0.5733186329 0.0904079383 0.0727673649
1 0.2921719956 0.6493936053 0.0926130099 0.0793825799
1 0.3787210584 0.5567805954 0.0871003308 0.0815876516
1 0.3825799338 0.6367144432 0.0859977949 0.0804851158
1 0.4680264609 0.6300992282 0.0826901874 0.0672546858
1 0.4652701213 0.5617420066 0.0815876516 0.0694597574
1 0.5435501654 0.5545755237 0.0793825799 0.0661521499
1 0.6223814774 0.6190738699 0.0628445424 0.0672546858
1 0.6251378170 0.5518191841 0.0661521499 0.0650496141
1 0.2160970232 0.7469680265 0.0992282249 0.0804851158
1 0.3175303197 0.7403528115 0.0926130099 0.0937155458
1 0.4162072767 0.7282249173 0.0871003308 0.0804851158
1 0.2116868798 0.8324145535 0.1036383682 0.0882028666
1 0.3180815877 0.8246968026 0.0937155458 0.0815876516
1 0.4095920617 0.8092613010 0.0871003308 0.0705622933
1 0.3230429989 0.9173098126 0.0926130099 0.0859977949
1 0.2188533627 0.9007717751 0.0981256891 0.0639470783
1 0.3947078280 0.9498346196 0.1609702315 0.1003307607
1 0.5529217200 0.9272326351 0.1488423374 0.0771775083
1 0.2943770673 0.9773980154 0.0308710033 0.0452039691
