2 0.1722772277 0.0589108911 0.3445544554 0.1178217822
6 0.5267326733 0.0396039604 0.1326732673 0.0792079208
6 0.6564356436 0.0410891089 0.1306930693 0.0821782178
5 0.8618811881 0.0059405941 0.1257425743 0.0118811881
5 0.9603960396 0.0153465347 0.0792079208 0.0306930693
6 0.5460396040 0.1658415842 0.1633663366 0.2009900990
6 0.6801980198 0.1797029703 0.0970297030 0.1336633663
5 0.8707920792 0.0891089109 0.1495049505 0.1782178218
5 0.9722772277 0.1069306931 0.0554455446 0.1584158416
8 0.1044554455 0.3039603960 0.1792079208 0.3702970297
8 0.3445544554 0.2925742574 0.1009900990 0.3653465347
6 0.5470297030 0.3425742574 0.1237623762 0.1861386139
6 0.6698019802 0.3331683168 0.1356435644 0.1792079208
6 0.9004950495 0.2366336634 0.1990099010 0.1663366337
1 0.5980198020 0.4816831683 0.2396039604 0.1257425743
6 0.9089108911 0.5212871287 0.1821782178 0.1574257426
6 0.9049504950 0.3841584158 0.1900990099 0.1564356436
1 0.1559405941 0.5613861386 0.2801980198 0.1287128713
1 0.5910891089 0.6004950495 0.2297029703 0.1158415842
1 0.8816831683 0.6811881188 0.1336633663 0.1683168317
1 0.9678217822 0.6762376238 0.0643564356 0.1702970297
1 0.1712871287 0.8232673267 0.2990099010 0.1237623762
1 0.1633663366 0.6990099010 0.2851485149 0.1346534653
1 0.5410891089 0.8341584158 0.1079207921 0.1534653465
1 0.6599009901 0.8237623762 0.1237623762 0.1524752475
1 0.6029702970 0.7079207921 0.2237623762 0.1108910891
1 0.8876237624 0.8410891089 0.1217821782 0.1693069307
1 0.9787128713 0.8554455446 0.0425742574 0.1643564356
1 0.1792079208 0.9430693069 0.2851485149 0.1138613861
1 0.5534653465 0.9524752475 0.1089108911 0.0950495050
1 0.6643564356 0.9475247525 0.1207920792 0.1049504950
1 0.8915841584 0.9673267327 0.1198019802 0.0653465347
1 0.9856435644 0.9683168317 0.0287128713 0.0633663366
