8 0.3016528926 0.0743801653 0.0814639906 0.0731995277
8 0.3884297521 0.0619834711 0.0920897285 0.1097992916
8 0.4793388430 0.0708382527 0.0897284534 0.0566706021
8 0.5171192444 0.0224321133 0.0873671783 0.0448642267
8 0.5696576151 0.0720188902 0.0909090909 0.0543093270
8 0.6948051948 0.0348288076 0.1168831169 0.0696576151
8 0.8105076741 0.0348288076 0.1192443920 0.0696576151
8 0.9256198347 0.0336481700 0.1157024793 0.0672963400
8 0.0613931523 0.1463990555 0.1227863046 0.0968122786
8 0.1753246753 0.1511216057 0.1263282172 0.0850059032
8 0.3034238489 0.1552538371 0.0826446281 0.0791027155
8 0.3872491145 0.1546635183 0.0826446281 0.0826446281
8 0.4817001181 0.1233766234 0.0873671783 0.0484061393
8 0.5696576151 0.1245572609 0.0932703660 0.0484061393
8 0.6942148760 0.1446280992 0.1157024793 0.0885478158
8 0.8081463991 0.1440377804 0.1145218418 0.0873671783
8 0.9232585596 0.1416765053 0.1157024793 0.0920897285
8 0.4940968123 0.2337662338 0.0838252656 0.0495867769
8 0.4769775679 0.1700118064 0.0802833530 0.0472255018
8 0.5661157025 0.1717827627 0.0979929162 0.0436835891
8 0.5737898465 0.2349468713 0.0802833530 0.0543093270
8 0.0082644628 0.2680047226 0.0165289256 0.0920897285
8 0.0761511216 0.2703659976 0.1263282172 0.0944510035
8 0.1906729634 0.2638724911 0.1121605667 0.1003541913
8 0.3134592680 0.2815820543 0.0979929162 0.0602125148
8 0.4055489965 0.2927981110 0.0814639906 0.0377804014
8 0.4031877214 0.2514757969 0.0814639906 0.0472255018
8 0.4940968123 0.2851239669 0.0838252656 0.0531286895
8 0.5743801653 0.2827626919 0.0814639906 0.0484061393
1 0.6629279811 0.2402597403 0.0554899646 0.0460448642
1 0.6611570248 0.2845336482 0.0543093270 0.0448642267
1 0.7125147580 0.2449822904 0.0460448642 0.0413223140
1 0.7125147580 0.2868949233 0.0460448642 0.0401416765
1 0.7615112161 0.2845336482 0.0519480519 0.0425029516
1 0.8099173554 0.2638724911 0.0495867769 0.0838252656
1 0.7603305785 0.2438016529 0.0472255018 0.0413223140
1 0.8583234947 0.2644628099 0.0495867769 0.0802833530
1 0.9073199528 0.2638724911 0.0507674144 0.0814639906
1 0.9527744982 0.2638724911 0.0448642267 0.0767414404
1 0.6995277450 0.3837072019 0.0295159386 0.0684769776
1 0.6711924439 0.3772136954 0.0295159386 0.0531286895
1 0.6458087367 0.3801652893 0.0236127509 0.0590318772
1 0.7361275089 0.3595041322 0.0436835891 0.0436835891
1 0.8240850059 0.3583234947 0.0401416765 0.0365997639
1 0.7756788666 0.3571428571 0.0401416765 0.0365997639
1 0.8589138135 0.3595041322 0.0342384888 0.0389610390
1 0.8972845336 0.3559622196 0.0401416765 0.0389610390
1 0.9510035419 0.3553719008 0.0436835891 0.0448642267
1 0.7367178276 0.3972845336 0.0425029516 0.0389610390
1 0.6735537190 0.4940968123 0.0295159386 0.0696576151
1 0.6469893743 0.4929161747 0.0259740260 0.0696576151
1 0.7036599764 0.4923258560 0.0330578512 0.0637544274
1 0.8211334120 0.4923258560 0.0672963400 0.0637544274
1 0.7532467532 0.4929161747 0.0708382527 0.0672963400
1 0.8896103896 0.4929161747 0.0696576151 0.0696576151
1 0.9397874852 0.4893742621 0.0330578512 0.0649350649
1 0.6546635183 0.5820543093 0.0436835891 0.0354191263
1 0.7331759150 0.5891381346 0.0330578512 0.0873671783
1 0.6953955136 0.5873671783 0.0377804014 0.0885478158
1 0.8087367178 0.5920897285 0.0354191263 0.0861865407
1 0.7691853601 0.5891381346 0.0365997639 0.0897284534
1 0.8819362456 0.5938606848 0.0377804014 0.0873671783
1 0.9161747344 0.5920897285 0.0354191263 0.0885478158
1 0.8465171192 0.5914994097 0.0377804014 0.0873671783
1 0.6552538371 0.6168831169 0.0448642267 0.0365997639
2 0.6965761511 0.6735537190 0.1251475797 0.0460448642
2 0.8205430933 0.6723730815 0.1251475797 0.0460448642
2 0.6983471074 0.7184179457 0.1239669421 0.0484061393
2 0.8211334120 0.7184179457 0.1263282172 0.0507674144
2 0.9037780401 0.7007083825 0.0436835891 0.0838252656
2 0.6877213695 0.8034238489 0.0767414404 0.0767414404
2 0.7638724911 0.8051948052 0.0779220779 0.0802833530
2 0.8406139315 0.8028335301 0.0779220779 0.0802833530
2 0.9197166470 0.8028335301 0.0802833530 0.0802833530
1 0.8689492326 0.3966942149 0.0401416765 0.0377804014
1 0.7827626919 0.3955135773 0.0448642267 0.0425029516
1 0.8264462810 0.3925619835 0.0425029516 0.0318772137
1 0.9521841795 0.3949232586 0.0436835891 0.0389610390
1 0.9079102715 0.3955135773 0.0425029516 0.0401416765
