1 0.2733870968 0.0120967742 0.0951612903 0.0241935484
1 0.3653225806 0.0112903226 0.0951612903 0.0225806452
1 0.4637096774 0.0048387097 0.1016129032 0.0096774194
1 0.0233870968 0.0209677419 0.0467741935 0.0419354839
1 0.0991935484 0.0225806452 0.0758064516 0.0451612903
1 0.1822580645 0.0137096774 0.0967741935 0.0274193548
1 0.5766129032 0.1104838710 0.0822580645 0.2016129032
1 0.6588709677 0.1048387097 0.0887096774 0.2032258065
1 0.0153225806 0.1346774194 0.0306451613 0.1500000000
1 0.0483870968 0.1387096774 0.0516129032 0.1548387097
1 0.1459677419 0.1314516129 0.0629032258 0.1629032258
1 0.0983870968 0.1370967742 0.0516129032 0.1516129032
1 0.2048387097 0.1225806452 0.0612903226 0.1709677419
1 0.2588709677 0.1193548387 0.0629032258 0.1709677419
1 0.3395161290 0.1153225806 0.0693548387 0.1790322581
1 0.4145161290 0.1129032258 0.0838709677 0.1677419355
1 0.5024193548 0.1137096774 0.0790322581 0.1951612903
7 0.0629032258 0.3217741935 0.0774193548 0.1564516129
1 0.1483870968 0.3201612903 0.1032258065 0.1435483871
1 0.2798387097 0.3435483871 0.1564516129 0.1935483871
1 0.4395161290 0.3604838710 0.1693548387 0.2080645161
1 0.6032258065 0.3596774194 0.0806451613 0.2032258065
0 0.0991935484 0.5500000000 0.0790322581 0.1967741935
0 0.2354838710 0.5733870968 0.1161290323 0.2080645161
0 0.3661290323 0.6000000000 0.1580645161 0.2419354839
0 0.5346774194 0.6217741935 0.1274193548 0.2306451613
0 0.6669354839 0.6370967742 0.1467741935 0.2387096774
0 0.0177419355 0.7008064516 0.0354838710 0.1112903226
0 0.0145161290 0.7935483871 0.0290322581 0.1064516129
0 0.1540322581 0.7911290323 0.0887096774 0.2241935484
0 0.2379032258 0.8032258065 0.0919354839 0.2129032258
0 0.3322580645 0.8370967742 0.1064516129 0.2387096774
0 0.4233870968 0.8782258065 0.1080645161 0.2435483871
0 0.5290322581 0.8830645161 0.1064516129 0.2338709677
0 0.6250000000 0.8798387097 0.0725806452 0.1500000000
