1 0.5816640986 0.0570107858 0.1278890601 0.1140215716
1 0.6887519260 0.0662557781 0.1140215716 0.1325115562
1 0.7773497689 0.0839753467 0.0970724191 0.1648690293
1 0.8528505393 0.0847457627 0.1063174114 0.1232665639
1 0.9144838213 0.1047765794 0.0970724191 0.1633281972
1 0.9661016949 0.1078582435 0.0677966102 0.1386748844
1 0.5909090909 0.3428351310 0.1186440678 0.1587057011
1 0.6825885978 0.3436055470 0.1016949153 0.1571648690
1 0.7711864407 0.3204930663 0.1032357473 0.0893682589
1 0.8798151002 0.3220338983 0.1047765794 0.0832049307
1 0.9637904468 0.3289676425 0.0724191063 0.0785824345
1 0.7642526965 0.4329738059 0.0862865948 0.0924499230
1 0.8505392912 0.4298921418 0.0924499230 0.0801232666
1 0.9491525424 0.4298921418 0.0924499230 0.0739599384
1 0.5932203390 0.6209553159 0.1078582435 0.1140215716
1 0.5970724191 0.5223420647 0.0970724191 0.0924499230
1 0.6964560863 0.5231124807 0.0955315871 0.0909090909
1 0.6979969183 0.6147919877 0.0986132512 0.0955315871
1 0.7865947612 0.5261941448 0.0970724191 0.0909090909
1 0.7966101695 0.6124807396 0.0955315871 0.0939907550
1 0.8751926040 0.5231124807 0.0893682589 0.0847457627
1 0.8813559322 0.6047765794 0.0862865948 0.1001540832
1 0.9599383667 0.5747303544 0.0801232666 0.1941448382
1 0.9946070878 0.5215716487 0.0107858243 0.0724191063
3 0.9499229584 0.7642526965 0.0755007704 0.1263482280
3 0.9822804314 0.7573189522 0.0354391371 0.1124807396
1 0.6171032357 0.7966101695 0.0878274268 0.1818181818
1 0.6918335901 0.7904468413 0.0832049307 0.1787365177
1 0.8243451464 0.7827426810 0.0770416025 0.1725731895
1 0.7573189522 0.7912172573 0.0816640986 0.1802773498
1 0.8944530046 0.7796610169 0.0816640986 0.1725731895
1 0.9661016949 0.8590138675 0.0677966102 0.0693374422
1 0.6725731895 0.9306625578 0.1617873652 0.0770416025
1 0.9707241911 0.9291217257 0.0585516179 0.0647149461
1 0.6872110940 0.9915254237 0.1941448382 0.0169491525
1 0.8582434515 0.9776579353 0.1787365177 0.0446841294
1 0.9653312789 0.9738058552 0.0693374422 0.0523882897
