1 0.2602370690 0.2203663793 0.0765086207 0.0765086207
1 0.3286637931 0.2246767241 0.0646551724 0.0872844828
1 0.4229525862 0.2117456897 0.1282327586 0.0937500000
1 0.6158405172 0.1756465517 0.1368534483 0.0732758621
1 0.8378232759 0.1562500000 0.1454741379 0.0732758621
1 0.1023706897 0.2257543103 0.1551724138 0.0959051724
1 0.6104525862 0.2327586207 0.1303879310 0.0689655172
1 0.6115301724 0.2914870690 0.1325431034 0.0657327586
1 0.8318965517 0.2607758621 0.1508620690 0.1443965517
1 0.9391163793 0.2306034483 0.0700431034 0.1379310345
1 0.9811422414 0.2855603448 0.0377155172 0.1250000000
1 0.1029094828 0.2963362069 0.1562500000 0.0818965517
1 0.2607758621 0.2984913793 0.0818965517 0.0797413793
1 0.3329741379 0.3071120690 0.0581896552 0.0711206897
1 0.4234913793 0.2952586207 0.1206896552 0.0926724138
1 0.6169181034 0.3604525862 0.1454741379 0.0851293103
1 0.9331896552 0.3394396552 0.0646551724 0.0840517241
1 0.1034482759 0.3696120690 0.1616379310 0.0754310345
1 0.2618534483 0.3782327586 0.0797413793 0.0818965517
1 0.3270474138 0.3739224138 0.0528017241 0.0646551724
1 0.4234913793 0.3793103448 0.1099137931 0.0754310345
1 0.8270474138 0.4019396552 0.1476293103 0.1422413793
1 0.9800646552 0.4105603448 0.0398706897 0.1228448276
1 0.1093750000 0.4364224138 0.1584051724 0.0732758621
1 0.2634698276 0.4520474138 0.0700431034 0.0721982759
1 0.3335129310 0.4471982759 0.0700431034 0.0797413793
1 0.4261853448 0.4568965517 0.1088362069 0.0689655172
1 0.6163793103 0.4369612069 0.1422413793 0.0786637931
1 0.9288793103 0.4375000000 0.0668103448 0.1077586207
1 0.1136853448 0.5070043103 0.1497844828 0.0700431034
1 0.2634698276 0.5264008621 0.0700431034 0.0808189655
1 0.3340517241 0.5280172414 0.0754310345 0.0797413793
1 0.4709051724 0.5382543103 0.0581896552 0.0786637931
1 0.4067887931 0.5393318966 0.0592672414 0.0808189655
1 0.6147629310 0.5156250000 0.1390086207 0.0808189655
1 0.8200431034 0.5420258621 0.1443965517 0.1379310345
1 0.9461206897 0.5382543103 0.1077586207 0.1346982759
1 0.1158405172 0.5792025862 0.1433189655 0.0808189655
1 0.6212284483 0.5980603448 0.1433189655 0.1012931034
1 0.8200431034 0.6373922414 0.1400862069 0.0592672414
7 0.1002155172 0.6934267241 0.0926724138 0.1217672414
7 0.2079741379 0.7063577586 0.0948275862 0.1325431034
7 0.3523706897 0.6675646552 0.1508620690 0.0678879310
7 0.3518318966 0.7209051724 0.1519396552 0.0668103448
7 0.3496767241 0.7764008621 0.1497844828 0.0678879310
7 0.4568965517 0.7386853448 0.0646551724 0.1605603448
7 0.5145474138 0.7505387931 0.0592672414 0.1627155172
7 0.6066810345 0.7079741379 0.1120689655 0.1185344828
7 0.7440732759 0.7149784483 0.1153017241 0.1239224138
7 0.3518318966 0.8302801724 0.1497844828 0.0721982759
7 0.6061422414 0.8135775862 0.1109913793 0.1163793103
7 0.8550646552 0.8308189655 0.1239224138 0.1379310345
7 0.0813577586 0.8485991379 0.1045258621 0.1325431034
7 0.1869612069 0.8620689655 0.1002155172 0.1594827586
7 0.3502155172 0.8852370690 0.1465517241 0.0743534483
7 0.4515086207 0.8970905172 0.0560344828 0.1562500000
7 0.6379310345 0.9051724138 0.0560344828 0.0754310345
7 0.5813577586 0.8965517241 0.0571120690 0.0754310345
7 0.7376077586 0.8556034483 0.1131465517 0.1637931034
7 0.3534482759 0.9401939655 0.1443965517 0.0786637931
7 0.6363146552 0.9671336207 0.0592672414 0.0657327586
7 0.5808189655 0.9617456897 0.0560344828 0.0765086207
7 0.7370689655 0.9633620690 0.1142241379 0.0625000000
7 0.8512931034 0.9401939655 0.1185344828 0.1196120690
7 0.7376077586 0.9859913793 0.1174568966 0.0280172414
