7 0.0570652174 0.2510869565 0.1141304348 0.0673913043
7 0.1847826087 0.2576086957 0.1043478261 0.0652173913
1 0.3076086957 0.2711956522 0.0978260870 0.0315217391
1 0.3989130435 0.2755434783 0.0543478261 0.0358695652
1 0.4538043478 0.2766304348 0.0554347826 0.0445652174
4 0.7005434783 0.2646739130 0.1032608696 0.0336956522
7 0.1858695652 0.3445652174 0.1043478261 0.0521739130
1 0.3114130435 0.3043478261 0.1010869565 0.0369565217
1 0.3086956522 0.3347826087 0.1043478261 0.0347826087
1 0.4038043478 0.3152173913 0.0597826087 0.0369565217
1 0.4592391304 0.3201086957 0.0532608696 0.0445652174
7 0.5375000000 0.3516304348 0.0380434783 0.0119565217
7 0.5576086957 0.3250000000 0.0282608696 0.0326086957
7 0.5396739130 0.3000000000 0.0489130435 0.0260869565
7 0.5842391304 0.3489130435 0.0619565217 0.0217391304
4 0.7081521739 0.2934782609 0.1032608696 0.0369565217
4 0.7173913043 0.3288043478 0.1086956522 0.0445652174
0 0.0489130435 0.3690217391 0.0978260870 0.0532608696
1 0.1864130435 0.4021739130 0.0967391304 0.0695652174
1 0.3097826087 0.3684782609 0.1021739130 0.0347826087
1 0.3135869565 0.4005434783 0.1097826087 0.0423913043
1 0.4076086957 0.3690217391 0.0717391304 0.0510869565
1 0.4168478261 0.4250000000 0.0663043478 0.0652173913
1 0.4793478261 0.4271739130 0.0673913043 0.0630434783
1 0.4684782609 0.3663043478 0.0695652174 0.0543478261
1 0.5684782609 0.4038043478 0.1217391304 0.0423913043
4 0.7326086957 0.3717391304 0.1152173913 0.0391304348
4 0.7440217391 0.4048913043 0.1293478261 0.0402173913
0 0.0429347826 0.4608695652 0.0858695652 0.0782608696
1 0.1706521739 0.4907608696 0.1304347826 0.1054347826
1 0.3217391304 0.4766304348 0.1152173913 0.0423913043
1 0.3195652174 0.4402173913 0.1152173913 0.0413043478
1 0.4233695652 0.4864130435 0.0750000000 0.0641304348
1 0.5804347826 0.4402173913 0.1326086957 0.0434782609
1 0.5913043478 0.4913043478 0.1391304348 0.0673913043
4 0.7673913043 0.4521739130 0.1391304348 0.0608695652
0 0.0396739130 0.5489130435 0.0793478261 0.1065217391
1 0.3244565217 0.5309782609 0.1206521739 0.0467391304
1 0.4951086957 0.5483695652 0.0728260870 0.0619565217
1 0.4260869565 0.5483695652 0.0782608696 0.0641304348
1 0.6141304348 0.5565217391 0.1456521739 0.0782608696
1 0.7891304348 0.5336956522 0.1782608696 0.0978260870
8 0.9114130435 0.5657608696 0.0684782609 0.1010869565
1 0.1592391304 0.5983695652 0.1402173913 0.1141304348
1 0.3260869565 0.5815217391 0.1130434783 0.0565217391
1 0.5048913043 0.6141304348 0.0728260870 0.0717391304
1 0.4326086957 0.6146739130 0.0739130435 0.0684782609
1 0.6298913043 0.6288043478 0.1641304348 0.0771739130
1 0.8244565217 0.6271739130 0.1554347826 0.0760869565
0 0.0304347826 0.6625000000 0.0608695652 0.0858695652
1 0.3255434783 0.6407608696 0.1315217391 0.0532608696
1 0.3277173913 0.6907608696 0.1358695652 0.0554347826
1 0.4766304348 0.7032608696 0.1554347826 0.1173913043
1 0.8451086957 0.6934782609 0.1293478261 0.0478260870
8 0.9548913043 0.6711956522 0.0902173913 0.1445652174
0 0.0266304348 0.7516304348 0.0532608696 0.0989130435
1 0.1597826087 0.7086956522 0.1369565217 0.0543478261
1 0.3315217391 0.7461956522 0.1369565217 0.0597826087
1 0.6554347826 0.7125000000 0.1673913043 0.0945652174
