1 0.8401162791 0.1424418605 0.1151162791 0.1151162791
1 0.9482558140 0.1337209302 0.1034883721 0.1069767442
1 0.9959302326 0.1273255814 0.0081395349 0.0848837209
1 0.1511627907 0.1732558140 0.2255813953 0.1395348837
1 0.3825581395 0.1726744186 0.1023255814 0.1290697674
1 0.4802325581 0.1697674419 0.1046511628 0.1325581395
1 0.6319767442 0.1651162791 0.1034883721 0.1325581395
1 0.7308139535 0.1610465116 0.1058139535 0.1290697674
1 0.9959302326 0.2168604651 0.0081395349 0.0848837209
1 0.4482558140 0.2901162791 0.2104651163 0.1197674419
1 0.6337209302 0.2866279070 0.1000000000 0.1313953488
1 0.7325581395 0.2819767442 0.1069767442 0.1244186047
1 0.8453488372 0.2505813953 0.1232558140 0.1174418605
1 0.9488372093 0.2436046512 0.1023255814 0.1174418605
1 0.9924418605 0.2854651163 0.0151162791 0.0662790698
1 0.1505813953 0.3087209302 0.2313953488 0.1360465116
1 0.8424418605 0.3587209302 0.1011627907 0.1034883721
1 0.9406976744 0.3505813953 0.0976744186 0.1034883721
1 0.9947674419 0.3505813953 0.0104651163 0.0848837209
1 0.1540697674 0.4412790698 0.2290697674 0.1360465116
1 0.4500000000 0.4000000000 0.2046511628 0.1139534884
1 0.6343023256 0.4093023256 0.0941860465 0.1255813953
1 0.7331395349 0.4040697674 0.1104651163 0.1244186047
1 0.9401162791 0.4505813953 0.1011627907 0.1034883721
1 0.9970930233 0.4244186047 0.0058139535 0.0813953488
1 0.4575581395 0.5040697674 0.2058139535 0.1104651163
1 0.8459302326 0.4575581395 0.0965116279 0.1104651163
1 0.9970930233 0.5052325581 0.0058139535 0.0825581395
1 0.1691860465 0.5680232558 0.2220930233 0.1406976744
1 0.6372093023 0.5325581395 0.0906976744 0.1255813953
1 0.7372093023 0.5273255814 0.1139534884 0.1313953488
1 0.8500000000 0.5569767442 0.1000000000 0.1069767442
1 0.9488372093 0.5523255814 0.1023255814 0.1069767442
1 0.4627906977 0.6087209302 0.2046511628 0.1081395349
1 0.6465116279 0.6558139535 0.1023255814 0.1372093023
1 0.7505813953 0.6546511628 0.1081395349 0.1395348837
1 0.8529069767 0.6610465116 0.0988372093 0.1081395349
1 0.9494186047 0.6569767442 0.1011627907 0.1093023256
1 0.1691860465 0.6901162791 0.2267441860 0.1360465116
5 0.0755813953 0.8232558140 0.1139534884 0.0976744186
5 0.1941860465 0.8174418605 0.1139534884 0.1000000000
5 0.2854651163 0.8203488372 0.0755813953 0.1034883721
5 0.4552325581 0.8209302326 0.1686046512 0.0581395349
5 0.6813953488 0.7720930233 0.1558139535 0.0720930233
6 0.9069767442 0.7808139535 0.1860465116 0.1151162791
5 0.0104651163 0.8308139535 0.0209302326 0.0918604651
5 0.4546511628 0.8831395349 0.1674418605 0.0686046512
5 0.6790697674 0.8436046512 0.1511627907 0.0662790698
6 0.9058139535 0.8808139535 0.1883720930 0.0988372093
5 0.0029069767 0.9412790698 0.0058139535 0.1174418605
5 0.0965116279 0.9151162791 0.0581395349 0.1069767442
5 0.0488372093 0.9180232558 0.0441860465 0.0988372093
5 0.1901162791 0.9156976744 0.1034883721 0.1220930233
5 0.3040697674 0.8994186047 0.0546511628 0.0569767442
5 0.2877906977 0.9610465116 0.0941860465 0.0779069767
5 0.4552325581 0.9627906977 0.1686046512 0.0744186047
5 0.6825581395 0.9151162791 0.1558139535 0.0604651163
5 0.1883720930 0.9854651163 0.1023255814 0.0290697674
5 0.6813953488 0.9732558140 0.1558139535 0.0534883721
6 0.9034883721 0.9680232558 0.1930232558 0.0639534884
