1 0.1189151599 0.0069541029 0.1126564673 0.0139082058
1 0.1133518776 0.0514603616 0.1070931850 0.0751043115
1 0.2385257302 0.0319888734 0.1210013908 0.0639777469
1 0.3365785814 0.0333796940 0.0834492350 0.0639777469
1 0.4283727399 0.0431154381 0.1057023644 0.0862308762
1 0.5208623088 0.0528511822 0.0848400556 0.0723226704
5 0.9819193324 0.0097357441 0.0361613352 0.0194714882
3 0.1286509040 0.1369958275 0.1404728790 0.0709318498
1 0.2531293463 0.1432545202 0.1140472879 0.0890125174
1 0.3727399166 0.1488178025 0.1112656467 0.0973574409
1 0.4624478442 0.1815020862 0.0848400556 0.1599443672
1 0.6001390821 0.1821974965 0.0737134910 0.1529902643
1 0.5347705146 0.1808066759 0.0737134910 0.1557719054
1 0.6509040334 0.1849791377 0.0556328234 0.1529902643
3 0.0883171071 0.2705146036 0.0764951321 0.0653685675
3 0.1279554937 0.2009735744 0.1418636996 0.0737134910
3 0.1592489569 0.2663421419 0.0681502086 0.0625869263
1 0.2517385257 0.2392211405 0.1196105702 0.0945757997
1 0.3623087622 0.2552155772 0.1098748261 0.0959666203
5 0.9429763561 0.4172461752 0.0723226704 0.0389429764
5 0.9624478442 0.3421418637 0.0305980529 0.0389429764
5 0.9895688456 0.3567454798 0.0208623088 0.0820584145
1 0.1050069541 0.4798331015 0.1015299026 0.1974965229
1 0.1988873435 0.4694019471 0.0890125174 0.1961057024
1 0.2795549374 0.4596662031 0.0917941586 0.1905424200
1 0.3609179416 0.4520166898 0.0848400556 0.1863699583
1 0.4826147427 0.4436717663 0.1752433936 0.1808066759
1 0.6390820584 0.4360222531 0.1655076495 0.1710709318
5 0.9520166898 0.4909596662 0.0737134910 0.0417246175
5 0.9255910987 0.4527121001 0.0319888734 0.0347705146
5 0.9603616134 0.4520166898 0.0375521558 0.0389429764
5 0.9847009736 0.4318497914 0.0139082058 0.0737134910
