1 0.1642699115 0.2909292035 0.1250000000 0.1327433628
1 0.3556415929 0.2533185841 0.1869469027 0.0707964602
1 0.5691371681 0.2964601770 0.0807522124 0.1415929204
1 0.7040929204 0.2594026549 0.0741150442 0.0785398230
1 0.7782079646 0.2594026549 0.0741150442 0.0785398230
1 0.9375000000 0.2516592920 0.1250000000 0.0630530973
1 0.0503318584 0.3047566372 0.1006637168 0.1581858407
1 0.3556415929 0.3185840708 0.1913716814 0.0707964602
1 0.4911504425 0.2986725664 0.0774336283 0.1526548673
1 0.7057522124 0.3390486726 0.0730088496 0.0763274336
1 0.7782079646 0.3357300885 0.0741150442 0.0741150442
1 0.9363938053 0.3661504425 0.1272123894 0.0575221239
1 0.9375000000 0.3091814159 0.1250000000 0.0564159292
1 0.1653761062 0.3882743363 0.1272123894 0.0619469027
1 0.3556415929 0.3832964602 0.1847345133 0.0652654867
1 0.7018805310 0.4203539823 0.0785398230 0.0884955752
1 0.7771017699 0.4148230088 0.0741150442 0.0862831858
1 0.9336283186 0.4236725664 0.1327433628 0.0619469027
1 0.0514380531 0.4485619469 0.1028761062 0.1338495575
1 0.1642699115 0.4507743363 0.1250000000 0.0652654867
1 0.1670353982 0.5099557522 0.1261061947 0.0575221239
1 0.3429203540 0.4413716814 0.1592920354 0.0553097345
1 0.3401548673 0.4977876106 0.1515486726 0.0597345133
1 0.5005530973 0.4518805310 0.0918141593 0.1515486726
1 0.5923672566 0.4441371681 0.0918141593 0.1515486726
1 0.6957964602 0.5077433628 0.0862831858 0.0862831858
1 0.7842920354 0.5060840708 0.0707964602 0.0940265487
1 0.9352876106 0.4823008850 0.1294247788 0.0641592920
1 0.0525442478 0.5768805310 0.1050884956 0.1316371681
1 0.1681415929 0.5652654867 0.1283185841 0.0553097345
1 0.3467920354 0.5564159292 0.1559734513 0.0619469027
3 0.8938053097 0.5586283186 0.0508849558 0.0995575221
3 0.9446902655 0.5359513274 0.0508849558 0.0497787611
1 0.1598451327 0.6454646018 0.1095132743 0.1073008850
1 0.5066371681 0.6100663717 0.0951327434 0.1581858407
1 0.5990044248 0.6084070796 0.0962389381 0.1681415929
1 0.7771017699 0.5940265487 0.0696902655 0.0818584071
1 0.6974557522 0.5923672566 0.0741150442 0.0807522124
3 0.9430309735 0.6360619469 0.0519911504 0.0553097345
3 0.9474557522 0.5851769912 0.0431415929 0.0486725664
1 0.0525442478 0.6731194690 0.1050884956 0.0630530973
1 0.3467920354 0.6792035398 0.1626106195 0.0663716814
1 0.7018805310 0.6736725664 0.0829646018 0.0840707965
1 0.7804203540 0.6753318584 0.0807522124 0.0851769912
3 0.8954646018 0.6615044248 0.0542035398 0.1084070796
3 0.9435840708 0.6891592920 0.0530973451 0.0575221239
1 0.7428097345 0.5602876106 0.2555309735 0.0564159292
