8 0.5840395480 0.0338983051 0.0974576271 0.0677966102
8 0.6878531073 0.0374293785 0.1101694915 0.0748587571
8 0.7966101695 0.0268361582 0.1073446328 0.0536723164
8 0.9046610169 0.0268361582 0.1087570621 0.0536723164
8 0.9922316384 0.0091807910 0.0155367232 0.0183615819
8 0.1497175141 0.1101694915 0.1553672316 0.1158192090
8 0.2930790960 0.1101694915 0.1539548023 0.1158192090
8 0.4329096045 0.1158192090 0.1511299435 0.1016949153
8 0.5861581921 0.1207627119 0.0988700565 0.0946327684
8 0.6864406780 0.1200564972 0.0988700565 0.0988700565
8 0.7994350282 0.0826271186 0.1045197740 0.0579096045
8 0.9046610169 0.0840395480 0.1115819209 0.0579096045
8 0.9922316384 0.1080508475 0.0155367232 0.1059322034
8 0.8142655367 0.2146892655 0.1002824859 0.0593220339
8 0.7937853107 0.1384180791 0.0960451977 0.0564971751
8 0.9004237288 0.1405367232 0.1172316384 0.0522598870
8 0.9096045198 0.2161016949 0.0960451977 0.0649717514
8 0.1659604520 0.2556497175 0.1539548023 0.1101694915
8 0.3142655367 0.2584745763 0.1511299435 0.1129943503
8 0.4512711864 0.2507062147 0.1341807910 0.1200564972
8 0.5981638418 0.2718926554 0.1172316384 0.0720338983
8 0.7083333333 0.2853107345 0.0974576271 0.0451977401
8 0.7055084746 0.2358757062 0.0974576271 0.0564971751
8 0.8142655367 0.2761299435 0.1002824859 0.0635593220
8 0.9103107345 0.2733050847 0.0974576271 0.0579096045
1 0.9915254237 0.2224576271 0.0169491525 0.0550847458
1 0.9908192090 0.2754237288 0.0183615819 0.0536723164
1 0.9908192090 0.3898305085 0.0183615819 0.0706214689
1 0.9908192090 0.5247175141 0.0183615819 0.0833333333
1 0.9901129944 0.6313559322 0.0197740113 0.0423728814
1 0.9901129944 0.6730225989 0.0197740113 0.0437853107
2 0.9908192090 0.7408192090 0.0183615819 0.0550847458
2 0.9922316384 0.7944915254 0.0155367232 0.0579096045
