7 0.0234680574 0.2790091265 0.0469361147 0.0782268579
1 0.1316818774 0.2953063885 0.1173402868 0.0378096480
1 0.2411994785 0.3005215124 0.0651890482 0.0430247718
1 0.3070404172 0.3018252934 0.0664928292 0.0534550196
4 0.6029986962 0.2874837027 0.1238591917 0.0404172099
7 0.0241199478 0.3833116037 0.0482398957 0.0625814863
1 0.1362451108 0.3350717080 0.1212516297 0.0443285528
1 0.1329856584 0.3715775750 0.1251629726 0.0417209909
1 0.2470664928 0.3481095176 0.0717079531 0.0443285528
1 0.3135593220 0.3539765319 0.0638852673 0.0534550196
7 0.4074315515 0.3917861799 0.0456323338 0.0143415906
7 0.4315514993 0.3598435463 0.0338983051 0.0391134289
7 0.4100391134 0.3298565841 0.0586701434 0.0312907432
7 0.4634941330 0.3885267275 0.0743155150 0.0260756193
4 0.6121251630 0.3220338983 0.1238591917 0.0443285528
4 0.6232073012 0.3644067797 0.1303780965 0.0534550196
1 0.0221642764 0.4524119948 0.0443285528 0.0834419817
1 0.1342894394 0.4119947849 0.1225554107 0.0417209909
1 0.1388526728 0.4504563233 0.1316818774 0.0508474576
1 0.2516297262 0.4126466754 0.0860495437 0.0612777053
1 0.2627118644 0.4797913950 0.0795306389 0.0782268579
1 0.3376792699 0.4823989570 0.0808344198 0.0756192960
1 0.3246414602 0.4093872229 0.0834419817 0.0651890482
1 0.4445893090 0.4543676662 0.1460234681 0.0508474576
4 0.6414602347 0.4159061278 0.1382007823 0.0469361147
4 0.6551499348 0.4556714472 0.1551499348 0.0482398957
1 0.0228161669 0.5586701434 0.0456323338 0.1264667536
1 0.1486310300 0.5417209909 0.1382007823 0.0508474576
1 0.1460234681 0.4980443286 0.1382007823 0.0495436767
1 0.2705345502 0.5534550196 0.0899608866 0.0769230769
1 0.4589308996 0.4980443286 0.1590612777 0.0521512386
1 0.4719687093 0.5593220339 0.1668839635 0.0808344198
4 0.6831812256 0.5123859192 0.1668839635 0.0730117340
1 0.1518904824 0.6069100391 0.1447196871 0.0560625815
1 0.3565840939 0.6277705346 0.0873533246 0.0743155150
1 0.2737940026 0.6277705346 0.0938722295 0.0769230769
1 0.4993481095 0.6375488918 0.1747066493 0.0938722295
1 0.7092568449 0.6101694915 0.2138200782 0.1173402868
8 0.8559322034 0.6486310300 0.0821382008 0.1212516297
1 0.0189048240 0.6877444589 0.0378096480 0.1368970013
1 0.1538461538 0.6675358540 0.1355932203 0.0677966102
1 0.3683181226 0.7066492829 0.0873533246 0.0860495437
1 0.2816166884 0.7073011734 0.0886571056 0.0821382008
1 0.5182529335 0.7242503259 0.1968709257 0.0925684485
1 0.7516297262 0.7222946545 0.1864406780 0.0912646675
1 0.1531942634 0.7385919166 0.1577574967 0.0638852673
1 0.1558018253 0.7985658409 0.1629726206 0.0664928292
1 0.3344198175 0.8135593220 0.1864406780 0.1408083442
1 0.7764015645 0.8018252934 0.1551499348 0.0573663625
8 0.9165580183 0.7750977836 0.1251629726 0.1734028683
1 0.0182529335 0.8200782269 0.0365058670 0.0651890482
1 0.1603650587 0.8650586701 0.1642764016 0.0717079531
1 0.5488917862 0.8246414602 0.2007822686 0.1134289439
