1 0.1144067797 0.1452784504 0.1440677966 0.1186440678
1 0.2506053269 0.1319612591 0.0677966102 0.0653753027
1 0.3123486683 0.1398305085 0.0605326877 0.0665859564
1 0.2493946731 0.2015738499 0.0653753027 0.0762711864
1 0.3946731235 0.2106537530 0.0629539952 0.0653753027
1 0.3135593220 0.2033898305 0.0629539952 0.0750605327
1 0.4546004843 0.2106537530 0.0472154964 0.0508474576
8 0.1053268765 0.2451573850 0.1573849879 0.0980629540
1 0.2475786925 0.2705811138 0.0641646489 0.0738498789
1 0.3099273608 0.2772397094 0.0629539952 0.0750605327
1 0.3983050847 0.2723970944 0.0605326877 0.0702179177
1 0.4582324455 0.2796610169 0.0569007264 0.0677966102
8 0.1107748184 0.3450363196 0.1368038741 0.0847457627
1 0.2433414044 0.3389830508 0.0677966102 0.0653753027
1 0.3075060533 0.3426150121 0.0653753027 0.0677966102
1 0.4503631961 0.3456416465 0.0677966102 0.0641646489
1 0.6059322034 0.3268765133 0.0520581114 0.0411622276
1 0.5484261501 0.3244552058 0.0556900726 0.0484261501
1 0.1186440678 0.4291767554 0.1234866828 0.0520581114
1 0.2409200969 0.4049636804 0.0726392252 0.0665859564
1 0.3916464891 0.4092009685 0.0665859564 0.0653753027
1 0.3069007264 0.4104116223 0.0641646489 0.0677966102
1 0.4564164649 0.4116222760 0.0605326877 0.0581113801
1 0.6035108959 0.3849878935 0.0569007264 0.0726392252
1 0.5447941889 0.3849878935 0.0605326877 0.0726392252
1 0.6047215496 0.4539951574 0.0544794189 0.0726392252
1 0.5466101695 0.4546004843 0.0593220339 0.0690072639
1 0.1144067797 0.4788135593 0.1246973366 0.0544794189
1 0.1113801453 0.5296610169 0.1283292978 0.0520581114
1 0.2360774818 0.4733656174 0.0750605327 0.0726392252
1 0.3922518160 0.4751815981 0.0653753027 0.0690072639
1 0.3062953995 0.4806295400 0.0653753027 0.0702179177
1 0.4570217918 0.4788135593 0.0617433414 0.0690072639
1 0.5345036320 0.5278450363 0.0665859564 0.0750605327
1 0.5992736077 0.5290556901 0.0629539952 0.0726392252
1 0.6725181598 0.5048426150 0.0617433414 0.0702179177
1 0.1095641646 0.5811138015 0.1246973366 0.0532687651
1 0.2330508475 0.5472154964 0.0714285714 0.0702179177
1 0.3910411622 0.5441888620 0.0653753027 0.0665859564
1 0.3026634383 0.5490314770 0.0653753027 0.0690072639
1 0.3898305085 0.6138014528 0.0653753027 0.0702179177
1 0.4552058111 0.5460048426 0.0629539952 0.0677966102
1 0.5435835351 0.6029055690 0.0605326877 0.0750605327
1 0.6029055690 0.6029055690 0.0605326877 0.0774818402
1 0.6773607748 0.5847457627 0.0690072639 0.0702179177
3 0.1440677966 0.6634382567 0.0460048426 0.0460048426
3 0.1222760291 0.6216707022 0.0920096852 0.0423728814
3 0.0986682809 0.6652542373 0.0472154964 0.0447941889
1 0.2263922518 0.6186440678 0.0726392252 0.0726392252
1 0.2972154964 0.6168280872 0.0738498789 0.0690072639
1 0.2935835351 0.6864406780 0.0762711864 0.0702179177
1 0.3880145278 0.6852300242 0.0665859564 0.0726392252
1 0.4527845036 0.6852300242 0.0653753027 0.0726392252
1 0.4546004843 0.6150121065 0.0641646489 0.0677966102
1 0.5998789346 0.6797820823 0.0617433414 0.0738498789
1 0.5351089588 0.6803874092 0.0653753027 0.0750605327
1 0.6737288136 0.6646489104 0.0641646489 0.0750605327
1 0.7409200969 0.6749394673 0.0581113801 0.0617433414
1 0.8964891041 0.6815980630 0.0375302663 0.0653753027
3 0.1410411622 0.7100484262 0.0496368039 0.0496368039
3 0.0956416465 0.7112590799 0.0484261501 0.0496368039
5 0.0587167070 0.8081113801 0.0399515738 0.0714285714
5 0.1156174334 0.8268765133 0.0762711864 0.0435835351
5 0.1192493947 0.7838983051 0.0811138015 0.0447941889
5 0.2633171913 0.8323244552 0.0447941889 0.0714285714
5 0.2790556901 0.7705811138 0.0907990315 0.0472154964
5 0.2148910412 0.8329297821 0.0496368039 0.0726392252
5 0.3837772397 0.7838983051 0.0702179177 0.0835351090
5 0.4467312349 0.7838983051 0.0629539952 0.0786924939
5 0.5447941889 0.7796610169 0.0508474576 0.0726392252
5 0.6004842615 0.7778450363 0.0581113801 0.0714285714
5 0.7227602906 0.7863196126 0.0363196126 0.0835351090
5 0.8401937046 0.7820823245 0.1138014528 0.0823244552
5 0.9588377724 0.7808716707 0.0823244552 0.0799031477
5 0.0907990315 0.8916464891 0.0460048426 0.0835351090
5 0.0472154964 0.8940677966 0.0460048426 0.0835351090
5 0.1343825666 0.8874092010 0.0435835351 0.0823244552
5 0.2723970944 0.8976997579 0.0387409201 0.0617433414
5 0.2203389831 0.9013317191 0.0629539952 0.0617433414
5 0.3819612591 0.8656174334 0.0665859564 0.0847457627
5 0.4443099274 0.8631961259 0.0605326877 0.0823244552
5 0.5387409201 0.8541162228 0.0556900726 0.0762711864
5 0.5962469734 0.8523002421 0.0569007264 0.0726392252
5 0.6719128329 0.8710653753 0.0605326877 0.0883777240
5 0.7227602906 0.8734866828 0.0435835351 0.0859564165
5 0.8438256659 0.8716707022 0.1162227603 0.0920096852
5 0.9606537530 0.8631961259 0.0786924939 0.0847457627
5 0.0859564165 0.9667070218 0.0484261501 0.0665859564
5 0.0429782082 0.9673123487 0.0496368039 0.0653753027
5 0.1307506053 0.9642857143 0.0460048426 0.0714285714
5 0.2173123487 0.9648910412 0.0593220339 0.0653753027
5 0.2699757869 0.9630750605 0.0411622276 0.0665859564
5 0.4437046005 0.9418886199 0.0593220339 0.0750605327
5 0.5326876513 0.9818401937 0.0556900726 0.0363196126
5 0.5847457627 0.9291767554 0.0411622276 0.0762711864
5 0.5320823245 0.9261501211 0.0544794189 0.0702179177
5 0.6737288136 0.9600484262 0.0641646489 0.0799031477
5 0.7245762712 0.9588377724 0.0423728814 0.0823244552
5 0.8480629540 0.9582324455 0.1222760291 0.0835351090
5 0.9624697337 0.9509685230 0.0750605327 0.0859564165
5 0.3831719128 0.9866828087 0.0617433414 0.0266343826
5 0.4437046005 0.9891041162 0.0593220339 0.0217917676
5 0.5841404358 0.9824455206 0.0399515738 0.0351089588
