7 0.3810810811 0.0558558559 0.1711711712 0.1117117117
1 0.6720720721 0.0288288288 0.2702702703 0.0576576577
1 0.8666666667 0.0423423423 0.0648648649 0.0846846847
6 0.9576576577 0.0252252252 0.0846846847 0.0504504505
0 0.0261261261 0.1270270270 0.0522522523 0.0738738739
0 0.0972972973 0.1072072072 0.1045045045 0.1063063063
1 0.7378378378 0.1414414414 0.3045045045 0.2324324324
0 0.9540540541 0.1324324324 0.0918918919 0.1747747748
0 0.0171171171 0.1891891892 0.0342342342 0.0540540541
0 0.0963963964 0.1801801802 0.1207207207 0.0648648649
0 0.3945945946 0.1882882883 0.2450450450 0.2036036036
0 0.0864864865 0.2792792793 0.1729729730 0.1549549550
4 0.4090090090 0.3351351351 0.2954954955 0.1765765766
6 0.8387387387 0.3396396396 0.2072072072 0.2072072072
0 0.9783783784 0.2909909910 0.0432432432 0.1783783784
0 0.1036036036 0.4495495495 0.2072072072 0.1819819820
7 0.4585585586 0.4657657658 0.2288288288 0.1099099099
4 0.8360360360 0.4990990991 0.2990990991 0.1477477477
7 0.4909909910 0.5504504505 0.2108108108 0.1063063063
4 0.8585585586 0.6027027027 0.2828828829 0.1639639640
7 0.1090090090 0.6477477477 0.2180180180 0.2576576577
7 0.3180180180 0.6711711712 0.1063063063 0.1855855856
7 0.5090090090 0.6378378378 0.2144144144 0.1117117117
4 0.8594594595 0.7243243243 0.2810810811 0.1693693694
7 0.4198198198 0.8459459459 0.1045045045 0.1099099099
7 0.6063063063 0.8099099099 0.1099099099 0.0918918919
7 0.5378378378 0.7342342342 0.1855855856 0.1099099099
7 0.1243243243 0.8819819820 0.2486486486 0.2360360360
7 0.4567567568 0.9405405405 0.1027027027 0.0900900901
7 0.5891891892 0.9306306306 0.1765765766 0.1063063063
4 0.8459459459 0.8666666667 0.3081081081 0.1837837838
