8 0.1231691079 0.0392809587 0.0838881491 0.0572569907
1 0.2416777630 0.0486018642 0.1211717710 0.0972037284
1 0.3408788282 0.0039946738 0.0585885486 0.0079893475
1 0.3348868176 0.0452729694 0.0679094541 0.0745672437
1 0.4587217044 0.0399467377 0.0812250333 0.0719041278
1 0.4607190413 0.0039946738 0.0852197071 0.0079893475
1 0.6511318242 0.0066577896 0.0532623169 0.0133155792
1 0.5878828229 0.0133155792 0.0732356858 0.0266311585
1 0.7230359521 0.0206391478 0.0639147803 0.0412782956
1 0.7862849534 0.0219707057 0.0652463382 0.0439414115
1 0.9001331558 0.0193075899 0.1198402130 0.0386151798
1 0.9780292943 0.0246338216 0.0439414115 0.0492676431
8 0.1238348868 0.1351531292 0.0798934754 0.0652463382
2 0.2762982690 0.1291611185 0.1797603196 0.0825565912
1 0.4580559254 0.1065246338 0.0825565912 0.0639147803
1 0.5912117177 0.0572569907 0.0825565912 0.0639147803
1 0.5758988016 0.1191744341 0.1211717710 0.0652463382
1 0.7416777630 0.0798934754 0.0292942743 0.0772303595
1 0.7842876165 0.0825565912 0.0585885486 0.0772303595
1 0.8974700399 0.0619174434 0.1225033289 0.0599201065
1 0.9760319574 0.1031957390 0.0479360852 0.1211717710
2 0.2403462051 0.1997336884 0.1238348868 0.0639147803
1 0.3335552597 0.2003994674 0.0679094541 0.0652463382
1 0.4394141145 0.1677762983 0.1171770972 0.0665778961
1 0.5439414115 0.1904127830 0.0705725699 0.0798934754
1 0.6071904128 0.1904127830 0.0612516644 0.0798934754
3 0.7456724368 0.2097203728 0.0399467377 0.0306258322
3 0.7057256991 0.2103861518 0.0399467377 0.0346205060
1 0.7416777630 0.1557922770 0.0319573901 0.0772303595
1 0.7856191744 0.1584553928 0.0612516644 0.0745672437
3 0.7856191744 0.2097203728 0.0426098535 0.0279627164
1 0.8941411451 0.1451398136 0.1211717710 0.1198402130
1 0.9747003995 0.1930758988 0.0505992011 0.0505992011
7 0.1664447403 0.8189081225 0.0399467377 0.0585885486
7 0.1344873502 0.8874833555 0.0399467377 0.0625832224
7 0.1371504660 0.9347536618 0.0346205060 0.0292942743
