1 0.0627615063 0.3195606695 0.1255230126 0.1244769874
1 0.2290794979 0.3472803347 0.0606694561 0.0481171548
1 0.2991631799 0.2986401674 0.0794979079 0.0721757322
1 0.4178870293 0.3226987448 0.0658995816 0.0826359833
1 0.4832635983 0.3211297071 0.0648535565 0.0857740586
1 0.6469665272 0.3383891213 0.1244769874 0.0700836820
8 0.8614016736 0.3211297071 0.1223849372 0.0669456067
1 0.0622384937 0.4089958159 0.1244769874 0.0606694561
1 0.2243723849 0.4058577406 0.0700836820 0.0502092050
1 0.3028242678 0.3734309623 0.0763598326 0.0753138075
1 0.4288702929 0.4048117155 0.0815899582 0.0857740586
1 0.5010460251 0.4063807531 0.0690376569 0.0847280335
1 0.6553347280 0.4142259414 0.1370292887 0.0711297071
8 0.8865062762 0.4178870293 0.1474895397 0.1244769874
1 0.0606694561 0.4675732218 0.1213389121 0.0669456067
1 0.2970711297 0.4456066946 0.0815899582 0.0753138075
1 0.6710251046 0.4905857741 0.1391213389 0.0815899582
1 0.0611924686 0.5308577406 0.1223849372 0.0700836820
1 0.2217573222 0.5329497908 0.0648535565 0.0638075314
1 0.3023012552 0.5256276151 0.0836820084 0.0826359833
1 0.4199790795 0.4994769874 0.0868200837 0.0910041841
1 0.4973849372 0.4989539749 0.0742677824 0.0920502092
1 0.9011506276 0.5162133891 0.1621338912 0.0805439331
1 0.0575313808 0.5957112971 0.1150627615 0.0742677824
1 0.2709205021 0.5894351464 0.1401673640 0.0533472803
1 0.4252092050 0.5936192469 0.0742677824 0.0889121339
1 0.5026150628 0.5831589958 0.0826359833 0.0868200837
1 0.6809623431 0.5831589958 0.1485355649 0.0889121339
1 0.9173640167 0.5972803347 0.1569037657 0.0899581590
1 0.0554393305 0.6610878661 0.1108786611 0.0711297071
1 0.2635983264 0.6459205021 0.1464435146 0.0638075314
1 0.4215481172 0.6825313808 0.0648535565 0.0826359833
1 0.5036610879 0.6799163180 0.0826359833 0.1066945607
1 0.6961297071 0.6814853556 0.1370292887 0.1077405858
1 0.9231171548 0.6799163180 0.1537656904 0.1108786611
1 0.0543933054 0.7264644351 0.1087866109 0.0742677824
1 0.2620292887 0.7102510460 0.1516736402 0.0690376569
