1 0.8713927227 0.3324968632 0.1819322459 0.0828105395
1 0.0853199498 0.3688833124 0.1706398996 0.1329987453
1 0.3506900878 0.3670012547 0.1643663739 0.1292346299
1 0.5815558344 0.3688833124 0.0991217064 0.1279799247
1 0.6800501882 0.3657465496 0.0777917189 0.0991217064
1 0.8695106650 0.4096612296 0.1756587202 0.0765370138
1 0.0897114178 0.4680050188 0.1794228356 0.1079046424
1 0.3688833124 0.4849435383 0.1781681305 0.1066499373
1 0.5828105395 0.4849435383 0.0991217064 0.1041405270
1 0.6756587202 0.4723964868 0.0890840652 0.1066499373
1 0.8607277290 0.4774153074 0.1681304893 0.0639899624
1 0.1047678795 0.5652446675 0.1944792974 0.0966122961
1 0.5890840652 0.5859473024 0.0890840652 0.1104140527
1 0.6819322459 0.5853199498 0.1041405270 0.1091593476
1 0.8230865747 0.5539523212 0.1003764115 0.0991217064
1 0.9196988708 0.5451693852 0.0777917189 0.0765370138
1 0.3808030113 0.5959849435 0.1668757842 0.0978670013
1 0.8293601004 0.6499372647 0.0978670013 0.0903387704
8 0.1223337516 0.6831869511 0.1769134253 0.1493099122
1 0.3996235885 0.6875784191 0.1643663739 0.0853199498
1 0.5846925972 0.6969887077 0.0828105395 0.1016311167
1 0.6712672522 0.6988707654 0.0978670013 0.1028858218
1 0.8224592221 0.7365119197 0.0915934755 0.0903387704
1 0.9165621079 0.6976160602 0.0840652447 0.0602258469
8 0.1524466750 0.7992471769 0.1468005019 0.0803011292
1 0.4096612296 0.7785445420 0.1493099122 0.0840652447
1 0.6060225847 0.7992471769 0.0777917189 0.1028858218
1 0.6844416562 0.7973651192 0.0790464241 0.0991217064
1 0.8268506901 0.8262233375 0.0953575910 0.0865746550
1 0.9109159348 0.7678795483 0.0727728984 0.0577164366
