5 0.8775933610 0.0366528354 0.0677731674 0.0733056708
5 0.9391424620 0.0373443983 0.0636237898 0.0746887967
5 0.9854771784 0.0366528354 0.0290456432 0.0733056708
1 0.3450899032 0.0366528354 0.1037344398 0.0733056708
1 0.4432918396 0.0366528354 0.1009681881 0.0733056708
1 0.5532503458 0.0359612725 0.1051175657 0.0719225450
1 0.6611341632 0.0359612725 0.1078838174 0.0719225450
1 0.7710926694 0.0352697095 0.1147994467 0.0705394191
1 0.3374827109 0.1618257261 0.0940525588 0.0829875519
1 0.4377593361 0.1950207469 0.0982019364 0.1770401107
1 0.5325034578 0.1915629322 0.0885200553 0.1673582296
1 0.6244813278 0.1908713693 0.0926694329 0.1742738589
1 0.7178423237 0.1874135546 0.0968188105 0.1811894882
5 0.9356846473 0.1991701245 0.1120331950 0.1521438451
1 0.3450899032 0.2461964039 0.0899031812 0.0829875519
5 0.9668049793 0.3257261411 0.0525587828 0.0428769018
5 0.8948824343 0.3485477178 0.0857538036 0.0636237898
1 0.3457814661 0.4384508990 0.1106500692 0.1742738589
1 0.4474412172 0.4439834025 0.1065006916 0.1825726141
1 0.5580912863 0.4432918396 0.1065006916 0.1701244813
1 0.6666666667 0.4363762102 0.1106500692 0.1756569848
1 0.7710926694 0.4460580913 0.1009681881 0.1756569848
5 0.8796680498 0.4190871369 0.0774550484 0.0940525588
5 0.9605809129 0.4349930844 0.0788381743 0.0871369295
5 0.8762102351 0.5165975104 0.0788381743 0.1092669433
5 0.9598893499 0.5470262794 0.0802213001 0.0401106501
5 0.9585062241 0.5055325035 0.0829875519 0.0484094053
1 0.3623789765 0.6258644537 0.1106500692 0.2005532503
5 0.8845089903 0.6189488243 0.0788381743 0.0871369295
5 0.9591977870 0.6341632089 0.0816044260 0.1037344398
7 0.3755186722 0.7946058091 0.1065006916 0.0594744122
7 0.4847856155 0.8035961272 0.1065006916 0.0553250346
7 0.6078838174 0.8181189488 0.1230982019 0.0484094053
5 0.8886583679 0.7531120332 0.1009681881 0.1839557400
5 0.9654218534 0.7842323651 0.0691562932 0.1798063624
7 0.3713692946 0.8658367911 0.1313969571 0.0719225450
7 0.4930843707 0.8450899032 0.1203319502 0.0470262794
7 0.6120331950 0.8665283541 0.1230982019 0.0428769018
5 0.8865836791 0.8589211618 0.0802213001 0.0359612725
0 0.4094052559 0.9495159059 0.0995850622 0.1009681881
0 0.4854771784 0.9730290456 0.1023513140 0.0539419087
0 0.6887966805 0.9543568465 0.1023513140 0.0912863071
5 0.8955739972 0.9377593361 0.1092669433 0.1244813278
3 0.7219917012 0.8782849239 0.1051175657 0.0553250346
