2 0.0240700219 0.0886214442 0.0481400438 0.1072210066
2 0.1269146608 0.0995623632 0.1312910284 0.1181619256
3 0.3096280088 0.1373085339 0.0350109409 0.0426695842
3 0.3588621444 0.1394967177 0.0700218818 0.0426695842
1 0.6701312910 0.1225382932 0.0514223195 0.0787746171
1 0.7691466083 0.1263676149 0.0590809628 0.0733041575
1 0.7221006565 0.1247264770 0.0568927790 0.0809628009
1 0.9097374179 0.1285557987 0.1017505470 0.0689277899
2 0.9912472648 0.1433260394 0.0175054705 0.0831509847
1 0.0399343545 0.1925601751 0.0798687090 0.1094091904
1 0.1362144420 0.2040481400 0.1192560175 0.1061269147
3 0.3079868709 0.1761487965 0.0339168490 0.0371991247
3 0.3752735230 0.1794310722 0.0328227571 0.0415754923
1 0.3457330416 0.2204595186 0.0897155361 0.0514223195
3 0.3429978118 0.1783369803 0.0361050328 0.0371991247
1 0.4474835886 0.2237417943 0.0547045952 0.0667396061
1 0.4535010941 0.1602844639 0.0601750547 0.0733041575
1 0.5060175055 0.1679431072 0.0536105033 0.0776805252
1 0.5574398249 0.1728665208 0.0557986871 0.0700218818
1 0.6646608315 0.2002188184 0.0557986871 0.0765864333
1 0.7614879650 0.1985776805 0.0481400438 0.0754923414
1 0.7138949672 0.2013129103 0.0557986871 0.0765864333
1 0.9042669584 0.1958424508 0.1017505470 0.0634573304
1 0.0612691466 0.2926695842 0.0897155361 0.0995623632
1 0.3446389497 0.2642231947 0.0919037199 0.0492341357
1 0.5016411379 0.2286652079 0.0536105033 0.0678336980
1 0.4474835886 0.2817286652 0.0568927790 0.0601750547
1 0.4961706783 0.2844638950 0.0536105033 0.0547045952
1 0.5536105033 0.2346827133 0.0568927790 0.0623632385
1 0.5475929978 0.2921225383 0.0514223195 0.0547045952
1 0.6564551422 0.2707877462 0.0634573304 0.0667396061
1 0.7532822757 0.2680525164 0.0492341357 0.0678336980
1 0.7078774617 0.2702407002 0.0503282276 0.0678336980
1 0.8971553611 0.2560175055 0.0919037199 0.0525164114
1 0.1471553611 0.3036105033 0.0995623632 0.0995623632
1 0.3429978118 0.3052516411 0.0908096280 0.0481400438
1 0.3424507659 0.3451859956 0.0897155361 0.0448577681
1 0.4939824945 0.3468271335 0.0514223195 0.0590809628
1 0.5459518600 0.3501094092 0.0481400438 0.0612691466
1 0.6460612691 0.3353391685 0.0579868709 0.0601750547
1 0.6991247265 0.3369803063 0.0525164114 0.0612691466
1 0.7434354486 0.3331509847 0.0492341357 0.0667396061
1 0.8785557987 0.3626914661 0.0875273523 0.0492341357
1 0.8845733042 0.3112691466 0.0929978118 0.0557986871
1 0.9928884026 0.3014223195 0.0142231947 0.0579868709
1 0.9874179431 0.3561269147 0.0251641138 0.0601750547
1 0.0694748359 0.3834792123 0.0864332604 0.0908096280
1 0.1531728665 0.3966083151 0.0919037199 0.0951859956
1 0.3424507659 0.4223194748 0.0875273523 0.0371991247
1 0.3429978118 0.3845733042 0.0886214442 0.0404814004
1 0.4863238512 0.4070021882 0.0536105033 0.0612691466
1 0.5399343545 0.4102844639 0.0492341357 0.0612691466
1 0.6843544858 0.3922319475 0.0492341357 0.0536105033
1 0.6367614880 0.3911378556 0.0568927790 0.0536105033
1 0.7319474836 0.3966083151 0.0503282276 0.0601750547
1 0.8687089716 0.4146608315 0.0897155361 0.0525164114
1 0.9830415755 0.4097374179 0.0339168490 0.0514223195
1 0.0749452954 0.4699124726 0.0864332604 0.0886214442
1 0.1570021882 0.4852297593 0.0908096280 0.0908096280
1 0.3402625821 0.4978118162 0.0875273523 0.0393873085
1 0.3424507659 0.4589715536 0.0853391685 0.0361050328
1 0.4863238512 0.4704595186 0.0514223195 0.0590809628
1 0.5382932166 0.4715536105 0.0459518600 0.0590809628
1 0.6269146608 0.4420131291 0.0568927790 0.0525164114
1 0.6280087527 0.4967177243 0.0459518600 0.0503282276
1 0.6750547046 0.4967177243 0.0503282276 0.0525164114
1 0.6794310722 0.4458424508 0.0547045952 0.0536105033
1 0.7264770241 0.4502188184 0.0481400438 0.0514223195
1 0.7226477024 0.4994529540 0.0514223195 0.0536105033
1 0.8594091904 0.4611597374 0.0951859956 0.0426695842
1 0.9814004376 0.4600656455 0.0371991247 0.0514223195
1 0.0913566740 0.5596280088 0.0820568928 0.0689277899
1 0.1668490153 0.5623632385 0.0733041575 0.0678336980
1 0.3402625821 0.5667396061 0.0831509847 0.0328227571
1 0.3402625821 0.5339168490 0.0853391685 0.0350109409
1 0.4846827133 0.5284463895 0.0503282276 0.0547045952
1 0.5339168490 0.5289934354 0.0481400438 0.0557986871
1 0.6717724289 0.5486870897 0.0525164114 0.0514223195
1 0.6192560175 0.5432166302 0.0503282276 0.0536105033
1 0.7160831510 0.5497811816 0.0426695842 0.0514223195
1 0.8572210066 0.5552516411 0.0754923414 0.0557986871
1 0.8512035011 0.5060175055 0.0919037199 0.0426695842
7 0.9759299781 0.5738512035 0.0481400438 0.0339168490
2 0.9857768053 0.5125820569 0.0284463895 0.0601750547
2 0.0711159737 0.6170678337 0.0481400438 0.0481400438
2 0.1504376368 0.6187089716 0.1061269147 0.0470459519
5 0.2822757112 0.6165207877 0.0284463895 0.0295404814
5 0.3112691466 0.6181619256 0.0273522976 0.0262582057
5 0.2828227571 0.6449671772 0.0273522976 0.0251641138
5 0.3189277899 0.5935448578 0.0251641138 0.0229759300
5 0.3112691466 0.6460612691 0.0273522976 0.0251641138
5 0.3692560175 0.6187089716 0.0229759300 0.0251641138
5 0.3408096280 0.6466083151 0.0251641138 0.0240700219
5 0.3419037199 0.6198030635 0.0317286652 0.0273522976
5 0.3703501094 0.5946389497 0.0185995624 0.0229759300
5 0.3468271335 0.5935448578 0.0262582057 0.0229759300
5 0.4885120350 0.6247264770 0.0404814004 0.0459518600
5 0.4885120350 0.5815098468 0.0404814004 0.0470459519
5 0.5295404814 0.6258205689 0.0415754923 0.0437636761
5 0.5306345733 0.5798687090 0.0459518600 0.0459518600
5 0.6859956236 0.6044857768 0.0897155361 0.0601750547
5 0.6219912473 0.6012035011 0.0448577681 0.0689277899
5 0.8413566740 0.6066739606 0.0897155361 0.0514223195
7 0.0842450766 0.6739606127 0.0787746171 0.0634573304
7 0.1657549234 0.6591903720 0.0820568928 0.0339168490
7 0.1652078775 0.6942013129 0.0809628009 0.0339168490
5 0.3101750547 0.7089715536 0.0273522976 0.0481400438
5 0.2833698031 0.6695842451 0.0262582057 0.0240700219
5 0.3112691466 0.6717724289 0.0273522976 0.0262582057
5 0.3681619256 0.6477024070 0.0229759300 0.0262582057
5 0.3402625821 0.6717724289 0.0262582057 0.0262582057
5 0.3402625821 0.7111597374 0.0306345733 0.0481400438
5 0.3659737418 0.7111597374 0.0229759300 0.0459518600
5 0.3676148796 0.6756017505 0.0218818381 0.0251641138
5 0.4409190372 0.7117067834 0.0481400438 0.0470459519
5 0.4857768053 0.7122538293 0.0393873085 0.0437636761
5 0.4431072210 0.6493435449 0.0525164114 0.0754923414
5 0.4879649891 0.6684901532 0.0393873085 0.0437636761
5 0.5278993435 0.6690371991 0.0404814004 0.0426695842
5 0.6055798687 0.6624726477 0.0623632385 0.0579868709
5 0.5251641138 0.7111597374 0.0371991247 0.0437636761
5 0.6772428884 0.6635667396 0.0853391685 0.0579868709
5 0.8293216630 0.7045951860 0.0809628009 0.0459518600
5 0.8309628009 0.6564551422 0.0776805252 0.0503282276
7 0.0864332604 0.7412472648 0.0765864333 0.0711159737
7 0.1663019694 0.7319474836 0.0809628009 0.0371991247
7 0.1668490153 0.7850109409 0.0864332604 0.0733041575
5 0.2822757112 0.7554704595 0.0284463895 0.0492341357
5 0.3096280088 0.7603938731 0.0284463895 0.0525164114
5 0.3369803063 0.7609409190 0.0262582057 0.0514223195
5 0.3654266958 0.7603938731 0.0218818381 0.0503282276
5 0.4830415755 0.7571115974 0.0404814004 0.0459518600
5 0.4414660832 0.7592997812 0.0426695842 0.0459518600
5 0.5229759300 0.7565645514 0.0350109409 0.0426695842
5 0.6028446389 0.7215536105 0.0547045952 0.0557986871
5 0.6646608315 0.7773522976 0.0929978118 0.0557986871
5 0.6745076586 0.7215536105 0.0864332604 0.0557986871
5 0.8233041575 0.7516411379 0.0842450766 0.0503282276
7 0.9365426696 0.7642231947 0.0371991247 0.0295404814
7 0.9529540481 0.7281181619 0.0481400438 0.0404814004
7 0.9950765864 0.7489059081 0.0098468271 0.0448577681
7 0.0820568928 0.8063457330 0.0853391685 0.0350109409
4 0.1608315098 0.8429978118 0.0962800875 0.0426695842
5 0.3336980306 0.8429978118 0.0787746171 0.0404814004
5 0.3358862144 0.8052516411 0.0809628009 0.0350109409
5 0.4666301969 0.8375273523 0.0470459519 0.0382932166
5 0.4354485777 0.7997811816 0.0503282276 0.0459518600
5 0.5125820569 0.8380743982 0.0448577681 0.0371991247
5 0.4819474836 0.7992341357 0.0426695842 0.0426695842
5 0.5202407002 0.7986870897 0.0361050328 0.0393873085
0 0.6679431072 0.8397155361 0.0339168490 0.0251641138
5 0.8178336980 0.7992341357 0.0776805252 0.0448577681
5 0.7997811816 0.8408096280 0.0875273523 0.0382932166
7 0.9414660832 0.8211159737 0.0448577681 0.0448577681
7 0.9928884026 0.7948577681 0.0142231947 0.0448577681
7 0.9868708972 0.8386214442 0.0262582057 0.0470459519
4 0.1613785558 0.9228665208 0.0951859956 0.0492341357
4 0.1673960613 0.8812910284 0.0831509847 0.0404814004
7 0.3276805252 0.8867614880 0.0886214442 0.0514223195
0 0.4212253829 0.9184901532 0.0481400438 0.0404814004
0 0.4874179431 0.9184901532 0.0864332604 0.0426695842
0 0.4945295405 0.8758205689 0.0787746171 0.0448577681
0 0.6728665208 0.9277899344 0.0481400438 0.0393873085
0 0.6553610503 0.8829321663 0.0853391685 0.0678336980
5 0.7932166302 0.8752735230 0.0853391685 0.0350109409
0 0.7904814004 0.9173960613 0.0864332604 0.0514223195
7 0.9442013129 0.8807439825 0.0525164114 0.0437636761
7 0.9463894967 0.9272428884 0.1072210066 0.0492341357
7 0.9863238512 0.8801969365 0.0273522976 0.0470459519
4 0.1673960613 0.9595185996 0.0831509847 0.0306345733
4 0.1684901532 0.9857768053 0.0831509847 0.0284463895
7 0.2877461707 0.9835886214 0.0503282276 0.0218818381
7 0.3293216630 0.9310722101 0.0787746171 0.0393873085
7 0.3358862144 0.9606126915 0.0634573304 0.0196936543
7 0.3413566740 0.9819474836 0.0525164114 0.0207877462
0 0.5027352298 0.9611597374 0.0448577681 0.0470459519
0 0.6170678337 0.9535010941 0.0328227571 0.0689277899
0 0.6690371991 0.9688183807 0.0470459519 0.0448577681
0 0.7861050328 0.9737417943 0.0820568928 0.0503282276
7 0.3298687090 0.9961706783 0.0754923414 0.0076586433
0 0.4332603939 0.9857768053 0.0350109409 0.0284463895
0 0.5016411379 0.9928884026 0.0448577681 0.0142231947
0 0.6673960613 0.9945295405 0.0437636761 0.0109409190
