0 0.4573991031 0.0067264574 0.0358744395 0.0134529148
0 0.0958520179 0.0184977578 0.0840807175 0.0369955157
0 0.2690582960 0.0336322870 0.0336322870 0.0672645740
0 0.2158071749 0.0196188341 0.0482062780 0.0392376682
0 0.3862107623 0.0241031390 0.0459641256 0.0482062780
7 0.5571748879 0.0246636771 0.0650224215 0.0201793722
7 0.5515695067 0.0067264574 0.0538116592 0.0134529148
7 0.6065022422 0.0061659193 0.0515695067 0.0123318386
7 0.5639013453 0.0549327354 0.0807174888 0.0403587444
4 0.7298206278 0.0257847534 0.0852017937 0.0313901345
4 0.7286995516 0.0067264574 0.0852017937 0.0134529148
0 0.0913677130 0.0689461883 0.0885650224 0.0526905830
5 0.0885650224 0.1121076233 0.0874439462 0.0358744395
0 0.2118834081 0.0582959641 0.0493273543 0.0403587444
0 0.2303811659 0.1042600897 0.0863228700 0.0695067265
0 0.3946188341 0.1115470852 0.0807174888 0.0459641256
0 0.4019058296 0.0678251121 0.0885650224 0.0437219731
0 0.4697309417 0.0678251121 0.0493273543 0.0414798206
7 0.5655829596 0.1003363229 0.0908071749 0.0526905830
4 0.7359865471 0.0633408072 0.0975336323 0.0504484305
4 0.7298206278 0.1059417040 0.0852017937 0.0414798206
5 0.0818385650 0.1474215247 0.0896860987 0.0392376682
5 0.0633408072 0.1900224215 0.0795964126 0.0459641256
0 0.2169282511 0.1485426009 0.0347533632 0.0257847534
5 0.3682735426 0.1905829596 0.0369955157 0.0403587444
5 0.4075112108 0.1900224215 0.0437219731 0.0437219731
5 0.3761210762 0.1502242152 0.0459641256 0.0381165919
5 0.4232062780 0.1507847534 0.0482062780 0.0392376682
5 0.4551569507 0.1894618834 0.0515695067 0.0470852018
5 0.5571748879 0.1838565022 0.0829596413 0.0358744395
5 0.5594170404 0.1451793722 0.0807174888 0.0414798206
4 0.7365470852 0.1451793722 0.0986547085 0.0437219731
7 0.8172645740 0.1827354260 0.0874439462 0.0358744395
5 0.0577354260 0.2387892377 0.0863228700 0.0515695067
5 0.2102017937 0.2696188341 0.0885650224 0.0571748879
5 0.2202914798 0.2124439462 0.0952914798 0.0571748879
5 0.2836322870 0.2696188341 0.0560538117 0.0571748879
5 0.3654708520 0.2337443946 0.0358744395 0.0437219731
5 0.4489910314 0.2309417040 0.0437219731 0.0470852018
5 0.4063901345 0.2331838565 0.0414798206 0.0470852018
5 0.5269058296 0.2298206278 0.0224215247 0.0515695067
5 0.5560538117 0.2292600897 0.0269058296 0.0526905830
5 0.6121076233 0.2348654709 0.0291479821 0.0504484305
5 0.5840807175 0.2298206278 0.0291479821 0.0538116592
7 0.7309417040 0.2589686099 0.0829596413 0.0381165919
7 0.7303811659 0.2045964126 0.0885650224 0.0751121076
7 0.8127802691 0.2494394619 0.0784753363 0.0728699552
5 0.0498878924 0.3363228700 0.0795964126 0.0515695067
5 0.0515695067 0.2869955157 0.0829596413 0.0470852018
5 0.2073991031 0.3290358744 0.0874439462 0.0594170404
5 0.2808295964 0.3301569507 0.0639013453 0.0594170404
5 0.3604260090 0.3234304933 0.0414798206 0.0437219731
5 0.3632286996 0.2802690583 0.0381165919 0.0448430493
5 0.4473094170 0.3436098655 0.0538116592 0.0773542601
5 0.4035874439 0.2791479821 0.0403587444 0.0448430493
5 0.4495515695 0.2797085202 0.0493273543 0.0482062780
5 0.4013452915 0.3239910314 0.0403587444 0.0448430493
5 0.5526905830 0.3206278027 0.0269058296 0.0269058296
5 0.5526905830 0.2802690583 0.0313901345 0.0493273543
5 0.5263452915 0.2802690583 0.0235426009 0.0470852018
5 0.5241031390 0.3452914798 0.0235426009 0.0269058296
5 0.5246636771 0.3167040359 0.0224215247 0.0257847534
5 0.5823991031 0.3206278027 0.0280269058 0.0269058296
5 0.6109865471 0.3228699552 0.0269058296 0.0246636771
5 0.5835201794 0.2825112108 0.0280269058 0.0493273543
7 0.7320627803 0.2976457399 0.0829596413 0.0347533632
7 0.7315022422 0.3335201794 0.0840807175 0.0347533632
7 0.8150224215 0.3183856502 0.0807174888 0.0650224215
5 0.0426008969 0.3873318386 0.0852017937 0.0526905830
5 0.1984304933 0.3895739910 0.0919282511 0.0616591928
5 0.2640134529 0.3929372197 0.0459641256 0.0706278027
5 0.3587443946 0.3677130045 0.0426008969 0.0448430493
5 0.3576233184 0.4147982063 0.0470852018 0.0470852018
5 0.4007847534 0.3688340807 0.0414798206 0.0470852018
5 0.4007847534 0.4131165919 0.0414798206 0.0482062780
5 0.5218609865 0.3996636771 0.0190582960 0.0235426009
5 0.5510089686 0.3738789238 0.0325112108 0.0280269058
5 0.5229820628 0.3750000000 0.0235426009 0.0257847534
5 0.5521300448 0.3464125561 0.0257847534 0.0246636771
5 0.5459641256 0.4007847534 0.0269058296 0.0235426009
5 0.5823991031 0.3755605381 0.0280269058 0.0269058296
5 0.6115470852 0.3480941704 0.0280269058 0.0257847534
5 0.5745515695 0.4007847534 0.0257847534 0.0235426009
5 0.5823991031 0.3469730942 0.0280269058 0.0257847534
5 0.6121076233 0.3772421525 0.0291479821 0.0302690583
2 0.7471973094 0.3750000000 0.1087443946 0.0482062780
2 0.8284753363 0.3766816143 0.0493273543 0.0493273543
1 0.0381165919 0.4904708520 0.0762331839 0.0437219731
1 0.0308295964 0.4400224215 0.0616591928 0.0571748879
1 0.1676008969 0.4456278027 0.0437219731 0.0526905830
1 0.2130044843 0.4467488789 0.0538116592 0.0526905830
1 0.2668161435 0.4523542601 0.0515695067 0.0549327354
1 0.3542600897 0.4669282511 0.0493273543 0.0571748879
1 0.4047085202 0.4674887892 0.0515695067 0.0560538117
1 0.5526905830 0.4282511211 0.0852017937 0.0336322870
1 0.5526905830 0.4618834081 0.0874439462 0.0358744395
1 0.7303811659 0.4327354260 0.0751121076 0.0695067265
1 0.8077354260 0.4355381166 0.0840807175 0.0706278027
1 0.0347533632 0.5364349776 0.0695067265 0.0437219731
1 0.1569506726 0.5476457399 0.0493273543 0.0526905830
1 0.1608744395 0.4971973094 0.0526905830 0.0549327354
1 0.2578475336 0.5000000000 0.0470852018 0.0515695067
1 0.2096412556 0.5000000000 0.0515695067 0.0538116592
1 0.2589686099 0.5560538117 0.0582959641 0.0538116592
1 0.2051569507 0.5521300448 0.0560538117 0.0549327354
1 0.3497757848 0.5257847534 0.0470852018 0.0605381166
1 0.4030269058 0.5269058296 0.0526905830 0.0605381166
1 0.5504484305 0.5386771300 0.0874439462 0.0369955157
1 0.5526905830 0.4988789238 0.0896860987 0.0403587444
1 0.7404708520 0.5117713004 0.0930493274 0.0930493274
1 0.8245515695 0.5274663677 0.0885650224 0.0908071749
1 0.0285874439 0.5840807175 0.0571748879 0.0538116592
1 0.1519058296 0.6025784753 0.0526905830 0.0616591928
1 0.2001121076 0.6070627803 0.0504484305 0.0549327354
1 0.2488789238 0.6081838565 0.0582959641 0.0549327354
1 0.3480941704 0.5885650224 0.0504484305 0.0627802691
1 0.4030269058 0.5919282511 0.0549327354 0.0627802691
1 0.5498878924 0.6149103139 0.0908071749 0.0414798206
1 0.5504484305 0.5762331839 0.0896860987 0.0381165919
1 0.7443946188 0.6025784753 0.0941704036 0.0975336323
1 0.8301569507 0.6160313901 0.0885650224 0.0930493274
1 0.0213004484 0.6900224215 0.0426008969 0.0571748879
1 0.0229820628 0.6373318386 0.0459641256 0.0504484305
1 0.1395739910 0.6676008969 0.0504484305 0.0683856502
1 0.1849775785 0.6636771300 0.0538116592 0.0627802691
1 0.2399103139 0.6653587444 0.0582959641 0.0616591928
1 0.3419282511 0.6502242152 0.0493273543 0.0627802691
1 0.3951793722 0.6535874439 0.0526905830 0.0605381166
1 0.5498878924 0.6961883408 0.0930493274 0.0493273543
1 0.5504484305 0.6552690583 0.0919282511 0.0459641256
1 0.7505605381 0.6978699552 0.1020179372 0.1020179372
1 0.0145739910 0.7466367713 0.0291479821 0.0538116592
1 0.1760089686 0.7320627803 0.0515695067 0.0695067265
1 0.1294843049 0.7343049327 0.0504484305 0.0695067265
1 0.2286995516 0.7315022422 0.0650224215 0.0683856502
1 0.3340807175 0.7684977578 0.0582959641 0.0639013453
1 0.3402466368 0.7096412556 0.0526905830 0.0560538117
1 0.4428251121 0.7202914798 0.0582959641 0.0616591928
1 0.3873318386 0.7746636771 0.0549327354 0.0695067265
1 0.3929372197 0.7174887892 0.0549327354 0.0560538117
1 0.5482062780 0.7382286996 0.0941704036 0.0504484305
1 0.8385650224 0.7090807175 0.0919282511 0.1020179372
1 0.0134529148 0.8082959641 0.0269058296 0.0650224215
1 0.1210762332 0.8054932735 0.0493273543 0.0773542601
1 0.1704035874 0.8026905830 0.0582959641 0.0784753363
1 0.2202914798 0.8038116592 0.0571748879 0.0784753363
1 0.3301569507 0.8318385650 0.0571748879 0.0717488789
1 0.3828475336 0.8368834081 0.0549327354 0.0795964126
1 0.4428251121 0.7797085202 0.0560538117 0.0683856502
1 0.4366591928 0.8447309417 0.0616591928 0.0751121076
3 0.5498878924 0.8262331839 0.0369955157 0.0381165919
1 0.5470852018 0.7830717489 0.0919282511 0.0526905830
3 0.5168161435 0.8251121076 0.0336322870 0.0426008969
3 0.5857623318 0.8284753363 0.0347533632 0.0381165919
1 0.7617713004 0.7998878924 0.1221973094 0.1087443946
1 0.8755605381 0.8116591928 0.1121076233 0.1121076233
1 0.0106502242 0.8772421525 0.0213004484 0.0706278027
1 0.1132286996 0.8794843049 0.0605381166 0.0751121076
1 0.1614349776 0.8811659193 0.0582959641 0.0829596413
1 0.2146860987 0.8834080717 0.0526905830 0.0807174888
3 0.5336322870 0.8660313901 0.0717488789 0.0437219731
3 0.5840807175 0.8682735426 0.0358744395 0.0437219731
2 0.7713004484 0.9069506726 0.1345291480 0.1210762332
2 0.8850896861 0.9181614350 0.0661434978 0.1098654709
