1 0.0850277264 0.0249537893 0.0887245841 0.0499075786
1 0.3974121996 0.0101663586 0.1700554529 0.0203327172
1 0.6682070240 0.0221811460 0.1829944547 0.0443622921
1 0.8733826248 0.0249537893 0.2347504621 0.0499075786
1 0.0258780037 0.0341959335 0.0517560074 0.0683918669
1 0.1783733826 0.0295748614 0.0979667283 0.0591497227
1 0.3955637708 0.1229205176 0.1663585952 0.0646950092
1 0.3964879852 0.0526802218 0.1682070240 0.0720887246
1 0.6487985213 0.1210720887 0.1737523105 0.1571164510
1 0.1377079482 0.1996303142 0.1903881701 0.1035120148
7 0.3946395564 0.1940850277 0.1792975970 0.0702402957
1 0.8595194085 0.1367837338 0.2255083179 0.1589648799
0 0.0489833641 0.2818853974 0.0536044362 0.0646950092
0 0.1515711645 0.3576709797 0.1774491682 0.0831792976
0 0.1552680222 0.2892791128 0.1626617375 0.0757855823
7 0.4121996303 0.2920517560 0.1293900185 0.1367837338
1 0.6451016636 0.2624768946 0.1663585952 0.1478743068
0 0.8696857671 0.3447319778 0.1201478743 0.0905730129
0 0.0425138632 0.4639556377 0.0517560074 0.1072088725
0 0.1534195933 0.4602587800 0.1737523105 0.1182994455
0 0.3964879852 0.4223659889 0.1571164510 0.1275415896
1 0.6321626617 0.4094269871 0.1626617375 0.1349353050
0 0.8170055453 0.4353049908 0.1885397412 0.1016635860
2 0.9824399261 0.4463955638 0.0351201479 0.1940850277
0 0.0545286506 0.5563770795 0.0609981516 0.0739371534
0 0.1608133087 0.5600739372 0.1589648799 0.0850277264
7 0.4020332717 0.5831792976 0.1201478743 0.0351201479
4 0.3817005545 0.5258780037 0.1829944547 0.0868761553
6 0.5434380776 0.5221811460 0.1072088725 0.1016635860
4 0.6025878004 0.5924214418 0.1552680222 0.0536044362
6 0.6451016636 0.5249537893 0.1072088725 0.0961182994
0 0.7948243993 0.5221811460 0.1885397412 0.0942698706
7 0.9667282810 0.5776340111 0.0665434381 0.0868761553
5 0.0073937153 0.6645101664 0.0147874307 0.0646950092
7 0.0730129390 0.6395563771 0.0425138632 0.0961182994
7 0.1663585952 0.6404805915 0.1441774492 0.0942698706
7 0.2975970425 0.6349353050 0.0554528651 0.0720887246
7 0.4048059150 0.6552680222 0.1109057301 0.0425138632
7 0.4029574861 0.6173752311 0.1146025878 0.0406654344
7 0.4103512015 0.6885397412 0.0961182994 0.0314232902
4 0.5961182994 0.6367837338 0.1534195933 0.0536044362
4 0.5914972274 0.6903881701 0.1663585952 0.0609981516
0 0.7467652495 0.6811460259 0.0887245841 0.0831792976
0 0.9149722736 0.7005545287 0.0665434381 0.0702402957
0 0.7994454713 0.6090573013 0.1608133087 0.0794824399
0 0.8299445471 0.6885397412 0.0850277264 0.0794824399
5 0.0055452865 0.7282809612 0.0110905730 0.0517560074
5 0.0083179298 0.7892791128 0.0166358595 0.0554528651
7 0.0674676525 0.7402957486 0.0609981516 0.1053604436
7 0.1682070240 0.7375231054 0.1441774492 0.1072088725
7 0.4306839187 0.7292051756 0.0480591497 0.0462107209
7 0.4112754159 0.7597042514 0.0831792976 0.0369685767
7 0.3373382625 0.7218114603 0.0499075786 0.0425138632
4 0.5674676525 0.7375231054 0.1959334566 0.0665434381
0 0.7421441774 0.7569316081 0.0942698706 0.0868761553
0 0.8170055453 0.7597042514 0.0776340111 0.0776340111
0 0.9621072089 0.8391866913 0.0757855823 0.1848428835
