3 0.1894197952 0.5443686007 0.1262798635 0.1672354949
1 0.7781569966 0.5196245734 0.2013651877 0.0972696246
1 0.9547781570 0.4931740614 0.0904436860 0.1194539249
3 0.2977815700 0.5631399317 0.1313993174 0.2252559727
1 0.4530716724 0.5972696246 0.2372013652 0.2150170648
1 0.6296928328 0.5810580205 0.0853242321 0.1791808874
1 0.7849829352 0.6023890785 0.1979522184 0.0921501706
1 0.9633105802 0.6092150171 0.0733788396 0.1092150171
1 0.2883959044 0.7030716724 0.1808873720 0.1604095563
1 0.7935153584 0.7491467577 0.1911262799 0.0853242321
1 0.7841296928 0.6749146758 0.1996587031 0.0904436860
1 0.9650170648 0.7184300341 0.0699658703 0.1058020478
1 0.4914675768 0.7866894198 0.2218430034 0.1979522184
1 0.7969283276 0.8267918089 0.1911262799 0.0904436860
1 0.9675767918 0.8122866894 0.0648464164 0.0955631399
1 0.5025597270 0.9334470990 0.2167235495 0.1331058020
1 0.6313993174 0.9283276451 0.0716723549 0.0989761092
1 0.7090443686 0.9129692833 0.0767918089 0.0887372014
3 0.8148464164 0.8882252560 0.1382252560 0.0836177474
3 0.8216723549 0.9453924915 0.1245733788 0.0819112628
1 0.9581911263 0.8993174061 0.0836177474 0.0887372014
1 0.7175767918 0.9769624573 0.0836177474 0.0460750853
3 0.7952218430 0.9889078498 0.0614334471 0.0221843003
3 0.8566552901 0.9820819113 0.0614334471 0.0358361775
1 0.9761092150 0.9709897611 0.0477815700 0.0580204778
