1 0.2516233766 0.2153679654 0.0638528139 0.0649350649
1 0.1850649351 0.2132034632 0.0670995671 0.0649350649
1 0.0627705628 0.2380952381 0.1255411255 0.1082251082
1 0.2537878788 0.2775974026 0.0660173160 0.0703463203
1 0.1877705628 0.2792207792 0.0681818182 0.0714285714
1 0.3414502165 0.2797619048 0.0660173160 0.0595238095
1 0.4080086580 0.2770562771 0.0627705628 0.0497835498
8 0.0622294372 0.3403679654 0.1244588745 0.0876623377
1 0.2548701299 0.3528138528 0.0660173160 0.0714285714
1 0.1866883117 0.3495670996 0.0681818182 0.0670995671
1 0.3425324675 0.3501082251 0.0638528139 0.0616883117
1 0.4074675325 0.3436147186 0.0681818182 0.0595238095
1 0.5156926407 0.3701298701 0.0638528139 0.0649350649
1 0.5817099567 0.3728354978 0.0660173160 0.0616883117
8 0.0616883117 0.4399350649 0.1233766234 0.0984848485
1 0.2554112554 0.4209956710 0.0670995671 0.0670995671
1 0.1845238095 0.4220779221 0.0703463203 0.0714285714
1 0.3463203463 0.4182900433 0.0670995671 0.0681818182
1 0.4139610390 0.4161255411 0.0725108225 0.0703463203
1 0.6645021645 0.3852813853 0.0367965368 0.0649350649
1 0.8841991342 0.4410173160 0.0757575758 0.1461038961
1 0.2581168831 0.4956709957 0.0703463203 0.0714285714
1 0.1877705628 0.4935064935 0.0725108225 0.0735930736
1 0.3517316017 0.4897186147 0.0692640693 0.0681818182
1 0.4204545455 0.4870129870 0.0725108225 0.0649350649
1 0.5183982684 0.4502164502 0.0649350649 0.0779220779
1 0.5849567100 0.4464285714 0.0681818182 0.0790043290
1 0.0595238095 0.5714285714 0.1190476190 0.0584415584
1 0.0606060606 0.5173160173 0.1212121212 0.0541125541
1 0.1839826840 0.5692640693 0.0779220779 0.0735930736
1 0.2581168831 0.5730519481 0.0725108225 0.0746753247
1 0.4253246753 0.5616883117 0.0757575758 0.0735930736
1 0.3538961039 0.5600649351 0.0692640693 0.0746753247
1 0.5254329004 0.5270562771 0.0681818182 0.0800865801
1 0.5925324675 0.5243506494 0.0660173160 0.0811688312
1 0.6888528139 0.5752164502 0.0790043290 0.0854978355
1 0.7683982684 0.5817099567 0.0692640693 0.0854978355
1 0.0595238095 0.6255411255 0.1190476190 0.0584415584
1 0.1823593074 0.6461038961 0.0790043290 0.0757575758
1 0.2575757576 0.6477272727 0.0714285714 0.0746753247
1 0.4291125541 0.6374458874 0.0768398268 0.0714285714
1 0.3582251082 0.6352813853 0.0714285714 0.0800865801
1 0.5205627706 0.6120129870 0.0800865801 0.0854978355
1 0.5990259740 0.6082251082 0.0790043290 0.0844155844
1 0.9107142857 0.5968614719 0.1071428571 0.1569264069
1 0.0589826840 0.6850649351 0.1179653680 0.0627705628
1 0.3593073593 0.7180735931 0.0757575758 0.0833333333
1 0.4339826840 0.7159090909 0.0757575758 0.0811688312
1 0.5367965368 0.6991341991 0.0714285714 0.0887445887
1 0.6114718615 0.6969696970 0.0779220779 0.0909090909
1 0.7007575758 0.6720779221 0.0919913420 0.0909090909
1 0.7835497835 0.6715367965 0.0800865801 0.0919913420
1 0.8744588745 0.6666666667 0.0844155844 0.0909090909
1 0.9475108225 0.6948051948 0.0725108225 0.0303030303
3 0.0649350649 0.7386363636 0.1017316017 0.0530303030
3 0.0367965368 0.7905844156 0.0541125541 0.0530303030
3 0.0876623377 0.7862554113 0.0497835498 0.0530303030
1 0.1785714286 0.7283549784 0.0757575758 0.0779220779
1 0.2554112554 0.7251082251 0.0779220779 0.0800865801
1 0.6179653680 0.7905844156 0.0779220779 0.0919913420
1 0.5384199134 0.7911255411 0.0833333333 0.0952380952
1 0.7072510823 0.7716450216 0.0790043290 0.0974025974
1 0.7911255411 0.7759740260 0.0865800866 0.1017316017
1 0.8582251082 0.7689393939 0.0627705628 0.0963203463
3 0.0335497835 0.8446969697 0.0541125541 0.0573593074
3 0.0838744589 0.8403679654 0.0530303030 0.0616883117
1 0.1764069264 0.8089826840 0.0800865801 0.0833333333
1 0.2554112554 0.8079004329 0.0779220779 0.0811688312
1 0.4383116883 0.8008658009 0.0800865801 0.0844155844
1 0.3625541126 0.8019480519 0.0779220779 0.0865800866
5 0.0589826840 0.9264069264 0.0833333333 0.0497835498
5 0.2494588745 0.9074675325 0.1006493506 0.0595238095
5 0.3674242424 0.9204545455 0.0768398268 0.0984848485
5 0.4399350649 0.9166666667 0.0725108225 0.0974025974
5 0.5519480519 0.9155844156 0.0779220779 0.0909090909
5 0.6293290043 0.9123376623 0.0660173160 0.0865800866
5 0.7873376623 0.9117965368 0.0811688312 0.1114718615
5 0.0070346320 0.9588744589 0.0140692641 0.0822510823
5 0.0589826840 0.9767316017 0.0833333333 0.0465367965
5 0.1709956710 0.9707792208 0.0584415584 0.0584415584
5 0.2272727273 0.9696969697 0.0497835498 0.0606060606
5 0.2775974026 0.9691558442 0.0422077922 0.0616883117
5 0.5579004329 0.9805194805 0.0681818182 0.0389610390
5 0.6325757576 0.9794372294 0.0725108225 0.0411255411
5 0.7142857143 0.9832251082 0.0800865801 0.0335497835
5 0.3636363636 0.9864718615 0.0779220779 0.0270562771
5 0.4404761905 0.9848484848 0.0757575758 0.0303030303
5 0.7851731602 0.9853896104 0.0638528139 0.0292207792
