0 0.0678617157 0.0640204866 0.0921895006 0.0588988476
0 0.0428937260 0.1216389245 0.0857874520 0.0742637644
0 0.1581306018 0.0691421255 0.1088348271 0.0614596671
7 0.3143405890 0.0800256082 0.1651728553 0.0857874520
7 0.4929577465 0.0902688860 0.1434058899 0.0934699104
1 0.6677336748 0.1049935980 0.1395646607 0.0435339309
1 0.7906530090 0.1165172855 0.0832266325 0.0537772087
1 0.8687580026 0.1190781050 0.0755441741 0.0486555698
0 0.1229193342 0.1318822023 0.1049935980 0.0691421255
7 0.4916773367 0.2029449424 0.1459667093 0.0678617157
1 0.6709346991 0.1882202305 0.1510883483 0.0460947503
1 0.6715749040 0.1478873239 0.1472471191 0.0473751601
1 0.8777208707 0.1741357234 0.0755441741 0.0512163892
1 0.7989756722 0.1690140845 0.0896286812 0.0512163892
7 0.9763124200 0.1517285531 0.0473751601 0.0345710627
0 0.0665813060 0.2682458387 0.1331626120 0.0832266325
0 0.2663252241 0.2247119078 0.1971830986 0.0806658131
1 0.4884763124 0.2804097311 0.1421254802 0.0896286812
1 0.6728553137 0.2285531370 0.1549295775 0.0473751601
1 0.6747759283 0.2733674776 0.1613316261 0.0576184379
1 0.8034571063 0.2387964149 0.0960307298 0.0627400768
1 0.8930857875 0.2355953905 0.0909090909 0.0742637644
7 0.9820742638 0.2202304738 0.0358514725 0.0153649168
1 0.9737516005 0.2861715749 0.0524967990 0.0550576184
0 0.0556978233 0.3450704225 0.1113956466 0.0781049936
0 0.2317541613 0.3373879641 0.2099871959 0.1088348271
1 0.6798975672 0.3271446863 0.1613316261 0.0499359795
1 0.8181818182 0.3149807939 0.1075544174 0.0870678617
1 0.9071702945 0.3175416133 0.0934699104 0.0921895006
1 0.9795134443 0.3322663252 0.0409731114 0.0550576184
0 0.0371318822 0.4302176697 0.0742637644 0.0921895006
1 0.4603072983 0.3937259923 0.1907810499 0.1395646607
1 0.6818181818 0.3796414853 0.1728553137 0.0601792574
1 0.8258642766 0.3956466069 0.1024327785 0.0845070423
1 0.9142125480 0.3975672215 0.0921895006 0.0781049936
1 0.9807938540 0.4058898848 0.0384122919 0.0896286812
0 0.0275288092 0.5185659411 0.0550576184 0.0845070423
0 0.1933418694 0.4590268886 0.2432778489 0.1574903969
1 0.4436619718 0.5339308579 0.2163892446 0.1638924456
1 0.6850192061 0.4539052497 0.1741357234 0.0678617157
1 0.6895006402 0.5243277849 0.1677336748 0.0806658131
1 0.8361075544 0.4795134443 0.1049935980 0.0857874520
1 0.9295774648 0.4807938540 0.0973111396 0.0883482714
1 0.9942381562 0.4916773367 0.0115236876 0.1024327785
1 0.6869398207 0.6005121639 0.1882202305 0.0717029449
1 0.8476312420 0.5697823303 0.0998719590 0.0947503201
1 0.9487836108 0.5710627401 0.1024327785 0.0998719590
0 0.1632522407 0.6209987196 0.2368758003 0.1203585147
1 0.6888604353 0.6792573624 0.1971830986 0.0806658131
1 0.9039692702 0.6933418694 0.1920614597 0.1472471191
0 0.1370038412 0.7451984635 0.2740076825 0.1434058899
1 0.4302176697 0.7067861716 0.2279129321 0.1869398207
1 0.6927016645 0.7554417414 0.1997439181 0.0870678617
