0 0.5742950108 0.0059652928 0.1312364425 0.0119305857
7 0.0276572668 0.0466377440 0.0553145336 0.0932754881
0 0.1713665944 0.0276572668 0.1648590022 0.0553145336
7 0.3915401302 0.0840563991 0.1388286334 0.1681127983
7 0.5721258134 0.0661605206 0.1182212581 0.1323210412
0 0.7315618221 0.0211496746 0.0921908894 0.0422993492
7 0.9864425163 0.0303687636 0.0271149675 0.0607375271
0 0.1708242950 0.0905639913 0.1616052061 0.0813449024
7 0.7228850325 0.0970715835 0.0921908894 0.1247288503
7 0.8638828633 0.1095444685 0.0878524946 0.0629067245
0 0.9853579176 0.0851409978 0.0292841649 0.0704989154
7 0.0032537961 0.1588937093 0.0065075922 0.1268980477
7 0.0303687636 0.1610629067 0.0477223427 0.1334056399
0 0.1719088937 0.1616052061 0.1594360087 0.0715835141
7 0.3904555315 0.1952277657 0.1388286334 0.0694143167
5 0.5694143167 0.1865509761 0.1214750542 0.1279826464
7 0.7180043384 0.2093275488 0.0997830803 0.1171366594
7 0.8590021692 0.1648590022 0.0867678959 0.0650759219
0 0.9826464208 0.1518438178 0.0347071584 0.0780911063
4 0.1691973970 0.2261388286 0.1605206074 0.0748373102
4 0.3817787419 0.2559652928 0.1279826464 0.0629067245
7 0.8438177874 0.2554229935 0.0932754881 0.0748373102
7 0.9750542299 0.2163774403 0.0498915401 0.0683297180
7 0.0086767896 0.2885032538 0.0173535792 0.1258134490
7 0.0341648590 0.2890455531 0.0574837310 0.1225596529
4 0.1719088937 0.2998915401 0.1594360087 0.0704989154
4 0.3806941432 0.3101952278 0.1279826464 0.0585683297
7 0.5656182213 0.2998915401 0.1182212581 0.1203904555
7 0.7104121475 0.3183297180 0.0954446855 0.1138828633
7 0.8356832972 0.3454446855 0.0813449024 0.1030368764
7 0.0325379610 0.3736442516 0.0650759219 0.0531453362
4 0.1708242950 0.3638828633 0.1550976139 0.0683297180
4 0.3790672451 0.3698481562 0.1290672451 0.0737527115
1 0.5553145336 0.4197396963 0.1127982646 0.1214750542
7 0.0319956616 0.4246203905 0.0639913232 0.0509761388
7 0.0325379610 0.4701735358 0.0650759219 0.0488069414
4 0.1719088937 0.4425162690 0.1572668113 0.0867678959
4 0.3763557484 0.4425162690 0.1279826464 0.0715835141
6 0.7033622560 0.4262472885 0.1030368764 0.1084598698
7 0.8297180043 0.4376355748 0.0824295011 0.0878524946
7 0.0325379610 0.5151843818 0.0650759219 0.0498915401
1 0.3774403471 0.5406724512 0.1258134490 0.1290672451
1 0.5526030369 0.5059652928 0.1160520607 0.0509761388
1 0.5471800434 0.5580260304 0.1160520607 0.0509761388
6 0.6670281996 0.5536876356 0.0412147505 0.1399132321
6 0.7049891540 0.5553145336 0.0585683297 0.1301518438
7 0.8221258134 0.5184381779 0.0715835141 0.0563991323
7 0.0325379610 0.6127982646 0.0650759219 0.0520607375
7 0.0325379610 0.5645336226 0.0650759219 0.0509761388
1 0.1816702820 0.5742950108 0.1377440347 0.0553145336
1 0.5439262473 0.6073752711 0.1138828633 0.0498915401
2 0.8248373102 0.6171366594 0.0748373102 0.1388286334
7 0.0341648590 0.6621475054 0.0683297180 0.0531453362
1 0.1795010846 0.6860086768 0.1290672451 0.0531453362
1 0.1795010846 0.6317787419 0.1312364425 0.0553145336
1 0.3747288503 0.6664859002 0.1268980477 0.1268980477
1 0.5406724512 0.6561822126 0.1138828633 0.0498915401
5 0.6827548807 0.6485900217 0.0835140998 0.0629067245
3 0.0347071584 0.7098698482 0.0694143167 0.0596529284
3 0.0336225597 0.7559652928 0.0672451193 0.0433839479
1 0.1800433839 0.7391540130 0.1301518438 0.0618221258
5 0.3785249458 0.7521691974 0.1127982646 0.0553145336
1 0.5477223427 0.7250542299 0.0954446855 0.0921908894
5 0.6784164859 0.7087852495 0.0813449024 0.0639913232
3 0.0103036876 0.8031453362 0.0206073753 0.0466377440
3 0.0482646421 0.8015184382 0.0466377440 0.0455531453
5 0.2060737527 0.8362255965 0.0867678959 0.0412147505
5 0.2001084599 0.7955531453 0.0943600868 0.0444685466
5 0.3752711497 0.8020607375 0.1127982646 0.0488069414
5 0.5374186551 0.7917570499 0.1073752711 0.0520607375
5 0.6762472885 0.7744034707 0.0813449024 0.0715835141
2 0.7912147505 0.8101952278 0.0574837310 0.1149674620
2 0.9376355748 0.7765726681 0.1073752711 0.1344902386
5 0.0509761388 0.8459869848 0.0455531453 0.0412147505
5 0.0140997831 0.8486984816 0.0281995662 0.0357917570
5 0.0357917570 0.8953362256 0.0715835141 0.0574837310
5 0.2055314534 0.8806941432 0.0878524946 0.0498915401
5 0.3725596529 0.8535791757 0.1182212581 0.0563991323
5 0.3714750542 0.9002169197 0.1160520607 0.0585683297
5 0.5357917570 0.8378524946 0.1084598698 0.0531453362
5 0.6740780911 0.8416485900 0.0856832972 0.0650759219
5 0.0368763557 0.9365509761 0.0737527115 0.0401301518
5 0.1860086768 0.9219088937 0.0401301518 0.0390455531
5 0.2277657267 0.9191973970 0.0390455531 0.0401301518
