6 0.3592830391 0.0179240235 0.0882825040 0.0358480471
6 0.4317817014 0.0125735688 0.0524344569 0.0251471375
1 0.9451578384 0.0184590690 0.0743713216 0.0369181380
1 0.9879614767 0.0184590690 0.0240770465 0.0369181380
8 0.1206527555 0.0781166399 0.0968432317 0.1562332798
8 0.2504012841 0.0743713216 0.0545746388 0.1487426431
6 0.3598180845 0.0770465490 0.0668806849 0.1005885500
6 0.4261637239 0.0719636169 0.0733012306 0.0968432317
6 0.5666131621 0.0323702515 0.1391118245 0.0647405029
6 0.7343499197 0.0334403424 0.0743713216 0.0668806849
1 0.9456928839 0.0837346174 0.0668806849 0.0947030498
1 0.3873729267 0.1522204387 0.1294810059 0.0679507758
6 0.5714285714 0.1736222579 0.1305510968 0.0850722311
6 0.5708935259 0.0995184591 0.1380417335 0.0845371857
1 0.7225789192 0.1722846442 0.0529695024 0.0749063670
1 0.7648475120 0.0939004815 0.1364365971 0.0840021402
1 0.9887640449 0.0858747994 0.0224719101 0.1021936865
1 0.1484751204 0.1952915998 0.1514178705 0.0695559123
1 0.3836276083 0.2164258962 0.1241305511 0.0626003210
1 0.5406634564 0.2600321027 0.0722311396 0.0909577314
1 0.6037988229 0.2573568753 0.0679507758 0.0920278224
1 0.7354200107 0.2474585340 0.0668806849 0.0743713216
1 0.8020331728 0.2471910112 0.0642054575 0.0813269128
1 0.9472980203 0.1789727127 0.0658105939 0.0947030498
1 0.9884965222 0.1829855538 0.0230069556 0.1016586410
1 0.1567683253 0.3368111289 0.1615837346 0.0668806849
1 0.1524879615 0.2696629213 0.1540930979 0.0727661851
1 0.3566078117 0.3426966292 0.0583199572 0.0829320492
1 0.4208132691 0.3370786517 0.0668806849 0.0823970037
1 0.3900481541 0.2744783307 0.1209202782 0.0599250936
1 0.5438737293 0.3464419476 0.0658105939 0.0914927769
1 0.6128945960 0.3542001070 0.0626003210 0.0888175495
1 0.7378277154 0.3218298555 0.0620652755 0.0743713216
1 0.8047084002 0.3228999465 0.0727661851 0.0743713216
1 0.9499732477 0.2720706260 0.0679507758 0.0989834136
1 0.9499732477 0.2731407170 0.0658105939 0.1032637774
1 0.9909042269 0.2758159444 0.0181915463 0.0850722311
1 0.1610486891 0.4044943820 0.1540930979 0.0674157303
1 0.3632958801 0.4216158373 0.0588550027 0.0813269128
1 0.4232209738 0.4141252006 0.0652755484 0.0770465490
1 0.5460139112 0.4440877475 0.0647405029 0.0941680043
1 0.6179775281 0.4422150883 0.0577849117 0.0882825040
1 0.8068485821 0.3986088818 0.0727661851 0.0749063670
1 0.7386302836 0.3975387908 0.0615302301 0.0749063670
1 0.9601391118 0.3713215623 0.0797217764 0.0909577314
1 0.1562332798 0.4967897271 0.1369716426 0.1182450508
1 0.3582129481 0.4951845907 0.0508293205 0.0722311396
1 0.4114499732 0.4901016586 0.0609951846 0.0759764580
1 0.5815944355 0.5339753879 0.1326912788 0.0866773676
1 0.8073836276 0.4686998395 0.0706260032 0.0727661851
1 0.7394328518 0.4705724987 0.0609951846 0.0722311396
1 0.9614767255 0.4539860888 0.0738362761 0.0786516854
5 0.9630818620 0.5382557517 0.0738362761 0.0438737293
1 0.9981273408 0.4563937935 0.0037453184 0.0834670947
7 0.1709470305 0.5949705725 0.1471375067 0.0695559123
7 0.3649010166 0.6313536651 0.0599250936 0.0749063670
1 0.3606206528 0.5634028892 0.0492241841 0.0706260032
1 0.4138576779 0.5607276619 0.0647405029 0.0706260032
7 0.5492241841 0.6126270733 0.0615302301 0.0759764580
7 0.6128945960 0.6139646870 0.0668806849 0.0775815944
1 0.7426431247 0.5465489567 0.0684858213 0.0807918673
1 0.7477260567 0.6292134831 0.0775815944 0.0856072766
1 0.8245050829 0.6286784377 0.0781166399 0.0856072766
1 0.8237025147 0.5473515249 0.0765115035 0.0727661851
5 0.9620117710 0.5815944355 0.0759764580 0.0428036383
5 0.9489031568 0.6252006421 0.0476190476 0.0486891386
7 0.1722846442 0.6658640984 0.1487426431 0.0647405029
7 0.3697164259 0.7006420546 0.0599250936 0.0754414125
7 0.4221508828 0.7054574639 0.0502942750 0.0668806849
7 0.4194756554 0.6332263242 0.0545746388 0.0733012306
7 0.4711075441 0.7078651685 0.0454788657 0.0749063670
7 0.5508293205 0.6910112360 0.0626003210 0.0775815944
7 0.4625468165 0.6340288925 0.0422685928 0.0727661851
7 0.6142322097 0.6931514179 0.0674157303 0.0797217764
7 0.7463884430 0.7148207598 0.0642054575 0.0909577314
7 0.8103263777 0.7145532370 0.0668806849 0.0872124131
7 0.8665061530 0.7177635099 0.0508293205 0.0829320492
5 0.9834135902 0.7231139647 0.0331728197 0.0369181380
5 0.9866238630 0.6680042804 0.0267522739 0.0304975923
5 0.9505082932 0.7105403959 0.0379882290 0.0417335474
5 0.9505082932 0.6704119850 0.0433386838 0.0449438202
7 0.1859283039 0.7273943285 0.1642589620 0.0647405029
7 0.1835205993 0.7910647405 0.1594435527 0.0679507758
7 0.3734617442 0.7758159444 0.0524344569 0.0834670947
7 0.4264312467 0.7827715356 0.0556447298 0.0738362761
7 0.4695024077 0.7875869449 0.0401284109 0.0749063670
7 0.6161048689 0.7744783307 0.0658105939 0.0807918673
7 0.5556447298 0.7723381487 0.0615302301 0.0818619583
7 0.7495987159 0.7977528090 0.0642054575 0.0888175495
7 0.8121990369 0.8014981273 0.0684858213 0.0898876404
7 0.8697164259 0.8020331728 0.0508293205 0.0845371857
7 0.9654895666 0.7635098983 0.0690208668 0.0481540931
7 0.9673622258 0.8079186731 0.0652755484 0.0449438202
7 0.2041198502 0.8729266988 0.2070626003 0.0711610487
7 0.4253611557 0.8598180845 0.0502942750 0.0716960942
7 0.3761369716 0.8539325843 0.0460139112 0.0727661851
7 0.4748528625 0.8726591760 0.0529695024 0.0770465490
7 0.5577849117 0.8512573569 0.0615302301 0.0770465490
7 0.6155698234 0.8550026752 0.0593900482 0.0802568218
7 0.7501337614 0.8846976993 0.0695559123 0.0882825040
7 0.8167469235 0.8865703585 0.0615302301 0.0920278224
7 0.8726591760 0.8929909042 0.0535045479 0.0866773676
7 0.9673622258 0.8475120385 0.0652755484 0.0535045479
3 0.9689673622 0.8951310861 0.0620652755 0.0545746388
7 0.2121455324 0.9523809524 0.2059925094 0.0834670947
7 0.3825575174 0.9499732477 0.0502942750 0.0733012306
7 0.4307116105 0.9502407705 0.0535045479 0.0738362761
7 0.6233279829 0.9379347245 0.0620652755 0.0845371857
7 0.5604601391 0.9293739968 0.0604601391 0.0845371857
7 0.8204922418 0.9654895666 0.0679507758 0.0690208668
7 0.7549491707 0.9636169074 0.0684858213 0.0727661851
3 0.9644194757 0.9804708400 0.0444087747 0.0390583200
3 0.9697699304 0.9419475655 0.0604601391 0.0572498662
3 0.9927768860 0.9828785447 0.0144462279 0.0342429106
