1 0.0745856354 0.0569060773 0.1491712707 0.1138121547
3 0.9911602210 0.0287292818 0.0176795580 0.0574585635
1 0.2348066298 0.0690607735 0.1823204420 0.1138121547
1 0.6436464088 0.0883977901 0.2066298343 0.0795580110
1 0.0745856354 0.1475138122 0.1491712707 0.0983425414
1 0.2320441989 0.1591160221 0.1723756906 0.0994475138
1 0.6331491713 0.1723756906 0.1966850829 0.0883977901
1 0.0745856354 0.2298342541 0.1491712707 0.0950276243
1 0.2287292818 0.2353591160 0.1679558011 0.0883977901
1 0.4160220994 0.2651933702 0.0629834254 0.0640883978
1 0.6116022099 0.2541436464 0.1911602210 0.0795580110
1 0.0740331492 0.3022099448 0.1480662983 0.0806629834
1 0.2259668508 0.3110497238 0.1602209945 0.0828729282
1 0.4287292818 0.3397790055 0.0685082873 0.0651933702
1 0.5801104972 0.3171270718 0.2011049724 0.0618784530
2 0.9243093923 0.2790055249 0.1513812155 0.1580110497
1 0.0740331492 0.3734806630 0.1480662983 0.0729281768
1 0.2232044199 0.3806629834 0.1546961326 0.0696132597
1 0.5779005525 0.3745856354 0.1635359116 0.0662983425
2 0.7696132597 0.3817679558 0.1403314917 0.1535911602
2 0.8933701657 0.4138121547 0.2132596685 0.1491712707
1 0.0745856354 0.4359116022 0.1491712707 0.0607734807
1 0.2198895028 0.4392265193 0.1502762431 0.0674033149
1 0.5607734807 0.4287292818 0.1646408840 0.0685082873
1 0.0773480663 0.5436464088 0.1392265193 0.0375690608
1 0.0729281768 0.5071823204 0.1458563536 0.0397790055
1 0.2127071823 0.5480662983 0.1314917127 0.0397790055
1 0.2138121547 0.5138121547 0.1337016575 0.0419889503
1 0.4624309392 0.5193370166 0.0718232044 0.0397790055
1 0.5850828729 0.5392265193 0.0850828729 0.0751381215
1 0.8453038674 0.5486187845 0.1502762431 0.0740331492
1 0.0823204420 0.6232044199 0.1270718232 0.0375690608
1 0.0812154696 0.5828729282 0.1337016575 0.0497237569
1 0.2066298343 0.6281767956 0.1215469613 0.0408839779
1 0.2088397790 0.5895027624 0.1281767956 0.0430939227
1 0.4629834254 0.5917127072 0.0662983425 0.0519337017
1 0.5624309392 0.5988950276 0.0861878453 0.0486187845
1 0.8138121547 0.6143646409 0.1116022099 0.0574585635
1 0.0839779006 0.6944751381 0.1215469613 0.0408839779
1 0.0850828729 0.6535911602 0.1215469613 0.0298342541
1 0.2027624309 0.6988950276 0.1226519337 0.0386740331
1 0.2055248619 0.6640883978 0.1237569061 0.0331491713
1 0.4535911602 0.6370165746 0.0629834254 0.0430939227
1 0.4403314917 0.6801104972 0.0629834254 0.0519337017
1 0.5502762431 0.6535911602 0.0817679558 0.0607734807
1 0.7834254144 0.6662983425 0.1215469613 0.0530386740
1 0.0060773481 0.7679558011 0.0121546961 0.0950276243
1 0.5353591160 0.7044198895 0.0696132597 0.0475138122
1 0.5182320442 0.7508287293 0.0729281768 0.0475138122
1 0.7662983425 0.7193370166 0.1093922652 0.0552486188
1 0.0895027624 0.7828729282 0.1149171271 0.0165745856
1 0.0933701657 0.8320441989 0.1138121547 0.0287292818
1 0.0889502762 0.8016574586 0.1138121547 0.0342541436
1 0.1983425414 0.8292817680 0.0961325967 0.0298342541
1 0.2016574586 0.8000000000 0.1071823204 0.0287292818
1 0.2011049724 0.7801104972 0.1127071823 0.0110497238
1 0.4204419890 0.8243093923 0.0629834254 0.0375690608
1 0.4850828729 0.8397790055 0.0662983425 0.0419889503
1 0.4950276243 0.7950276243 0.0795580110 0.0497237569
1 0.4270718232 0.7872928177 0.0762430939 0.0364640884
1 0.6552486188 0.8022099448 0.0707182320 0.0486187845
1 0.6922651934 0.8414364641 0.0497237569 0.0408839779
1 0.6331491713 0.8419889503 0.0685082873 0.0397790055
1 0.7121546961 0.7961325967 0.0519337017 0.0497237569
1 0.7408839779 0.8419889503 0.0585635359 0.0441988950
1 0.7591160221 0.7977900552 0.0640883978 0.0486187845
1 0.0116022099 0.8558011050 0.0232044199 0.0872928177
1 0.0977900552 0.8580110497 0.1049723757 0.0276243094
1 0.0955801105 0.8845303867 0.1027624309 0.0254143646
1 0.1972375691 0.8558011050 0.0939226519 0.0276243094
1 0.1955801105 0.8883977901 0.0950276243 0.0353591160
1 0.4127071823 0.8613259669 0.0629834254 0.0497237569
1 0.4723756906 0.8790055249 0.0585635359 0.0475138122
1 0.6762430939 0.8867403315 0.0530386740 0.0563535912
1 0.6176795580 0.8883977901 0.0707182320 0.0552486188
1 0.7187845304 0.8883977901 0.0718232044 0.0508287293
1 0.1928176796 0.9204419890 0.0983425414 0.0375690608
1 0.4033149171 0.9143646409 0.0662983425 0.0453038674
1 0.4607734807 0.9287292818 0.0618784530 0.0563535912
1 0.5955801105 0.9337016575 0.0640883978 0.0397790055
1 0.6939226519 0.9320441989 0.0662983425 0.0430939227
1 0.6486187845 0.9331491713 0.0685082873 0.0430939227
