5 0.0405561993 0.0289687138 0.0811123986 0.0579374276
6 0.2647740440 0.0136152955 0.1483198146 0.0272305910
0 0.4571263036 0.0124565469 0.0880648899 0.0249130939
0 0.5298377752 0.0139049826 0.0712630359 0.0278099652
7 0.6807647740 0.0118771727 0.0973348783 0.0237543453
7 0.8128621089 0.0060834299 0.1332560834 0.0121668598
6 0.2636152955 0.0617033604 0.1483198146 0.0735805330
7 0.4950753187 0.0561993048 0.1373117034 0.0683661645
7 0.6769988413 0.0460602549 0.0944380070 0.0793742758
7 0.8067786790 0.1071842410 0.1326767092 0.0706836616
7 0.8105446118 0.0393974508 0.1320973349 0.0706836616
4 0.0408458864 0.1819235226 0.0816917729 0.0730011587
4 0.2679606025 0.1303592121 0.1373117034 0.0730011587
4 0.2610081112 0.2048088065 0.1512166860 0.0840092700
7 0.4944959444 0.1222479722 0.1338354577 0.0695249131
7 0.4927578216 0.1885863268 0.1280417149 0.0666280417
7 0.6738122827 0.1755504056 0.0973348783 0.0683661645
7 0.6749710313 0.1086326767 0.0950173812 0.0735805330
7 0.8038818076 0.1735225956 0.1280417149 0.0724217845
4 0.0405561993 0.2500000000 0.0811123986 0.0770567787
4 0.2575318656 0.2775202781 0.1407879490 0.0625724218
7 0.4924681344 0.2517381228 0.1320973349 0.0689455388
7 0.6717844728 0.2407300116 0.0955967555 0.0724217845
7 0.6700463499 0.3030127462 0.0909617613 0.0787949015
7 0.8009849363 0.3018539977 0.1234067207 0.0718424102
7 0.8009849363 0.2369640788 0.1268829664 0.0706836616
4 0.0399768250 0.3896292005 0.0799536501 0.0608342990
4 0.0411355736 0.3206836616 0.0822711472 0.0735805330
4 0.2610081112 0.3476245655 0.1465816918 0.0926998841
7 0.4878331402 0.3774623407 0.1332560834 0.0701042874
7 0.4878331402 0.3154692932 0.1309385863 0.0666280417
1 0.7989571263 0.3655851680 0.1205098494 0.0706836616
7 0.0399768250 0.4571263036 0.0799536501 0.0822711472
1 0.2728852839 0.4507531866 0.1123986095 0.1239860950
7 0.4860950174 0.4382966396 0.1309385863 0.0735805330
1 0.4860950174 0.5028968714 0.1263035921 0.0753186559
1 0.7966396292 0.4275782155 0.1181923523 0.0730011587
1 0.7949015064 0.4889918888 0.1193511008 0.0753186559
7 0.0385283893 0.5338933951 0.0770567787 0.0828505214
1 0.2575318656 0.5460602549 0.1407879490 0.0816917729
1 0.4855156431 0.5666280417 0.1216685979 0.0730011587
1 0.7896871379 0.5524333720 0.1251448436 0.0712630359
7 0.0402665122 0.6407879490 0.0805330243 0.1599073001
1 0.2578215527 0.6097914253 0.1425260718 0.0805330243
1 0.2563731170 0.6729432213 0.1419466976 0.0840092700
1 0.4855156431 0.6914831981 0.1216685979 0.0816917729
1 0.4849362688 0.6297798378 0.1181923523 0.0811123986
1 0.7737543453 0.6755504056 0.1129779838 0.0730011587
1 0.7876593279 0.6144264195 0.1187717265 0.0782155272
0 0.0379490151 0.7566628042 0.0758980301 0.1054461182
1 0.2566628042 0.7360950174 0.1413673233 0.0898030127
1 0.2572421784 0.7977983778 0.1425260718 0.0926998841
1 0.4837775203 0.7549246813 0.1309385863 0.0822711472
1 0.7725955968 0.7326187717 0.1129779838 0.0747392816
0 0.0399768250 0.8334298957 0.0799536501 0.1071842410
1 0.4849362688 0.8586326767 0.1309385863 0.1622247972
1 0.7714368482 0.8360370800 0.1118192352 0.1529548088
0 0.0396871379 0.9287369641 0.0793742758 0.1425260718
1 0.2528968714 0.9133835458 0.1407879490 0.1732329085
