5 0.0139968896 0.1407465008 0.0279937792 0.0388802488
5 0.0116640747 0.0979782271 0.0233281493 0.0466562986
1 0.3304821151 0.1601866252 0.1850699844 0.1897356143
1 0.5062208398 0.1516329705 0.1944012442 0.2006220840
1 0.6415241058 0.1415241058 0.0948678072 0.2083981337
1 0.7325038880 0.1329704510 0.1026438569 0.2130637636
1 0.8227060653 0.1220839813 0.0995334370 0.2192846034
1 0.9284603421 0.1104199067 0.1119751166 0.2208398134
5 0.0155520995 0.1804043546 0.0311041991 0.0435458787
1 0.6399688958 0.3623639191 0.1228615863 0.1057542768
1 0.7636080871 0.3794712286 0.1337480560 0.1057542768
3 0.8670295490 0.3491446345 0.0762052877 0.0699844479
3 0.9020217729 0.4222395023 0.1586314152 0.0824261275
3 0.9463452566 0.3444790047 0.0855365474 0.0730948678
1 0.3172628305 0.4409020218 0.0622083981 0.1726283048
1 0.4471228616 0.4447900467 0.0824261275 0.1741835148
1 0.3740279938 0.4432348367 0.0824261275 0.1710730949
1 0.5279937792 0.4440124417 0.0948678072 0.1788491446
1 0.6283048212 0.4805598756 0.1244167963 0.1088646967
1 0.7620528771 0.4867807154 0.1275272162 0.0995334370
3 0.9012441680 0.4937791602 0.1570762053 0.0793157076
1 0.4626749611 0.5878693624 0.0948678072 0.0808709176
1 0.5660964230 0.5995334370 0.1181959565 0.0979782271
1 0.6695178849 0.6096423017 0.0917573872 0.0715396579
1 0.7783825816 0.6251944012 0.1353032659 0.0995334370
1 0.9121306376 0.6555209953 0.1259720062 0.0482115086
1 0.4339035770 0.7363919129 0.0902021773 0.1104199067
1 0.5373250389 0.7418351477 0.1166407465 0.1150855365
1 0.6632970451 0.7480559876 0.1321928460 0.1181959565
1 0.7830482115 0.7480559876 0.1135303266 0.1213063764
1 0.4409020218 0.9230171073 0.0979782271 0.1041990669
1 0.4440124417 0.9743390358 0.1041990669 0.0513219285
1 0.5466562986 0.9362363919 0.1166407465 0.1275272162
1 0.6555209953 0.9440124417 0.1104199067 0.1119751166
1 0.7822706065 0.9424572317 0.1337480560 0.1150855365
1 0.9191290824 0.9556765163 0.1524105754 0.0886469673
1 0.9183514774 0.5894245723 0.1197511664 0.0839813375
