7 0.0873907615 0.1498127341 0.1722846442 0.0724094881
3 0.2459425718 0.1466916355 0.1622971286 0.0761548065
3 0.2521847690 0.2209737828 0.1573033708 0.0749063670
7 0.3782771536 0.1679151061 0.1373283396 0.1860174782
7 0.5056179775 0.1385767790 0.1298377029 0.2397003745
0 0.6179775281 0.1491885144 0.1098626717 0.2234706617
0 0.7365792759 0.1404494382 0.1198501873 0.2434456929
0 0.8601747815 0.1367041199 0.1373283396 0.2434456929
0 0.9600499376 0.1510611735 0.0799001248 0.2222222222
7 0.0942571785 0.2215980025 0.1710362047 0.0736579276
1 0.1716604245 0.3395755306 0.1460674157 0.1223470662
7 0.3196004994 0.3995006242 0.1523096130 0.2172284644
7 0.4694132335 0.3526841448 0.1622971286 0.1036204744
7 0.6242197253 0.3689138577 0.1448189763 0.1136079900
7 0.7659176030 0.3764044944 0.1360799001 0.1036204744
7 0.8970037453 0.3938826467 0.1011235955 0.2209737828
7 0.9725343321 0.3951310861 0.0549313358 0.2184769039
1 0.1878901373 0.4513108614 0.1460674157 0.1061173533
7 0.4694132335 0.4550561798 0.1647940075 0.0936329588
7 0.6235955056 0.4644194757 0.1310861423 0.0898876404
7 0.7546816479 0.4662921348 0.1310861423 0.0861423221
6 0.1448189763 0.6123595506 0.1223470662 0.2009987516
6 0.5605493134 0.6454431960 0.2347066167 0.1473158552
6 0.7977528090 0.6473158552 0.2446941323 0.1460674157
6 0.3164794007 0.6473158552 0.2484394507 0.1485642946
1 0.9569288390 0.6641697878 0.0861423221 0.1073657928
1 0.2240948814 0.8277153558 0.1186017478 0.1897627965
1 0.3564294632 0.7740324594 0.1011235955 0.0923845194
1 0.4588014981 0.7702871411 0.1011235955 0.0873907615
1 0.5617977528 0.7721598002 0.0998751561 0.0836454432
1 0.6616729089 0.7715355805 0.1023720350 0.0823970037
1 0.7702871411 0.7765293383 0.1098626717 0.0799001248
1 0.8826466916 0.7802746567 0.1048689139 0.0948813983
1 0.9712858926 0.7790262172 0.0574282147 0.0898876404
1 0.3108614232 0.9706616729 0.1098626717 0.0586766542
1 0.4132334582 0.9681647940 0.0998751561 0.0636704120
1 0.6335830212 0.9706616729 0.1161048689 0.0586766542
1 0.7540574282 0.9681647940 0.1198501873 0.0636704120
1 0.8732833958 0.9694132335 0.1186017478 0.0611735331
1 0.9625468165 0.9700374532 0.0749063670 0.0599250936
1 0.5193508115 0.9769038702 0.1148564295 0.0461922597
