1 0.0081081081 0.1935135135 0.0162162162 0.1124324324
1 0.1378378378 0.2064864865 0.1286486486 0.1059459459
1 0.2594594595 0.1945945946 0.0605405405 0.0583783784
1 0.3145945946 0.2016216216 0.0540540541 0.0594594595
1 0.2583783784 0.2567567568 0.0583783784 0.0681081081
1 0.3881081081 0.2648648649 0.0562162162 0.0583783784
1 0.3156756757 0.2583783784 0.0562162162 0.0670270270
1 0.4416216216 0.2648648649 0.0421621622 0.0454054054
1 0.0043243243 0.3037837838 0.0086486486 0.1059459459
8 0.1297297297 0.2956756757 0.1405405405 0.0875675676
1 0.2567567568 0.3183783784 0.0572972973 0.0659459459
1 0.3124324324 0.3243243243 0.0562162162 0.0670270270
1 0.3913513514 0.3200000000 0.0540540541 0.0627027027
1 0.4448648649 0.3264864865 0.0508108108 0.0605405405
1 0.0027027027 0.4124324324 0.0054054054 0.1178378378
8 0.1345945946 0.3848648649 0.1221621622 0.0756756757
1 0.2529729730 0.3794594595 0.0605405405 0.0583783784
1 0.3102702703 0.3827027027 0.0583783784 0.0605405405
1 0.4378378378 0.3854054054 0.0605405405 0.0572972973
1 0.5767567568 0.3686486486 0.0464864865 0.0367567568
1 0.5254054054 0.3664864865 0.0497297297 0.0432432432
1 0.1416216216 0.4600000000 0.1102702703 0.0464864865
1 0.2508108108 0.4383783784 0.0648648649 0.0594594595
1 0.3854054054 0.4421621622 0.0594594595 0.0583783784
1 0.3097297297 0.4432432432 0.0572972973 0.0605405405
1 0.4432432432 0.4443243243 0.0540540541 0.0518918919
1 0.5745945946 0.4205405405 0.0508108108 0.0648648649
1 0.5221621622 0.4205405405 0.0540540541 0.0648648649
1 0.5756756757 0.4821621622 0.0486486486 0.0648648649
1 0.5237837838 0.4827027027 0.0529729730 0.0616216216
1 0.1378378378 0.5043243243 0.1113513514 0.0486486486
1 0.1351351351 0.5497297297 0.1145945946 0.0464864865
1 0.2464864865 0.4994594595 0.0670270270 0.0648648649
1 0.3859459459 0.5010810811 0.0583783784 0.0616216216
1 0.3091891892 0.5059459459 0.0583783784 0.0627027027
1 0.4437837838 0.5043243243 0.0551351351 0.0616216216
1 0.5129729730 0.5481081081 0.0594594595 0.0670270270
1 0.5708108108 0.5491891892 0.0562162162 0.0648648649
1 0.6362162162 0.5275675676 0.0551351351 0.0627027027
1 0.1335135135 0.5956756757 0.1113513514 0.0475675676
1 0.2437837838 0.5654054054 0.0637837838 0.0627027027
1 0.3848648649 0.5627027027 0.0583783784 0.0594594595
1 0.3059459459 0.5670270270 0.0583783784 0.0616216216
1 0.3837837838 0.6248648649 0.0583783784 0.0627027027
1 0.4421621622 0.5643243243 0.0562162162 0.0605405405
1 0.5210810811 0.6151351351 0.0540540541 0.0670270270
1 0.5740540541 0.6151351351 0.0540540541 0.0691891892
1 0.6405405405 0.5989189189 0.0616216216 0.0627027027
3 0.1643243243 0.6691891892 0.0410810811 0.0410810811
3 0.1448648649 0.6318918919 0.0821621622 0.0378378378
3 0.1237837838 0.6708108108 0.0421621622 0.0400000000
1 0.2378378378 0.6291891892 0.0648648649 0.0648648649
1 0.3010810811 0.6275675676 0.0659459459 0.0616216216
1 0.2978378378 0.6897297297 0.0681081081 0.0627027027
1 0.3821621622 0.6886486486 0.0594594595 0.0648648649
1 0.4400000000 0.6886486486 0.0583783784 0.0648648649
1 0.4416216216 0.6259459459 0.0572972973 0.0605405405
1 0.5713513514 0.6837837838 0.0551351351 0.0659459459
1 0.5135135135 0.6843243243 0.0583783784 0.0670270270
1 0.6372972973 0.6702702703 0.0572972973 0.0670270270
1 0.6972972973 0.6794594595 0.0518918919 0.0551351351
1 0.8362162162 0.6854054054 0.0335135135 0.0583783784
3 0.1616216216 0.7108108108 0.0443243243 0.0443243243
3 0.1210810811 0.7118918919 0.0432432432 0.0443243243
5 0.0881081081 0.7983783784 0.0356756757 0.0637837838
5 0.1389189189 0.8151351351 0.0681081081 0.0389189189
5 0.1421621622 0.7767567568 0.0724324324 0.0400000000
5 0.2708108108 0.8200000000 0.0400000000 0.0637837838
5 0.2848648649 0.7648648649 0.0810810811 0.0421621622
5 0.2275675676 0.8205405405 0.0443243243 0.0648648649
5 0.3783783784 0.7767567568 0.0627027027 0.0745945946
5 0.4345945946 0.7767567568 0.0562162162 0.0702702703
5 0.5221621622 0.7729729730 0.0454054054 0.0648648649
5 0.5718918919 0.7713513514 0.0518918919 0.0637837838
5 0.6810810811 0.7789189189 0.0324324324 0.0745945946
5 0.7859459459 0.7751351351 0.1016216216 0.0735135135
5 0.9005405405 0.7740540541 0.0908108108 0.0713513514
5 0.9540540541 0.7735135135 0.0183783784 0.0724324324
5 0.1167567568 0.8729729730 0.0410810811 0.0745945946
5 0.0778378378 0.8751351351 0.0410810811 0.0745945946
5 0.1556756757 0.8691891892 0.0389189189 0.0735135135
5 0.2789189189 0.8783783784 0.0345945946 0.0551351351
5 0.2324324324 0.8816216216 0.0562162162 0.0551351351
5 0.3767567568 0.8497297297 0.0594594595 0.0756756757
5 0.4324324324 0.8475675676 0.0540540541 0.0735135135
5 0.5167567568 0.8394594595 0.0497297297 0.0681081081
5 0.5681081081 0.8378378378 0.0508108108 0.0648648649
5 0.6356756757 0.8545945946 0.0540540541 0.0789189189
5 0.6810810811 0.8567567568 0.0389189189 0.0767567568
5 0.7891891892 0.8551351351 0.1037837838 0.0821621622
5 0.9048648649 0.8475675676 0.0929729730 0.0756756757
5 0.9556756757 0.8443243243 0.0216216216 0.0735135135
5 0.1124324324 0.9535135135 0.0432432432 0.0864864865
5 0.0740540541 0.9545945946 0.0443243243 0.0864864865
5 0.1524324324 0.9491891892 0.0410810811 0.0864864865
5 0.2297297297 0.9383783784 0.0529729730 0.0583783784
5 0.2767567568 0.9367567568 0.0367567568 0.0594594595
5 0.4318918919 0.9178378378 0.0529729730 0.0670270270
5 0.5113513514 0.9686486486 0.0497297297 0.0627027027
5 0.5578378378 0.9064864865 0.0367567568 0.0681081081
5 0.5108108108 0.9037837838 0.0486486486 0.0627027027
5 0.6372972973 0.9416216216 0.0572972973 0.0864864865
5 0.6827027027 0.9372972973 0.0378378378 0.0821621622
5 0.7929729730 0.9378378378 0.1091891892 0.0854054054
5 0.9108108108 0.9259459459 0.0983783784 0.0767567568
5 0.9800000000 0.9227027027 0.0335135135 0.0767567568
5 0.3778378378 0.9729729730 0.0551351351 0.0540540541
5 0.4318918919 0.9751351351 0.0529729730 0.0497297297
5 0.5572972973 0.9691891892 0.0356756757 0.0616216216
5 0.9140540541 0.9832432432 0.0983783784 0.0335135135
5 0.9816216216 0.9816216216 0.0367567568 0.0367567568
