5 0.0463973799 0.0840611354 0.0927947598 0.1157205240
5 0.1495633188 0.0283842795 0.1244541485 0.0567685590
6 0.2620087336 0.0343886463 0.0917030568 0.0687772926
6 0.3526200873 0.0387554585 0.0917030568 0.0775109170
5 0.1473799127 0.0922489083 0.1288209607 0.1102620087
6 0.2647379913 0.1091703057 0.0906113537 0.0960698690
6 0.3542576419 0.1189956332 0.0906113537 0.0982532751
6 0.4426855895 0.1233624454 0.0862445415 0.1113537118
1 0.5267467249 0.1386462882 0.0840611354 0.0982532751
1 0.6042576419 0.1501091703 0.0753275109 0.0906113537
1 0.6812227074 0.1621179039 0.0829694323 0.0906113537
5 0.2194323144 0.2379912664 0.1375545852 0.1091703057
5 0.0283842795 0.3094978166 0.0567685590 0.0949781659
5 0.1058951965 0.3149563319 0.1091703057 0.0906113537
5 0.2270742358 0.3209606987 0.1244541485 0.0873362445
6 0.3296943231 0.2805676856 0.0829694323 0.1724890830
6 0.4088427948 0.2860262009 0.0818777293 0.1681222707
1 0.4950873362 0.3373362445 0.0840611354 0.0873362445
1 0.5829694323 0.3395196507 0.0786026201 0.0829694323
1 0.6582969432 0.3433406114 0.0742358079 0.0862445415
5 0.0425764192 0.4765283843 0.0851528384 0.1561135371
5 0.1282751092 0.4776200873 0.1146288210 0.1495633188
5 0.2390829694 0.4737991266 0.1266375546 0.1506550218
1 0.3575327511 0.5049126638 0.1037117904 0.0862445415
1 0.4557860262 0.5027292576 0.0949781659 0.0840611354
1 0.5436681223 0.5027292576 0.0786026201 0.0796943231
1 0.6211790393 0.5043668122 0.0742358079 0.0764192140
6 0.0049126638 0.6364628821 0.0098253275 0.0786026201
1 0.2609170306 0.6348253275 0.1113537118 0.0884279476
1 0.3657205240 0.6331877729 0.1048034934 0.0829694323
1 0.4552401747 0.6277292576 0.0851528384 0.0764192140
1 0.5403930131 0.6260917031 0.0786026201 0.0622270742
1 0.6179039301 0.6250000000 0.0742358079 0.0622270742
6 0.0081877729 0.7145196507 0.0163755459 0.0971615721
5 0.0573144105 0.6850436681 0.1102620087 0.1473799127
5 0.1533842795 0.6790393013 0.1189956332 0.1462882096
1 0.2641921397 0.7057860262 0.1091703057 0.0709606987
1 0.3640829694 0.7008733624 0.0993449782 0.0633187773
1 0.4503275109 0.6937772926 0.0840611354 0.0644104803
1 0.5360262009 0.6850436681 0.0786026201 0.0644104803
1 0.6058951965 0.6823144105 0.0698689956 0.0567685590
7 0.3056768559 0.8329694323 0.0786026201 0.0873362445
7 0.3760917031 0.8253275109 0.0687772926 0.0764192140
1 0.4454148472 0.8149563319 0.0764192140 0.0993449782
1 0.5152838428 0.8040393013 0.0676855895 0.0884279476
1 0.5867903930 0.7974890830 0.0840611354 0.0906113537
6 0.0338427948 0.8608078603 0.0676855895 0.0949781659
6 0.1282751092 0.8422489083 0.1255458515 0.1015283843
7 0.2292576419 0.8384279476 0.0807860262 0.0938864629
1 0.5840611354 0.9208515284 0.0807860262 0.0906113537
7 0.0633187773 0.9808951965 0.0917030568 0.0382096070
7 0.1490174672 0.9918122271 0.0796943231 0.0163755459
7 0.2298034934 0.9808951965 0.0687772926 0.0382096070
7 0.3002183406 0.9639737991 0.0545851528 0.0720524017
1 0.3689956332 0.9541484716 0.0720524017 0.0851528384
1 0.4366812227 0.9459606987 0.0676855895 0.0840611354
1 0.5092794760 0.9328602620 0.0796943231 0.0840611354
7 0.0103711790 0.9956331878 0.0207423581 0.0087336245
