1 0.1398562742 0.0367606412 0.1127694859 0.0735212825
1 0.1393034826 0.0074626866 0.1160862355 0.0149253731
1 0.3579325594 0.0168601437 0.1354339414 0.0337202875
1 0.3565505804 0.0538971808 0.1359867330 0.0768380321
7 0.6077943615 0.0503040354 0.1641791045 0.1006080708
7 0.8969043671 0.0334438917 0.1807628524 0.0668877833
1 0.1393034826 0.0950801548 0.1160862355 0.0696517413
1 0.3568269762 0.1147042565 0.1343283582 0.0779436153
7 0.6069651741 0.1263128800 0.1558872305 0.0790491985
7 0.8991155334 0.0992260918 0.1785516860 0.0923161968
7 0.1387506910 0.2175234936 0.1249309011 0.0702045329
1 0.1387506910 0.1558872305 0.1205085683 0.0718629077
1 0.3421779989 0.2056384743 0.1072415699 0.1182974019
7 0.6064123825 0.1995577667 0.1603095633 0.0784964069
4 0.9032614704 0.1779988944 0.1934770591 0.0917634052
7 0.1370923162 0.3347153123 0.1249309011 0.0635710337
7 0.1370923162 0.2755666114 0.1271420674 0.0668877833
4 0.3535102266 0.3043117745 0.1398562742 0.0889994472
4 0.6083471531 0.2639579878 0.1641791045 0.0580431177
4 0.6097291321 0.3297401879 0.1713653952 0.0702045329
4 0.9063018242 0.2551133223 0.1873963516 0.0901050304
7 0.0033167496 0.3466003317 0.0066334992 0.0751796573
7 0.0035931454 0.4060254284 0.0071862908 0.0690989497
7 0.1326699834 0.3955223881 0.1260364842 0.0657822001
4 0.3568269762 0.3709231620 0.1343283582 0.0597014925
4 0.6086235489 0.3971807629 0.1669430625 0.0735212825
5 0.9029850746 0.3466003317 0.1807628524 0.1094527363
7 0.0030403538 0.4682144831 0.0060807076 0.0652294085
7 0.0019347706 0.5320619127 0.0038695412 0.0702045329
7 0.1307352128 0.5190713101 0.1276948590 0.0663349917
7 0.1323935876 0.4557766722 0.1221669431 0.0635710337
4 0.3468767275 0.5113322278 0.1310116086 0.0696517413
4 0.3535102266 0.4402985075 0.1442786070 0.0801547816
4 0.6088999447 0.4621337756 0.1686014373 0.0696517413
5 0.9057490326 0.4491431730 0.1829740188 0.1111111111
7 0.1301824212 0.5820895522 0.1310116086 0.0652294085
6 0.3510226645 0.5768380321 0.1415146490 0.0702045329
0 0.0970149254 0.6572692095 0.0679933665 0.0961857380
0 0.1663902709 0.6603095633 0.0840243228 0.0967385296
6 0.3499170813 0.6453841902 0.1415146490 0.0713101161
6 0.3479823107 0.7155887231 0.1431730238 0.0679933665
5 0.6113875069 0.6296296296 0.1724709784 0.0983969044
0 0.8634604754 0.6506357103 0.1006080708 0.1039248203
0 0.9557766722 0.6550580431 0.0884466556 0.1061359867
0 0.0892758430 0.7515201769 0.0613598673 0.1022664456
0 0.1542288557 0.7556661139 0.0796019900 0.1006080708
0 0.3175787728 0.7996130459 0.0768380321 0.1044776119
0 0.6487009397 0.7271973466 0.1177446103 0.1155334439
0 0.8703703704 0.7548369265 0.1077943615 0.1111111111
0 0.9604754008 0.7567716971 0.0790491985 0.1072415699
0 0.1337755666 0.8532338308 0.1381978994 0.1122166943
0 0.3126036484 0.9093421780 0.0746268657 0.1182974019
0 0.6188501935 0.8294637922 0.1785516860 0.1144278607
0 0.8736871200 0.8618021006 0.1077943615 0.1083471531
0 0.9613045882 0.8629076838 0.0773908237 0.1127694859
0 0.1296296296 0.9502487562 0.1453841902 0.0995024876
0 0.6188501935 0.9267551133 0.1708126036 0.1210613599
0 0.9596462134 0.9588170260 0.0807075732 0.0823659480
0 0.3103924820 0.9839690437 0.0790491985 0.0320619127
0 0.6263128800 0.9814814815 0.1945826423 0.0370370370
