1 0.1363636364 0.0381231672 0.1495601173 0.0762463343
1 0.4255865103 0.0117302053 0.1796187683 0.0234604106
1 0.4237536657 0.0505865103 0.1803519062 0.1011730205
7 0.7569648094 0.0560850440 0.2177419355 0.1121700880
1 0.1356304985 0.1048387097 0.1539589443 0.0923753666
1 0.4241202346 0.1308651026 0.1781524927 0.1033724340
7 0.7558651026 0.1462609971 0.2067448680 0.1048387097
7 0.1348973607 0.2672287390 0.1656891496 0.0931085044
1 0.1348973607 0.1854838710 0.1598240469 0.0953079179
1 0.4046920821 0.2514662757 0.1422287390 0.1568914956
7 0.7551319648 0.2434017595 0.2126099707 0.1041055718
7 0.1326979472 0.4226539589 0.1656891496 0.0843108504
7 0.1326979472 0.3442082111 0.1686217009 0.0887096774
4 0.4197214076 0.3823313783 0.1854838710 0.1180351906
4 0.7576979472 0.3288123167 0.2177419355 0.0769794721
4 0.7595307918 0.4160557185 0.2272727273 0.0931085044
7 0.1268328446 0.5032991202 0.1671554252 0.0872434018
4 0.4241202346 0.4706744868 0.1781524927 0.0791788856
4 0.7580645161 0.5054985337 0.2214076246 0.0975073314
7 0.1242668622 0.6671554252 0.1693548387 0.0879765396
7 0.1264662757 0.5832111437 0.1620234604 0.0843108504
4 0.4109237537 0.6568914956 0.1737536657 0.0923753666
4 0.4197214076 0.5626832845 0.1913489736 0.1063049853
4 0.7584310850 0.5916422287 0.2236070381 0.0923753666
7 0.1235337243 0.7507331378 0.1737536657 0.0865102639
6 0.4164222874 0.7437683284 0.1876832845 0.0931085044
0 0.0795454545 0.8504398827 0.0901759531 0.1275659824
0 0.1715542522 0.8544721408 0.1114369501 0.1282991202
6 0.4149560117 0.8346774194 0.1876832845 0.0945747801
6 0.4123900293 0.9277859238 0.1898826979 0.0901759531
5 0.7617302053 0.8137829912 0.2287390029 0.1304985337
0 0.0692815249 0.9538123167 0.0813782991 0.0923753666
0 0.1554252199 0.9571114370 0.1055718475 0.0857771261
0 0.3720674487 0.9849706745 0.1019061584 0.0300586510
0 0.8112170088 0.9332844575 0.1561583578 0.1334310850
