7 0.1133093525 0.0152877698 0.1582733813 0.0305755396
7 0.2508992806 0.0170863309 0.1564748201 0.0341726619
7 0.5764388489 0.0260791367 0.2895683453 0.0521582734
7 0.4460431655 0.1142086331 0.1187050360 0.1025179856
7 0.8156474820 0.1133093525 0.2643884892 0.2266187050
7 0.6420863309 0.1519784173 0.1007194245 0.1241007194
1 0.2868705036 0.5197841727 0.1384892086 0.2158273381
1 0.4415467626 0.5089928058 0.1420863309 0.2302158273
1 0.5800359712 0.5116906475 0.1456834532 0.2212230216
1 0.7212230216 0.5197841727 0.1330935252 0.2014388489
1 0.8516187050 0.4856115108 0.1348920863 0.2122302158
1 0.9541366906 0.5044964029 0.0917266187 0.2212230216
1 0.3066546763 0.8120503597 0.1276978417 0.1097122302
1 0.4361510791 0.7796762590 0.1241007194 0.0557553957
1 0.6798561151 0.8120503597 0.1151079137 0.0989208633
1 0.7949640288 0.8048561151 0.1187050360 0.1061151079
1 0.9109712230 0.7994604317 0.1205035971 0.1133093525
1 0.9856115108 0.7940647482 0.0287769784 0.1097122302
1 0.3471223022 0.9397482014 0.1187050360 0.1205035971
1 0.2625899281 0.9397482014 0.0539568345 0.1205035971
6 0.5377697842 0.9343525180 0.2697841727 0.1312949640
6 0.8057553957 0.9298561151 0.2661870504 0.1402877698
6 0.9685251799 0.9253597122 0.0629496403 0.1492805755
