0 0.0460526316 0.0131578947 0.0921052632 0.0263157895
7 0.2415413534 0.0300751880 0.2424812030 0.0601503759
7 0.5037593985 0.0404135338 0.2105263158 0.0808270677
1 0.7603383459 0.0338345865 0.2048872180 0.0639097744
1 0.9398496241 0.0507518797 0.1203007519 0.0789473684
0 0.0187969925 0.0733082707 0.0375939850 0.1015037594
7 0.5018796992 0.1776315789 0.2142857143 0.0996240602
1 0.7650375940 0.1560150376 0.2218045113 0.0676691729
1 0.7659774436 0.0968045113 0.2161654135 0.0695488722
1 0.9436090226 0.1278195489 0.1127819549 0.0751879699
0 0.1710526316 0.2095864662 0.2894736842 0.1184210526
1 0.4971804511 0.2913533835 0.2086466165 0.1315789474
1 0.7678571429 0.2152255639 0.2274436090 0.0695488722
1 0.7706766917 0.2810150376 0.2368421053 0.0845864662
1 0.9445488722 0.2302631579 0.1109022556 0.0921052632
0 0.1372180451 0.3750000000 0.2744360902 0.1597744361
1 0.7781954887 0.3599624060 0.2368421053 0.0733082707
1 0.9511278195 0.3421052632 0.0977443609 0.1278195489
1 0.4558270677 0.4577067669 0.2800751880 0.2048872180
1 0.7810150376 0.4370300752 0.2537593985 0.0883458647
1 0.9586466165 0.4605263158 0.0827067669 0.1240601504
0 0.1212406015 0.5535714286 0.2424812030 0.2312030075
1 0.4313909774 0.6635338346 0.3176691729 0.2406015038
1 0.7857142857 0.5460526316 0.2556390977 0.0996240602
1 0.7922932331 0.6494360902 0.2462406015 0.1184210526
1 0.9652255639 0.5836466165 0.0695488722 0.1259398496
1 0.7885338346 0.7612781955 0.2763157895 0.1052631579
1 0.9755639098 0.7161654135 0.0488721805 0.1390977444
0 0.0968045113 0.7913533835 0.1936090226 0.1766917293
1 0.7913533835 0.8768796992 0.2894736842 0.1184210526
1 0.9830827068 0.8947368421 0.0338345865 0.2105263158
0 0.0911654135 0.9342105263 0.1823308271 0.1315789474
1 0.4116541353 0.8900375940 0.3345864662 0.2199248120
1 0.7969924812 0.9624060150 0.2932330827 0.0751879699
