5 0.0513812155 0.0044198895 0.1027624309 0.0088397790
5 0.1535911602 0.0055248619 0.1149171271 0.0110497238
1 0.7723756906 0.0298342541 0.1723756906 0.0596685083
5 0.0607734807 0.0629834254 0.1215469613 0.0994475138
5 0.1707182320 0.0740331492 0.0872928177 0.1060773481
2 0.4077348066 0.0491712707 0.1701657459 0.0983425414
5 0.0906077348 0.1988950276 0.1016574586 0.0552486188
5 0.0878453039 0.1535911602 0.0939226519 0.0419889503
5 0.1779005525 0.1790055249 0.0928176796 0.1082872928
5 0.0187845304 0.2861878453 0.0375690608 0.0972375691
5 0.0900552486 0.2878453039 0.1160220994 0.0983425414
5 0.1834254144 0.2917127072 0.0950276243 0.1082872928
1 0.3044198895 0.2679558011 0.1292817680 0.2154696133
1 0.4204419890 0.2679558011 0.1337016575 0.2110497238
1 0.5408839779 0.2535911602 0.1292817680 0.2176795580
1 0.6668508287 0.2502762431 0.1292817680 0.2198895028
1 0.7955801105 0.2508287293 0.1325966851 0.2143646409
5 0.1055248619 0.3961325967 0.0541436464 0.0519337017
5 0.0419889503 0.3806629834 0.0839779006 0.0895027624
5 0.1806629834 0.3784530387 0.0983425414 0.0718232044
1 0.7961325967 0.4707182320 0.1226519337 0.0972375691
5 0.0403314917 0.5397790055 0.0806629834 0.1602209945
5 0.1209944751 0.5392265193 0.0651933702 0.1591160221
5 0.1801104972 0.5397790055 0.0552486188 0.1602209945
1 0.3817679558 0.5469613260 0.1027624309 0.1944751381
1 0.4812154696 0.5419889503 0.1049723757 0.1955801105
1 0.5801104972 0.5348066298 0.1082872928 0.1944751381
1 0.6845303867 0.5331491713 0.1138121547 0.2000000000
1 0.7988950276 0.5635359116 0.1259668508 0.0994475138
5 0.0320441989 0.7546961326 0.0574585635 0.1480662983
5 0.0906077348 0.7558011050 0.0574585635 0.1480662983
5 0.1585635359 0.7524861878 0.0629834254 0.1436464088
5 0.2265193370 0.7546961326 0.0685082873 0.1480662983
1 0.3370165746 0.7215469613 0.1303867403 0.0972375691
1 0.4541436464 0.7127071823 0.1193370166 0.0861878453
1 0.5712707182 0.7099447514 0.1193370166 0.0895027624
1 0.6878453039 0.7093922652 0.1248618785 0.0950276243
1 0.8033149171 0.7077348066 0.1259668508 0.0983425414
1 0.3381215470 0.8204419890 0.1325966851 0.1027624309
1 0.4591160221 0.8077348066 0.1248618785 0.1082872928
1 0.5762430939 0.8038674033 0.1182320442 0.1049723757
1 0.6922651934 0.8033149171 0.1182320442 0.1016574586
1 0.8071823204 0.8016574586 0.1226519337 0.1005524862
1 0.3320441989 0.9176795580 0.1027624309 0.0939226519
1 0.4309392265 0.9149171271 0.1016574586 0.0950276243
1 0.5254143646 0.9110497238 0.1049723757 0.0917127072
1 0.6193370166 0.9077348066 0.0983425414 0.0961325967
1 0.7220994475 0.9104972376 0.1116022099 0.1171270718
1 0.8248618785 0.9055248619 0.1093922652 0.1093922652
6 0.0353591160 0.9370165746 0.0707182320 0.1259668508
6 0.1232044199 0.9392265193 0.0939226519 0.1215469613
6 0.2182320442 0.9403314917 0.1093922652 0.1193370166
1 0.3359116022 0.9806629834 0.1038674033 0.0386740331
1 0.4353591160 0.9801104972 0.1016574586 0.0397790055
1 0.5320441989 0.9762430939 0.0983425414 0.0475138122
1 0.6270718232 0.9773480663 0.0983425414 0.0453038674
1 0.7287292818 0.9801104972 0.1116022099 0.0397790055
1 0.8331491713 0.9795580110 0.1016574586 0.0408839779
