5 0.0511482255 0.0198329854 0.0835073069 0.0396659708
5 0.1268267223 0.0026096033 0.0720250522 0.0052192067
5 0.1289144050 0.0229645094 0.0720250522 0.0396659708
5 0.2009394572 0.0062630480 0.0615866388 0.0125260960
5 0.0553235908 0.0574112735 0.0835073069 0.0396659708
5 0.1325678497 0.0605427975 0.0709812109 0.0375782881
5 0.2218162839 0.0474947808 0.0386221294 0.0699373695
5 0.1847599165 0.0443632568 0.0375782881 0.0657620042
3 0.2854906054 0.0662839248 0.0427974948 0.0427974948
3 0.2844467641 0.0271398747 0.0427974948 0.0417536534
3 0.3256784969 0.0688935282 0.0396659708 0.0396659708
3 0.3241127349 0.0297494781 0.0386221294 0.0407098121
3 0.3616910230 0.0501043841 0.0365344468 0.0793319415
1 0.3966597077 0.0464509395 0.0459290188 0.0929018789
1 0.4410229645 0.0480167015 0.0448851775 0.0960334029
1 0.4848643006 0.0485386221 0.0469728601 0.0970772443
1 0.5276617954 0.0501043841 0.0448851775 0.1002087683
8 0.6002087683 0.0495824635 0.0730688935 0.0991649269
8 0.6863256785 0.0516701461 0.0845511482 0.1033402923
1 0.7724425887 0.0527139875 0.1022964509 0.1054279749
5 0.0673277662 0.1774530271 0.0574112735 0.0354906054
5 0.0657620042 0.1320459290 0.0563674322 0.0511482255
5 0.1205636743 0.1346555324 0.0532359081 0.0542797495
5 0.1236951983 0.1795407098 0.0532359081 0.0334029228
5 0.2332985386 0.1852818372 0.0407098121 0.0782881002
5 0.1795407098 0.1299582463 0.0626304802 0.0427974948
5 0.1800626305 0.1717118998 0.0615866388 0.0386221294
1 0.3643006263 0.1398747390 0.0626304802 0.0626304802
1 0.3658663883 0.2009394572 0.0594989562 0.0636743215
1 0.3058455115 0.1978079332 0.0605427975 0.0657620042
1 0.4258872651 0.1456158664 0.0605427975 0.0615866388
1 0.4895615866 0.1482254697 0.0626304802 0.0647181628
1 0.5485386221 0.1524008351 0.0574112735 0.0626304802
1 0.6054279749 0.1544885177 0.0563674322 0.0584551148
1 0.6649269311 0.1581419624 0.0626304802 0.0553235908
1 0.7244258873 0.1597077244 0.0668058455 0.0563674322
1 0.7839248434 0.1607515658 0.0563674322 0.0584551148
5 0.0292275574 0.2750521921 0.0584551148 0.0532359081
5 0.1513569937 0.2740083507 0.0730688935 0.0574112735
5 0.2218162839 0.2755741127 0.0720250522 0.0605427975
1 0.3068893528 0.2792275574 0.0626304802 0.0574112735
1 0.4284968685 0.2818371608 0.0574112735 0.0563674322
1 0.3684759916 0.2807933194 0.0605427975 0.0563674322
1 0.4243215031 0.2056367432 0.0594989562 0.0563674322
1 0.4838204593 0.2087682672 0.0615866388 0.0563674322
1 0.4879958246 0.2828810021 0.0594989562 0.0563674322
1 0.5454070981 0.2823590814 0.0553235908 0.0574112735
1 0.5438413361 0.2092901879 0.0584551148 0.0553235908
1 0.6022964509 0.2098121086 0.0584551148 0.0563674322
1 0.6628392484 0.2881002088 0.0605427975 0.0521920668
1 0.6586638831 0.2118997912 0.0647181628 0.0542797495
1 0.7223382046 0.2150313152 0.0647181628 0.0542797495
1 0.7160751566 0.2849686848 0.0563674322 0.0542797495
1 0.7776617954 0.2139874739 0.0584551148 0.0521920668
5 0.0271398747 0.3272442589 0.0542797495 0.0511482255
5 0.0861169102 0.3272442589 0.0636743215 0.0511482255
5 0.1534446764 0.3277661795 0.0709812109 0.0521920668
5 0.2218162839 0.3298538622 0.0678496868 0.0542797495
1 0.3068893528 0.3350730689 0.0626304802 0.0563674322
1 0.3674321503 0.3366388309 0.0584551148 0.0553235908
1 0.4269311065 0.3371607516 0.0584551148 0.0542797495
1 0.4848643006 0.3387265136 0.0594989562 0.0532359081
1 0.5427974948 0.3382045929 0.0501043841 0.0521920668
1 0.5996868476 0.3329853862 0.0553235908 0.0584551148
1 0.6565762004 0.3397703549 0.0584551148 0.0490605428
1 0.7160751566 0.3366388309 0.0438413361 0.0407098121
5 0.0339248434 0.4483298539 0.0636743215 0.0344467641
5 0.0965553236 0.4488517745 0.0657620042 0.0354906054
5 0.0349686848 0.4039665971 0.0636743215 0.0480167015
5 0.0991649269 0.4034446764 0.0605427975 0.0469728601
5 0.1628392484 0.4587682672 0.0626304802 0.0490605428
5 0.1612734864 0.4091858038 0.0657620042 0.0480167015
5 0.2270354906 0.4624217119 0.0615866388 0.0501043841
5 0.2254697286 0.4144050104 0.0626304802 0.0438413361
1 0.3115866388 0.4618997912 0.0636743215 0.0532359081
1 0.3110647182 0.4060542797 0.0647181628 0.0563674322
1 0.3778705637 0.4133611691 0.0647181628 0.0521920668
1 0.3778705637 0.4645093946 0.0668058455 0.0521920668
1 0.4425887265 0.4055323591 0.0647181628 0.0574112735
1 0.4415448852 0.4613778706 0.0626304802 0.0542797495
1 0.5657620042 0.4650313152 0.0626304802 0.0490605428
1 0.5657620042 0.4144050104 0.0626304802 0.0521920668
1 0.5062630480 0.4660751566 0.0626304802 0.0469728601
1 0.5057411273 0.4159707724 0.0594989562 0.0511482255
1 0.6179540710 0.4175365344 0.0417536534 0.0480167015
1 0.6158663883 0.4671189979 0.0354906054 0.0448851775
5 0.0626304802 0.5255741127 0.0835073069 0.0553235908
5 0.1466597077 0.5240083507 0.0762004175 0.0521920668
1 0.3246346555 0.5255741127 0.0647181628 0.0553235908
1 0.3935281837 0.5287056367 0.0605427975 0.0594989562
1 0.4624217119 0.5245302714 0.0605427975 0.0532359081
5 0.0668058455 0.5694154489 0.0793319415 0.0365344468
5 0.1445720251 0.5678496868 0.0741127349 0.0375782881
5 0.2197286013 0.5678496868 0.0720250522 0.0313152401
1 0.3157620042 0.5835073069 0.0532359081 0.0501043841
5 0.0662839248 0.6758872651 0.0824634656 0.1054279749
5 0.1461377871 0.6722338205 0.0793319415 0.1002087683
5 0.2233820459 0.6691022965 0.0709812109 0.0981210856
1 0.3100208768 0.7176409186 0.0563674322 0.0323590814
5 0.0193110647 0.7927974948 0.0386221294 0.0949895616
5 0.0777661795 0.7896659708 0.0741127349 0.0949895616
5 0.1534446764 0.7839248434 0.0730688935 0.0897703549
5 0.2244258873 0.7797494781 0.0688935282 0.0876826722
5 0.0208768267 0.8585594990 0.0417536534 0.0365344468
5 0.0808977035 0.8564718163 0.0741127349 0.0323590814
5 0.1649269311 0.9091858038 0.0668058455 0.0375782881
5 0.1565762004 0.8329853862 0.0709812109 0.0208768267
5 0.1022964509 0.9123173278 0.0605427975 0.0354906054
5 0.2249478079 0.8314196242 0.0699373695 0.0177453027
5 0.2296450939 0.9097077244 0.0647181628 0.0365344468
5 0.0354906054 0.9645093946 0.0584551148 0.0480167015
5 0.0354906054 0.9196242171 0.0626304802 0.0438413361
