5 0.7389791183 0.0104408353 0.0417633411 0.0208816705
5 0.7836426914 0.0087006961 0.0429234339 0.0174013921
5 0.2616009281 0.0823665893 0.0916473318 0.0696055684
5 0.4095127610 0.0864269142 0.1160092807 0.0568445476
5 0.5852668213 0.0255220418 0.1241299304 0.0510440835
5 0.5841067285 0.0696055684 0.1264501160 0.0603248260
5 0.7627610209 0.0406032483 0.0939675174 0.0533642691
5 0.9530162413 0.0278422274 0.0939675174 0.0556844548
5 0.9762180974 0.0748259861 0.0475638051 0.0382830626
5 0.9280742459 0.0777262181 0.0487238979 0.0440835267
2 0.0185614849 0.1519721578 0.0371229698 0.1438515081
2 0.1363109049 0.1160092807 0.0614849188 0.1229698376
5 0.2592807425 0.1542923434 0.0870069606 0.0765661253
5 0.4083526682 0.1357308585 0.1160092807 0.0556844548
5 0.5812064965 0.1247099768 0.1206496520 0.0522041763
5 0.7685614849 0.1316705336 0.1009280742 0.0475638051
5 0.7621809745 0.0881670534 0.0928074246 0.0440835267
3 0.9309744780 0.1252900232 0.0498839907 0.0487238979
3 0.9802784223 0.1235498840 0.0394431555 0.0498839907
5 0.2569605568 0.2244779582 0.0870069606 0.0684454756
1 0.3967517401 0.2070765661 0.1020881671 0.0986078886
5 0.5777262181 0.1780742459 0.1206496520 0.0591647332
1 0.7900232019 0.1919953596 0.1392111369 0.0661252900
3 0.9553364269 0.1740139211 0.0893271462 0.0464037123
3 0.9541763341 0.2233178654 0.0916473318 0.0638051044
5 0.2523201856 0.2888631090 0.0893271462 0.0672853828
1 0.4042923434 0.2807424594 0.1218097448 0.0533642691
1 0.5817865429 0.2697215777 0.1357308585 0.1357308585
1 0.7906032483 0.2488399072 0.1380510441 0.0568445476
1 0.7906032483 0.3068445476 0.1403712297 0.0591647332
7 0.9547563805 0.2743619490 0.0904872390 0.0568445476
2 0.1003480278 0.3225058005 0.0800464037 0.1484918794
1 0.4008120650 0.3329466357 0.1218097448 0.0533642691
1 0.7882830626 0.3683294664 0.1473317865 0.0591647332
7 0.9564965197 0.3271461717 0.0870069606 0.0556844548
7 0.9564965197 0.3787703016 0.0870069606 0.0545243619
7 0.1032482599 0.4280742459 0.0765661253 0.0603248260
6 0.2285382831 0.3886310905 0.0626450116 0.1392111369
6 0.2691415313 0.3903712297 0.0440835267 0.1496519722
1 0.3915313225 0.4414153132 0.1241299304 0.0545243619
1 0.3973317865 0.3857308585 0.1241299304 0.0545243619
1 0.5788863109 0.4042923434 0.1345707657 0.1380510441
7 0.9564965197 0.4315545244 0.0870069606 0.0533642691
7 0.0951276102 0.5145011601 0.0881670534 0.0939675174
6 0.2302784223 0.5266821346 0.1102088167 0.1160092807
4 0.5800464037 0.5092807425 0.1368909513 0.0765661253
4 0.7987238979 0.5092807425 0.1682134571 0.0928074246
7 0.9564965197 0.4796983759 0.0870069606 0.0522041763
7 0.9570765661 0.5284222738 0.0858468677 0.0545243619
1 0.3886310905 0.5336426914 0.1206496520 0.1299303944
4 0.5771461717 0.5870069606 0.1380510441 0.0788863109
4 0.7998839907 0.5933874710 0.1658932715 0.0730858469
7 0.9564965197 0.5829466357 0.0870069606 0.0568445476
7 0.0887470998 0.6131090487 0.0870069606 0.1102088167
7 0.2227378190 0.6421113689 0.1020881671 0.1218097448
7 0.3776102088 0.6618329466 0.1264501160 0.1287703016
4 0.5754060325 0.6508120650 0.1368909513 0.0626450116
4 0.7987238979 0.6618329466 0.1705336427 0.0754060325
7 0.9460556845 0.6734338747 0.0614849188 0.1310904872
7 0.9820185615 0.6740139211 0.0359628770 0.1345707657
7 0.0800464037 0.7093967517 0.0997679814 0.0800464037
4 0.5742459397 0.7088167053 0.1368909513 0.0672853828
4 0.8016241299 0.7407192575 0.1716937355 0.0800464037
7 0.0638051044 0.8062645012 0.0928074246 0.0696055684
7 0.2146171694 0.7587006961 0.1067285383 0.1252900232
5 0.3735498840 0.7830626450 0.1299303944 0.1368909513
7 0.5649651972 0.7737819026 0.1484918794 0.0742459397
0 0.7987238979 0.8097447796 0.1705336427 0.0765661253
7 0.9501160093 0.8103248260 0.0510440835 0.1426914153
7 0.9878190255 0.8126450116 0.0243619490 0.1357308585
7 0.0585846868 0.8654292343 0.0939675174 0.0672853828
7 0.2093967517 0.8787703016 0.0986078886 0.1334106729
0 0.7998839907 0.8857308585 0.1728538283 0.0870069606
0 0.2001160093 0.9686774942 0.0986078886 0.0626450116
7 0.3706496520 0.9118329466 0.1264501160 0.1415313225
7 0.5638051044 0.9013921114 0.1484918794 0.1972157773
0 0.7993039443 0.9617169374 0.1763341067 0.0765661253
7 0.9535962877 0.9408352668 0.0603248260 0.1160092807
7 0.9901392111 0.9327146172 0.0197215777 0.1020881671
0 0.3683294664 0.9849187935 0.1403712297 0.0301624130
