7 0.5884422111 0.1839195980 0.1778894472 0.0502512563
7 0.5613065327 0.2346733668 0.1618090452 0.0653266332
6 0.7030150754 0.2155778894 0.0854271357 0.0934673367
6 0.7899497487 0.2206030151 0.0924623116 0.0934673367
6 0.8839195980 0.2190954774 0.0894472362 0.0944723618
7 0.9663316583 0.2341708543 0.0673366834 0.0743718593
7 0.4371859296 0.2979899497 0.0703517588 0.0472361809
7 0.5587939698 0.3025125628 0.1688442211 0.0261306533
1 0.0206030151 0.4110552764 0.0412060302 0.0542713568
7 0.6919597990 0.4170854271 0.1175879397 0.0542713568
1 0.0195979899 0.4623115578 0.0391959799 0.0502512563
1 0.0688442211 0.4482412060 0.0592964824 0.0783919598
1 0.1703517588 0.4447236181 0.0492462312 0.0733668342
1 0.1211055276 0.4477386935 0.0572864322 0.0793969849
4 0.2582914573 0.4356783920 0.0904522613 0.0954773869
4 0.3452261307 0.4477386935 0.0894472362 0.0934673367
4 0.4371859296 0.4366834171 0.0904522613 0.0954773869
4 0.5251256281 0.4381909548 0.0874371859 0.0964824121
4 0.6135678392 0.4402010050 0.0874371859 0.0944723618
6 0.6964824121 0.4517587940 0.0824120603 0.0492462312
6 0.8190954774 0.4316582915 0.0743718593 0.0874371859
6 0.9206030151 0.4507537688 0.0482412060 0.0753768844
6 0.8758793970 0.4507537688 0.0432160804 0.0713567839
1 0.0778894472 0.6020100503 0.0653266332 0.0542713568
1 0.0206030151 0.5979899497 0.0412060302 0.0522613065
7 0.2653266332 0.5904522613 0.0743718593 0.0391959799
7 0.3477386935 0.5934673367 0.0703517588 0.0371859296
7 0.4155778894 0.5949748744 0.0733668342 0.0361809045
7 0.4824120603 0.5989949749 0.0663316583 0.0422110553
7 0.5447236181 0.5944723618 0.0623115578 0.0331658291
6 0.7341708543 0.6020100503 0.0552763819 0.0542713568
1 0.0748743719 0.6557788945 0.0693467337 0.0532663317
1 0.0190954774 0.6562814070 0.0381909548 0.0502512563
4 0.1281407035 0.6241206030 0.0371859296 0.0964824121
4 0.1653266332 0.6226130653 0.0391959799 0.1015075377
4 0.2060301508 0.6211055276 0.0442211055 0.0964824121
7 0.2663316583 0.6211055276 0.0824120603 0.0301507538
7 0.2678391960 0.6542713568 0.0854271357 0.0381909548
7 0.3462311558 0.6246231156 0.0673366834 0.0391959799
7 0.4110552764 0.6547738693 0.0783919598 0.0371859296
7 0.4125628141 0.6241206030 0.0753768844 0.0361809045
7 0.4829145729 0.6608040201 0.0653266332 0.0412060302
7 0.5492462312 0.6592964824 0.0633165829 0.0341708543
7 0.5442211055 0.6266331658 0.0633165829 0.0311557789
6 0.6321608040 0.6557788945 0.1065326633 0.0572864322
6 0.6341708543 0.6090452261 0.1085427136 0.0502512563
6 0.7201005025 0.6582914573 0.0532663317 0.0522613065
6 0.7869346734 0.6537688442 0.0623115578 0.0512562814
6 0.7919597990 0.6040201005 0.0562814070 0.0522613065
7 0.9316582915 0.6462311558 0.0422110553 0.0703517588
6 0.8613065327 0.6266331658 0.0844221106 0.0894472362
7 0.9743718593 0.6462311558 0.0452261307 0.0703517588
1 0.0969849246 0.7738693467 0.0653266332 0.0542713568
7 0.2783919598 0.7653266332 0.0783919598 0.0371859296
7 0.3557788945 0.7663316583 0.0824120603 0.0371859296
7 0.5030150754 0.7678391960 0.0653266332 0.0422110553
4 0.1839195980 0.8070351759 0.0361809045 0.0723618090
4 0.1452261307 0.8080402010 0.0391959799 0.0743718593
7 0.2778894472 0.8311557789 0.0773869347 0.0341708543
4 0.2221105528 0.8085427136 0.0402010050 0.0713567839
7 0.2718592965 0.7954773869 0.0854271357 0.0391959799
7 0.3522613065 0.7989949749 0.0814070352 0.0381909548
7 0.3537688442 0.8311557789 0.0743718593 0.0341708543
7 0.4261306533 0.8341708543 0.0743718593 0.0301507538
7 0.4979899497 0.8341708543 0.0733668342 0.0321608040
7 0.4266331658 0.8000000000 0.0753768844 0.0422110553
7 0.5020100503 0.8030150754 0.0693467337 0.0402010050
7 0.5929648241 0.8070351759 0.0381909548 0.0301507538
7 0.5547738693 0.8070351759 0.0402010050 0.0341708543
6 0.7045226131 0.8050251256 0.0703517588 0.0964824121
6 0.6361809045 0.8085427136 0.0643216080 0.1035175879
6 0.7914572864 0.8517587940 0.0412060302 0.0351758794
6 0.7884422111 0.7959798995 0.0472361809 0.0341708543
6 0.8994974874 0.8040201005 0.0542713568 0.0924623116
6 0.8371859296 0.7964824121 0.0462311558 0.0351758794
6 0.8381909548 0.8537688442 0.0462311558 0.0351758794
7 0.9859296482 0.7814070352 0.0281407035 0.0492462312
6 0.9517587940 0.8045226131 0.0522613065 0.0914572864
1 0.0648241206 0.9216080402 0.0592964824 0.0542713568
1 0.0180904523 0.9216080402 0.0361809045 0.0522613065
4 0.1527638191 0.9452261307 0.0422110553 0.0954773869
4 0.1115577889 0.9462311558 0.0462311558 0.0954773869
4 0.1914572864 0.9452261307 0.0412060302 0.0954773869
7 0.2427135678 0.9457286432 0.0613065327 0.0341708543
7 0.2422110553 0.9135678392 0.0623115578 0.0321608040
7 0.3065326633 0.9140703518 0.0643216080 0.0331658291
7 0.3055276382 0.9467336683 0.0623115578 0.0361809045
7 0.3718592965 0.9170854271 0.0663316583 0.0391959799
7 0.3668341709 0.9482412060 0.0683417085 0.0391959799
7 0.4346733668 0.9165829146 0.0653266332 0.0341708543
7 0.4984924623 0.9175879397 0.0643216080 0.0341708543
6 0.6613065327 0.9442211055 0.1165829146 0.0371859296
6 0.8065326633 0.9462311558 0.0512562814 0.0351758794
6 0.7497487437 0.9437185930 0.0542713568 0.0341708543
1 0.0587939698 0.9723618090 0.0592964824 0.0472361809
1 0.0135678392 0.9718592965 0.0271356784 0.0502512563
7 0.4989949749 0.9507537688 0.0653266332 0.0341708543
7 0.4341708543 0.9492462312 0.0663316583 0.0331658291
7 0.5834170854 0.9562814070 0.0331658291 0.0311557789
7 0.5507537688 0.9567839196 0.0341708543 0.0321608040
6 0.6422110553 0.9788944724 0.0964824121 0.0361809045
6 0.7527638191 0.9804020101 0.0341708543 0.0391959799
6 0.8095477387 0.9819095477 0.0532663317 0.0361809045
6 0.9201005025 0.9532663317 0.0512562814 0.0934673367
6 0.8708542714 0.9527638191 0.0572864322 0.0944723618
