1 0.1064171123 0.2122994652 0.0759358289 0.0759358289
1 0.1743315508 0.2165775401 0.0641711230 0.0866310160
1 0.2679144385 0.2037433155 0.1272727273 0.0930481283
1 0.4593582888 0.1679144385 0.1358288770 0.0727272727
1 0.6796791444 0.1486631016 0.1443850267 0.0727272727
1 0.0133689840 0.2176470588 0.0267379679 0.0951871658
1 0.4540106952 0.2245989305 0.1294117647 0.0684491979
1 0.4550802139 0.2828877005 0.1315508021 0.0652406417
1 0.6737967914 0.2524064171 0.1497326203 0.1433155080
1 0.7802139037 0.2224598930 0.0695187166 0.1368983957
1 0.8347593583 0.2770053476 0.0631016043 0.1240641711
1 0.0139037433 0.2877005348 0.0278074866 0.0812834225
1 0.1069518717 0.2898395722 0.0812834225 0.0791443850
1 0.1786096257 0.2983957219 0.0577540107 0.0705882353
1 0.2684491979 0.2866310160 0.1197860963 0.0919786096
1 0.4604278075 0.3513368984 0.1443850267 0.0844919786
1 0.7743315508 0.3304812834 0.0641711230 0.0834224599
1 0.0155080214 0.3604278075 0.0310160428 0.0748663102
1 0.1080213904 0.3689839572 0.0791443850 0.0812834225
1 0.1727272727 0.3647058824 0.0524064171 0.0641711230
1 0.2684491979 0.3700534759 0.1090909091 0.0748663102
1 0.6689839572 0.3925133690 0.1465240642 0.1411764706
1 0.8310160428 0.4010695187 0.0598930481 0.1219251337
1 0.0176470588 0.4267379679 0.0352941176 0.0727272727
1 0.1096256684 0.4422459893 0.0695187166 0.0716577540
1 0.1791443850 0.4374331551 0.0695187166 0.0791443850
1 0.2711229947 0.4470588235 0.1080213904 0.0684491979
1 0.4598930481 0.4272727273 0.1411764706 0.0780748663
1 0.7700534759 0.4278074866 0.0663101604 0.1069518717
1 0.0176470588 0.4967914439 0.0352941176 0.0695187166
1 0.1096256684 0.5160427807 0.0695187166 0.0802139037
1 0.1796791444 0.5176470588 0.0748663102 0.0791443850
1 0.3155080214 0.5278074866 0.0577540107 0.0780748663
1 0.2518716578 0.5288770053 0.0588235294 0.0802139037
1 0.4582887701 0.5053475936 0.1379679144 0.0802139037
1 0.6620320856 0.5315508021 0.1433155080 0.1368983957
1 0.8032085561 0.5278074866 0.1390374332 0.1336898396
1 0.0171122995 0.5684491979 0.0342245989 0.0802139037
1 0.4647058824 0.5871657754 0.1422459893 0.1005347594
1 0.6620320856 0.6262032086 0.1390374332 0.0588235294
7 0.0545454545 0.6946524064 0.0941176471 0.1315508021
7 0.1978609626 0.6561497326 0.1497326203 0.0673796791
7 0.1973262032 0.7090909091 0.1508021390 0.0663101604
7 0.1951871658 0.7641711230 0.1486631016 0.0673796791
7 0.3016042781 0.7267379679 0.0641711230 0.1593582888
7 0.3588235294 0.7385026738 0.0588235294 0.1614973262
7 0.4502673797 0.6962566845 0.1112299465 0.1176470588
7 0.5866310160 0.7032085561 0.1144385027 0.1229946524
7 0.1973262032 0.8176470588 0.1486631016 0.0716577540
7 0.4497326203 0.8010695187 0.1101604278 0.1155080214
7 0.6967914439 0.8181818182 0.1229946524 0.1368983957
7 0.0417112299 0.8491978610 0.0834224599 0.1582887701
7 0.1957219251 0.8721925134 0.1454545455 0.0737967914
7 0.2962566845 0.8839572193 0.0556149733 0.1550802139
7 0.4812834225 0.8919786096 0.0556149733 0.0748663102
7 0.4251336898 0.8834224599 0.0566844920 0.0748663102
7 0.5802139037 0.8427807487 0.1122994652 0.1625668449
7 0.1989304813 0.9267379679 0.1433155080 0.0780748663
7 0.4796791444 0.9598930481 0.0588235294 0.0780748663
7 0.4245989305 0.9508021390 0.0556149733 0.0812834225
7 0.5796791444 0.9497326203 0.1133689840 0.0620320856
7 0.6930481283 0.9336898396 0.1176470588 0.1326203209
7 0.5802139037 0.9791443850 0.1165775401 0.0417112299
