5 0.9709821429 0.0438988095 0.0580357143 0.0877976190
7 0.0148809524 0.0275297619 0.0297619048 0.0550595238
7 0.1979166667 0.0312500000 0.1279761905 0.0625000000
1 0.3787202381 0.0647321429 0.0967261905 0.1294642857
1 0.4754464286 0.0632440476 0.1205357143 0.1264880952
5 0.6949404762 0.0535714286 0.2053571429 0.1071428571
5 0.9032738095 0.0446428571 0.1190476190 0.0892857143
7 0.0379464286 0.1041666667 0.0758928571 0.0744047619
7 0.2053571429 0.1116071429 0.1190476190 0.1071428571
1 0.6525297619 0.1822916667 0.1175595238 0.1413690476
6 0.9203869048 0.1443452381 0.1592261905 0.1130952381
1 0.0491071429 0.1979166667 0.0982142857 0.0982142857
7 0.2157738095 0.2075892857 0.1041666667 0.0937500000
1 0.3854166667 0.1912202381 0.0863095238 0.1354166667
1 0.4776785714 0.1934523810 0.1130952381 0.1428571429
6 0.9181547619 0.2522321429 0.1636904762 0.1116071429
1 0.0543154762 0.2901785714 0.1086309524 0.0922619048
1 0.2299107143 0.3020833333 0.1354166667 0.1041666667
1 0.3950892857 0.3087797619 0.0877976190 0.1145833333
1 0.4851190476 0.3154761905 0.1041666667 0.1160714286
1 0.6555059524 0.3162202381 0.1145833333 0.1294642857
1 0.8809523810 0.3697916667 0.1190476190 0.1145833333
1 0.0691964286 0.3891369048 0.1145833333 0.1086309524
1 0.2455357143 0.3973214286 0.1220238095 0.0922619048
1 0.4069940476 0.4255952381 0.0877976190 0.1071428571
1 0.4873511905 0.4315476190 0.0848214286 0.1071428571
1 0.6555059524 0.4360119048 0.1086309524 0.1071428571
1 0.0855654762 0.4910714286 0.1235119048 0.1101190476
1 0.2537202381 0.4947916667 0.1235119048 0.1145833333
1 0.4107142857 0.5208333333 0.0773809524 0.0952380952
1 0.4888392857 0.5372023810 0.0848214286 0.1011904762
1 0.6532738095 0.5416666667 0.1041666667 0.1011904762
1 0.8779761905 0.4895833333 0.1130952381 0.1071428571
1 0.8727678571 0.5922619048 0.1175595238 0.1011904762
