1 0.3389074693 0.0295429208 0.0691192865 0.0434782609
1 0.2931995541 0.0306577480 0.0668896321 0.0434782609
1 0.3924191750 0.0289855072 0.0646599777 0.0401337793
1 0.5284280936 0.0340022297 0.0624303233 0.0568561873
1 0.5863991081 0.0484949833 0.0668896321 0.0457079153
1 0.7987736901 0.0423634337 0.0992196210 0.0379041249
1 0.2681159420 0.0746934225 0.0724637681 0.0512820513
1 0.3110367893 0.0763656633 0.0535117057 0.0568561873
1 0.3701226310 0.0746934225 0.0713489409 0.0557413601
1 0.5167224080 0.0841694537 0.0590858417 0.0479375697
1 0.5769230769 0.1020066890 0.0635451505 0.0501672241
1 0.7943143813 0.1075808250 0.0947603122 0.0278706800
1 0.7959866221 0.0746934225 0.0958751394 0.0356744705
1 0.8968784838 0.0785953177 0.1036789298 0.0256410256
1 0.8946488294 0.1053511706 0.1059085842 0.0278706800
1 0.9849498328 0.1075808250 0.0301003344 0.0880713489
1 0.2274247492 0.1661092531 0.0646599777 0.0490523969
1 0.2458193980 0.1215161650 0.0590858417 0.0445930881
1 0.2748049052 0.1677814939 0.0523968785 0.0501672241
1 0.3545150502 0.1215161650 0.0691192865 0.0401337793
1 0.2948717949 0.1220735786 0.0501672241 0.0412486065
1 0.3322185061 0.1616499443 0.0713489409 0.0490523969
1 0.5039018952 0.1243032330 0.0668896321 0.0412486065
1 0.5624303233 0.1767001115 0.0769230769 0.0367892977
1 0.4944258640 0.1688963211 0.0791527313 0.0501672241
1 0.5691192865 0.1393534002 0.0635451505 0.0379041249
1 0.7931995541 0.1343366778 0.0969899666 0.0301003344
1 0.7898550725 0.1638795987 0.1081382386 0.0289855072
1 0.7904124861 0.1839464883 0.1137123746 0.0111482720
1 0.9035674470 0.1622073579 0.1148272018 0.0345596433
1 0.8991081382 0.1315496098 0.1148272018 0.0289855072
1 0.9035674470 0.1811594203 0.1148272018 0.0167224080
1 0.2201783724 0.2452619844 0.1103678930 0.0557413601
1 0.4704570792 0.2140468227 0.0735785953 0.0490523969
1 0.4531772575 0.2603121516 0.0702341137 0.0479375697
1 0.9905239688 0.1962095875 0.0189520624 0.0958751394
1 0.2028985507 0.2987736901 0.1226309922 0.0535117057
1 0.4392419175 0.3115942029 0.0824972129 0.0613154961
1 0.5356744705 0.3283166109 0.0635451505 0.0434782609
1 0.5490523969 0.2848383501 0.0635451505 0.0523968785
1 0.7887402453 0.2658862876 0.1237458194 0.0390189521
1 0.7859531773 0.3010033445 0.1248606466 0.0334448161
1 0.9074693423 0.3115942029 0.1226309922 0.0301003344
1 0.9085841695 0.2703455964 0.1226309922 0.0412486065
1 0.9960981048 0.2842809365 0.0078037904 0.1003344482
1 0.1722408027 0.3511705686 0.1125975474 0.0579710145
1 0.4258639911 0.3673355630 0.0869565217 0.0501672241
1 0.5261984392 0.3740245262 0.0668896321 0.0523968785
1 0.7848383501 0.3372352285 0.1226309922 0.0412486065
1 0.7826086957 0.3762541806 0.1293199554 0.0434782609
1 0.9119286511 0.3829431438 0.1360089186 0.0501672241
1 0.9102564103 0.3422519509 0.1282051282 0.0379041249
1 0.1404682274 0.4175027871 0.1516164994 0.0746934225
1 0.4035674470 0.4269788183 0.0847268673 0.0758082497
1 0.5267558528 0.4470457079 0.0724637681 0.0401337793
1 0.7775919732 0.4526198439 0.1348940914 0.0423634337
1 0.7787068004 0.4180602007 0.1326644370 0.0401337793
1 0.9214046823 0.4593088071 0.1505016722 0.0401337793
1 0.9152731327 0.4225195095 0.1404682274 0.0379041249
1 0.4275362319 0.5384615385 0.1661092531 0.0691192865
1 0.7714604236 0.5278706800 0.1516164994 0.0680044593
1 0.9214046823 0.5312151616 0.1571906355 0.0613154961
2 0.0997770346 0.5535117057 0.1995540691 0.1505016722
2 0.2168338907 0.5858416945 0.1415830546 0.1549609810
1 0.4102564103 0.5930880713 0.1649944259 0.0668896321
1 0.7681159420 0.5869565217 0.1560758082 0.0702341137
1 0.9219620959 0.5942028986 0.1560758082 0.0735785953
2 0.0685618729 0.6895206243 0.1371237458 0.1594202899
1 0.4080267559 0.6510590858 0.2028985507 0.0624303233
1 0.5613154961 0.6282051282 0.0680044593 0.0657748049
1 0.7653288740 0.6571906355 0.1616499443 0.0836120401
1 0.9219620959 0.6661092531 0.1560758082 0.0813823857
1 0.3762541806 0.7146042363 0.1928651059 0.0802675585
1 0.5735785953 0.7034559643 0.0635451505 0.0646599777
1 0.7625418060 0.7335562988 0.1694537347 0.0891861761
1 0.9214046823 0.7391304348 0.1571906355 0.0958751394
1 0.3545150502 0.7971014493 0.1984392419 0.0891861761
1 0.7591973244 0.8104793757 0.1739130435 0.1003344482
1 0.9214046823 0.8221850613 0.1571906355 0.0992196210
1 0.3439241918 0.8818283166 0.2084726867 0.0802675585
1 0.7564102564 0.9013377926 0.1839464883 0.1148272018
1 0.9214046823 0.9136008919 0.1571906355 0.1148272018
