7 0.1631908238 0.0396246090 0.1282586027 0.0792492179
7 0.3133472367 0.0469238790 0.1178310740 0.0896767466
1 0.4238790407 0.0656934307 0.0782064651 0.1313868613
1 0.4937434828 0.0662148071 0.0677789364 0.1324296142
1 0.5620437956 0.0662148071 0.0709071950 0.1324296142
1 0.6266944734 0.0641293014 0.0729927007 0.1282586027
1 0.6976016684 0.0625651721 0.0792492179 0.1251303441
1 0.7659019812 0.0620437956 0.0928050052 0.1240875912
7 0.1501564129 0.1308654849 0.1543274244 0.0969760167
7 0.3008342023 0.1511991658 0.1282586027 0.0917622523
1 0.4749739312 0.2049009385 0.0782064651 0.0677789364
1 0.5469238790 0.2049009385 0.0698644421 0.0677789364
1 0.6183524505 0.2033368092 0.0792492179 0.0771637122
1 0.6955161627 0.2022940563 0.0771637122 0.0792492179
1 0.7711157456 0.2017726799 0.0740354536 0.0740354536
7 0.0745568300 0.2919708029 0.0761209593 0.1397288843
7 0.1277372263 0.2888425443 0.0719499479 0.1418143900
7 0.1809176225 0.2904066736 0.0698644421 0.1449426486
7 0.2867570386 0.2904066736 0.0646506778 0.1470281543
7 0.2330552659 0.2883211679 0.0656934307 0.1449426486
7 0.3383733055 0.2909280501 0.0656934307 0.1459854015
1 0.4734098019 0.2732012513 0.0771637122 0.0729927007
1 0.5516162669 0.2726798749 0.0771637122 0.0677789364
1 0.6225234619 0.2664233577 0.0625651721 0.0510948905
1 0.6871741397 0.2721584984 0.0688216893 0.0563086548
1 0.7669447341 0.2679874870 0.0844629823 0.0625651721
7 0.1162669447 0.3868613139 0.1511991658 0.0542231491
7 0.2695516163 0.3920750782 0.1553701773 0.0625651721
1 0.4635036496 0.4056308655 0.0761209593 0.0563086548
1 0.4624608968 0.3435870699 0.0782064651 0.0573514077
1 0.5422314911 0.3623566215 0.0667361835 0.1053180396
1 0.6173096976 0.3597497393 0.0729927007 0.1063607925
1 0.6986444213 0.3597497393 0.0896767466 0.1167883212
1 0.7794577685 0.3592283629 0.0907194995 0.1240875912
7 0.2580813347 0.4478623566 0.1574556830 0.0573514077
7 0.0510948905 0.5119916580 0.0792492179 0.0542231491
7 0.0422314911 0.5656934307 0.0761209593 0.0573514077
7 0.1167883212 0.5125130344 0.0729927007 0.0552659020
7 0.1084462982 0.5672575600 0.0729927007 0.0542231491
7 0.1970802920 0.5364963504 0.1126173097 0.1074035454
7 0.2992700730 0.5370177268 0.1147028154 0.1084462982
1 0.4056308655 0.5510948905 0.0980187696 0.1386861314
1 0.4854014599 0.5448383733 0.0782064651 0.1345151199
1 0.5615224192 0.5464025026 0.0761209593 0.1376433785
1 0.6355578728 0.5469238790 0.0823774765 0.1407716371
1 0.7022940563 0.5417101147 0.0636079249 0.1282586027
1 0.7591240876 0.5406673618 0.0667361835 0.1261730970
1 0.8143899896 0.5458811262 0.0709071950 0.1324296142
7 0.0218978102 0.6637122002 0.0437956204 0.1136600626
7 0.0521376434 0.6631908238 0.0604796663 0.1105318040
7 0.1564129301 0.6637122002 0.1584984359 0.1094890511
7 0.2924921794 0.6699687174 0.1199165798 0.1115745568
7 0.0662148071 0.7737226277 0.1324296142 0.1147028154
7 0.1803962461 0.7773722628 0.1334723670 0.1199165798
1 0.3675703858 0.7434827946 0.0573514077 0.1355578728
1 0.4598540146 0.7434827946 0.1334723670 0.1397288843
1 0.5954118874 0.7502606882 0.1376433785 0.1428571429
1 0.7320125130 0.7549530761 0.1397288843 0.1459854015
1 0.8331595412 0.7606882169 0.0709071950 0.1407716371
1 0.5610010428 0.8488008342 0.1042752868 0.0646506778
1 0.6558915537 0.8529718457 0.0813347237 0.0625651721
1 0.7612095933 0.8587069864 0.1334723670 0.0677789364
1 0.4635036496 0.8811261731 0.1303441084 0.1355578728
1 0.5870698644 0.9082377477 0.1188738269 0.0583941606
1 0.7080291971 0.9118873827 0.1209593326 0.0615224192
