2 0.1698008850 0.1449115044 0.2157079646 0.1371681416
2 0.3904867257 0.1996681416 0.2632743363 0.2621681416
2 0.5724557522 0.2035398230 0.1493362832 0.2676991150
2 0.1935840708 0.3141592920 0.2433628319 0.2101769912
6 0.7422566372 0.3290929204 0.0907079646 0.0453539823
4 0.9529867257 0.3053097345 0.0940265487 0.0486725664
2 0.4242256637 0.3777654867 0.2378318584 0.1272123894
6 0.6946902655 0.3794247788 0.0464601770 0.0398230088
4 0.9529867257 0.3456858407 0.0940265487 0.0519911504
4 0.9524336283 0.3882743363 0.0951327434 0.0486725664
2 0.4441371681 0.4712389381 0.2179203540 0.1061946903
4 0.6012168142 0.4413716814 0.0741150442 0.0420353982
7 0.7920353982 0.4496681416 0.0353982301 0.0276548673
4 0.7146017699 0.4253318584 0.0951327434 0.0387168142
7 0.7925884956 0.4236725664 0.0365044248 0.0287610619
4 0.7146017699 0.4646017699 0.0973451327 0.0398230088
7 0.8246681416 0.4474557522 0.0320796460 0.0320796460
4 0.9579646018 0.4695796460 0.0840707965 0.0431415929
4 0.9529867257 0.4303097345 0.0940265487 0.0442477876
2 0.2372787611 0.4905973451 0.2356194690 0.1891592920
4 0.6050884956 0.4789823009 0.0752212389 0.0376106195
4 0.6078539823 0.5154867257 0.0807522124 0.0376106195
4 0.7134955752 0.5000000000 0.0951327434 0.0376106195
7 0.7986725664 0.4756637168 0.0221238938 0.0265486726
7 0.8003318584 0.5265486726 0.0232300885 0.0265486726
7 0.8003318584 0.5005530973 0.0232300885 0.0276548673
4 0.7162610619 0.5359513274 0.0940265487 0.0387168142
7 0.8257743363 0.4834070796 0.0298672566 0.0420353982
7 0.9568584071 0.5121681416 0.0862831858 0.0376106195
2 0.4585176991 0.5658185841 0.2090707965 0.0918141593
4 0.6117256637 0.5508849558 0.0774336283 0.0331858407
4 0.6155973451 0.5846238938 0.0763274336 0.0342920354
4 0.7190265487 0.5730088496 0.0951327434 0.0398230088
7 0.8019911504 0.5641592920 0.0265486726 0.0486725664
4 0.7223451327 0.6084070796 0.0884955752 0.0376106195
7 0.8285398230 0.5613938053 0.0309734513 0.0497787611
7 0.8573008850 0.5813053097 0.0309734513 0.0497787611
4 0.9563053097 0.5857300885 0.0873893805 0.0387168142
4 0.9574115044 0.5492256637 0.0851769912 0.0387168142
2 0.2870575221 0.6548672566 0.2068584071 0.1681415929
2 0.4740044248 0.6581858407 0.2068584071 0.0884955752
4 0.6222345133 0.6509955752 0.0741150442 0.0320796460
4 0.6194690265 0.6172566372 0.0752212389 0.0353982301
4 0.6283185841 0.6841814159 0.0685840708 0.0320796460
4 0.7217920354 0.6803097345 0.0785398230 0.0376106195
4 0.7195796460 0.6443584071 0.0807522124 0.0387168142
7 0.8042035398 0.6150442478 0.0265486726 0.0553097345
7 0.8064159292 0.6670353982 0.0243362832 0.0553097345
7 0.8290929204 0.6139380531 0.0342920354 0.0553097345
7 0.8307522124 0.6659292035 0.0309734513 0.0530973451
4 0.9574115044 0.6581858407 0.0851769912 0.0353982301
4 0.9574115044 0.6227876106 0.0851769912 0.0376106195
2 0.4878318584 0.7422566372 0.2035398230 0.0818584071
4 0.6360619469 0.7461283186 0.0641592920 0.0298672566
4 0.6310840708 0.7151548673 0.0652654867 0.0320796460
4 0.7251106195 0.7168141593 0.0807522124 0.0398230088
4 0.7273230088 0.7522123894 0.0785398230 0.0353982301
7 0.8324115044 0.7549778761 0.0254424779 0.0409292035
7 0.8080752212 0.7228982301 0.0232300885 0.0608407080
7 0.8329646018 0.7134955752 0.0331858407 0.0464601770
4 0.9568584071 0.6935840708 0.0862831858 0.0376106195
4 0.9574115044 0.7295353982 0.0851769912 0.0365044248
2 0.3219026549 0.8003318584 0.1946902655 0.1426991150
2 0.4977876106 0.8119469027 0.1969026549 0.0884955752
4 0.6404867257 0.7754424779 0.0663716814 0.0309734513
0 0.7334070796 0.8235619469 0.0862831858 0.0453539823
4 0.7289823009 0.7831858407 0.0774336283 0.0287610619
7 0.8108407080 0.7798672566 0.0221238938 0.0553097345
4 0.9557522124 0.7627212389 0.0884955752 0.0387168142
0 0.4120575221 0.8805309735 0.0785398230 0.0331858407
0 0.6194690265 0.8838495575 0.0929203540 0.0398230088
0 0.6266592920 0.8451327434 0.0829646018 0.0442477876
0 0.7345132743 0.8611725664 0.0929203540 0.0387168142
7 0.8362831858 0.8490044248 0.0995575221 0.0674778761
7 0.9607300885 0.8689159292 0.0785398230 0.0586283186
0 0.3136061947 0.9065265487 0.0586283186 0.0453539823
0 0.2444690265 0.9391592920 0.0575221239 0.0486725664
0 0.2909292035 0.9452433628 0.0597345133 0.0409292035
0 0.4009955752 0.9186946903 0.0851769912 0.0409292035
0 0.3838495575 0.9585176991 0.0929203540 0.0409292035
0 0.5044247788 0.9264380531 0.0929203540 0.0475663717
0 0.6150442478 0.9253318584 0.0929203540 0.0475663717
0 0.6089601770 0.9662610619 0.0984513274 0.0453539823
0 0.7372787611 0.9325221239 0.1050884956 0.0486725664
0 0.7378318584 0.8971238938 0.0995575221 0.0464601770
7 0.8423672566 0.9054203540 0.0962389381 0.0630530973
7 0.9662610619 0.9264380531 0.0674778761 0.0652654867
0 0.2245575221 0.9800884956 0.0619469027 0.0398230088
0 0.2754424779 0.9811946903 0.0553097345 0.0376106195
0 0.3733407080 0.9872787611 0.0807522124 0.0254424779
0 0.4917035398 0.9695796460 0.0918141593 0.0519911504
0 0.6056415929 0.9911504425 0.1028761062 0.0176991150
0 0.7350663717 0.9723451327 0.1095132743 0.0553097345
7 0.8528761062 0.9673672566 0.1084070796 0.0652654867
7 0.9745575221 0.9778761062 0.0508849558 0.0442477876
