1 0.0671191554 0.0761689291 0.1101055807 0.1523378582
1 0.1561085973 0.0806938160 0.0859728507 0.1613876320
1 0.2405731523 0.0776772247 0.1101055807 0.1553544495
1 0.3363499246 0.0746606335 0.1055806938 0.1493212670
1 0.4411764706 0.0746606335 0.1070889894 0.1493212670
1 0.5346907994 0.0716440422 0.1070889894 0.1432880845
1 0.6289592760 0.0716440422 0.1085972851 0.1432880845
6 0.8536953243 0.0377073906 0.1689291101 0.0754147813
1 0.0143288084 0.2081447964 0.0286576169 0.1357466063
1 0.1018099548 0.1990950226 0.1523378582 0.1508295626
1 0.2405731523 0.2187028658 0.1342383107 0.1266968326
1 0.3702865762 0.2194570136 0.1342383107 0.1312217195
1 0.5022624434 0.2073906486 0.1387631976 0.1342383107
1 0.6380090498 0.2058823529 0.1417797888 0.1342383107
6 0.7986425339 0.2511312217 0.1493212670 0.2639517345
6 0.9283559578 0.2579185520 0.1282051282 0.2564102564
1 0.0226244344 0.3491704374 0.0452488688 0.1493212670
1 0.1108597285 0.3423831071 0.1523378582 0.1598793363
1 0.2511312217 0.3461538462 0.1342383107 0.1312217195
1 0.3793363499 0.3416289593 0.1432880845 0.1251885370
1 0.5082956259 0.3363499246 0.1387631976 0.1297134238
1 0.6432880845 0.3325791855 0.1402714932 0.1282051282
1 0.0392156863 0.4909502262 0.0784313725 0.1372549020
1 0.1515837104 0.4886877828 0.1613876320 0.1387631976
1 0.3099547511 0.4879336350 0.1613876320 0.1432880845
1 0.4698340875 0.4826546003 0.1704374057 0.1478129713
1 0.6349924585 0.4653092006 0.1809954751 0.1402714932
1 0.0429864253 0.6191553544 0.0859728507 0.1342383107
1 0.1576168929 0.6168929110 0.1704374057 0.1297134238
1 0.3167420814 0.6161387632 0.1628959276 0.1221719457
1 0.4766214178 0.6123680241 0.1628959276 0.1176470588
1 0.6365007541 0.6003016591 0.1779788839 0.1327300151
5 0.7873303167 0.5550527903 0.0935143288 0.2021116139
5 0.8800904977 0.5580693816 0.0859728507 0.1960784314
5 0.9668174962 0.5535444947 0.0663650075 0.2021116139
1 0.0460030166 0.8159879336 0.0920060332 0.1357466063
1 0.1621417798 0.8574660633 0.1553544495 0.2730015083
1 0.3046757164 0.8552036199 0.1478129713 0.2654600302
1 0.4396681750 0.8453996983 0.1432880845 0.2669683258
1 0.5754147813 0.8386123680 0.1402714932 0.2654600302
5 0.8506787330 0.8484162896 0.0754147813 0.2187028658
5 0.9313725490 0.8491704374 0.0889894419 0.2171945701
5 0.9932126697 0.8484162896 0.0135746606 0.2187028658
1 0.0467571644 0.9381598793 0.0935143288 0.1236802413
