7 0.0722698073 0.0171306210 0.0567451820 0.0342612420
6 0.3720556745 0.0149892934 0.0952890792 0.0299785867
6 0.4486081370 0.0117773019 0.0770877944 0.0235546039
7 0.0894004283 0.0765524625 0.0802997859 0.0888650964
6 0.2285867238 0.0401498929 0.0931477516 0.0802997859
5 0.4009635974 0.0701284797 0.1445396146 0.1081370450
5 0.6054603854 0.0487152034 0.1531049251 0.0974304069
5 0.7692719486 0.0347965739 0.0931477516 0.0695931478
5 0.9668094218 0.0524625268 0.0663811563 0.1049250535
1 0.0026766595 0.1440042827 0.0053533191 0.0802997859
7 0.0813704497 0.1595289079 0.0535331906 0.0770877944
6 0.2467880086 0.1397216274 0.0995717345 0.1231263383
5 0.6043897216 0.1397216274 0.1466809422 0.1124197002
5 0.7639186296 0.1177730193 0.0888650964 0.1070663812
5 0.9641327623 0.1584582441 0.0717344754 0.1263383298
1 0.0123126338 0.2253747323 0.0246252677 0.0824411135
5 0.4068522484 0.1643468951 0.1434689507 0.1167023555
5 0.8394004283 0.2291220557 0.1070663812 0.1349036403
7 0.0979657388 0.2392933619 0.0631691649 0.0674518201
7 0.2505353319 0.2387580300 0.0920770878 0.0792291221
1 0.3806209850 0.2730192719 0.0695931478 0.1070663812
1 0.4502141328 0.2698072805 0.0867237687 0.1092077088
5 0.6081370450 0.2483940043 0.1477516060 0.1241970021
5 0.7580299786 0.2366167024 0.0856531049 0.1220556745
6 0.9593147752 0.2735546039 0.0813704497 0.0888650964
1 0.0192719486 0.3019271949 0.0385438972 0.0749464668
7 0.1268736617 0.3083511777 0.0717344754 0.0535331906
7 0.2558886510 0.3137044968 0.0856531049 0.0770877944
1 0.5776231263 0.3645610278 0.0845824411 0.1017130621
6 0.7976445396 0.3372591006 0.1691648822 0.0813704497
6 0.9539614561 0.3613490364 0.0920770878 0.0888650964
1 0.0042826552 0.3993576017 0.0085653105 0.1284796574
1 0.1370449679 0.3758029979 0.0835117773 0.0706638116
7 0.2633832976 0.3827623126 0.0749464668 0.0674518201
1 0.3854389722 0.3709850107 0.0620985011 0.0974304069
1 0.4518201285 0.3725910064 0.0813704497 0.1027837259
6 0.7922912206 0.4148822270 0.1648822270 0.0802997859
7 0.0074946467 0.5026766595 0.0149892934 0.0717344754
1 0.1450749465 0.4421841542 0.0824411135 0.0663811563
1 0.2735546039 0.4507494647 0.0974304069 0.0749464668
1 0.3923982869 0.4555674518 0.0631691649 0.0824411135
1 0.4571734475 0.4603854390 0.0749464668 0.0835117773
1 0.5797644540 0.4609207709 0.0824411135 0.0931477516
1 0.7419700214 0.4994646681 0.0856531049 0.0824411135
6 0.9486081370 0.4480728051 0.1027837259 0.0845824411
1 0.1579229122 0.5133832976 0.0824411135 0.0781584582
1 0.2847965739 0.5192719486 0.0877944325 0.0663811563
1 0.4009635974 0.5396145610 0.0631691649 0.0770877944
1 0.4587794433 0.5438972163 0.0610278373 0.0770877944
1 0.5797644540 0.5471092077 0.0781584582 0.0770877944
1 0.9368308351 0.5305139186 0.0963597430 0.0824411135
7 0.0165952891 0.5792291221 0.0331905782 0.0685224839
1 0.1697002141 0.5867237687 0.0888650964 0.0792291221
1 0.2906852248 0.5894004283 0.0888650964 0.0824411135
1 0.4036402570 0.6081370450 0.0556745182 0.0685224839
1 0.4598501071 0.6199143469 0.0610278373 0.0728051392
1 0.5781584582 0.6231263383 0.0749464668 0.0728051392
1 0.7398286938 0.5856531049 0.0813704497 0.0770877944
1 0.9255888651 0.6065310493 0.0888650964 0.0738758030
1 0.7360813704 0.6595289079 0.0845824411 0.0728051392
1 0.9138115632 0.6820128480 0.0888650964 0.0813704497
