1 0.1398876404 0.2550561798 0.1269662921 0.1348314607
1 0.3342696629 0.2168539326 0.1898876404 0.0719101124
1 0.5511235955 0.2606741573 0.0820224719 0.1438202247
1 0.7634831461 0.2230337079 0.0752808989 0.0797752809
1 0.6882022472 0.2230337079 0.0752808989 0.0797752809
1 0.9308988764 0.2151685393 0.1382022472 0.0640449438
1 0.0376404494 0.2691011236 0.0752808989 0.1606741573
1 0.3342696629 0.2831460674 0.1943820225 0.0719101124
1 0.4719101124 0.2629213483 0.0786516854 0.1550561798
1 0.6898876404 0.3039325843 0.0741573034 0.0775280899
1 0.7634831461 0.3005617978 0.0752808989 0.0752808989
1 0.9297752809 0.2735955056 0.1359550562 0.0573033708
1 0.9286516854 0.3314606742 0.1382022472 0.0584269663
1 0.1410112360 0.3539325843 0.1292134831 0.0629213483
1 0.3342696629 0.3488764045 0.1876404494 0.0662921348
1 0.6859550562 0.3865168539 0.0797752809 0.0898876404
1 0.7623595506 0.3808988764 0.0752808989 0.0876404494
1 0.9264044944 0.3898876404 0.1449438202 0.0629213483
1 0.0387640449 0.4151685393 0.0775280899 0.1359550562
1 0.1426966292 0.4775280899 0.1280898876 0.0584269663
1 0.1398876404 0.4174157303 0.1269662921 0.0662921348
1 0.3213483146 0.4078651685 0.1617977528 0.0561797753
1 0.3185393258 0.4651685393 0.1539325843 0.0606741573
1 0.4814606742 0.4185393258 0.0932584270 0.1539325843
1 0.5747191011 0.4106741573 0.0932584270 0.1539325843
1 0.7696629213 0.4735955056 0.0719101124 0.0955056180
1 0.6797752809 0.4752808989 0.0876404494 0.0876404494
1 0.9264044944 0.4494382022 0.1382022472 0.0651685393
1 0.0398876404 0.5455056180 0.0797752809 0.1337078652
1 0.1438202247 0.5337078652 0.1303370787 0.0561797753
1 0.3252808989 0.5247191011 0.1584269663 0.0629213483
3 0.8808988764 0.5269662921 0.0516853933 0.1011235955
3 0.9325842697 0.5039325843 0.0516853933 0.0505617978
1 0.1353932584 0.6151685393 0.1112359551 0.1089887640
1 0.3252808989 0.5859550562 0.1629213483 0.0617977528
1 0.4876404494 0.5792134831 0.0966292135 0.1606741573
1 0.5814606742 0.5775280899 0.0977528090 0.1707865169
1 0.7623595506 0.5629213483 0.0707865169 0.0831460674
1 0.6814606742 0.5612359551 0.0752808989 0.0820224719
3 0.9308988764 0.6056179775 0.0528089888 0.0561797753
3 0.9353932584 0.5539325843 0.0438202247 0.0494382022
1 0.0398876404 0.6432584270 0.0797752809 0.0640449438
1 0.3252808989 0.6494382022 0.1651685393 0.0674157303
1 0.6859550562 0.6438202247 0.0842696629 0.0853932584
1 0.7657303371 0.6455056180 0.0820224719 0.0865168539
3 0.8825842697 0.6314606742 0.0550561798 0.1101123596
3 0.9314606742 0.6595505618 0.0539325843 0.0584269663
