1 0.0081967213 0.4131147541 0.0163934426 0.1245901639
1 0.4795081967 0.4049180328 0.2409836066 0.0983606557
1 0.9188524590 0.4139344262 0.1622950820 0.0934426230
1 0.0073770492 0.5336065574 0.0147540984 0.1196721311
1 0.1057377049 0.5098360656 0.1426229508 0.2491803279
1 0.2434426230 0.5073770492 0.1426229508 0.2344262295
1 0.4795081967 0.4975409836 0.2377049180 0.0901639344
1 0.7565573770 0.4549180328 0.1622950820 0.1590163934
1 0.4795081967 0.5868852459 0.2311475410 0.0918032787
1 0.7442622951 0.5737704918 0.1901639344 0.0819672131
1 0.9188524590 0.5565573770 0.1622950820 0.1950819672
1 0.0131147541 0.6590163934 0.0262295082 0.1278688525
1 0.1163934426 0.7532786885 0.1377049180 0.2245901639
1 0.2516393443 0.7418032787 0.1360655738 0.2245901639
1 0.4893442623 0.6737704918 0.2245901639 0.0885245902
1 0.4852459016 0.7573770492 0.2360655738 0.0819672131
1 0.7459016393 0.6557377049 0.1868852459 0.0852459016
1 0.7500000000 0.7434426230 0.1852459016 0.0967213115
1 0.9204918033 0.7467213115 0.1590163934 0.1983606557
1 0.0057377049 0.7885245902 0.0114754098 0.1311475410
1 0.4663934426 0.8434426230 0.2737704918 0.0967213115
1 0.7483606557 0.8360655738 0.1885245902 0.0918032787
1 0.2655737705 0.9278688525 0.1147540984 0.1442622951
1 0.4663934426 0.9393442623 0.2836065574 0.1049180328
1 0.9221311475 0.9213114754 0.1557377049 0.1573770492
1 0.1500000000 0.9336065574 0.1196721311 0.1327868852
1 0.4663934426 0.9918032787 0.2770491803 0.0163934426
1 0.7500000000 0.9409836066 0.1852459016 0.1180327869
