5 0.9704097117 0.0766312595 0.0591805766 0.0531107739
5 0.9719271624 0.1911987860 0.0561456753 0.0273141123
5 0.9726858877 0.2655538695 0.0546282246 0.1274658574
1 0.8710166920 0.3558421851 0.0819423369 0.0470409712
5 0.9726858877 0.4264036419 0.0546282246 0.1426403642
1 0.8626707132 0.5508345979 0.0773899848 0.0728376328
5 0.9749620637 0.5735963581 0.0500758725 0.0455235205
1 0.6494688923 0.6365705615 0.0880121396 0.0773899848
1 0.7496206373 0.6305007587 0.0880121396 0.0864946889
1 0.8497723824 0.6350531108 0.0940819423 0.0804248862
1 0.4264036419 0.7207890744 0.0515933232 0.0667678300
1 0.4233687405 0.7921092564 0.0606980273 0.0698027314
1 0.5864946889 0.7951441578 0.0864946889 0.0758725341
1 0.5857359636 0.7215477997 0.0910470410 0.0682852807
1 0.4992412747 0.7966616085 0.0910470410 0.0758725341
1 0.4992412747 0.7230652504 0.0910470410 0.0713201821
1 0.6798179059 0.7283763278 0.0910470410 0.0789074355
1 0.6783004552 0.8095599393 0.0940819423 0.0834597876
1 0.7723823976 0.7238239757 0.0971168437 0.0758725341
1 0.7723823976 0.7981790592 0.0940819423 0.0758725341
1 0.8694992413 0.8088012140 0.0940819423 0.0819423369
1 0.8687405159 0.7276176024 0.0925644917 0.0773899848
5 0.9742033384 0.7966616085 0.0515933232 0.0637329287
5 0.9734446131 0.7268588771 0.0531107739 0.0728376328
1 0.2807283763 0.9097116844 0.0637329287 0.0591805766
1 0.3672230653 0.9051593323 0.0849772382 0.0713201821
1 0.4499241275 0.9150227618 0.0804248862 0.0849772382
1 0.5326251897 0.9074355083 0.0728376328 0.0758725341
1 0.6168437026 0.9066767830 0.0864946889 0.0773899848
1 0.7010622155 0.9089529590 0.0849772382 0.0789074355
1 0.7875569044 0.9097116844 0.0849772382 0.0804248862
1 0.8755690440 0.9119878604 0.0910470410 0.0819423369
5 0.9749620637 0.9195751138 0.0500758725 0.0789074355
1 0.2807283763 0.9726858877 0.0819423369 0.0546282246
1 0.3581183612 0.9711684370 0.0880121396 0.0576631259
1 0.5295902883 0.9734446131 0.0819423369 0.0531107739
1 0.6122913505 0.9734446131 0.0864946889 0.0531107739
1 0.7860394537 0.9749620637 0.0880121396 0.0500758725
1 0.6987860395 0.9742033384 0.0834597876 0.0515933232
1 0.8755690440 0.9757207891 0.0910470410 0.0485584219
5 0.9734446131 0.9772382398 0.0531107739 0.0455235205
