1 0.1532912534 0.0247971145 0.0865644725 0.0441839495
1 0.2623985573 0.0234445446 0.0468890893 0.0468890893
1 0.4192966637 0.0297565374 0.0468890893 0.0504959423
1 0.4553651939 0.0302073940 0.0270513977 0.0513976555
1 0.7294860234 0.0117222723 0.0991884581 0.0234445446
1 0.0085662759 0.0982867448 0.0171325518 0.0450856628
1 0.0374211001 0.0973850316 0.0405770965 0.0468890893
1 0.0139765555 0.0383228133 0.0279531109 0.0640216411
1 0.1519386835 0.0685302074 0.0874661858 0.0450856628
1 0.1532912534 0.1113615870 0.0865644725 0.0495942290
1 0.2619477006 0.1253381425 0.0459873760 0.0504959423
1 0.2628494139 0.0707844905 0.0459873760 0.0586113616
1 0.2984670875 0.1158701533 0.0270513977 0.0333633904
1 0.2993688007 0.0739404869 0.0270513977 0.0541027953
1 0.4201983769 0.0779981966 0.0468890893 0.0495942290
1 0.4558160505 0.0689810640 0.0243462579 0.0297565374
1 0.6131650135 0.1041478810 0.0901713255 0.1091073039
1 0.7826871055 0.1271415690 0.0198376916 0.1388638413
1 0.8665464382 0.1167718665 0.0541027953 0.1361587015
1 0.0374211001 0.1853020739 0.0405770965 0.0387736700
1 0.0085662759 0.1871055005 0.0171325518 0.0441839495
1 0.0378719567 0.1433724076 0.0432822362 0.0468890893
1 0.0081154193 0.1429215509 0.0162308386 0.0459873760
1 0.1379621280 0.1938683499 0.0631199279 0.0432822362
1 0.1415689811 0.1596032462 0.0559062218 0.0324616772
1 0.2637511271 0.1898106402 0.0495942290 0.0676284941
1 0.3088367899 0.1920649234 0.0477908025 0.0649233544
1 0.4522091975 0.1816952209 0.0333633904 0.0477908025
1 0.4161406673 0.1293958521 0.0459873760 0.0586113616
1 0.4116321010 0.1898106402 0.0477908025 0.0297565374
1 0.6064021641 0.2218214608 0.0856627592 0.0847610460
1 0.7312894500 0.1568981064 0.0450856628 0.1496844004
1 0.0153291253 0.2403065825 0.0306582507 0.0423805230
1 0.1384129847 0.2344454463 0.0622182146 0.0432822362
1 0.1370604148 0.2759242561 0.0613165014 0.0432822362
1 0.2633002705 0.2560865645 0.0486925158 0.0631199279
1 0.3092876465 0.2542831380 0.0450856628 0.0613165014
1 0.4517583408 0.2889990983 0.0324616772 0.0333633904
1 0.4143372408 0.2826871055 0.0513976555 0.0513976555
1 0.4161406673 0.2281334536 0.0513976555 0.0559062218
1 0.6086564472 0.2853922453 0.0919747520 0.0586113616
1 0.0148782687 0.3512173129 0.0297565374 0.0405770965
1 0.0144274121 0.3895401262 0.0288548242 0.0396753832
1 0.1262398557 0.3809738503 0.0486925158 0.0568079351
1 0.1672678088 0.3232642020 0.0477908025 0.0550045086
1 0.1708746619 0.3827772768 0.0441839495 0.0568079351
1 0.2944093778 0.3286744815 0.0225428314 0.0495942290
1 0.2560865645 0.3210099188 0.0468890893 0.0577096483
1 0.2574391344 0.3778178539 0.0477908025 0.0432822362
1 0.2939585212 0.3764652840 0.0252479711 0.0387736700
1 0.4531109107 0.3715058611 0.0243462579 0.0306582507
1 0.4531109107 0.3313796213 0.0261496844 0.0513976555
1 0.4179440938 0.3818755636 0.0477908025 0.0477908025
1 0.4179440938 0.3309287647 0.0423805230 0.0504959423
1 0.5838593327 0.3904418395 0.0459873760 0.0541027953
1 0.5834084761 0.3399458972 0.0468890893 0.0522993688
1 0.6275924256 0.3944995491 0.0468890893 0.0550045086
1 0.6311992786 0.3417493237 0.0468890893 0.0541027953
1 0.0148782687 0.4283137962 0.0297565374 0.0396753832
1 0.0144274121 0.4801623084 0.0288548242 0.0387736700
1 0.1244364292 0.4346257890 0.0450856628 0.0504959423
1 0.1239855726 0.4882777277 0.0423805230 0.0532010821
1 0.1695220920 0.4409377818 0.0468890893 0.0541027953
1 0.1695220920 0.4936880072 0.0486925158 0.0532010821
1 0.4080252480 0.5027051398 0.0477908025 0.0622182146
1 0.4075743913 0.4386834986 0.0450856628 0.0622182146
1 0.4562669071 0.5054102795 0.0486925158 0.0586113616
1 0.4598737601 0.4409377818 0.0468890893 0.0631199279
1 0.5816050496 0.4436429216 0.0450856628 0.0541027953
1 0.5942290352 0.4972948602 0.0703336339 0.0532010821
1 0.6275924256 0.4463480613 0.0486925158 0.0522993688
1 0.0139765555 0.5171325518 0.0279531109 0.0297565374
4 0.0266005410 0.5522993688 0.0532010821 0.0423805230
4 0.0256988278 0.5951307484 0.0513976555 0.0432822362
4 0.1483318305 0.6073038774 0.0856627592 0.0369702435
4 0.1474301172 0.5356176736 0.0856627592 0.0414788097
4 0.1483318305 0.5725879170 0.0856627592 0.0378719567
4 0.2714156898 0.5658250676 0.0667267809 0.0351668170
4 0.2723174031 0.6005410280 0.0649233544 0.0324616772
1 0.3020739405 0.5225428314 0.0486925158 0.0586113616
4 0.4364292155 0.5504959423 0.0865644725 0.0333633904
4 0.4377817854 0.5838593327 0.0910730388 0.0351668170
1 0.5973850316 0.5883678990 0.0658250676 0.0441839495
1 0.5946798918 0.5441839495 0.0712353472 0.0513976555
4 0.0266005410 0.6397655546 0.0532010821 0.0441839495
7 0.0135256988 0.6862037872 0.0270513977 0.0504959423
7 0.0392245266 0.6862037872 0.0297565374 0.0504959423
7 0.1478809739 0.6532912534 0.0306582507 0.0550045086
7 0.1767357980 0.6528403968 0.0288548242 0.0559062218
7 0.2826871055 0.6794409378 0.0351668170 0.0766456267
4 0.2709648332 0.6348061317 0.0640216411 0.0360685302
7 0.2506762849 0.6848512173 0.0306582507 0.0694319206
7 0.3097385032 0.6853020739 0.0333633904 0.0703336339
4 0.4391343553 0.6203787196 0.0865644725 0.0396753832
7 0.4391343553 0.6744815149 0.0270513977 0.0739404869
7 0.4093778179 0.6758340848 0.0342651037 0.0766456267
7 0.4666366096 0.6735798016 0.0351668170 0.0667267809
4 0.6055004509 0.6672678088 0.0856627592 0.0811541930
7 0.0360685302 0.7862939585 0.0306582507 0.0504959423
7 0.0117222723 0.7862939585 0.0234445446 0.0522993688
7 0.0374211001 0.7362488729 0.0297565374 0.0495942290
7 0.0121731289 0.7357980162 0.0243462579 0.0504959423
7 0.1469792606 0.7096483318 0.0324616772 0.0559062218
7 0.1762849414 0.7105500451 0.0297565374 0.0577096483
7 0.1735798016 0.7691614067 0.0351668170 0.0595130748
7 0.1456266907 0.7646528404 0.0351668170 0.0613165014
7 0.2795311091 0.7515779982 0.0342651037 0.0730387737
7 0.2506762849 0.7529305681 0.0306582507 0.0667267809
7 0.3088367899 0.7547339946 0.0333633904 0.0739404869
7 0.4359783589 0.7461677187 0.0351668170 0.0604147881
7 0.4639314698 0.7475202885 0.0333633904 0.0631199279
4 0.5946798918 0.7452660054 0.0838593327 0.0802524797
7 0.0338142471 0.8746618575 0.0279531109 0.0270513977
7 0.0351668170 0.8363390442 0.0288548242 0.0513976555
7 0.0099188458 0.8746618575 0.0198376916 0.0270513977
7 0.0117222723 0.8363390442 0.0234445446 0.0513976555
7 0.1433724076 0.8832281335 0.0306582507 0.0586113616
7 0.1447249775 0.8250676285 0.0297565374 0.0595130748
7 0.1740306583 0.8255184851 0.0306582507 0.0586113616
7 0.1731289450 0.8827772768 0.0306582507 0.0577096483
7 0.2786293959 0.8183047791 0.0378719567 0.0676284941
7 0.2479711452 0.8823264202 0.0288548242 0.0658250676
7 0.2479711452 0.8178539225 0.0270513977 0.0667267809
7 0.2759242561 0.8859332732 0.0360685302 0.0622182146
7 0.3074842200 0.8868349865 0.0378719567 0.0586113616
7 0.4035166817 0.8688007214 0.0369702435 0.0586113616
7 0.4364292155 0.8056807935 0.0324616772 0.0676284941
7 0.4089269612 0.8043282236 0.0333633904 0.0703336339
7 0.4625788999 0.8083859333 0.0324616772 0.0658250676
7 0.4589720469 0.8683498647 0.0378719567 0.0595130748
4 0.6045987376 0.8277727683 0.0856627592 0.0811541930
7 0.7290351668 0.8277727683 0.0423805230 0.0631199279
7 0.0099188458 0.9003606853 0.0198376916 0.0279531109
7 0.0333633904 0.8999098287 0.0270513977 0.0270513977
7 0.0320108206 0.9238052299 0.0297565374 0.0243462579
7 0.1379621280 0.9296663661 0.0288548242 0.0306582507
7 0.1384129847 0.9589720469 0.0279531109 0.0297565374
7 0.2723174031 0.9675383228 0.0270513977 0.0342651037
7 0.2723174031 0.9332732191 0.0306582507 0.0360685302
7 0.4341749324 0.9238052299 0.0279531109 0.0568079351
7 0.4048692516 0.9283137962 0.0306582507 0.0568079351
7 0.4630297565 0.9242560866 0.0297565374 0.0559062218
4 0.6032461677 0.9066726781 0.0865644725 0.0784490532
4 0.6014427412 0.9733994590 0.0847610460 0.0532010821
7 0.7249774572 0.9305680794 0.0234445446 0.1388638413
7 0.8313796213 0.9418394950 0.0450856628 0.1163210099
7 0.7858431019 0.9332732191 0.0586113616 0.1334535618
6 0.0229936880 0.9923354373 0.0459873760 0.0153291253
6 0.1181244364 0.9842200180 0.0324616772 0.0315599639
6 0.1492335437 0.9882777277 0.0333633904 0.0234445446
6 0.2709648332 0.9887285843 0.0928764653 0.0225428314
6 0.4499549143 0.9779080252 0.0450856628 0.0441839495
6 0.4080252480 0.9774571686 0.0513976555 0.0450856628
6 0.4080252480 0.9774571686 0.0513976555 0.0450856628
