6 0.0182012848 0.0299785867 0.0364025696 0.0599571734
5 0.1520342612 0.0251605996 0.1434689507 0.0503211991
5 0.6059957173 0.0139186296 0.0942184154 0.0278372591
5 0.1509635974 0.0792291221 0.1434689507 0.0556745182
5 0.3602783726 0.0347965739 0.1552462527 0.0695931478
5 0.5144539615 0.0364025696 0.0867237687 0.0728051392
5 0.4994646681 0.0936830835 0.0503211991 0.0524625268
5 0.6043897216 0.0786937901 0.0952890792 0.1124197002
5 0.7344753747 0.0765524625 0.0406852248 0.0910064240
5 0.6905781585 0.0792291221 0.0535331906 0.0985010707
5 0.8222698073 0.0546038544 0.0963597430 0.1092077088
5 0.9373661670 0.0455032120 0.1252676660 0.0910064240
6 0.0160599572 0.1108137045 0.0321199143 0.0910064240
5 0.1541755889 0.1450749465 0.1391862955 0.0610278373
5 0.3608137045 0.1086723769 0.1541755889 0.0631691649
5 0.8115631692 0.1568522484 0.1027837259 0.0845824411
5 0.9362955032 0.1402569593 0.1274089936 0.1113490364
6 0.0149892934 0.2028907923 0.0299785867 0.1059957173
5 0.1520342612 0.2109207709 0.1434689507 0.0663811563
5 0.3602783726 0.1659528908 0.1552462527 0.0535331906
5 0.5165952891 0.1664882227 0.0695931478 0.0952890792
5 0.6006423983 0.1691648822 0.1049250535 0.0920770878
5 0.7098501071 0.1638115632 0.1049250535 0.0899357602
1 0.6236616702 0.2864025696 0.2087794433 0.1252676660
1 0.0198072805 0.3131691649 0.0396145610 0.0995717345
1 0.0883297645 0.3190578158 0.0995717345 0.1284796574
1 0.1841541756 0.3179871520 0.0942184154 0.1263383298
1 0.3533190578 0.3613490364 0.1884368308 0.0995717345
1 0.0214132762 0.4089935760 0.0428265525 0.0985010707
1 0.1006423983 0.4362955032 0.1049250535 0.1209850107
1 0.1927194861 0.4314775161 0.0835117773 0.1156316916
1 0.6236616702 0.3988222698 0.2044967880 0.1295503212
2 0.8495717345 0.3865096360 0.1231263383 0.1648822270
2 0.9544967880 0.3747323340 0.0910064240 0.1605995717
1 0.0224839400 0.5005353319 0.0449678801 0.1017130621
1 0.3581370450 0.4577087794 0.1895074946 0.1017130621
1 0.1043897216 0.5497858672 0.1017130621 0.1145610278
1 0.1953961456 0.5449678801 0.0867237687 0.1156316916
1 0.3650963597 0.5535331906 0.1884368308 0.1049250535
1 0.6375802998 0.5155246253 0.2109207709 0.1252676660
1 0.0251605996 0.5915417559 0.0503211991 0.0952890792
1 0.6407922912 0.6375802998 0.2130620985 0.1252676660
1 0.0289079229 0.6911134904 0.0578158458 0.1081370450
1 0.1049250535 0.6622055675 0.0985010707 0.1145610278
1 0.1959314775 0.6579229122 0.0920770878 0.1209850107
1 0.3667023555 0.6547109208 0.1937901499 0.1102783726
1 0.1065310493 0.7735546039 0.0974304069 0.1188436831
1 0.1975374732 0.7698072805 0.0952890792 0.1220556745
1 0.3372591006 0.7655246253 0.0963597430 0.1220556745
1 0.4271948608 0.7628479657 0.0942184154 0.1188436831
1 0.6402569593 0.7623126338 0.2077087794 0.1284796574
1 0.9127408994 0.7398286938 0.1745182013 0.1670235546
1 0.0294432548 0.7906852248 0.0588865096 0.1059957173
