1 0.1962242563 0.0921052632 0.0972540046 0.1109839817
2 0.1064073227 0.1041189931 0.0869565217 0.1876430206
1 0.2717391304 0.1212814645 0.0606407323 0.1464530892
1 0.3289473684 0.1321510297 0.0629290618 0.1475972540
1 0.3850114416 0.1430205950 0.0537757437 0.1441647597
1 0.4376430206 0.1504576659 0.0537757437 0.1361556064
7 0.5566361556 0.1681922197 0.0354691076 0.1235697941
2 0.4925629291 0.1521739130 0.0629290618 0.1144164760
7 0.7397025172 0.1636155606 0.0469107551 0.0526315789
7 0.7877574371 0.1721967963 0.0469107551 0.0446224256
7 0.8335240275 0.1824942792 0.0491990847 0.0491990847
7 0.8770022883 0.1876430206 0.0491990847 0.0411899314
1 0.0909610984 0.2740274600 0.0720823799 0.1064073227
1 0.1613272311 0.2797482838 0.0663615561 0.1064073227
1 0.2242562929 0.2877574371 0.0549199085 0.0949656751
7 0.7179633867 0.2288329519 0.0423340961 0.0503432494
7 0.7557208238 0.2459954233 0.0308924485 0.0389016018
7 0.8152173913 0.2408466819 0.0469107551 0.0469107551
7 0.9262013730 0.2339816934 0.0514874142 0.1155606407
7 0.8775743707 0.2379862700 0.0457665904 0.0549199085
1 0.2820366133 0.3003432494 0.0583524027 0.0972540046
1 0.3358123570 0.3066361556 0.0514874142 0.0915331808
1 0.3901601831 0.3169336384 0.0549199085 0.0938215103
1 0.4387871854 0.3266590389 0.0446224256 0.0995423341
1 0.5371853547 0.3289473684 0.0583524027 0.0789473684
1 0.4856979405 0.3352402746 0.0446224256 0.0961098398
5 0.5909610984 0.3455377574 0.0537757437 0.0938215103
5 0.6430205950 0.3564073227 0.0526315789 0.0812356979
5 0.6933638444 0.3581235698 0.0480549199 0.0846681922
5 0.7425629291 0.3644164760 0.0526315789 0.0881006865
5 0.7923340961 0.3701372998 0.0469107551 0.0812356979
5 0.8358123570 0.3890160183 0.0400457666 0.0915331808
1 0.0886727689 0.4210526316 0.0766590389 0.0617848970
1 0.0869565217 0.4702517162 0.0846681922 0.0594965675
1 0.1670480549 0.4794050343 0.0800915332 0.0594965675
1 0.1641876430 0.4290617849 0.0789473684 0.0503432494
1 0.2391304348 0.4851258581 0.0709382151 0.0526315789
1 0.2368421053 0.4376430206 0.0709382151 0.0514874142
1 0.3049199085 0.4479405034 0.0697940503 0.0514874142
1 0.3712814645 0.4605263158 0.0629290618 0.0537757437
1 0.4788329519 0.4696796339 0.0560640732 0.0537757437
1 0.4273455378 0.4656750572 0.0537757437 0.0503432494
1 0.5314645309 0.4765446224 0.0537757437 0.0446224256
5 0.8718535469 0.3958810069 0.0366132723 0.0892448513
0 0.9159038902 0.3987414188 0.0537757437 0.0903890160
0 0.9742562929 0.4033180778 0.0514874142 0.0858123570
1 0.0846681922 0.5245995423 0.0823798627 0.0537757437
1 0.1659038902 0.5303203661 0.0800915332 0.0583524027
1 0.2397025172 0.5389016018 0.0697940503 0.0663615561
1 0.3089244851 0.4942791762 0.0640732265 0.0549199085
1 0.3072082380 0.5503432494 0.0629290618 0.0594965675
1 0.3655606407 0.5594965675 0.0560640732 0.0594965675
1 0.3667048055 0.5097254005 0.0560640732 0.0514874142
1 0.4759725400 0.5686498856 0.0526315789 0.0480549199
1 0.4759725400 0.5194508009 0.0549199085 0.0526315789
1 0.4187643021 0.5697940503 0.0549199085 0.0594965675
1 0.4227688787 0.5148741419 0.0560640732 0.0572082380
1 0.5303203661 0.5228832952 0.0537757437 0.0549199085
1 0.5245995423 0.5778032037 0.0560640732 0.0526315789
5 0.5852402746 0.5749427918 0.0720823799 0.0469107551
5 0.5886727689 0.5080091533 0.0629290618 0.0938215103
5 0.6504576659 0.5171624714 0.0606407323 0.0892448513
5 0.7110983982 0.5200228833 0.0583524027 0.0903890160
5 0.7694508009 0.5303203661 0.0583524027 0.0972540046
0 0.8346681922 0.5268878719 0.0263157895 0.0354691076
0 0.8798627002 0.5406178490 0.0709382151 0.0881006865
0 0.9267734554 0.5217391304 0.0411899314 0.0503432494
0 0.9696796339 0.5257437071 0.0469107551 0.0491990847
0 0.9536613272 0.5800915332 0.0720823799 0.0343249428
0 0.9954233410 0.5274599542 0.0091533181 0.0457665904
1 0.1372997712 0.6424485126 0.0732265446 0.0583524027
1 0.2620137300 0.6527459954 0.0572082380 0.0537757437
1 0.2019450801 0.6464530892 0.0652173913 0.0594965675
1 0.3226544622 0.6544622426 0.0640732265 0.0503432494
1 0.3855835240 0.6607551487 0.0640732265 0.0514874142
1 0.4496567506 0.6624713959 0.0617848970 0.0480549199
1 0.5097254005 0.6670480549 0.0583524027 0.0503432494
5 0.6109839817 0.6716247140 0.0457665904 0.0434782609
5 0.5629290618 0.6704805492 0.0480549199 0.0480549199
5 0.6493135011 0.5921052632 0.0606407323 0.0652173913
5 0.7002288330 0.6762013730 0.0457665904 0.0389016018
5 0.6561784897 0.6733409611 0.0446224256 0.0423340961
5 0.7477116705 0.6784897025 0.0446224256 0.0366132723
5 0.7110983982 0.5949656751 0.0583524027 0.0572082380
5 0.7917620137 0.6813501144 0.0411899314 0.0377574371
1 0.1321510297 0.6962242563 0.0812356979 0.0560640732
1 0.1241418764 0.7511441648 0.0766590389 0.0629290618
1 0.1905034325 0.7574370709 0.0697940503 0.0572082380
1 0.1956521739 0.7008009153 0.0709382151 0.0560640732
1 0.2511441648 0.7574370709 0.0629290618 0.0594965675
1 0.2540045767 0.7065217391 0.0572082380 0.0560640732
1 0.3192219680 0.7088100686 0.0617848970 0.0537757437
1 0.3821510297 0.7168192220 0.0640732265 0.0560640732
1 0.4485125858 0.7168192220 0.0617848970 0.0537757437
1 0.5091533181 0.7185354691 0.0572082380 0.0526315789
5 0.5646453089 0.7145308924 0.0491990847 0.0423340961
5 0.6098398169 0.7145308924 0.0480549199 0.0423340961
5 0.6556064073 0.7151029748 0.0457665904 0.0411899314
5 0.6355835240 0.7620137300 0.0789473684 0.0549199085
5 0.7013729977 0.7173913043 0.0457665904 0.0411899314
5 0.7008009153 0.7643020595 0.0491990847 0.0503432494
5 0.7505720824 0.7637299771 0.0480549199 0.0446224256
5 0.7482837529 0.7202517162 0.0480549199 0.0423340961
5 0.7929061785 0.7700228833 0.0480549199 0.0526315789
5 0.7923340961 0.7213958810 0.0446224256 0.0446224256
5 0.8329519451 0.6893592677 0.0389016018 0.0469107551
5 0.8323798627 0.7374141876 0.0400457666 0.0491990847
0 0.8724256293 0.7082379863 0.0469107551 0.0823798627
0 0.9170480549 0.7156750572 0.0446224256 0.0903890160
0 0.9616704805 0.6996567506 0.0491990847 0.0469107551
0 0.9937070938 0.7008009153 0.0125858124 0.0469107551
0 0.9862700229 0.7723112128 0.0274599542 0.0366132723
3 0.1024027460 0.8501144165 0.0446224256 0.0732265446
3 0.1441647597 0.8329519451 0.0434782609 0.0343249428
1 0.1870709382 0.8638443936 0.0537757437 0.0938215103
3 0.1430205950 0.8667048055 0.0389016018 0.0377574371
1 0.2328375286 0.8649885584 0.0514874142 0.0961098398
1 0.2757437071 0.8667048055 0.0503432494 0.0949656751
1 0.3175057208 0.8672768879 0.0469107551 0.0938215103
1 0.3981693364 0.8672768879 0.0389016018 0.0915331808
1 0.3586956522 0.8667048055 0.0423340961 0.0926773455
1 0.4771167048 0.8695652174 0.0411899314 0.0915331808
1 0.4364988558 0.8672768879 0.0377574371 0.0892448513
1 0.5148741419 0.8695652174 0.0366132723 0.0892448513
1 0.5491990847 0.8695652174 0.0343249428 0.0869565217
5 0.6035469108 0.8392448513 0.0263157895 0.0240274600
5 0.5772311213 0.8627002288 0.0240274600 0.0274599542
5 0.5783752860 0.8381006865 0.0240274600 0.0194508009
5 0.6046910755 0.8678489703 0.0286041190 0.0331807780
5 0.6327231121 0.8689931350 0.0251716247 0.0263157895
5 0.6630434783 0.8409610984 0.0263157895 0.0228832952
5 0.7002288330 0.8426773455 0.0480549199 0.0240274600
5 0.7002288330 0.8695652174 0.0503432494 0.0320366133
5 0.6590389016 0.8695652174 0.0274599542 0.0274599542
5 0.6338672769 0.8403890160 0.0274599542 0.0240274600
5 0.7517162471 0.8432494279 0.0526315789 0.0228832952
5 0.7522883295 0.8729977117 0.0537757437 0.0274599542
5 0.7986270023 0.8741418764 0.0366132723 0.0846681922
5 0.8381006865 0.8764302059 0.0423340961 0.0823798627
0 0.9170480549 0.7848970252 0.0423340961 0.0503432494
7 0.9834096110 0.8684210526 0.0217391304 0.0549199085
7 0.9610983982 0.8741418764 0.0205949657 0.0663615561
3 0.1001144165 0.9016018307 0.0446224256 0.0366132723
3 0.1407322654 0.9033180778 0.0389016018 0.0354691076
5 0.6321510297 0.8998855835 0.0263157895 0.0286041190
5 0.5772311213 0.8918764302 0.0240274600 0.0263157895
5 0.6310068650 0.9296338673 0.0263157895 0.0286041190
5 0.6029748284 0.8998855835 0.0274599542 0.0286041190
5 0.6012585812 0.9302059497 0.0308924485 0.0297482838
5 0.6979405034 0.9010297483 0.0503432494 0.0286041190
5 0.6567505721 0.9290617849 0.0251716247 0.0274599542
5 0.6590389016 0.8998855835 0.0274599542 0.0286041190
5 0.7517162471 0.9016018307 0.0549199085 0.0297482838
5 0.7465675057 0.9302059497 0.0514874142 0.0297482838
7 0.8838672769 0.8827231121 0.0537757437 0.0926773455
7 0.9851258581 0.9244851259 0.0228832952 0.0526315789
7 0.9302059497 0.8810068650 0.0411899314 0.0823798627
7 0.9971395881 0.8804347826 0.0057208238 0.0789473684
