1 0.3875000000 0.0256944444 0.0777777778 0.0513888889
1 0.4597222222 0.0152777778 0.0833333333 0.0305555556
1 0.5277777778 0.0263888889 0.0861111111 0.0527777778
1 0.8104166667 0.0076388889 0.0763888889 0.0152777778
1 0.9326388889 0.0243055556 0.0597222222 0.0486111111
1 0.8743055556 0.0125000000 0.0597222222 0.0250000000
1 0.4159722222 0.1159722222 0.0819444444 0.0847222222
1 0.6416666667 0.0729166667 0.0500000000 0.0902777778
1 0.7326388889 0.0722222222 0.0652777778 0.0833333333
1 0.8437500000 0.1006944444 0.0652777778 0.0791666667
1 0.7895833333 0.0840277778 0.0541666667 0.0791666667
1 0.9784722222 0.0409722222 0.0430555556 0.0819444444
1 0.9777777778 0.1173611111 0.0444444444 0.0958333333
1 0.3222222222 0.1312500000 0.0805555556 0.0791666667
1 0.0756944444 0.3590277778 0.1430555556 0.2291666667
1 0.1888888889 0.3625000000 0.1250000000 0.2166666667
1 0.2847222222 0.3666666667 0.1111111111 0.2111111111
1 0.3798611111 0.3701388889 0.1041666667 0.2013888889
1 0.4673611111 0.3736111111 0.0875000000 0.1944444444
1 0.5409722222 0.3777777778 0.0847222222 0.1888888889
1 0.6777777778 0.3868055556 0.0500000000 0.1652777778
1 0.6347222222 0.3854166667 0.0527777778 0.1680555556
1 0.7298611111 0.3916666667 0.0541666667 0.1611111111
1 0.7784722222 0.3944444444 0.0513888889 0.1527777778
1 0.8673611111 0.3993055556 0.0486111111 0.1541666667
1 0.8236111111 0.3958333333 0.0416666667 0.1555555556
1 0.9881944444 0.4006944444 0.0236111111 0.1347222222
1 0.9694444444 0.4013888889 0.0138888889 0.1416666667
1 0.0659722222 0.5937500000 0.1319444444 0.2541666667
1 0.1743055556 0.5868055556 0.1236111111 0.2402777778
1 0.2777777778 0.5833333333 0.1194444444 0.2333333333
1 0.3687500000 0.5770833333 0.1013888889 0.2180555556
1 0.4583333333 0.5736111111 0.0916666667 0.2111111111
1 0.5368055556 0.5666666667 0.0763888889 0.2000000000
1 0.6263888889 0.5645833333 0.0500000000 0.1875000000
1 0.6722222222 0.5569444444 0.0472222222 0.1750000000
1 0.7215277778 0.5527777778 0.0625000000 0.1694444444
1 0.7722222222 0.5506944444 0.0472222222 0.1597222222
1 0.8618055556 0.5486111111 0.0513888889 0.1527777778
1 0.8104166667 0.5472222222 0.0375000000 0.1527777778
1 0.9875000000 0.5423611111 0.0250000000 0.1430555556
1 0.9729166667 0.5423611111 0.0208333333 0.1430555556
1 0.3944444444 0.8312500000 0.2138888889 0.2541666667
1 0.5708333333 0.7986111111 0.1722222222 0.2250000000
1 0.7180555556 0.7798611111 0.1361111111 0.2041666667
1 0.8444444444 0.7500000000 0.1250000000 0.1944444444
1 0.9472222222 0.7319444444 0.1055555556 0.1861111111
1 0.0458333333 0.8791666667 0.0916666667 0.2416666667
1 0.1847222222 0.8645833333 0.2555555556 0.2708333333
1 0.8472222222 0.9111111111 0.1194444444 0.1777777778
1 0.9527777778 0.8888888889 0.0944444444 0.1944444444
1 0.1694444444 0.9923611111 0.2444444444 0.0152777778
1 0.3812500000 0.9569444444 0.1958333333 0.0861111111
1 0.5590277778 0.9388888889 0.1902777778 0.1222222222
1 0.7173611111 0.9222222222 0.1597222222 0.1555555556
