2 0.6346153846 0.0334757835 0.2435897436 0.0669515670
2 0.8618233618 0.0078347578 0.2706552707 0.0156695157
0 0.0990028490 0.0256410256 0.0584045584 0.0512820513
0 0.0491452991 0.0113960114 0.0527065527 0.0227920228
2 0.2357549858 0.0747863248 0.1837606838 0.1495726496
2 0.4230769231 0.0562678063 0.2165242165 0.1125356125
0 0.0056980057 0.0904558405 0.0113960114 0.1039886040
0 0.0833333333 0.1260683761 0.0527065527 0.1096866097
0 0.0320512821 0.1039886040 0.0527065527 0.1196581197
0 0.1324786325 0.1403133903 0.0427350427 0.1011396011
2 0.7799145299 0.1559829060 0.1638176638 0.3062678063
2 0.9202279202 0.1410256410 0.1595441595 0.2820512821
0 0.0256410256 0.2428774929 0.0512820513 0.1182336182
0 0.0733618234 0.2592592593 0.0612535613 0.1196581197
2 0.2207977208 0.2507122507 0.1139601140 0.2535612536
2 0.3105413105 0.2378917379 0.1054131054 0.2621082621
2 0.4188034188 0.2200854701 0.1139601140 0.2663817664
2 0.5377492877 0.2001424501 0.1182336182 0.2692307692
2 0.6595441595 0.1816239316 0.1367521368 0.2806267806
0 0.0747863248 0.4017094017 0.0612535613 0.1196581197
0 0.0256410256 0.3938746439 0.0512820513 0.1267806268
4 0.5569800570 0.3974358974 0.0427350427 0.0997150997
4 0.5135327635 0.4024216524 0.0441595442 0.0982905983
4 0.6025641026 0.3924501425 0.0484330484 0.1039886040
4 0.6495726496 0.3888888889 0.0484330484 0.0968660969
4 0.6980056980 0.3839031339 0.0541310541 0.0954415954
2 0.9159544160 0.3468660969 0.1680911681 0.1923076923
0 0.1282051282 0.4074074074 0.0512820513 0.1196581197
0 0.1780626781 0.4166666667 0.0569800570 0.1068376068
4 0.2678062678 0.4344729345 0.0398860399 0.0854700855
4 0.3454415954 0.4223646724 0.0413105413 0.0840455840
4 0.3055555556 0.4287749288 0.0384615385 0.0826210826
4 0.3853276353 0.4188034188 0.0413105413 0.0883190883
4 0.4715099715 0.4074074074 0.0455840456 0.0968660969
4 0.4280626781 0.4109686610 0.0413105413 0.0954415954
6 0.7777777778 0.5042735043 0.0512820513 0.0598290598
0 0.0249287749 0.5562678063 0.0498575499 0.1410256410
0 0.0655270655 0.5591168091 0.0626780627 0.1353276353
0 0.1111111111 0.5598290598 0.0598290598 0.1282051282
0 0.1574074074 0.5555555556 0.0498575499 0.1196581197
0 0.2058404558 0.5541310541 0.0584045584 0.1111111111
4 0.2578347578 0.5484330484 0.0370370370 0.0997150997
4 0.2977207977 0.5462962963 0.0455840456 0.1011396011
4 0.3433048433 0.5434472934 0.0512820513 0.1039886040
7 0.4743589744 0.6452991453 0.0712250712 0.0341880342
4 0.4366096866 0.5363247863 0.0498575499 0.1039886040
4 0.3903133903 0.5391737892 0.0484330484 0.1011396011
4 0.5284900285 0.5356125356 0.0512820513 0.1225071225
7 0.5398860399 0.6424501425 0.0626780627 0.0341880342
4 0.4829059829 0.5398860399 0.0484330484 0.1139601140
4 0.5762108262 0.5320512821 0.0498575499 0.1210826211
7 0.6217948718 0.6403133903 0.0356125356 0.0299145299
4 0.6225071225 0.5284900285 0.0484330484 0.1225071225
7 0.6538461538 0.6381766382 0.0341880342 0.0284900285
7 0.5883190883 0.6403133903 0.0341880342 0.0299145299
4 0.7186609687 0.5299145299 0.0498575499 0.1225071225
7 0.6873219373 0.6296296296 0.0356125356 0.0455840456
4 0.6680911681 0.5299145299 0.0512820513 0.1253561254
7 0.7207977208 0.6303418803 0.0370370370 0.0470085470
6 0.8425925926 0.5655270655 0.0584045584 0.1168091168
7 0.0313390313 0.7079772080 0.0626780627 0.1396011396
7 0.1004273504 0.6944444444 0.0811965812 0.1239316239
7 0.1730769231 0.6866096866 0.0868945869 0.1282051282
7 0.2621082621 0.6538461538 0.0712250712 0.0284900285
7 0.3475783476 0.6823361823 0.0598290598 0.0427350427
7 0.2941595442 0.6816239316 0.0527065527 0.0327635328
7 0.3354700855 0.6502849003 0.0783475783 0.0299145299
7 0.4088319088 0.6794871795 0.0683760684 0.0398860399
7 0.4074074074 0.6481481481 0.0712250712 0.0313390313
7 0.4757834758 0.6773504274 0.0712250712 0.0441595442
7 0.5434472934 0.6766381766 0.0641025641 0.0398860399
7 0.5178062678 0.7136752137 0.0641025641 0.0398860399
7 0.6438746439 0.6730769231 0.0541310541 0.0384615385
7 0.6901709402 0.6716524217 0.0413105413 0.0413105413
7 0.0733618234 0.8753561254 0.0840455840 0.1296296296
7 0.1474358974 0.8547008547 0.0754985755 0.1168091168
4 0.2841880342 0.8425925926 0.0498575499 0.1182336182
4 0.3269230769 0.8454415954 0.0470085470 0.1153846154
4 0.3732193732 0.8447293447 0.0484330484 0.1168091168
4 0.4188034188 0.8454415954 0.0455840456 0.1153846154
4 0.4643874644 0.8461538462 0.0484330484 0.1168091168
4 0.5121082621 0.8454415954 0.0498575499 0.1210826211
4 0.5591168091 0.8482905983 0.0498575499 0.1210826211
7 0.6068376068 0.8468660969 0.0484330484 0.1210826211
4 0.7122507123 0.8454415954 0.0569800570 0.1381766382
4 0.6616809117 0.8504273504 0.0555555556 0.1225071225
4 0.8212250712 0.8490028490 0.0669515670 0.1452991453
4 0.7663817664 0.8461538462 0.0626780627 0.1424501425
4 0.8732193732 0.8532763533 0.0626780627 0.1538461538
7 0.0178062678 0.8974358974 0.0356125356 0.1310541311
7 0.1794871795 0.9907407407 0.0740740741 0.0185185185
