1 0.4322742475 0.0066889632 0.1989966555 0.0133779264
1 0.6187290970 0.0309364548 0.0903010033 0.0618729097
1 0.8193979933 0.0334448161 0.0869565217 0.0668896321
1 0.7073578595 0.0317725753 0.0869565217 0.0635451505
1 0.9021739130 0.0284280936 0.0652173913 0.0568561873
1 0.0326086957 0.0794314381 0.0652173913 0.1588628763
1 0.1438127090 0.0819397993 0.1772575251 0.1638795987
8 0.4197324415 0.0693979933 0.2173913043 0.1354515050
1 0.6162207358 0.1045150502 0.0886287625 0.1020066890
1 0.7023411371 0.1137123746 0.0869565217 0.1036789298
1 0.8244147157 0.1070234114 0.0836120401 0.0969899666
1 0.9071906355 0.1170568562 0.0785953177 0.0936454849
1 0.0234113712 0.2474916388 0.0468227425 0.1772575251
1 0.1304347826 0.2500000000 0.1939799331 0.1822742475
8 0.4272575251 0.2073578595 0.1889632107 0.1170568562
1 0.6103678930 0.1989966555 0.0936454849 0.0903010033
1 0.6989966555 0.2040133779 0.0903010033 0.0936454849
1 0.8963210702 0.2081939799 0.0936454849 0.0886287625
1 0.4381270903 0.3235785953 0.1705685619 0.0719063545
1 0.6070234114 0.2901337793 0.1003344482 0.0919732441
1 0.8152173913 0.2959866221 0.0919732441 0.0903010033
1 0.6981605351 0.2976588629 0.0886287625 0.0936454849
1 0.9046822742 0.2993311037 0.0836120401 0.0802675585
1 0.9924749164 0.2625418060 0.0150501672 0.1003344482
1 0.9941471572 0.3586956522 0.0117056856 0.0953177258
1 0.0158862876 0.4264214047 0.0317725753 0.1772575251
1 0.1262541806 0.4247491639 0.1889632107 0.1772575251
1 0.4322742475 0.3921404682 0.1722408027 0.0752508361
1 0.4280936455 0.4623745819 0.1772575251 0.0719063545
1 0.6003344482 0.3846153846 0.1036789298 0.1003344482
1 0.8160535117 0.3871237458 0.0903010033 0.0953177258
1 0.6973244147 0.3946488294 0.0903010033 0.0969899666
1 0.9055183946 0.3921404682 0.0852842809 0.0953177258
1 0.9832775920 0.4598662207 0.0334448161 0.1036789298
4 0.1011705686 0.5668896321 0.2023411371 0.0869565217
1 0.4255852843 0.5334448161 0.1722408027 0.0735785953
1 0.5961538462 0.4866220736 0.0986622074 0.0969899666
1 0.8143812709 0.4824414716 0.0903010033 0.0919732441
1 0.6923076923 0.4891304348 0.0903010033 0.0953177258
1 0.8127090301 0.5785953177 0.0903010033 0.0969899666
1 0.9030100334 0.4849498328 0.0869565217 0.0936454849
1 0.9916387960 0.5635451505 0.0167224080 0.1036789298
4 0.0986622074 0.6555183946 0.1973244147 0.0903010033
3 0.4732441472 0.6471571906 0.0635451505 0.0635451505
3 0.4431438127 0.5894648829 0.1270903010 0.0585284281
3 0.4105351171 0.6496655518 0.0652173913 0.0618729097
1 0.5869565217 0.5852842809 0.1003344482 0.1003344482
1 0.6847826087 0.5827759197 0.1020066890 0.0953177258
1 0.6797658863 0.6789297659 0.1053511706 0.0969899666
1 0.8102006689 0.6772575251 0.0919732441 0.1003344482
1 0.8996655518 0.6772575251 0.0903010033 0.1003344482
1 0.9021739130 0.5802675585 0.0886287625 0.0936454849
1 0.9841137124 0.6705685619 0.0317725753 0.1036789298
4 0.0944816054 0.7408026756 0.1889632107 0.0869565217
3 0.4690635452 0.7115384615 0.0685618729 0.0685618729
3 0.4063545151 0.7132107023 0.0668896321 0.0685618729
4 0.0911371237 0.8336120401 0.1822742475 0.0886287625
5 0.3553511706 0.8469899666 0.0551839465 0.0986622074
5 0.4339464883 0.8729096990 0.1053511706 0.0602006689
5 0.4389632107 0.8135451505 0.1120401338 0.0618729097
5 0.6379598662 0.8804347826 0.0618729097 0.0986622074
5 0.6596989967 0.7951505017 0.1254180602 0.0652173913
5 0.5710702341 0.8812709030 0.0685618729 0.1003344482
5 0.8043478261 0.8135451505 0.0969899666 0.1153846154
5 0.8913043478 0.8135451505 0.0869565217 0.1086956522
5 0.9958193980 0.8076923077 0.0083612040 0.1003344482
4 0.0877926421 0.9297658863 0.1755852843 0.0903010033
5 0.3996655518 0.9523411371 0.0635451505 0.0953177258
5 0.3394648829 0.9540133779 0.0635451505 0.0919732441
5 0.4598662207 0.9498327759 0.0602006689 0.1003344482
5 0.6505016722 0.9640468227 0.0535117057 0.0719063545
5 0.5785953177 0.9665551839 0.0869565217 0.0668896321
5 0.8018394649 0.9264214047 0.0919732441 0.1170568562
5 0.8879598662 0.9230769231 0.0836120401 0.1137123746
5 0.9899665552 0.9105351171 0.0200668896 0.1053511706
4 0.0861204013 0.9882943144 0.1722408027 0.0234113712
5 0.8871237458 0.9899665552 0.0819397993 0.0200668896
5 0.9857859532 0.9807692308 0.0284280936 0.0384615385
