7 0.2190402477 0.0371517028 0.0603715170 0.0464396285
7 0.1400928793 0.1486068111 0.0386996904 0.0402476780
7 0.1145510836 0.1323529412 0.0309597523 0.0696594427
7 0.1462848297 0.0704334365 0.0356037152 0.0417956656
7 0.2337461300 0.1253869969 0.0340557276 0.0959752322
7 0.2020123839 0.1269349845 0.0356037152 0.0928792570
7 0.1741486068 0.1315789474 0.0263157895 0.0804953560
4 0.3103715170 0.1075851393 0.0727554180 0.1532507740
7 0.2623839009 0.1246130031 0.0294117647 0.1006191950
0 0.3970588235 0.1199690402 0.1068111455 0.1315789474
7 0.5061919505 0.1331269350 0.1145510836 0.1083591331
7 0.5882352941 0.1184210526 0.0588235294 0.1501547988
1 0.7066563467 0.1199690402 0.0603715170 0.1408668731
1 0.6478328173 0.1191950464 0.0541795666 0.1393188854
1 0.8235294118 0.1207430341 0.0650154799 0.1517027864
1 0.7647058824 0.1207430341 0.0619195046 0.1424148607
1 0.8947368421 0.1207430341 0.0743034056 0.1517027864
1 0.9651702786 0.1238390093 0.0696594427 0.1547987616
4 0.1331269350 0.2631578947 0.0557275542 0.1640866873
4 0.1726006192 0.2832817337 0.0510835913 0.1393188854
4 0.2174922601 0.2871517028 0.0448916409 0.1284829721
6 0.3134674923 0.2430340557 0.0851393189 0.0897832817
4 0.2546439628 0.2925696594 0.0448916409 0.1300309598
0 0.1168730650 0.4094427245 0.0727554180 0.0789473684
0 0.1803405573 0.4133126935 0.0696594427 0.0743034056
6 0.3111455108 0.3281733746 0.0804953560 0.0897832817
1 0.4078947368 0.3173374613 0.1130030960 0.1362229102
1 0.5309597523 0.3281733746 0.1238390093 0.1393188854
1 0.6493808050 0.3312693498 0.1315789474 0.1455108359
1 0.7856037152 0.3475232198 0.1439628483 0.1532507740
1 0.9287925697 0.3544891641 0.1424148607 0.1578947368
0 0.1145510836 0.4721362229 0.0650154799 0.0650154799
0 0.1640866873 0.5541795666 0.0588235294 0.0557275542
0 0.2407120743 0.4574303406 0.0665634675 0.1346749226
0 0.1741486068 0.4829721362 0.0665634675 0.0712074303
0 0.3134674923 0.4535603715 0.0789473684 0.1578947368
0 0.3862229102 0.4721362229 0.0851393189 0.1578947368
1 0.6362229102 0.5077399381 0.1331269350 0.1888544892
1 0.7794117647 0.5193498452 0.1408668731 0.1965944272
1 0.8947368421 0.5325077399 0.0835913313 0.1857585139
1 0.9667182663 0.5410216718 0.0665634675 0.1873065015
0 0.0626934985 0.6114551084 0.1253869969 0.0990712074
7 0.2670278638 0.6068111455 0.0727554180 0.0743034056
1 0.2948916409 0.6934984520 0.1315789474 0.0650154799
2 0.3769349845 0.6416408669 0.1625386997 0.0913312693
2 0.0905572755 0.6996904025 0.1811145511 0.1269349845
1 0.3792569659 0.7105263158 0.1393188854 0.0743034056
7 0.4914860681 0.7678018576 0.2089783282 0.1021671827
1 0.6052631579 0.7631578947 0.0619195046 0.0928792570
1 0.6795665635 0.7701238390 0.0773993808 0.1222910217
1 0.8243034056 0.8111455108 0.0758513932 0.1269349845
1 0.7515479876 0.7995356037 0.0758513932 0.1439628483
1 0.9047987616 0.8212074303 0.0789473684 0.1408668731
1 0.6160990712 0.8800309598 0.1517027864 0.1687306502
1 0.6965944272 0.9218266254 0.1578947368 0.1563467492
7 0.7662538700 0.9504643963 0.1176470588 0.0990712074
1 0.8630030960 0.8962848297 0.1656346749 0.0712074303
1 0.9698142415 0.9411764706 0.0603715170 0.0835913313
1 0.9744582043 0.8397832817 0.0510835913 0.1532507740
7 0.8382352941 0.9543343653 0.1160990712 0.0913312693
1 0.9280185759 0.9682662539 0.1439628483 0.0634674923
0 0.4620743034 0.5162538700 0.0758513932 0.1006191950
