6 0.6088751290 0.0067079463 0.0557275542 0.0134158927
6 0.2120743034 0.0304437564 0.0959752322 0.0608875129
7 0.4189886481 0.0443756450 0.0557275542 0.0887512900
6 0.4545923633 0.0330237358 0.0505675955 0.0660474716
6 0.6640866873 0.0897832817 0.0588235294 0.1093911249
6 0.6160990712 0.0877192982 0.0515995872 0.1114551084
6 0.6666666667 0.0134158927 0.0536635707 0.0268317853
6 0.8173374613 0.0257997936 0.0990712074 0.0515995872
6 0.8209494324 0.0856553148 0.1062951496 0.0660474716
6 0.9602683179 0.0598555212 0.0381836945 0.1197110423
6 0.9886480908 0.0794633643 0.0227038184 0.0990712074
7 0.2316821465 0.1625386997 0.0670794634 0.1661506708
7 0.1795665635 0.1346749226 0.0515995872 0.1826625387
7 0.3013415893 0.1661506708 0.0268317853 0.1733746130
4 0.4427244582 0.1088751290 0.0970072239 0.0897832817
4 0.4406604747 0.1996904025 0.0990712074 0.0897832817
7 0.6011351909 0.1795665635 0.0340557276 0.0639834881
7 0.6341589267 0.1800825593 0.0319917441 0.0650154799
7 0.6676986584 0.1749226006 0.0350877193 0.0650154799
7 0.8194014448 0.1300309598 0.0309597523 0.0392156863
7 0.8194014448 0.1692466460 0.0350877193 0.0412796698
7 0.9731682147 0.1738906089 0.0330237358 0.0340557276
7 0.9726522188 0.1398348813 0.0319917441 0.0340557276
7 0.2966976264 0.2899896801 0.0485036120 0.0722394221
4 0.4391124871 0.2899896801 0.0980392157 0.0928792570
7 0.6057791538 0.2435500516 0.0433436533 0.0681114551
7 0.6016511868 0.3121775026 0.0371517028 0.0753353973
7 0.6692466460 0.2430340557 0.0423116615 0.0670794634
7 0.6630546956 0.3168214654 0.0381836945 0.0804953560
7 0.6315789474 0.3152734778 0.0371517028 0.0773993808
7 0.7791537668 0.2223942208 0.0433436533 0.0670794634
7 0.8472652219 0.3013415893 0.0309597523 0.0763673891
7 0.8152734778 0.2234262126 0.0412796698 0.0712074303
7 0.8121775026 0.3008255934 0.0433436533 0.0773993808
7 0.8472652219 0.2275541796 0.0330237358 0.0753353973
7 0.9329205366 0.2270381837 0.0350877193 0.0660474716
7 0.9318885449 0.2925696594 0.0350877193 0.0670794634
7 0.9669762642 0.2265221878 0.0350877193 0.0670794634
7 0.9654282766 0.2930856553 0.0340557276 0.0681114551
4 0.4504643963 0.3844169247 0.0959752322 0.0918472652
7 0.6001031992 0.3818369453 0.0381836945 0.0722394221
7 0.6320949432 0.3833849329 0.0402476780 0.0691434469
7 0.7776057792 0.3735810114 0.0381836945 0.0846233230
7 0.8441692466 0.3756449948 0.0350877193 0.0763673891
7 0.8111455108 0.3771929825 0.0392156863 0.0835913313
7 0.9293085655 0.4246646027 0.0340557276 0.0650154799
7 0.9643962848 0.3622291022 0.0402476780 0.0701754386
7 0.9324045408 0.3570691434 0.0402476780 0.0681114551
7 0.9628482972 0.4251805986 0.0371517028 0.0639834881
4 0.4380804954 0.4736842105 0.0980392157 0.0928792570
7 0.5970072239 0.4664602683 0.0402476780 0.0763673891
7 0.6625386997 0.4638802890 0.0392156863 0.0877192982
4 0.6284829721 0.5273477812 0.0990712074 0.0454076367
7 0.6284829721 0.4654282766 0.0309597523 0.0846233230
7 0.7765737874 0.4530443756 0.0381836945 0.0804953560
7 0.8075335397 0.4597523220 0.0402476780 0.0877192982
7 0.8441692466 0.4535603715 0.0350877193 0.0794633643
4 0.8209494324 0.5108359133 0.0732714138 0.0412796698
7 0.9287925697 0.4901960784 0.0330237358 0.0639834881
7 0.9618163055 0.4896800826 0.0350877193 0.0629514964
1 0.4473684211 0.5639834881 0.0753353973 0.0505675955
1 0.4504643963 0.6145510836 0.0815273478 0.0588235294
4 0.6315789474 0.6073271414 0.0990712074 0.0381836945
4 0.6300309598 0.5691434469 0.1042311662 0.0402476780
1 0.7853457172 0.6393188854 0.0557275542 0.0670794634
4 0.8204334365 0.5897832817 0.0763673891 0.0402476780
4 0.8194014448 0.5500515996 0.0743034056 0.0371517028
4 0.9566563467 0.6253869969 0.0866873065 0.0474716202
4 0.9561403509 0.5830753354 0.0877192982 0.0433436533
4 0.9561403509 0.5423116615 0.0877192982 0.0423116615
1 0.4127966976 0.7265221878 0.0557275542 0.0598555212
1 0.4509803922 0.6682146543 0.0804953560 0.0608875129
1 0.4654282766 0.7296181631 0.0515995872 0.0619195046
1 0.6047471620 0.7327141383 0.0536635707 0.0722394221
1 0.6088751290 0.6589267286 0.0557275542 0.0670794634
1 0.6640866873 0.6620227038 0.0546955624 0.0712074303
1 0.6646026832 0.7352941176 0.0515995872 0.0712074303
1 0.9370485036 0.7327141383 0.0536635707 0.0619195046
1 0.9370485036 0.6723426213 0.0557275542 0.0608875129
1 0.9814241486 0.7399380805 0.0371517028 0.0577915377
1 0.9824561404 0.6790505676 0.0350877193 0.0619195046
1 0.4086687307 0.8462332301 0.0536635707 0.0619195046
1 0.4127966976 0.7858617131 0.0536635707 0.0629514964
1 0.4628482972 0.7899896801 0.0526315789 0.0629514964
1 0.4633642931 0.8482972136 0.0536635707 0.0598555212
1 0.6124871001 0.8581011352 0.0299277606 0.0588235294
1 0.6527347781 0.8586171311 0.0485036120 0.0577915377
1 0.6124871001 0.8121775026 0.0278637771 0.0350877193
1 0.6527347781 0.8003095975 0.0546955624 0.0546955624
1 0.8364293086 0.8049535604 0.0546955624 0.0495356037
1 0.7946336429 0.8065015480 0.0288957688 0.0443756450
1 0.8379772962 0.8699690402 0.0536635707 0.0660474716
1 0.7941176471 0.8617131063 0.0257997936 0.0557275542
1 0.9396284830 0.8673890609 0.0546955624 0.0629514964
1 0.9355005160 0.7992776058 0.0505675955 0.0650154799
1 0.9793601651 0.8013415893 0.0412796698 0.0650154799
1 0.4344685243 0.9107327141 0.1052631579 0.0670794634
1 0.6547987616 0.9721362229 0.0588235294 0.0557275542
1 0.6568627451 0.9138286894 0.0588235294 0.0588235294
1 0.6140350877 0.9066047472 0.0371517028 0.0381836945
1 0.7770897833 0.9463364293 0.0515995872 0.0701754386
1 0.8297213622 0.9453044376 0.0557275542 0.0722394221
1 0.9695562436 0.9215686275 0.0608875129 0.0495356037
1 0.9685242518 0.9695562436 0.0629514964 0.0485036120
1 0.2941176471 0.9865841073 0.0515995872 0.0268317853
1 0.4370485036 0.9674922601 0.0980392157 0.0650154799
1 0.7776057792 0.9901960784 0.0546955624 0.0196078431
1 0.8292053664 0.9907120743 0.0567595459 0.0185758514
1 0.9685242518 0.9953560372 0.0629514964 0.0092879257
