1 0.3991130820 0.1668514412 0.1574279379 0.0809312639
3 0.5659645233 0.1535476718 0.0521064302 0.0609756098
3 0.6213968958 0.1851441242 0.0587583149 0.1130820399
3 0.5692904656 0.2100886918 0.0498891353 0.0543237251
3 0.6723946785 0.1856984479 0.0565410200 0.1119733925
1 0.7876940133 0.1779379157 0.0343680710 0.0898004435
1 0.7405764967 0.1735033259 0.0598669623 0.0853658537
1 0.9850332594 0.1729490022 0.0299334812 0.1086474501
1 0.4074279379 0.2416851441 0.1563192905 0.0709534368
1 0.5909090909 0.2838137472 0.0753880266 0.0953436807
1 0.6674057650 0.2849223947 0.0709534368 0.0909090909
1 0.7660753880 0.2732815965 0.0709534368 0.0964523282
1 0.8536585366 0.2699556541 0.0864745011 0.0809312639
1 0.9756097561 0.2705099778 0.0487804878 0.0953436807
1 0.4151884701 0.3059866962 0.1518847007 0.0731707317
1 0.7549889135 0.3514412417 0.0509977827 0.0665188470
1 0.8536585366 0.3553215078 0.0842572062 0.0942350333
1 0.4212860310 0.3708425721 0.1485587583 0.0676274945
1 0.5787139690 0.3719512195 0.0753880266 0.0875831486
1 0.6629711752 0.3802660754 0.0776053215 0.0886917960
1 0.7477827051 0.4246119734 0.0698447894 0.0842572062
1 0.9767184035 0.3608647450 0.0465631929 0.0787139690
1 0.4284922395 0.4678492239 0.1430155211 0.1396895787
1 0.6369179601 0.4517738359 0.1274944568 0.0676274945
1 0.8492239468 0.4451219512 0.0820399113 0.0831485588
1 0.9711751663 0.4384700665 0.0576496674 0.0831485588
1 0.6363636364 0.5615299335 0.1219512195 0.0587583149
1 0.6374722838 0.5094235033 0.1241685144 0.0587583149
1 0.7394678492 0.4983370288 0.0576496674 0.0676274945
1 0.8453436807 0.5188470067 0.0787139690 0.0643015521
1 0.9706208426 0.5138580931 0.0587583149 0.0698447894
1 0.4345898004 0.5925720621 0.1352549889 0.1319290466
1 0.6347006652 0.6019955654 0.1230598670 0.0443458980
5 0.4212860310 0.8486696231 0.0310421286 0.0299334812
5 0.3902439024 0.8420177384 0.0332594235 0.0587583149
5 0.4207317073 0.8209534368 0.0277161863 0.0254988914
5 0.5088691796 0.8503325942 0.0310421286 0.0243902439
5 0.4490022173 0.8348115299 0.0310421286 0.0576496674
5 0.4373614191 0.8680709534 0.0587583149 0.0110864745
5 0.4201773836 0.8930155211 0.0310421286 0.0277161863
5 0.4994456763 0.9201773836 0.0654101996 0.0421286031
5 0.4972283814 0.8847006652 0.0654101996 0.0421286031
5 0.4506651885 0.9107538803 0.0343680710 0.0521064302
5 0.6568736142 0.9223946785 0.1164079823 0.0598669623
5 0.8021064302 0.8808203991 0.0720620843 0.0587583149
7 0.9855875831 0.8835920177 0.0288248337 0.0443458980
5 0.4218403548 0.9273835920 0.0343680710 0.0277161863
5 0.7949002217 0.9345898004 0.0798226164 0.0620842572
5 0.9628603104 0.9251662971 0.0343680710 0.0565410200
5 0.9257206208 0.9268292683 0.0487804878 0.0532150776
