1 0.2173144876 0.0583038869 0.1060070671 0.1166077739
1 0.4823321555 0.0150176678 0.1378091873 0.0300353357
7 0.6908127208 0.0194346290 0.1236749117 0.0388692580
1 0.8922261484 0.0220848057 0.1024734982 0.0441696113
1 0.9673144876 0.0256183746 0.0653710247 0.0512367491
7 0.2340989399 0.1810954064 0.0936395760 0.1183745583
1 0.4955830389 0.0812720848 0.1360424028 0.1095406360
1 0.7075971731 0.0954063604 0.1607773852 0.1236749117
1 0.9037102473 0.1033568905 0.1042402827 0.1360424028
1 0.9743816254 0.1113074205 0.0512367491 0.1378091873
1 0.5167844523 0.1987632509 0.1360424028 0.1289752650
1 0.7261484099 0.2084805654 0.1448763251 0.1095406360
1 0.9178445230 0.2420494700 0.1042402827 0.1272084806
1 0.9814487633 0.2491166078 0.0371024735 0.1272084806
7 0.2676678445 0.3074204947 0.0865724382 0.1130742049
1 0.5362190813 0.3197879859 0.1466431095 0.1307420495
1 0.7358657244 0.3242049470 0.1466431095 0.1360424028
1 0.9222614841 0.3551236749 0.0918727915 0.1130742049
1 0.9823321555 0.3745583039 0.0353356890 0.1201413428
