0 0.0119589977 0.1799544419 0.0239179954 0.0637813212
2 0.5074031891 0.1930523918 0.1947608200 0.2425968109
2 0.6890660592 0.1480637813 0.2164009112 0.2505694761
2 0.8633257403 0.1235763098 0.1412300683 0.2220956720
0 0.0108200456 0.2323462415 0.0216400911 0.0569476082
0 0.0791571754 0.2716400911 0.0466970387 0.0603644647
0 0.0392938497 0.2482915718 0.0421412301 0.0615034169
0 0.0455580866 0.2004555809 0.0501138952 0.0592255125
2 0.1884965831 0.2801822323 0.1469248292 0.2004555809
2 0.3382687927 0.2443052392 0.1731207289 0.2129840547
0 0.0045558087 0.3331435080 0.0091116173 0.0831435080
0 0.0666287016 0.3616173121 0.0421412301 0.0876993166
0 0.0256264237 0.3439635535 0.0421412301 0.0956719818
0 0.1059225513 0.3730068337 0.0341685649 0.0808656036
2 0.6235763098 0.3855353075 0.1309794989 0.2448747153
2 0.8069476082 0.3507972665 0.2699316629 0.2710706150
0 0.0205011390 0.4550113895 0.0410022779 0.0945330296
0 0.0586560364 0.4681093394 0.0489749431 0.0956719818
2 0.1765375854 0.4612756264 0.0911161731 0.2027334852
2 0.2482915718 0.4510250569 0.0842824601 0.2095671982
2 0.3348519362 0.4367881549 0.0911161731 0.2129840547
2 0.4299544419 0.4208428246 0.0945330296 0.2152619590
2 0.5273348519 0.4060364465 0.1093394077 0.2243735763
0 0.0597949886 0.5820045558 0.0489749431 0.0956719818
0 0.0205011390 0.5757403189 0.0410022779 0.1013667426
4 0.4453302961 0.5785876993 0.0341685649 0.0797266515
4 0.4105922551 0.5825740319 0.0353075171 0.0785876993
4 0.4817767654 0.5746013667 0.0387243736 0.0831435080
4 0.5193621868 0.5717539863 0.0387243736 0.0774487472
4 0.5580865604 0.5677676538 0.0432801822 0.0763097950
2 0.8029612756 0.5381548975 0.2756264237 0.1537585421
0 0.1025056948 0.5865603645 0.0410022779 0.0956719818
0 0.1423690205 0.5939635535 0.0455580866 0.0854214123
4 0.2141230068 0.6082004556 0.0318906606 0.0683371298
4 0.2761958998 0.5985193622 0.0330296128 0.0671981777
4 0.2443052392 0.6036446469 0.0307517084 0.0660592255
4 0.3080865604 0.5956719818 0.0330296128 0.0706150342
4 0.3769931663 0.5865603645 0.0364464692 0.0774487472
4 0.3422551253 0.5894077449 0.0330296128 0.0763097950
6 0.6218678815 0.6640091116 0.0410022779 0.0478359909
0 0.0199316629 0.7055808656 0.0398633257 0.1127562642
0 0.0523917995 0.7078587699 0.0501138952 0.1082004556
0 0.0888382688 0.7084282460 0.0478359909 0.1025056948
0 0.1258542141 0.7050113895 0.0398633257 0.0956719818
0 0.1645785877 0.7038724374 0.0466970387 0.0888382688
4 0.2061503417 0.6993166287 0.0296127563 0.0797266515
4 0.2380410023 0.6976082005 0.0364464692 0.0808656036
4 0.2744874715 0.6953302961 0.0410022779 0.0831435080
7 0.3792710706 0.7767653759 0.0569476082 0.0273348519
4 0.3490888383 0.6896355353 0.0398633257 0.0831435080
4 0.3120728929 0.6919134396 0.0387243736 0.0808656036
4 0.4225512528 0.6890660592 0.0410022779 0.0979498861
7 0.4316628702 0.7744874715 0.0501138952 0.0273348519
4 0.3861047836 0.6924829157 0.0387243736 0.0911161731
4 0.4607061503 0.6862186788 0.0398633257 0.0968109339
7 0.4971526196 0.7727790433 0.0284738041 0.0239179954
4 0.4977220957 0.6833712984 0.0387243736 0.0979498861
7 0.5227790433 0.7710706150 0.0273348519 0.0227790433
7 0.4703872437 0.7727790433 0.0273348519 0.0239179954
4 0.5746013667 0.6845102506 0.0398633257 0.0979498861
7 0.5495444191 0.7642369021 0.0284738041 0.0364464692
4 0.5341685649 0.6845102506 0.0410022779 0.1002277904
7 0.5763097950 0.7648063781 0.0296127563 0.0375854214
6 0.6736902050 0.7129840547 0.0466970387 0.0933940774
7 0.0250569476 0.8268792711 0.0501138952 0.1116173121
7 0.0802961276 0.8160592255 0.0649202733 0.0990888383
7 0.1383826879 0.8097949886 0.0694760820 0.1025056948
7 0.2095671982 0.7835990888 0.0569476082 0.0227790433
7 0.2779043280 0.8063781321 0.0478359909 0.0341685649
7 0.2351936219 0.8058086560 0.0421412301 0.0261958998
7 0.2682232346 0.7807517084 0.0626423690 0.0239179954
7 0.3268792711 0.8041002278 0.0546697039 0.0318906606
7 0.3257403189 0.7790432802 0.0569476082 0.0250569476
7 0.3804100228 0.8023917995 0.0569476082 0.0353075171
7 0.4345102506 0.8018223235 0.0512528474 0.0318906606
7 0.4140091116 0.8314350797 0.0512528474 0.0318906606
7 0.5148063781 0.7989749431 0.0432801822 0.0307517084
7 0.5518223235 0.7978359909 0.0330296128 0.0330296128
7 0.0586560364 0.9544419134 0.0671981777 0.0911161731
7 0.1178815490 0.9441913440 0.0603644647 0.0933940774
4 0.2272209567 0.9345102506 0.0398633257 0.0945330296
4 0.2613895216 0.9367881549 0.0375854214 0.0922551253
4 0.2984054670 0.9362186788 0.0387243736 0.0933940774
4 0.3348519362 0.9367881549 0.0364464692 0.0922551253
4 0.3712984055 0.9373576310 0.0387243736 0.0933940774
4 0.4094533030 0.9367881549 0.0398633257 0.0968109339
4 0.4470387244 0.9390660592 0.0398633257 0.0968109339
7 0.4851936219 0.9379271071 0.0387243736 0.0968109339
4 0.5694760820 0.9367881549 0.0455580866 0.1104783599
4 0.5290432802 0.9407744875 0.0444191344 0.0979498861
4 0.6566059226 0.9396355353 0.0535307517 0.1161731207
4 0.6127562642 0.9373576310 0.0501138952 0.1138952164
4 0.6981776765 0.9407744875 0.0501138952 0.1184510251
7 0.0142369021 0.9629840547 0.0284738041 0.0740318907
