5 0.0345029240 0.0286549708 0.0690058480 0.0573099415
5 0.4865497076 0.0163742690 0.1029239766 0.0327485380
5 0.0339181287 0.0888888889 0.0678362573 0.0608187135
5 0.2181286550 0.0391812865 0.1695906433 0.0783625731
5 0.3865497076 0.0409356725 0.0947368421 0.0818713450
5 0.3701754386 0.1046783626 0.0549707602 0.0573099415
5 0.4847953216 0.0883040936 0.1040935673 0.1228070175
5 0.6269005848 0.0859649123 0.0444444444 0.0994152047
5 0.5789473684 0.0888888889 0.0584795322 0.1076023392
5 0.7228070175 0.0608187135 0.1052631579 0.1216374269
5 0.8900584795 0.0508771930 0.2198830409 0.1017543860
5 0.0345029240 0.1608187135 0.0690058480 0.0666666667
5 0.2187134503 0.1210526316 0.1684210526 0.0690058480
5 0.7111111111 0.1736842105 0.1122807018 0.0923976608
5 0.8888888889 0.1555555556 0.2222222222 0.1216374269
5 0.0345029240 0.2327485380 0.0690058480 0.0725146199
5 0.2181286550 0.1836257310 0.1695906433 0.0584795322
5 0.3888888889 0.1842105263 0.0760233918 0.1040935673
5 0.4807017544 0.1871345029 0.1146198830 0.1005847953
5 0.6000000000 0.1812865497 0.1146198830 0.0982456140
1 0.5058479532 0.3152046784 0.2280701754 0.1368421053
1 0.0385964912 0.3497076023 0.0771929825 0.1380116959
1 0.2105263158 0.3970760234 0.2058479532 0.1087719298
1 0.0403508772 0.4736842105 0.0807017544 0.1263157895
1 0.5058479532 0.4380116959 0.2233918129 0.1415204678
2 0.7526315789 0.4245614035 0.1345029240 0.1801169591
2 0.8847953216 0.4116959064 0.1345029240 0.1754385965
1 0.2157894737 0.5023391813 0.2070175439 0.1111111111
7 0.9666666667 0.5111111111 0.0573099415 0.1520467836
1 0.0426900585 0.5976608187 0.0853801170 0.1263157895
1 0.2233918129 0.6070175439 0.2058479532 0.1146198830
1 0.5210526316 0.5654970760 0.2304093567 0.1368421053
1 0.5245614035 0.6988304094 0.2327485380 0.1368421053
7 0.9795321637 0.6654970760 0.0409356725 0.1520467836
1 0.0444444444 0.7210526316 0.0888888889 0.1321637427
1 0.2251461988 0.7175438596 0.2116959064 0.1204678363
1 0.0461988304 0.8432748538 0.0923976608 0.1333333333
1 0.1929824561 0.8385964912 0.1052631579 0.1333333333
1 0.2912280702 0.8356725146 0.1029239766 0.1298245614
1 0.5239766082 0.8350877193 0.2269005848 0.1403508772
1 0.8309941520 0.8105263158 0.2093567251 0.1824561404
7 0.9508771930 0.7970760234 0.0561403509 0.1274853801
7 0.9847953216 0.8058479532 0.0304093567 0.1356725146
