5 0.0299097065 0.1817155756 0.0598194131 0.1196388262
5 0.1185101580 0.0959367946 0.1286681716 0.1151241535
6 0.2347629797 0.1139954853 0.0948081264 0.1038374718
6 0.3284424379 0.1241534989 0.0948081264 0.1015801354
5 0.1162528217 0.1901805869 0.1331828442 0.1139954853
6 0.2375846501 0.2076749436 0.0936794582 0.0993227991
6 0.3301354402 0.2178329571 0.0936794582 0.1015801354
6 0.4215575621 0.2223476298 0.0891647856 0.1151241535
1 0.5084650113 0.2381489842 0.0869074492 0.1015801354
1 0.5886004515 0.2500000000 0.0778781038 0.0936794582
1 0.6681715576 0.2624153499 0.0857787810 0.0936794582
5 0.1907449210 0.3408577878 0.1422121896 0.1128668172
5 0.0112866817 0.4147855530 0.0225733634 0.0981941309
5 0.0733634312 0.4204288939 0.1128668172 0.0936794582
5 0.1986455982 0.4266365688 0.1286681716 0.0902934537
6 0.3047404063 0.3848758465 0.0857787810 0.1783295711
6 0.3865688488 0.3905191874 0.0846501129 0.1738148984
1 0.4757336343 0.4435665914 0.0869074492 0.0902934537
1 0.5665914221 0.4458239278 0.0812641084 0.0857787810
1 0.6444695260 0.4497742664 0.0767494357 0.0891647856
5 0.0259593679 0.5874717833 0.0519187359 0.1613995485
5 0.0965011287 0.5886004515 0.1185101580 0.1546275395
5 0.2110609481 0.5846501129 0.1309255079 0.1557562077
1 0.3335214447 0.6168171558 0.1072234763 0.0891647856
1 0.4351015801 0.6145598194 0.0981941309 0.0869074492
1 0.5259593679 0.6145598194 0.0812641084 0.0823927765
1 0.6060948081 0.6162528217 0.0767494357 0.0790067720
1 0.2336343115 0.7511286682 0.1151241535 0.0914221219
1 0.3419864560 0.7494356659 0.1083521445 0.0857787810
1 0.4345372460 0.7437923251 0.0880361174 0.0790067720
1 0.5225733634 0.7420993228 0.0812641084 0.0643340858
1 0.6027088036 0.7409706546 0.0767494357 0.0643340858
5 0.0400677201 0.8030474041 0.0801354402 0.1523702032
5 0.1224604966 0.7968397291 0.1230248307 0.1512415350
1 0.2370203160 0.8244920993 0.1128668172 0.0733634312
1 0.3402934537 0.8194130926 0.1027088036 0.0654627540
1 0.4294582393 0.8120767494 0.0869074492 0.0665914221
1 0.5180586907 0.8030474041 0.0812641084 0.0665914221
1 0.5902934537 0.8002257336 0.0722347630 0.0586907449
7 0.2799097065 0.9554176072 0.0812641084 0.0891647856
7 0.3527088036 0.9480812641 0.0711060948 0.0790067720
1 0.4243792325 0.9373589165 0.0790067720 0.1027088036
1 0.4966139955 0.9260722348 0.0699774266 0.0914221219
1 0.5705417607 0.9193002257 0.0869074492 0.0936794582
6 0.0169300226 0.9678329571 0.0338600451 0.0643340858
6 0.0965011287 0.9565462754 0.1297968397 0.0869074492
7 0.2009029345 0.9565462754 0.0835214447 0.0869074492
