1 0.5300632911 0.0490506329 0.1898734177 0.0949367089
1 0.7871835443 0.0601265823 0.1218354430 0.1202531646
1 0.9074367089 0.0458860759 0.1186708861 0.0917721519
1 0.9810126582 0.0419303797 0.0379746835 0.0838607595
7 0.2642405063 0.0941455696 0.1012658228 0.0775316456
7 0.3773734177 0.0640822785 0.1060126582 0.0838607595
1 0.6740506329 0.0704113924 0.1107594937 0.1408227848
1 0.3615506329 0.3172468354 0.1155063291 0.1218354430
1 0.4667721519 0.2982594937 0.0981012658 0.1218354430
1 0.5648734177 0.2863924051 0.1044303797 0.1234177215
7 0.6645569620 0.2713607595 0.0791139241 0.1060126582
7 0.7666139241 0.2286392405 0.0996835443 0.0933544304
7 0.8844936709 0.2041139241 0.1139240506 0.0791139241
7 0.9707278481 0.2159810127 0.0585443038 0.1186708861
1 0.2531645570 0.3346518987 0.1170886076 0.1313291139
7 0.7674050633 0.4541139241 0.1170886076 0.1360759494
6 0.9113924051 0.4485759494 0.1772151899 0.1471518987
1 0.2492088608 0.5134493671 0.1218354430 0.1313291139
1 0.3528481013 0.5047468354 0.0981012658 0.1297468354
1 0.4541139241 0.4881329114 0.1107594937 0.1439873418
7 0.5545886076 0.4731012658 0.0996835443 0.1107594937
7 0.6566455696 0.4620253165 0.1139240506 0.1265822785
1 0.2215189873 0.6803797468 0.1012658228 0.0822784810
1 0.3227848101 0.6764240506 0.1139240506 0.0933544304
1 0.4469936709 0.6637658228 0.1218354430 0.0933544304
1 0.5719936709 0.6534810127 0.1439873418 0.0917721519
1 0.7167721519 0.6463607595 0.1582278481 0.1028481013
5 0.8773734177 0.6851265823 0.1724683544 0.2120253165
5 0.9683544304 0.6764240506 0.0632911392 0.2136075949
1 0.2041139241 0.7634493671 0.1075949367 0.0901898734
1 0.3164556962 0.7618670886 0.1139240506 0.0901898734
1 0.4398734177 0.7594936709 0.1234177215 0.1107594937
1 0.5696202532 0.7515822785 0.1518987342 0.1202531646
1 0.7215189873 0.7492088608 0.1613924051 0.1281645570
1 0.1993670886 0.9382911392 0.1075949367 0.1107594937
1 0.3117088608 0.9406645570 0.1139240506 0.1155063291
1 0.4390822785 0.9398734177 0.1376582278 0.1202531646
1 0.5814873418 0.9375000000 0.1503164557 0.1250000000
5 0.7531645570 0.9367088608 0.1835443038 0.1265822785
5 0.9137658228 0.9343354430 0.1661392405 0.1313291139
5 0.9881329114 0.9327531646 0.0237341772 0.1344936709
