7 0.3224080268 0.0511705686 0.0936454849 0.0501672241
7 0.4026755853 0.0498327759 0.0816053512 0.0474916388
7 0.3979933110 0.0180602007 0.0923076923 0.0361204013
7 0.5652173913 0.0474916388 0.1217391304 0.0548494983
7 0.7729096990 0.0481605351 0.1264214047 0.0722408027
7 0.3341137124 0.0839464883 0.0836120401 0.0555183946
7 0.4046822742 0.0879598662 0.0735785953 0.0461538462
7 0.3802675585 0.1595317726 0.1023411371 0.0434782609
7 0.3762541806 0.1244147157 0.1010033445 0.0494983278
4 0.5555183946 0.1307692308 0.1264214047 0.0622073579
4 0.5605351171 0.0892976589 0.1270903010 0.0555183946
4 0.7735785953 0.1043478261 0.1210702341 0.0749163880
4 0.7474916388 0.1508361204 0.1665551839 0.0648829431
7 0.9107023411 0.1187290970 0.0876254181 0.0755852843
7 0.9772575251 0.1197324415 0.0454849498 0.0709030100
7 0.3578595318 0.2729096990 0.1257525084 0.0494983278
7 0.3752508361 0.2371237458 0.0909698997 0.0474916388
7 0.3745819398 0.1989966555 0.1030100334 0.0488294314
4 0.5498327759 0.1799331104 0.1230769231 0.0602006689
4 0.5451505017 0.2344481605 0.1284280936 0.0635451505
1 0.7354515050 0.2615384615 0.0675585284 0.0869565217
7 0.7729096990 0.1986622074 0.1224080268 0.0561872910
1 0.8006688963 0.2725752508 0.0628762542 0.0876254181
7 0.9103678930 0.1926421405 0.0468227425 0.0695652174
7 0.9635451505 0.2190635452 0.0608695652 0.0675585284
7 0.9959866221 0.2284280936 0.0080267559 0.0608695652
7 0.9916387960 0.1806020067 0.0167224080 0.0535117057
7 0.2494983278 0.3080267559 0.1070234114 0.0448160535
7 0.2779264214 0.3678929766 0.0822742475 0.0387959866
7 0.3548494983 0.3147157191 0.1063545151 0.0474916388
7 0.3591973244 0.3565217391 0.1003344482 0.0481605351
4 0.5264214047 0.2886287625 0.1391304348 0.0702341137
4 0.5200668896 0.3505016722 0.1438127090 0.0749163880
1 0.6712374582 0.3394648829 0.0715719064 0.0929765886
1 0.7913043478 0.3571906355 0.0521739130 0.0816053512
1 0.7354515050 0.3464882943 0.0675585284 0.0816053512
1 0.9618729097 0.3672240803 0.0762541806 0.0989966555
1 0.9575250836 0.2953177258 0.0849498328 0.0929765886
7 0.2816053512 0.4421404682 0.0441471572 0.0535117057
7 0.2819397993 0.3979933110 0.0929765886 0.0454849498
1 0.3357859532 0.4946488294 0.1096989967 0.0474916388
7 0.3284280936 0.4414715719 0.0548494983 0.0468227425
7 0.3608695652 0.4000000000 0.0795986622 0.0441471572
7 0.3732441472 0.4428093645 0.0454849498 0.0508361204
1 0.5080267559 0.4806020067 0.1197324415 0.0675585284
4 0.5133779264 0.4193979933 0.1397993311 0.0789297659
1 0.6672240803 0.4244147157 0.0688963211 0.0903010033
1 0.7327759197 0.4290969900 0.0648829431 0.0862876254
1 0.7167224080 0.5073578595 0.0822742475 0.0809364548
1 0.7919732441 0.4381270903 0.0561872910 0.0829431438
1 0.9588628763 0.4441471572 0.0822742475 0.0963210702
1 0.2923076923 0.5856187291 0.1364548495 0.1505016722
1 0.5010033445 0.5979933110 0.1204013378 0.0642140468
1 0.5063545151 0.5421404682 0.1150501672 0.0568561873
1 0.7050167224 0.5923076923 0.0829431438 0.0943143813
1 0.7906354515 0.5153846154 0.0668896321 0.0715719064
1 0.7812709030 0.5976588629 0.0775919732 0.0916387960
1 0.9605351171 0.6066889632 0.0789297659 0.0842809365
1 0.9545150502 0.5240802676 0.0909698997 0.0916387960
1 0.2772575251 0.7294314381 0.1331103679 0.1558528428
1 0.5050167224 0.6605351171 0.1404682274 0.0635451505
1 0.5000000000 0.7167224080 0.1424749164 0.0648829431
1 0.7063545151 0.6842809365 0.0775919732 0.0909698997
1 0.7792642140 0.6889632107 0.0695652174 0.0936454849
1 0.9602006689 0.6816053512 0.0795986622 0.0842809365
1 0.4936454849 0.7782608696 0.1404682274 0.0688963211
1 0.4906354515 0.8441471572 0.1451505017 0.0655518395
1 0.7872909699 0.7779264214 0.0655518395 0.0842809365
1 0.7143812709 0.7735785953 0.0829431438 0.0876254181
1 0.9595317726 0.7595317726 0.0809364548 0.0849498328
1 0.9591973244 0.8448160535 0.0816053512 0.0909698997
1 0.2341137124 0.8829431438 0.2086956522 0.1578595318
1 0.4832775920 0.9073578595 0.1397993311 0.0662207358
1 0.7053511706 0.8605351171 0.0836120401 0.0903010033
0 0.7411371237 0.9521739130 0.1525083612 0.0943143813
1 0.7819397993 0.8658862876 0.0709030100 0.0903010033
0 0.9866220736 0.9301003344 0.0267558528 0.0903010033
7 0.2290969900 0.9872909699 0.1371237458 0.0254180602
7 0.4675585284 0.9695652174 0.1484949833 0.0608695652
0 0.9518394649 0.9852842809 0.0869565217 0.0294314381
0 0.9973244147 0.9869565217 0.0053511706 0.0260869565
