1 0.9526813880 0.4164037855 0.0946372240 0.1041009464
1 0.0694006309 0.4621451104 0.1388012618 0.1671924290
1 0.3651419558 0.4597791798 0.2066246057 0.1624605678
1 0.6553627760 0.4621451104 0.1246056782 0.1608832808
1 0.7791798107 0.4582018927 0.0977917981 0.1246056782
1 0.9534700315 0.5134069401 0.0930599369 0.0962145110
1 0.0749211356 0.5867507886 0.1498422713 0.1356466877
1 0.3880126183 0.6080441640 0.2239747634 0.1340694006
1 0.6569400631 0.6080441640 0.1246056782 0.1309148265
1 0.7736593060 0.5922712934 0.1119873817 0.1340694006
1 0.9503154574 0.5985804416 0.0993690852 0.0804416404
1 0.0891167192 0.7089905363 0.1782334385 0.1214511041
1 0.6648264984 0.7350157729 0.1119873817 0.1388012618
1 0.7815457413 0.7342271293 0.1309148265 0.1372239748
1 0.9479495268 0.6947949527 0.1041009464 0.1246056782
1 0.4029968454 0.7476340694 0.2097791798 0.1230283912
1 0.9526813880 0.8154574132 0.0946372240 0.1135646688
8 0.0946372240 0.8572555205 0.1892744479 0.1876971609
1 0.4266561514 0.8627760252 0.2066246057 0.1072555205
1 0.6593059937 0.8746056782 0.1041009464 0.1277602524
1 0.7681388013 0.8769716088 0.1230283912 0.1293375394
1 0.9503154574 0.9242902208 0.0993690852 0.1135646688
8 0.1159305994 0.9763406940 0.1845425868 0.0473186120
1 0.4392744479 0.9621451104 0.1876971609 0.0757097792
1 0.6861198738 0.9692429022 0.0977917981 0.0615141956
1 0.7847003155 0.9692429022 0.0993690852 0.0615141956
1 0.9518927445 0.9913249211 0.0962145110 0.0173501577
