5 0.0590790617 0.0191138141 0.1112076455 0.0382276281
5 0.2649869679 0.0317115552 0.1251086012 0.0634231103
5 0.3874891399 0.0304083406 0.1164205039 0.0608166811
6 0.6259774109 0.0212858384 0.1346655083 0.0425716768
6 0.7658557776 0.0052128584 0.1468288445 0.0104257168
6 0.9752389227 0.0039096438 0.0495221546 0.0078192876
5 0.0021720243 0.1090356212 0.0043440487 0.1624674196
5 0.0647263249 0.1168549088 0.1277150304 0.1798436142
6 0.2819287576 0.1251086012 0.1346655083 0.1459600348
6 0.6277150304 0.0933970460 0.1329278888 0.1364031277
6 0.7658557776 0.0668983493 0.1450912250 0.1337966985
6 0.7680278019 0.1898349262 0.1390095569 0.1433536056
6 0.9791485665 0.0716768028 0.0417028671 0.1433536056
5 0.0112945265 0.2580364900 0.0225890530 0.1563857515
5 0.0855777585 0.2736750652 0.1277150304 0.1390095569
6 0.2814943527 0.2567332754 0.1303214596 0.1433536056
6 0.6342311034 0.2115551694 0.1424847958 0.1294526499
1 0.6233709818 0.3440486533 0.1207645526 0.1424847958
1 0.7367506516 0.3384013901 0.1268462207 0.1537793223
6 0.9774109470 0.2028670721 0.0451781060 0.1468288445
6 0.0608166811 0.3874891399 0.1216333623 0.1459600348
6 0.2810599479 0.3896611642 0.1207645526 0.1485664639
1 0.6242397915 0.4913119027 0.1086012163 0.1537793223
1 0.9808861859 0.3622936577 0.0382276281 0.1459600348
6 0.0612510860 0.6372719374 0.1225021720 0.1381407472
6 0.0638575152 0.5169417897 0.1277150304 0.1372719374
1 0.2619461338 0.6350999131 0.0860121633 0.1216333623
1 0.3305821025 0.5078192876 0.2215464813 0.1364031277
1 0.7389226759 0.4947871416 0.1259774109 0.1659426586
1 0.9765421373 0.5056472632 0.0469157255 0.1494352737
1 0.0125977411 0.7775847089 0.0251954822 0.1476976542
1 0.0690703736 0.7732406603 0.1103388358 0.1494352737
1 0.2827975673 0.7571676803 0.1086012163 0.1207645526
1 0.3909643788 0.7567332754 0.1042571677 0.1320590791
1 0.6268462207 0.6459600348 0.1068635969 0.1537793223
1 0.7419635100 0.6524761077 0.1337966985 0.1650738488
1 0.9808861859 0.7806255430 0.0382276281 0.1398783666
1 0.9852302346 0.6468288445 0.0295395308 0.1381407472
1 0.0125977411 0.9178974805 0.0251954822 0.1485664639
1 0.0838401390 0.9291920070 0.1016507385 0.1416159861
1 0.2867072111 0.8779322328 0.1007819288 0.1207645526
1 0.3953084275 0.8796698523 0.1181581234 0.1207645526
1 0.6311902693 0.7971329279 0.1103388358 0.1607298002
1 0.6311902693 0.7988705474 0.1068635969 0.1676802780
1 0.7480451781 0.8032145960 0.1303214596 0.1381407472
1 0.9826238054 0.9218071242 0.0347523892 0.1424847958
1 0.3987836664 0.9708948740 0.1181581234 0.0582102520
1 0.2880104257 0.9700260643 0.0999131190 0.0599478714
1 0.6494352737 0.9422241529 0.1329278888 0.1155516942
1 0.7680278019 0.9439617724 0.1146828844 0.1120764553
1 0.9860990443 0.9965247611 0.0278019114 0.0069504778
