0 0.7042648709 0.0218855219 0.1358024691 0.0437710438
7 0.0802469136 0.0796857464 0.0639730640 0.0987654321
7 0.1380471380 0.0718294052 0.0583613917 0.1122334456
0 0.2873176207 0.0471380471 0.1705948373 0.0830527497
7 0.5151515152 0.1026936027 0.1436588103 0.2053872054
7 0.7020202020 0.0998877666 0.1223344557 0.1369248036
0 0.8670033670 0.0375982043 0.0953984287 0.0751964085
0 0.2867564534 0.1251402918 0.1672278339 0.0841750842
7 0.8580246914 0.1318742985 0.0953984287 0.1290684624
7 0.9792368126 0.1447811448 0.0415263749 0.0650953984
7 0.0892255892 0.1958473625 0.0549943883 0.1313131313
7 0.1414141414 0.1980920314 0.0493827160 0.1380471380
0 0.2878787879 0.1986531987 0.1649831650 0.0740740741
7 0.5140291807 0.2334455668 0.1436588103 0.0718294052
5 0.6992143659 0.2244668911 0.1257014590 0.1324354658
7 0.8529741863 0.2480359147 0.1032547699 0.1212121212
7 0.9769921437 0.2020202020 0.0460157127 0.0673400673
4 0.2850729517 0.2654320988 0.1661054994 0.0774410774
4 0.5050505051 0.2962962963 0.1324354658 0.0650953984
7 0.9674523008 0.2957351291 0.0650953984 0.0774410774
7 0.0953984287 0.3299663300 0.0650953984 0.1301907969
7 0.1453423120 0.3305274972 0.0594837262 0.1268237935
4 0.2878787879 0.3417508418 0.1649831650 0.0729517396
4 0.5039281706 0.3524130191 0.1324354658 0.0606060606
7 0.6952861953 0.3417508418 0.1223344557 0.1245791246
7 0.8451178451 0.3608305275 0.0987654321 0.1178451178
7 0.9663299663 0.3888888889 0.0673400673 0.1066217733
7 0.1144781145 0.4180695847 0.1257014590 0.0549943883
4 0.2867564534 0.4079685746 0.1604938272 0.0707070707
4 0.5022446689 0.4141414141 0.1335578002 0.0763187430
1 0.6846240180 0.4657687991 0.1167227834 0.1257014590
7 0.1234567901 0.4708193042 0.1054994388 0.0527497194
7 0.1346801347 0.5179573513 0.0852974186 0.0505050505
4 0.2878787879 0.4893378227 0.1627384961 0.0897867565
4 0.4994388328 0.4893378227 0.1324354658 0.0740740741
6 0.8378226712 0.4725028058 0.1066217733 0.1122334456
7 0.9629629630 0.4842873176 0.0740740741 0.0909090909
7 0.1262626263 0.5645342312 0.1021324355 0.0516273850
1 0.5005611672 0.5909090909 0.1301907969 0.1335578002
1 0.6818181818 0.5549943883 0.1200897868 0.0527497194
1 0.6762065095 0.6088664422 0.1200897868 0.0527497194
6 0.8002244669 0.6043771044 0.0426487093 0.1447811448
6 0.8395061728 0.6060606061 0.0606060606 0.1346801347
7 0.9607182941 0.5679012346 0.0740740741 0.0583613917
7 0.1189674523 0.6655443322 0.1167227834 0.0538720539
7 0.1184062851 0.6156004489 0.1178451178 0.0527497194
1 0.2979797980 0.6257014590 0.1425364759 0.0572390572
1 0.6728395062 0.6599326599 0.1178451178 0.0516273850
2 0.9624017957 0.6700336700 0.0751964085 0.1436588103
7 0.1150392817 0.7166105499 0.1313131313 0.0549943883
1 0.2957351291 0.7413019080 0.1335578002 0.0549943883
1 0.2957351291 0.6851851852 0.1358024691 0.0572390572
1 0.4977553311 0.7210998878 0.1313131313 0.1313131313
1 0.6694725028 0.7104377104 0.1178451178 0.0516273850
5 0.8164983165 0.7025813692 0.0864197531 0.0650953984
3 0.1184062851 0.7659932660 0.1268237935 0.0617283951
3 0.1251402918 0.8136924804 0.1088664422 0.0448933782
1 0.2962962963 0.7962962963 0.1346801347 0.0639730640
5 0.5016835017 0.8097643098 0.1167227834 0.0572390572
1 0.6767676768 0.7817059484 0.0987654321 0.0953984287
5 0.8120089787 0.7648709315 0.0841750842 0.0662177329
3 0.1043771044 0.8625140292 0.0538720539 0.0482603816
3 0.1599326599 0.8608305275 0.0482603816 0.0471380471
5 0.3232323232 0.8967452301 0.0897867565 0.0426487093
5 0.3170594837 0.8546576880 0.0976430976 0.0460157127
5 0.4983164983 0.8613916947 0.1167227834 0.0505050505
5 0.6661054994 0.8507295174 0.1111111111 0.0538720539
5 0.8097643098 0.8327721661 0.0841750842 0.0740740741
2 0.9287317621 0.8698092031 0.0594837262 0.1189674523
5 0.1627384961 0.9068462402 0.0471380471 0.0426487093
5 0.1156004489 0.9096520763 0.0471380471 0.0370370370
5 0.1363636364 0.9579124579 0.0953984287 0.0594837262
5 0.3226711560 0.9427609428 0.0909090909 0.0516273850
5 0.4955106622 0.9147025814 0.1223344557 0.0583613917
5 0.4943883277 0.9629629630 0.1200897868 0.0606060606
5 0.6644219978 0.8984287318 0.1122334456 0.0549943883
5 0.8075196409 0.9023569024 0.0886644220 0.0673400673
5 0.1470258137 0.9898989899 0.0785634119 0.0202020202
5 0.3024691358 0.9826038159 0.0415263749 0.0347923681
5 0.3456790123 0.9809203143 0.0404040404 0.0381593715
