1 0.6103896104 0.0353535354 0.0721500722 0.0591630592
1 0.6746031746 0.0389610390 0.0793650794 0.0663780664
1 0.7532467532 0.0310245310 0.0779220779 0.0620490620
7 0.0216450216 0.0714285714 0.0432900433 0.0562770563
0 0.2453102453 0.1695526696 0.1240981241 0.1976911977
0 0.3174603175 0.1190476190 0.0432900433 0.0764790765
0 0.3672438672 0.1341991342 0.0591630592 0.0750360750
1 0.5396825397 0.1363636364 0.1067821068 0.1601731602
1 0.6197691198 0.1002886003 0.0649350649 0.0591630592
1 0.6818181818 0.1031746032 0.0851370851 0.0620490620
1 0.7792207792 0.1558441558 0.0808080808 0.0750360750
1 0.7676767677 0.0909090909 0.0692640693 0.0577200577
7 0.0266955267 0.1984126984 0.0533910534 0.2121212121
0 0.1089466089 0.1919191919 0.1457431457 0.2077922078
0 0.3246753247 0.2070707071 0.0519480519 0.0966810967
0 0.3831168831 0.2077922078 0.0851370851 0.0836940837
1 0.6363636364 0.1746031746 0.0663780664 0.0750360750
1 0.7063492063 0.1774891775 0.0793650794 0.0692640693
1 0.5873015873 0.3831168831 0.0750360750 0.1544011544
1 0.5346320346 0.3939393939 0.0793650794 0.1616161616
1 0.6803751804 0.3614718615 0.0735930736 0.1428571429
1 0.6356421356 0.3701298701 0.0764790765 0.1486291486
1 0.7922077922 0.3405483405 0.0750360750 0.1385281385
1 0.7431457431 0.3542568543 0.0779220779 0.1486291486
1 0.8376623377 0.3318903319 0.0620490620 0.1356421356
7 0.0353535354 0.5230880231 0.0707070707 0.1688311688
7 0.0959595960 0.4971139971 0.0880230880 0.1832611833
4 0.2005772006 0.4574314574 0.1414141414 0.2366522367
0 0.3181818182 0.4458874459 0.1630591631 0.1962481962
7 0.4430014430 0.4350649351 0.1269841270 0.1370851371
1 0.6219336219 0.6240981241 0.1587301587 0.2034632035
1 0.7438672439 0.5786435786 0.1226551227 0.1904761905
1 0.8340548341 0.5468975469 0.1269841270 0.1702741703
1 0.3556998557 0.7207792208 0.1861471861 0.2438672439
1 0.5028860029 0.6681096681 0.1601731602 0.2164502165
1 0.7561327561 0.7669552670 0.1298701299 0.2178932179
1 0.8773448773 0.7041847042 0.0808080808 0.1875901876
1 0.8253968254 0.7337662338 0.0779220779 0.1803751804
4 0.0259740260 0.8290043290 0.0519480519 0.2496392496
4 0.0692640693 0.7994227994 0.1183261183 0.2395382395
6 0.1969696970 0.8015873016 0.1659451659 0.1659451659
1 0.4574314574 0.8239538240 0.1125541126 0.0519480519
1 0.6392496392 0.8232323232 0.1702741703 0.2582972583
0 0.1190476190 0.9805194805 0.1168831169 0.0389610390
0 0.2359307359 0.9480519481 0.1428571429 0.1038961039
0 0.3629148629 0.9285714286 0.1399711400 0.1428571429
6 0.4920634921 0.9314574315 0.1269841270 0.1370851371
1 0.8946608947 0.9559884560 0.0692640693 0.0880230880
1 0.8441558442 0.9754689755 0.0750360750 0.0490620491
0 0.0331890332 0.9913419913 0.0663780664 0.0173160173
1 0.7965367965 0.9927849928 0.0663780664 0.0144300144
