7 0.0877742947 0.0219435737 0.0961337513 0.0438871473
7 0.2267502612 0.0318704284 0.1024033438 0.0637408568
0 0.3380355277 0.0282131661 0.1034482759 0.0522466040
0 0.4602925810 0.0094043887 0.0971786834 0.0188087774
0 0.5679205852 0.0308254963 0.0867293626 0.0491118077
0 0.6797283177 0.0130616510 0.0762800418 0.0261233020
0 0.7722048067 0.0188087774 0.0522466040 0.0376175549
0 0.8202716823 0.0198537095 0.0585161964 0.0397074190
7 0.1039707419 0.0715778474 0.0950888192 0.0616509927
7 0.2366771160 0.0914315569 0.0909090909 0.0595611285
0 0.3359456635 0.0658307210 0.0992685475 0.0459770115
0 0.3354231975 0.0992685475 0.0940438871 0.0438871473
0 0.4514106583 0.0726227795 0.0877742947 0.0449320794
0 0.4571577847 0.0339602926 0.0929989551 0.0428422153
0 0.5559038662 0.0715778474 0.0877742947 0.0449320794
0 0.6536050157 0.0788923720 0.0804597701 0.0386624869
0 0.6698014629 0.0412748171 0.0877742947 0.0386624869
0 0.7361546499 0.0903866249 0.0553814002 0.0428422153
0 0.7575757576 0.0538140021 0.0564263323 0.0386624869
0 0.8014629049 0.0595611285 0.0543364681 0.0459770115
7 0.0130616510 0.1494252874 0.0261233020 0.0543364681
7 0.1191222571 0.1259143156 0.0856844305 0.0553814002
7 0.2424242424 0.1447230930 0.0940438871 0.0637408568
0 0.3385579937 0.1332288401 0.0877742947 0.0365726228
0 0.4404388715 0.1483803553 0.0783699060 0.0417972832
0 0.4472309300 0.1118077325 0.0877742947 0.0376175549
0 0.6431556949 0.1149425287 0.0741901776 0.0313479624
4 0.1280041797 0.2262277952 0.0867293626 0.0365726228
7 0.2664576803 0.2100313480 0.0208986416 0.0522466040
4 0.3437826541 0.2068965517 0.0731452456 0.0271682341
0 0.3396029258 0.1687565308 0.0815047022 0.0428422153
4 0.4273772205 0.2142110763 0.0626959248 0.0292580982
2 0.5621734587 0.1797283177 0.1859979101 0.0835945664
2 0.7283176594 0.1907001045 0.1839080460 0.1347962382
4 0.1259143156 0.2575757576 0.0846394984 0.0344827586
4 0.1264367816 0.2915360502 0.0856844305 0.0355276907
7 0.2455590387 0.2727272727 0.0313479624 0.0438871473
7 0.2460815047 0.2335423197 0.0240334378 0.0386624869
7 0.2690700104 0.2638453501 0.0219435737 0.0574712644
4 0.3453500522 0.2361546499 0.0741901776 0.0334378265
4 0.3474399164 0.2695924765 0.0762800418 0.0376175549
4 0.4362591432 0.2711598746 0.0616509927 0.0303030303
4 0.4315569488 0.2419017764 0.0606060606 0.0282131661
2 0.5721003135 0.2455590387 0.1933124347 0.0773249739
4 0.1259143156 0.3249738767 0.0846394984 0.0334378265
4 0.1253918495 0.3584117032 0.0856844305 0.0355276907
7 0.2706374086 0.3166144201 0.0229885057 0.0522466040
7 0.2492163009 0.3667711599 0.0323928945 0.0522466040
7 0.2476489028 0.3176593521 0.0292580982 0.0501567398
7 0.2727272727 0.3657262278 0.0250783699 0.0522466040
4 0.3526645768 0.3380355277 0.0762800418 0.0365726228
4 0.3505747126 0.3040752351 0.0741901776 0.0355276907
4 0.4388714734 0.3004179728 0.0647857889 0.0303030303
4 0.4472309300 0.3636363636 0.0710553814 0.0334378265
4 0.4446185998 0.3317659352 0.0700104493 0.0303030303
2 0.5846394984 0.3249738767 0.1954022989 0.0835945664
2 0.7612330199 0.3281086729 0.1954022989 0.1588296761
4 0.1238244514 0.4278996865 0.0888192268 0.0365726228
4 0.1259143156 0.3934169279 0.0888192268 0.0365726228
7 0.2497387670 0.4164054336 0.0292580982 0.0470219436
7 0.2225705329 0.3975966562 0.0292580982 0.0470219436
7 0.2748171369 0.4137931034 0.0250783699 0.0459770115
4 0.3500522466 0.3719958203 0.0835945664 0.0355276907
4 0.3531870428 0.4054336468 0.0898641588 0.0376175549
4 0.4508881923 0.3944618600 0.0721003135 0.0323928945
4 0.4545454545 0.4263322884 0.0731452456 0.0313479624
2 0.5992685475 0.4122257053 0.1974921630 0.0867293626
7 0.1248693835 0.4629049112 0.0888192268 0.0355276907
7 0.2523510972 0.4900731452 0.0282131661 0.0397074190
7 0.2763845350 0.4493207941 0.0219435737 0.0250783699
7 0.2779519331 0.4973876698 0.0208986416 0.0250783699
4 0.3557993730 0.4404388715 0.0888192268 0.0365726228
7 0.2763845350 0.4738766980 0.0219435737 0.0261233020
4 0.3584117032 0.4743991641 0.0898641588 0.0355276907
4 0.4582027168 0.4597701149 0.0762800418 0.0355276907
4 0.4608150470 0.4942528736 0.0710553814 0.0355276907
2 0.8082549634 0.4832810867 0.2225705329 0.1786833856
4 0.1222570533 0.5031347962 0.0898641588 0.0407523511
4 0.1259143156 0.5402298851 0.1013584117 0.0417972832
7 0.2533960293 0.5240334378 0.0303030303 0.0303030303
4 0.3573667712 0.5078369906 0.0919540230 0.0376175549
7 0.2842215256 0.5219435737 0.0334378265 0.0261233020
7 0.2836990596 0.5464994775 0.0344827586 0.0271682341
4 0.3573667712 0.5449320794 0.0898641588 0.0365726228
4 0.4644723093 0.5297805643 0.0700104493 0.0397074190
2 0.6128526646 0.5015673981 0.2058516196 0.1003134796
4 0.1253918495 0.5799373041 0.1044932079 0.0459770115
4 0.1233019854 0.6201671891 0.1065830721 0.0491118077
6 0.3761755486 0.5882967607 0.0438871473 0.0376175549
2 0.6316614420 0.5898641588 0.2246603971 0.1201671891
4 0.1201671891 0.6583072100 0.1128526646 0.0459770115
6 0.3312434692 0.6358411703 0.0856844305 0.0428422153
2 0.8495297806 0.6499477534 0.2298850575 0.1985370951
2 0.4916405434 0.7544409613 0.1410658307 0.2528735632
2 0.6635318704 0.7580982236 0.2486938349 0.2476489028
2 0.8719958203 0.8098223615 0.2037617555 0.1295715778
