8 0.4220462850 0.0609013398 0.1449451888 0.1218026797
1 0.5365408039 0.0566382460 0.0937880633 0.1132764921
1 0.6309378806 0.0456760049 0.1047503045 0.0913520097
1 0.7271619976 0.0414129111 0.1291108404 0.0828258222
8 0.3093788063 0.0682095006 0.0779537150 0.1364190012
1 0.7289890378 0.2576126675 0.1254567600 0.1595615104
1 0.3294762485 0.3148599269 0.0816077954 0.1449451888
1 0.4177831912 0.3051157125 0.0828258222 0.1595615104
1 0.5066991474 0.2868453106 0.0950060901 0.1619975639
1 0.6144945189 0.2752740560 0.1035322777 0.1729598051
1 0.3093788063 0.5054811206 0.0998781973 0.0755176614
1 0.4068209501 0.5688185140 0.0998781973 0.0950060901
1 0.4086479903 0.4847746650 0.0986601705 0.0803897686
1 0.5164433618 0.4890377588 0.1071863581 0.0864799026
1 0.6144945189 0.4829476248 0.1010962241 0.0962241169
1 0.7271619976 0.4817295981 0.1242387333 0.0962241169
1 0.3112058465 0.5816077954 0.0962241169 0.0767356882
1 0.5170523752 0.5791717418 0.1059683313 0.1010962241
1 0.6266747868 0.5730816078 0.1035322777 0.0864799026
1 0.7302070646 0.5773447016 0.0962241169 0.0755176614
1 0.2831912302 0.7198538368 0.0840438490 0.0925700365
1 0.3702801462 0.7155907430 0.0876979294 0.0889159562
1 0.4543239951 0.7222898904 0.0876979294 0.0950060901
1 0.5475030451 0.7161997564 0.0962241169 0.0974421437
1 0.6218026797 0.7527405603 0.0621193666 0.1632155907
1 0.6875761267 0.7612667479 0.0742996346 0.1705237515
1 0.7624847747 0.7630937881 0.0803897686 0.1766138855
1 0.3398294762 0.8014616322 0.0560292326 0.0706455542
1 0.4080389769 0.8069427527 0.0584652862 0.0816077954
1 0.5560292326 0.8099878197 0.0742996346 0.0755176614
1 0.3075517661 0.9610231425 0.1449451888 0.0779537150
1 0.4116930572 0.9616321559 0.0706455542 0.0767356882
1 0.4799025579 0.9634591961 0.0779537150 0.0730816078
1 0.5535931790 0.9628501827 0.0816077954 0.0742996346
1 0.6291108404 0.9671132765 0.0864799026 0.0657734470
1 0.7052375152 0.9695493301 0.0828258222 0.0609013398
1 0.7813641900 0.9707673569 0.0864799026 0.0584652862
