4 0.3166189112 0.1088825215 0.0630372493 0.1547277937
4 0.4240687679 0.1160458453 0.0630372493 0.1432664756
4 0.3689111748 0.1131805158 0.0673352436 0.1461318052
4 0.5293696275 0.1117478510 0.0558739255 0.1232091691
4 0.4785100287 0.1167621777 0.0573065903 0.1389684814
7 0.5845272206 0.1153295129 0.0487106017 0.1217765043
4 0.6325214900 0.1138968481 0.0501432665 0.1217765043
4 0.6797994269 0.1167621777 0.0501432665 0.1217765043
4 0.7277936963 0.1160458453 0.0487106017 0.1174785100
4 0.7736389685 0.1167621777 0.0458452722 0.1160458453
4 0.8660458453 0.1167621777 0.0472779370 0.1160458453
4 0.8194842407 0.1174785100 0.0487106017 0.1174785100
4 0.9090257880 0.1196275072 0.0501432665 0.1189111748
7 0.5007163324 0.2915472779 0.0415472779 0.0415472779
7 0.5472779370 0.2901146132 0.0544412607 0.0386819484
7 0.6740687679 0.2492836676 0.0644699140 0.0401146132
7 0.6482808023 0.2865329513 0.0644699140 0.0401146132
7 0.7851002865 0.3151862464 0.0716332378 0.0315186246
7 0.7163323782 0.2858166189 0.0716332378 0.0444126074
7 0.7836676218 0.2836676218 0.0687679083 0.0401146132
7 0.8574498567 0.3130372493 0.0787965616 0.0300859599
7 0.8452722063 0.2808022923 0.0601719198 0.0429799427
7 0.8989971347 0.2815186246 0.0530085960 0.0329512894
7 0.9312320917 0.3094555874 0.0716332378 0.0286532951
7 0.9885386819 0.2765042980 0.0229226361 0.1289398281
6 0.3474212034 0.3982808023 0.0587392550 0.1174785100
7 0.5035816619 0.3338108883 0.0358166189 0.0458452722
4 0.5229226361 0.4340974212 0.0515759312 0.1260744986
7 0.4699140401 0.3330945559 0.0372492837 0.0472779370
4 0.4720630372 0.4340974212 0.0501432665 0.1232091691
4 0.6153295129 0.4319484241 0.0501432665 0.1217765043
7 0.6031518625 0.3230659026 0.0343839542 0.0300859599
7 0.5694842407 0.3230659026 0.0358166189 0.0300859599
4 0.5687679083 0.4355300860 0.0487106017 0.1232091691
7 0.5372492837 0.3252148997 0.0343839542 0.0286532951
4 0.7091690544 0.4240687679 0.0487106017 0.1146131805
7 0.6518624642 0.3209169054 0.0630372493 0.0343839542
4 0.6633237822 0.4283667622 0.0515759312 0.1232091691
4 0.8022922636 0.4247851003 0.0487106017 0.1017191977
4 0.7557306590 0.4276504298 0.0501432665 0.1045845272
7 0.7177650430 0.3180515759 0.0716332378 0.0343839542
4 0.8954154728 0.4176217765 0.0458452722 0.1017191977
4 0.8495702006 0.4204871060 0.0515759312 0.1045845272
4 0.9355300860 0.4154727794 0.0372492837 0.1002865330
0 0.9792263610 0.4097421203 0.0415472779 0.1117478510
6 0.4126074499 0.4598853868 0.0515759312 0.0601719198
4 0.7643266476 0.5537249284 0.0415472779 0.0959885387
4 0.7206303725 0.5573065903 0.0458452722 0.0974212034
4 0.8073065903 0.5458452722 0.0415472779 0.0888252149
4 0.8875358166 0.5358166189 0.0386819484 0.0830945559
4 0.8474212034 0.5422636103 0.0415472779 0.0845272206
4 0.9255014327 0.5300859599 0.0401146132 0.0859598854
0 0.9935530086 0.5479942693 0.0128939828 0.1074498567
2 0.1848137536 0.6181948424 0.3467048711 0.1934097421
4 0.4928366762 0.5809455587 0.0544412607 0.0959885387
4 0.5415472779 0.5759312321 0.0487106017 0.0974212034
4 0.5888252149 0.5723495702 0.0487106017 0.1045845272
4 0.6783667622 0.5623209169 0.0444126074 0.0988538682
4 0.6346704871 0.5673352436 0.0429799427 0.1002865330
2 0.5315186246 0.7843839542 0.1375358166 0.2822349570
2 0.6540114613 0.7657593123 0.1189111748 0.2707736390
2 0.7736389685 0.7457020057 0.1146131805 0.2679083095
2 0.8825214900 0.7285100287 0.1060171920 0.2650429799
2 0.9577363897 0.7148997135 0.0845272206 0.2550143266
2 0.1797994269 0.8416905444 0.3395415473 0.3166189112
2 0.4104584527 0.8101719198 0.1647564470 0.3080229226
2 0.7693409742 0.9269340974 0.2177650430 0.1461318052
2 0.9326647564 0.9083094556 0.1346704871 0.1833810888
2 0.3280802292 0.9756446991 0.2722063037 0.0487106017
2 0.5565902579 0.9498567335 0.2449856734 0.1002865330
