7 0.2904993910 0.0322777101 0.1936662607 0.0645554202
7 0.4220462850 0.0341047503 0.0742996346 0.0682095006
5 0.5724725944 0.0261875761 0.1900121803 0.0523751523
7 0.0304506699 0.0846528624 0.0609013398 0.0742996346
7 0.0779537150 0.0231425091 0.0706455542 0.0462850183
5 0.6887941535 0.0773447016 0.0694275274 0.1059683313
5 0.7874543240 0.0408038977 0.1327649208 0.0816077954
5 0.8952496955 0.0347137637 0.0876979294 0.0694275274
0 0.9689403167 0.0584652862 0.0621193666 0.1169305725
7 0.0450669915 0.1498172960 0.0901339829 0.0755176614
7 0.1467722290 0.1272838002 0.0718635810 0.1254567600
7 0.3038976857 0.1431181486 0.1790499391 0.1741778319
7 0.4110840438 0.1406820950 0.0475030451 0.1619975639
5 0.5298416565 0.0962241169 0.0998781973 0.0998781973
5 0.6169305725 0.0907429963 0.0889159562 0.1157125457
5 0.7777101096 0.1303288672 0.1473812424 0.0998781973
7 0.0505481121 0.2088915956 0.1010962241 0.0718635810
6 0.5304506699 0.2076735688 0.1010962241 0.1278928136
6 0.6272838002 0.2058465286 0.1218026797 0.1291108404
0 0.7868453106 0.2308160780 0.1632155907 0.1278928136
0 0.9464068210 0.1729598051 0.0876979294 0.1047503045
7 0.9872107186 0.1662606577 0.0255785627 0.1230207065
7 0.0645554202 0.2661388551 0.1291108404 0.0742996346
0 0.3093788063 0.2771010962 0.1753958587 0.1230207065
0 0.7710109622 0.3197320341 0.1632155907 0.1084043849
0 0.9445797808 0.2740560292 0.1108404385 0.1071863581
4 0.0925700365 0.3544457978 0.1851400731 0.1193666261
0 0.3288672351 0.3922046285 0.1656516443 0.1047503045
1 0.5207064555 0.3300852619 0.0889159562 0.1266747868
1 0.6029232643 0.3209500609 0.0876979294 0.1059683313
0 0.0950060901 0.4537149817 0.1656516443 0.1376370280
0 0.2965895250 0.4591961023 0.0816077954 0.0438489647
0 0.3708891596 0.4531059683 0.0645554202 0.0365408039
1 0.5121802680 0.4159561510 0.0864799026 0.0864799026
1 0.5937880633 0.4092570037 0.0742996346 0.0852618758
0 0.7612667479 0.4049939099 0.1559074300 0.1181485993
2 0.9263093788 0.3982947625 0.1473812424 0.1632155907
1 0.9926918392 0.4616321559 0.0146163216 0.1071863581
0 0.2959805116 0.5085261876 0.0706455542 0.0718635810
0 0.3580998782 0.4951278928 0.0633373934 0.0499390987
1 0.5188794153 0.4963459196 0.0828258222 0.0718635810
1 0.5907429963 0.4908647990 0.0828258222 0.0852618758
1 0.7021924482 0.4933008526 0.0694275274 0.0682095006
1 0.7673568819 0.4853836784 0.0609013398 0.0645554202
1 0.7643118149 0.5505481121 0.0596833130 0.0730816078
2 0.9129110840 0.5237515225 0.1595615104 0.1388550548
1 0.9859926918 0.5499390987 0.0280146163 0.0937880633
7 0.1041412911 0.5590742996 0.1157125457 0.1071863581
1 0.5091352010 0.5767356882 0.0779537150 0.0840438490
1 0.5828258222 0.5682095006 0.0767356882 0.0791717418
1 0.6991473812 0.5578562728 0.0730816078 0.0706455542
1 0.6845310597 0.6248477467 0.0682095006 0.0682095006
1 0.7460414129 0.6187576127 0.0548112058 0.0609013398
2 0.9013398295 0.6199756395 0.1559074300 0.0925700365
1 0.1388550548 0.6364190012 0.1364190012 0.0669914738
1 0.1479902558 0.6808769793 0.1303288672 0.0633373934
1 0.3562728380 0.6406820950 0.1352009744 0.0901339829
1 0.3873325213 0.7082825822 0.0511571255 0.0548112058
1 0.4415347138 0.7003654080 0.0499390987 0.0609013398
1 0.5109622412 0.6559074300 0.0718635810 0.0718635810
1 0.5816077954 0.6382460414 0.0694275274 0.0657734470
1 0.5749086480 0.7009744214 0.0730816078 0.0621193666
1 0.7393422655 0.6723507917 0.0584652862 0.0487210719
1 0.6790499391 0.6827040195 0.0548112058 0.0548112058
1 0.8690621194 0.6772228989 0.1181485993 0.0584652862
1 0.9652862363 0.6431181486 0.0694275274 0.1023142509
1 0.0152253350 0.7101096224 0.0304506699 0.1339829476
1 0.1589524970 0.7216808770 0.1254567600 0.0645554202
1 0.1662606577 0.7594397077 0.1205846529 0.0621193666
1 0.3239951279 0.7222898904 0.0633373934 0.0560292326
1 0.3215590743 0.7813641900 0.0584652862 0.0669914738
1 0.3842874543 0.7606577345 0.0523751523 0.0718635810
1 0.4384896468 0.7545676005 0.0560292326 0.0669914738
1 0.5115712546 0.7095006090 0.0609013398 0.0499390987
1 0.5103532278 0.7661388551 0.0609013398 0.0633373934
1 0.5736906212 0.7545676005 0.0633373934 0.0596833130
1 0.7308160780 0.7697929354 0.0584652862 0.0560292326
1 0.7308160780 0.7192448234 0.0535931790 0.0523751523
1 0.6735688185 0.7856272838 0.0609013398 0.0535931790
1 0.6711327649 0.7344701583 0.0535931790 0.0487210719
1 0.8337393423 0.7302070646 0.0621193666 0.0548112058
1 0.8915956151 0.7204628502 0.0584652862 0.0596833130
1 0.0316686967 0.8130328867 0.0633373934 0.1035322777
1 0.1723507917 0.8124238733 0.1254567600 0.0657734470
1 0.1839220463 0.8538367844 0.1169305725 0.0633373934
1 0.3398294762 0.8428745432 0.0633373934 0.0682095006
1 0.3946406821 0.8331303289 0.0487210719 0.0584652862
1 0.5133982948 0.8215590743 0.0645554202 0.0450669915
1 0.4470158343 0.8209500609 0.0560292326 0.0657734470
1 0.5718635810 0.8075517661 0.0572472594 0.0511571255
1 0.0408038977 0.8891595615 0.0816077954 0.1071863581
1 0.1912302071 0.8922046285 0.1144945189 0.0523751523
