1 0.0418994413 0.6201117318 0.0837988827 0.1256983240
3 0.1340782123 0.5523743017 0.0446927374 0.0293296089
1 0.1340782123 0.6061452514 0.0642458101 0.0782122905
1 0.1801675978 0.6089385475 0.0335195531 0.0810055866
3 0.1759776536 0.5523743017 0.0418994413 0.0321229050
3 0.2178770950 0.5516759777 0.0418994413 0.0363128492
1 0.3212290503 0.5726256983 0.0642458101 0.0837988827
1 0.4972067039 0.5963687151 0.1229050279 0.0698324022
1 0.3875698324 0.5726256983 0.0740223464 0.0837988827
1 0.6082402235 0.5621508380 0.0712290503 0.0684357542
2 0.7060055866 0.5628491620 0.1298882682 0.0670391061
1 0.0405027933 0.7074022346 0.0810055866 0.0628491620
1 0.1354748603 0.6857541899 0.0614525140 0.0810055866
1 0.1801675978 0.6885474860 0.0307262570 0.0810055866
1 0.3379888268 0.7122905028 0.0865921788 0.0670391061
1 0.3540502793 0.6473463687 0.1270949721 0.0684357542
1 0.4776536313 0.6606145251 0.0865921788 0.0670391061
2 0.6682960894 0.6368715084 0.1885474860 0.0865921788
8 0.8282122905 0.6305865922 0.0837988827 0.0684357542
1 0.0384078212 0.7646648045 0.0768156425 0.0656424581
1 0.1333798883 0.7674581006 0.0684357542 0.0824022346
1 0.1997206704 0.7646648045 0.0670391061 0.0712290503
1 0.3414804469 0.7772346369 0.0768156425 0.0656424581
1 0.2751396648 0.7981843575 0.0558659218 0.0796089385
1 0.4748603352 0.8044692737 0.0893854749 0.0810055866
1 0.4769553073 0.7304469274 0.0851955307 0.0754189944
1 0.6005586592 0.7967877095 0.0614525140 0.0656424581
1 0.6068435754 0.7248603352 0.0712290503 0.0782122905
1 0.7046089385 0.7255586592 0.1270949721 0.1103351955
8 0.8289106145 0.7311452514 0.0879888268 0.0600558659
1 0.0377094972 0.8750000000 0.0754189944 0.0656424581
1 0.0384078212 0.8205307263 0.0768156425 0.0628491620
1 0.1333798883 0.8365921788 0.0628491620 0.0586592179
1 0.1990223464 0.8310055866 0.0712290503 0.0698324022
1 0.2723463687 0.8805865922 0.0558659218 0.0824022346
1 0.3379888268 0.8463687151 0.0782122905 0.0726256983
1 0.4727653631 0.8784916201 0.0907821229 0.0810055866
1 0.7304469274 0.8079608939 0.0698324022 0.0600558659
1 0.6815642458 0.8715083799 0.0502793296 0.0642458101
1 0.6620111732 0.8058659218 0.0614525140 0.0558659218
1 0.6270949721 0.8687150838 0.0558659218 0.0642458101
1 0.7374301676 0.8715083799 0.0530726257 0.0670391061
8 0.8296089385 0.8205307263 0.0893854749 0.0572625698
1 0.0377094972 0.9287709497 0.0754189944 0.0670391061
1 0.1243016760 0.9029329609 0.0726256983 0.0712290503
1 0.1962290503 0.9022346369 0.0712290503 0.0754189944
