6 0.5616605617 0.1263736264 0.1636141636 0.0940170940
7 0.9096459096 0.0842490842 0.0463980464 0.1245421245
7 0.8565323565 0.0885225885 0.0500610501 0.1233211233
1 0.3931623932 0.1880341880 0.1514041514 0.0952380952
1 0.6874236874 0.1581196581 0.0781440781 0.1062271062
1 0.7765567766 0.1428571429 0.0830280830 0.1050061050
3 0.9157509158 0.2026862027 0.0512820513 0.1147741148
1 0.2368742369 0.2350427350 0.1416361416 0.0842490842
6 0.5409035409 0.2625152625 0.1245421245 0.1904761905
7 0.7313797314 0.2600732601 0.1587301587 0.1074481074
3 0.8614163614 0.2100122100 0.0525030525 0.1147741148
1 0.2435897436 0.3357753358 0.1501831502 0.0830280830
1 0.4401709402 0.2936507937 0.0744810745 0.0818070818
7 0.9041514042 0.3021978022 0.1379731380 0.0964590965
7 0.0274725275 0.4401709402 0.0549450549 0.1794871795
1 0.2307692308 0.4157509158 0.1440781441 0.0915750916
1 0.4438339438 0.3754578755 0.0769230769 0.0818070818
7 0.6910866911 0.3791208791 0.0781440781 0.1282051282
7 0.7686202686 0.3772893773 0.0818070818 0.1269841270
0 0.9175824176 0.3943833944 0.1648351648 0.0952380952
1 0.2539682540 0.5042735043 0.1367521368 0.0903540904
1 0.4474969475 0.4542124542 0.0720390720 0.0805860806
6 0.5463980464 0.4468864469 0.1233211233 0.1807081807
7 0.6886446886 0.4926739927 0.0586080586 0.0915750916
7 0.7557997558 0.4914529915 0.0708180708 0.0891330891
0 0.9169719170 0.4798534799 0.1660561661 0.0805860806
7 0.0231990232 0.5579975580 0.0463980464 0.0683760684
1 0.4523809524 0.5323565324 0.0671550672 0.0781440781
7 0.6862026862 0.5927960928 0.0659340659 0.1037851038
7 0.7533577534 0.5958485958 0.0781440781 0.1050061050
0 0.9175824176 0.5622710623 0.1648351648 0.0891330891
1 0.2484737485 0.6001221001 0.1501831502 0.0989010989
6 0.5506715507 0.6288156288 0.1196581197 0.1831501832
0 0.9194139194 0.6562881563 0.1611721612 0.1013431013
7 0.0067155067 0.6910866911 0.0134310134 0.0805860806
1 0.2466422466 0.6941391941 0.1562881563 0.0964590965
1 0.4304029304 0.6978021978 0.0378510379 0.0842490842
7 0.7417582418 0.6904761905 0.1623931624 0.0793650794
1 0.2539682540 0.7991452991 0.1465201465 0.0940170940
1 0.4523809524 0.7857142857 0.0744810745 0.0866910867
1 0.5409035409 0.7582417582 0.0854700855 0.0805860806
1 0.5445665446 0.8156288156 0.0927960928 0.0366300366
7 0.7417582418 0.7802197802 0.1648351648 0.0879120879
0 0.9194139194 0.7545787546 0.1611721612 0.1098901099
0 0.9218559219 0.8595848596 0.1562881563 0.1050061050
