0 0.8275563258 0.0216637782 0.1715771231 0.0433275563
6 0.2305025997 0.0935875217 0.1525129983 0.1871750433
0 0.3856152513 0.0970537262 0.1681109185 0.1941074523
0 0.5381282496 0.0736568458 0.1715771231 0.1473136915
0 0.6785095321 0.0346620451 0.1403812825 0.0693240901
1 0.0779896014 0.2348353553 0.1559792028 0.3102253033
1 0.2720970537 0.2339688042 0.1351819757 0.0623916811
6 0.5849220104 0.2608318891 0.1993067591 0.1993067591
4 0.7383015598 0.2634315425 0.1421143847 0.2876949740
4 0.8379549393 0.2279029463 0.1577123050 0.2998266898
4 0.9367417678 0.2071057192 0.1265164645 0.3379549393
1 0.2175043328 0.4211438475 0.1923743501 0.2599653380
1 0.3942807626 0.3578856153 0.2235701906 0.2928942808
1 0.0849220104 0.4740034662 0.1698440208 0.2443674177
7 0.9558058925 0.5502599653 0.0883882149 0.1785095321
7 0.2894280763 0.7010398614 0.1525129983 0.1646447140
0 0.4393414211 0.6880415945 0.1958405546 0.2357019064
4 0.5805892548 0.6741767764 0.1698440208 0.2842287695
7 0.7062391681 0.6265164645 0.1057192374 0.2201039861
7 0.7876949740 0.5953206239 0.1022530329 0.2027729636
7 0.8717504333 0.5779896014 0.1074523397 0.2062391681
1 0.0580589255 0.7790294627 0.0918544194 0.1785095321
1 0.0242634315 0.7894280763 0.0485268631 0.1715771231
1 0.1793760832 0.7504332756 0.0953206239 0.1941074523
1 0.1161178510 0.7634315425 0.0901213172 0.1854419411
7 0.9038128250 0.7616984402 0.1785095321 0.1022530329
1 0.0103986135 0.9844020797 0.0207972270 0.0311958406
1 0.0571923744 0.9844020797 0.0797227036 0.0311958406
0 0.3613518198 0.9618717504 0.1022530329 0.0762564991
0 0.4315424610 0.9584055459 0.0623916811 0.0831889081
0 0.6906412478 0.9341421144 0.1750433276 0.1317157712
7 0.8786828423 0.9289428076 0.2426343154 0.1421143847
1 0.1733102253 0.9818024263 0.1282495667 0.0363951473
0 0.5268630849 0.9514731369 0.1490467938 0.0970537262
