5 0.0670314637 0.0253077975 0.1285909713 0.0506155951
5 0.1997264022 0.0232558140 0.0410396717 0.0465116279
5 0.4008207934 0.0239398085 0.0574555404 0.0478796170
5 0.3378932969 0.0246238030 0.0656634747 0.0492476060
5 0.5116279070 0.0232558140 0.0711354309 0.0465116279
5 0.5834473324 0.0246238030 0.0807113543 0.0492476060
5 0.7010943912 0.0218878249 0.1025991792 0.0437756498
5 0.8816689466 0.0136798906 0.0916552668 0.0273597811
5 0.9500683995 0.0075239398 0.0451436389 0.0150478796
3 0.9083447332 0.0841313269 0.0547195622 0.0560875513
3 0.8577291382 0.0854993160 0.0547195622 0.0560875513
1 0.0123119015 0.1176470588 0.0246238030 0.0738714090
1 0.1792065663 0.1251709986 0.0656634747 0.0697674419
1 0.2551299590 0.1367989056 0.0725034200 0.0848153215
1 0.3385772914 0.1196990424 0.0697674419 0.0834473324
1 0.4117647059 0.1190150479 0.0738714090 0.0848153215
1 0.5027359781 0.1928864569 0.0725034200 0.0766073871
1 0.5047879617 0.1135430917 0.0738714090 0.0820793434
1 0.5779753762 0.1135430917 0.0752393981 0.0820793434
1 0.6846785226 0.1121751026 0.0861833105 0.0793433653
1 0.6805745554 0.1908344733 0.0834473324 0.0779753762
1 0.7606019152 0.1887824897 0.0820793434 0.0820793434
3 0.8536251710 0.1381668947 0.0519835841 0.0519835841
3 0.8782489740 0.1853625171 0.1039671683 0.0478796170
3 0.9049247606 0.1361149111 0.0533515732 0.0506155951
1 0.2510259918 0.2270861833 0.0779753762 0.0793433653
1 0.4021887825 0.2065663475 0.0683994528 0.0848153215
1 0.3351573187 0.2065663475 0.0683994528 0.0875512996
1 0.5020519836 0.2708618331 0.0711354309 0.0766073871
1 0.5759233926 0.1942544460 0.0738714090 0.0793433653
1 0.6744186047 0.2674418605 0.0738714090 0.0779753762
1 0.5745554036 0.2729138167 0.0738714090 0.0752393981
1 0.7530779754 0.2694938440 0.0807113543 0.0793433653
1 0.8926128591 0.2311901505 0.1409028728 0.0601915185
1 0.2564979480 0.3173734610 0.0697674419 0.0793433653
1 0.4124487004 0.2913816689 0.0752393981 0.0848153215
1 0.3392612859 0.2900136799 0.0711354309 0.0820793434
1 0.5000000000 0.3467852257 0.0697674419 0.0779753762
1 0.6703146375 0.3447332421 0.0738714090 0.0793433653
1 0.5731874145 0.3508891929 0.0738714090 0.0779753762
1 0.7496580027 0.3529411765 0.0848153215 0.0820793434
1 0.8905608755 0.2893296854 0.1450068399 0.0588235294
1 0.8871409029 0.3467852257 0.1409028728 0.0615595075
1 0.3344733242 0.4528043776 0.0642954856 0.0820793434
1 0.4008207934 0.4528043776 0.0683994528 0.0820793434
1 0.3331053352 0.3748290014 0.0615595075 0.0820793434
1 0.3994528044 0.3741450068 0.0683994528 0.0779753762
1 0.5006839945 0.4227086183 0.0683994528 0.0656634747
1 0.6696306430 0.4240766074 0.0725034200 0.0766073871
1 0.5738714090 0.4254445964 0.0752393981 0.0738714090
1 0.7441860465 0.4302325581 0.0820793434 0.0752393981
1 0.8823529412 0.4028727770 0.1395348837 0.0588235294
1 0.3967168263 0.5212038304 0.0629274966 0.0547195622
1 0.3324213406 0.5184678523 0.0601915185 0.0465116279
1 0.5075239398 0.4972640219 0.0766073871 0.0725034200
1 0.6689466484 0.5006839945 0.0738714090 0.0766073871
1 0.7414500684 0.5047879617 0.0766073871 0.0738714090
8 0.8912448700 0.4979480164 0.1545827633 0.0957592339
1 0.4986320109 0.5718194254 0.0642954856 0.0766073871
1 0.5663474692 0.5800273598 0.0683994528 0.0793433653
1 0.6662106703 0.5745554036 0.0711354309 0.0848153215
1 0.7366621067 0.5820793434 0.0725034200 0.0834473324
8 0.8974008208 0.6108071135 0.1778385773 0.1108071135
1 0.5027359781 0.6497948016 0.0533515732 0.0574555404
1 0.6621067031 0.6580027360 0.0711354309 0.0848153215
1 0.5704514364 0.6497948016 0.0711354309 0.0738714090
1 0.7346101231 0.6600547196 0.0738714090 0.0861833105
1 0.6634746922 0.7298221614 0.0683994528 0.0752393981
1 0.7332421341 0.7387140903 0.0766073871 0.0738714090
1 0.8871409029 0.7236662107 0.1627906977 0.1340629275
