1 0.1671875000 0.0757812500 0.0781250000 0.1515625000
1 0.2515625000 0.1023437500 0.0531250000 0.0953125000
1 0.3148437500 0.0710937500 0.0796875000 0.1421875000
1 0.3960937500 0.0679687500 0.0828125000 0.1359375000
1 0.4804687500 0.0781250000 0.0734375000 0.1562500000
1 0.5531250000 0.0757812500 0.0718750000 0.1515625000
1 0.6562500000 0.0843750000 0.1375000000 0.1687500000
6 0.8984375000 0.1335937500 0.1718750000 0.2671875000
1 0.1640625000 0.2617187500 0.0750000000 0.1640625000
1 0.2484375000 0.2460937500 0.0781250000 0.1546875000
1 0.3828125000 0.2554687500 0.0781250000 0.1796875000
1 0.3203125000 0.2734375000 0.0593750000 0.1562500000
1 0.4601562500 0.2648437500 0.0765625000 0.1609375000
1 0.5406250000 0.2593750000 0.0750000000 0.1562500000
1 0.6132812500 0.2523437500 0.0765625000 0.1609375000
1 0.6921875000 0.2554687500 0.0781250000 0.1578125000
1 0.1632812500 0.3921875000 0.1015625000 0.1062500000
1 0.2671875000 0.3843750000 0.1156250000 0.1156250000
1 0.3796875000 0.4015625000 0.1000000000 0.1000000000
1 0.4781250000 0.3968750000 0.1031250000 0.1031250000
1 0.5812500000 0.3906250000 0.1031250000 0.1093750000
1 0.6843750000 0.3867187500 0.1093750000 0.1015625000
1 0.1687500000 0.4937500000 0.1031250000 0.0937500000
1 0.2765625000 0.4937500000 0.1125000000 0.1062500000
1 0.3812500000 0.5000000000 0.0968750000 0.0937500000
1 0.4812500000 0.4992187500 0.1031250000 0.0921875000
1 0.5843750000 0.4945312500 0.1062500000 0.1046875000
1 0.6843750000 0.4898437500 0.1062500000 0.0984375000
6 0.8218750000 0.4179687500 0.1093750000 0.2234375000
6 0.9273437500 0.4242187500 0.1078125000 0.2171875000
1 0.1906250000 0.6148437500 0.1125000000 0.0953125000
1 0.3062500000 0.6078125000 0.1125000000 0.0937500000
1 0.4273437500 0.6132812500 0.1171875000 0.1046875000
1 0.5500000000 0.6054687500 0.1218750000 0.0921875000
1 0.6742187500 0.5984375000 0.1328125000 0.1031250000
5 0.7945312500 0.6726562500 0.0765625000 0.1703125000
5 0.8640625000 0.6773437500 0.0718750000 0.1640625000
5 0.9382812500 0.6718750000 0.0765625000 0.1718750000
1 0.1929687500 0.7101562500 0.1171875000 0.0953125000
1 0.3039062500 0.7093750000 0.1140625000 0.0968750000
1 0.4281250000 0.7093750000 0.1187500000 0.0937500000
1 0.5500000000 0.7078125000 0.1218750000 0.0968750000
1 0.6742187500 0.7046875000 0.1296875000 0.1000000000
5 0.9875000000 0.6820312500 0.0250000000 0.1609375000
1 0.1843750000 0.8578125000 0.1062500000 0.0937500000
1 0.2976562500 0.8953125000 0.1109375000 0.2000000000
1 0.4046875000 0.8914062500 0.1000000000 0.1890625000
1 0.5085937500 0.8906250000 0.1046875000 0.1968750000
1 0.6140625000 0.8867187500 0.1093750000 0.2046875000
5 0.8601562500 0.9000000000 0.1265625000 0.1718750000
5 0.9632812500 0.9007812500 0.0734375000 0.1703125000
1 0.1929687500 0.9531250000 0.1015625000 0.0937500000
