1 0.8991081382 0.1755852843 0.1103678930 0.1103678930
1 0.9765886288 0.1672240803 0.0468227425 0.1025641026
1 0.0228539576 0.2285395764 0.0457079153 0.1739130435
1 0.2385730212 0.2051282051 0.2162764771 0.1337792642
1 0.4604236343 0.2045707915 0.0981047938 0.1237458194
1 0.5540691193 0.2017837235 0.1003344482 0.1270903010
1 0.6995540691 0.1973244147 0.0992196210 0.1270903010
1 0.7943143813 0.1934225195 0.1014492754 0.1237458194
1 0.5234113712 0.3171683389 0.2017837235 0.1148272018
1 0.7012263099 0.3138238573 0.0958751394 0.1259754738
1 0.7959866221 0.3093645485 0.1025641026 0.1192865106
1 0.9041248606 0.2792642140 0.1181716834 0.1125975474
1 0.9771460424 0.2725752508 0.0457079153 0.1125975474
1 0.2380156076 0.3350055741 0.2218506132 0.1304347826
1 0.9013377926 0.3829431438 0.0969899666 0.0992196210
1 0.9743589744 0.3751393534 0.0512820513 0.0992196210
1 0.2413600892 0.4620958751 0.2196209588 0.1304347826
1 0.5250836120 0.4225195095 0.1962095875 0.1092530658
1 0.7017837235 0.4314381271 0.0903010033 0.1204013378
1 0.7965440357 0.4264214047 0.1059085842 0.1192865106
1 0.9732441472 0.4710144928 0.0535117057 0.0992196210
1 0.5323299889 0.5222965440 0.1973244147 0.1059085842
1 0.9046822742 0.4777034560 0.0925306577 0.1059085842
2 0.0423634337 0.5964325530 0.0847268673 0.1716833891
1 0.2558528428 0.5836120401 0.2129319955 0.1348940914
1 0.7045707915 0.5496098105 0.0869565217 0.1204013378
1 0.8004459309 0.5445930881 0.1092530658 0.1259754738
1 0.9085841695 0.5730211817 0.0958751394 0.1025641026
1 0.9771460424 0.5685618729 0.0457079153 0.1025641026
1 0.5373467113 0.6226309922 0.1962095875 0.1036789298
1 0.7134894091 0.6677814939 0.0981047938 0.1315496098
1 0.8132664437 0.6666666667 0.1036789298 0.1337792642
1 0.9113712375 0.6727982163 0.0947603122 0.1036789298
1 0.9777034560 0.6688963211 0.0445930881 0.1047937570
1 0.2558528428 0.7006688963 0.2173913043 0.1304347826
5 0.1661092531 0.8283166109 0.1092530658 0.0936454849
5 0.2798216276 0.8227424749 0.1092530658 0.0958751394
5 0.3673355630 0.8255295429 0.0724637681 0.0992196210
5 0.5301003344 0.8260869565 0.1616499443 0.0557413601
5 0.7469342252 0.7792642140 0.1493868450 0.0691192865
6 0.9370122631 0.7876254181 0.1259754738 0.1103678930
5 0.0602006689 0.8355629877 0.1070234114 0.0880713489
5 0.5295429208 0.8857302118 0.1605351171 0.0657748049
5 0.7447045708 0.8478260870 0.1449275362 0.0635451505
6 0.9358974359 0.8835005574 0.1282051282 0.0947603122
5 0.0496098105 0.9425863991 0.0992196210 0.1148272018
5 0.1861761427 0.9163879599 0.0557413601 0.1025641026
5 0.1404682274 0.9191750279 0.0423634337 0.0947603122
5 0.2759197324 0.9169453735 0.0992196210 0.1170568562
5 0.3851727982 0.9013377926 0.0523968785 0.0546265329
5 0.3695652174 0.9615384615 0.0903010033 0.0769230769
5 0.5301003344 0.9632107023 0.1616499443 0.0735785953
5 0.7480490524 0.9163879599 0.1493868450 0.0579710145
5 0.2742474916 0.9849498328 0.0981047938 0.0301003344
5 0.7469342252 0.9732441472 0.1493868450 0.0535117057
6 0.9336677815 0.9682274247 0.1326644370 0.0635451505
