0 0.2439024390 0.0777439024 0.1310975610 0.1554878049
0 0.3201219512 0.0190548780 0.0457317073 0.0381097561
0 0.3727134146 0.0266768293 0.0625000000 0.0533536585
1 0.5548780488 0.0503048780 0.1128048780 0.1006097561
1 0.6394817073 0.0045731707 0.0685975610 0.0091463415
1 0.7050304878 0.0068597561 0.0899390244 0.0137195122
1 0.8079268293 0.0381097561 0.0853658537 0.0762195122
7 0.0205792683 0.0967987805 0.0411585366 0.1935975610
0 0.0998475610 0.0922256098 0.1539634146 0.1844512195
0 0.3277439024 0.0907012195 0.0548780488 0.1021341463
0 0.3894817073 0.0914634146 0.0899390244 0.0884146341
1 0.6570121951 0.0564024390 0.0701219512 0.0792682927
1 0.7309451220 0.0594512195 0.0838414634 0.0731707317
1 0.6051829268 0.2766768293 0.0792682927 0.1631097561
1 0.5495426829 0.2881097561 0.0838414634 0.1707317073
1 0.7035060976 0.2538109756 0.0777439024 0.1509146341
1 0.6562500000 0.2629573171 0.0807926829 0.1570121951
1 0.8216463415 0.2317073171 0.0792682927 0.1463414634
1 0.7698170732 0.2461890244 0.0823170732 0.1570121951
1 0.8696646341 0.2225609756 0.0655487805 0.1432926829
7 0.0297256098 0.4245426829 0.0594512195 0.1783536585
7 0.0861280488 0.3971036585 0.0929878049 0.1935975610
4 0.1966463415 0.3551829268 0.1493902439 0.2500000000
0 0.3208841463 0.3429878049 0.1722560976 0.2073170732
7 0.4527439024 0.3315548780 0.1341463415 0.1448170732
1 0.6417682927 0.5312500000 0.1676829268 0.2149390244
1 0.7705792683 0.4832317073 0.1295731707 0.2012195122
1 0.8658536585 0.4496951220 0.1341463415 0.1798780488
1 0.3605182927 0.6333841463 0.1966463415 0.2576219512
1 0.5160060976 0.5777439024 0.1692073171 0.2286585366
1 0.7835365854 0.6821646341 0.1371951220 0.2301829268
1 0.9115853659 0.6158536585 0.0853658537 0.1981707317
1 0.8567073171 0.6471036585 0.0823170732 0.1905487805
4 0.0198170732 0.7477134146 0.0396341463 0.2637195122
4 0.0602134146 0.7164634146 0.1204268293 0.2530487805
6 0.1928353659 0.7187500000 0.1753048780 0.1753048780
1 0.4679878049 0.7423780488 0.1189024390 0.0548780488
1 0.6600609756 0.7416158537 0.1798780488 0.2728658537
0 0.1105182927 0.9435975610 0.1234756098 0.1128048780
0 0.2339939024 0.9092987805 0.1509146341 0.1814024390
0 0.3681402439 0.8887195122 0.1478658537 0.2225609756
6 0.5045731707 0.8750000000 0.1341463415 0.1829268293
1 0.9298780488 0.9176829268 0.0731707317 0.1646341463
1 0.8765243902 0.9382621951 0.0792682927 0.1234756098
0 0.0274390244 0.9550304878 0.0548780488 0.0899390244
1 0.7728658537 0.9748475610 0.0640243902 0.0503048780
1 0.8262195122 0.9565548780 0.0701219512 0.0868902439
1 0.9832317073 0.9679878049 0.0335365854 0.0640243902
