5 0.1298020955 0.0296856810 0.0686845169 0.0593713620
5 0.5005820722 0.0302677532 0.0814901048 0.0605355064
5 0.5832363213 0.0285215367 0.0838183935 0.0570430733
5 0.8905704307 0.0116414435 0.0488940629 0.0232828871
5 0.2060535506 0.0320139697 0.0861466822 0.0640279395
5 0.2939464494 0.0360884750 0.0779976717 0.0721769499
5 0.3742724098 0.0349243306 0.0733410943 0.0698486612
5 0.6757857974 0.0471478463 0.0454016298 0.0942956927
5 0.7904540163 0.0454016298 0.0628637951 0.0908032596
5 0.7299185099 0.0465657742 0.0535506403 0.0931315483
5 0.9109429569 0.0483119907 0.0896391153 0.0593713620
5 0.9796274738 0.0692665891 0.0407450524 0.0942956927
5 0.1274738068 0.1228172293 0.0873108265 0.1199068685
5 0.2974388824 0.1222351572 0.0710128056 0.0931315483
5 0.3806752037 0.1187427241 0.0838183935 0.0977881257
5 0.5791618161 0.1135040745 0.0826542491 0.1059371362
5 0.5011641444 0.1175785797 0.0779976717 0.1047729919
5 0.7060535506 0.1274738068 0.1082654249 0.0640279395
5 0.9109429569 0.1071012806 0.0896391153 0.0535506403
1 0.5029103609 0.2421420256 0.0861466822 0.0908032596
1 0.5849825378 0.2409778813 0.0826542491 0.0931315483
1 0.7852153667 0.2334109430 0.0849825378 0.0896391153
1 0.6996507567 0.2345750873 0.0838183935 0.0873108265
3 0.8841676368 0.1996507567 0.0570430733 0.0663562282
3 0.9383003492 0.1949941793 0.0582072177 0.0616996508
1 0.0523864959 0.2764842841 0.0675203725 0.1036088475
1 0.1233993015 0.2689173458 0.0931315483 0.1094295693
1 0.2136204889 0.2735739232 0.0849825378 0.1047729919
1 0.3952270081 0.2526193248 0.0896391153 0.1024447031
1 0.3096623981 0.2532013970 0.0838183935 0.0989522701
1 0.6996507567 0.3236321304 0.0838183935 0.0861466822
1 0.7823050058 0.3201396973 0.0814901048 0.0838183935
3 0.8800931315 0.2578579744 0.0535506403 0.0570430733
3 0.9348079162 0.2532013970 0.0582072177 0.0570430733
3 0.9051222352 0.3090803260 0.1082654249 0.0570430733
1 0.0395809080 0.3864959255 0.0791618161 0.0977881257
1 0.1315483120 0.3812572759 0.0861466822 0.0989522701
1 0.2206053551 0.3806752037 0.0989522701 0.0977881257
1 0.3969732247 0.3515715949 0.0768335274 0.0954598370
1 0.3166472643 0.3538998836 0.0838183935 0.0977881257
1 0.5878928987 0.3311990687 0.0814901048 0.0896391153
1 0.5075669383 0.3335273574 0.0814901048 0.0873108265
1 0.9208381839 0.3667054715 0.1466821886 0.0675203725
1 0.0261932480 0.4615832363 0.0523864959 0.1688009313
1 0.3306169965 0.4493597206 0.0861466822 0.0908032596
1 0.4144353900 0.4452852154 0.0861466822 0.0919674040
1 0.5890570431 0.4202561118 0.0768335274 0.0861466822
1 0.5133876601 0.4179278231 0.0814901048 0.0768335274
1 0.6979045402 0.4068684517 0.0779976717 0.0803259604
1 0.7782305006 0.4086146682 0.0849825378 0.0814901048
1 0.9190919674 0.4307334109 0.1455180442 0.0628637951
1 0.1478463329 0.4778812573 0.0745052386 0.0919674040
1 0.2334109430 0.4848661234 0.0849825378 0.0919674040
1 0.3370197905 0.5395809080 0.0710128056 0.0873108265
1 0.4091967404 0.5366705471 0.0733410943 0.0861466822
1 0.5168800931 0.4994179278 0.0814901048 0.0791618161
1 0.5937136205 0.5011641444 0.0745052386 0.0803259604
1 0.6967403958 0.4871944121 0.0779976717 0.0803259604
1 0.7764842841 0.4912689173 0.0838183935 0.0791618161
1 0.9132712456 0.5471478463 0.1385331781 0.0582072177
1 0.9167636787 0.4889406286 0.1408614668 0.0628637951
1 0.3451688009 0.6233993015 0.0733410943 0.0849825378
1 0.4167636787 0.6193247963 0.0698486612 0.0838183935
1 0.5966239814 0.5768335274 0.0756693830 0.0733410943
1 0.5221187427 0.5797438882 0.0779976717 0.0698486612
1 0.6967403958 0.5704307334 0.0756693830 0.0768335274
1 0.7724097788 0.5727590221 0.0779976717 0.0791618161
1 0.0320139697 0.6292200233 0.0640279395 0.1571594878
1 0.2596041909 0.6891734575 0.0395809080 0.0698486612
1 0.5291036088 0.6559953434 0.0779976717 0.0756693830
1 0.6024447031 0.6536670547 0.0733410943 0.0733410943
1 0.7759022119 0.6495925495 0.0756693830 0.0768335274
1 0.6996507567 0.6507566938 0.0721769499 0.0721769499
8 0.9208381839 0.6303841676 0.1583236321 0.1059371362
1 0.3486612340 0.7025611176 0.0710128056 0.0663562282
1 0.4196740396 0.7054714785 0.0686845169 0.0698486612
1 0.5360884750 0.7339930151 0.0733410943 0.0640279395
1 0.6065192084 0.7270081490 0.0675203725 0.0663562282
1 0.7735739232 0.7275902212 0.0733410943 0.0721769499
1 0.7002328289 0.7240977881 0.0710128056 0.0768335274
8 0.9202561118 0.7374854482 0.1594877765 0.0942956927
1 0.5360884750 0.8055878929 0.0663562282 0.0535506403
1 0.6071012806 0.8026775320 0.0710128056 0.0640279395
1 0.7013969732 0.8050058207 0.0710128056 0.0756693830
1 0.7724097788 0.8032596042 0.0733410943 0.0768335274
1 0.9196740396 0.8474970896 0.1606519208 0.1164144354
1 0.7753201397 0.8742724098 0.0721769499 0.0698486612
1 0.7037252619 0.8719441211 0.0686845169 0.0698486612
