0 0.0139393939 0.2309090909 0.0278787879 0.0763636364
1 0.5284848485 0.2569696970 0.1527272727 0.0969696970
1 0.6969696970 0.2563636364 0.0727272727 0.0787878788
1 0.7709090909 0.2496969697 0.0727272727 0.0824242424
1 0.8854545455 0.2563636364 0.0739393939 0.0909090909
1 0.9593939394 0.2545454545 0.0739393939 0.0872727273
0 0.0624242424 0.3127272727 0.1248484848 0.0872727273
7 0.1539393939 0.2793939394 0.0630303030 0.1151515152
7 0.2163636364 0.2830303030 0.0521212121 0.0933333333
1 0.3642424242 0.2715151515 0.1757575758 0.0969696970
1 0.7424242424 0.3375757576 0.1539393939 0.0860606061
0 0.0418181818 0.3793939394 0.0836363636 0.0896969697
7 0.1721212121 0.3860606061 0.0412121212 0.1054545455
7 0.2084848485 0.3787878788 0.0484848485 0.0933333333
1 0.5236363636 0.3460606061 0.1600000000 0.0933333333
1 0.8860606061 0.3424242424 0.0751515152 0.0884848485
1 0.9642424242 0.3442424242 0.0715151515 0.0872727273
7 0.1533333333 0.4903030303 0.0375757576 0.1078787879
7 0.1957575758 0.4866666667 0.0424242424 0.1078787879
1 0.5242424242 0.4430303030 0.1490909091 0.0933333333
1 0.7448484848 0.4206060606 0.1466666667 0.0775757576
1 0.8860606061 0.4387878788 0.0727272727 0.0921212121
1 0.9600000000 0.4381818182 0.0800000000 0.0909090909
0 0.0581818182 0.5575757576 0.1163636364 0.0896969697
1 0.5303030303 0.5381818182 0.1539393939 0.0969696970
1 0.7454545455 0.5012121212 0.1527272727 0.0812121212
1 0.8872727273 0.5333333333 0.0751515152 0.0945454545
1 0.9654545455 0.5333333333 0.0690909091 0.0945454545
3 0.1430303030 0.5866666667 0.0484848485 0.0921212121
1 0.5218181818 0.6296969697 0.1539393939 0.0884848485
1 0.7484848485 0.5830303030 0.1587878788 0.0848484848
1 0.8896969697 0.6296969697 0.0775757576 0.1006060606
1 0.9660606061 0.6296969697 0.0678787879 0.1030303030
5 0.3703030303 0.7290909091 0.0763636364 0.0690909091
5 0.4600000000 0.7218181818 0.0957575758 0.0690909091
5 0.5454545455 0.7248484848 0.0824242424 0.0678787879
5 0.9145454545 0.7230303030 0.1321212121 0.0593939394
5 0.0727272727 0.7387878788 0.1454545455 0.0957575758
5 0.1600000000 0.7309090909 0.0315151515 0.0703030303
5 0.2527272727 0.7327272727 0.1612121212 0.0884848485
5 0.4333333333 0.7987878788 0.0351515152 0.0775757576
5 0.4696969697 0.7987878788 0.0424242424 0.0824242424
5 0.5315151515 0.8048484848 0.0763636364 0.0872727273
5 0.6272727273 0.8012121212 0.0375757576 0.0460606061
5 0.6072727273 0.7381818182 0.0557575758 0.0751515152
5 0.7381818182 0.7739393939 0.1333333333 0.0981818182
5 0.9109090909 0.7769696970 0.1272727273 0.0557575758
5 0.2254545455 0.8224242424 0.1575757576 0.1054545455
5 0.3569696970 0.8127272727 0.0909090909 0.1078787879
5 0.6042424242 0.8763636364 0.0715151515 0.0896969697
5 0.7375757576 0.8684848485 0.1321212121 0.0860606061
5 0.9072727273 0.8854545455 0.1248484848 0.0448484848
5 0.9151515152 0.8345454545 0.1333333333 0.0593939394
5 0.0587878788 0.9139393939 0.1175757576 0.0824242424
5 0.2242424242 0.9224242424 0.1503030303 0.0993939394
5 0.3836363636 0.9218181818 0.1636363636 0.1054545455
5 0.5327272727 0.8933333333 0.0739393939 0.0872727273
5 0.7363636364 0.9460606061 0.1321212121 0.0763636364
5 0.8690909091 0.9545454545 0.0460606061 0.0909090909
5 0.9127272727 0.9551515152 0.0436363636 0.0896969697
5 0.9575757576 0.9563636364 0.0460606061 0.0872727273
5 0.0084848485 0.9751515152 0.0169696970 0.0496969697
5 0.0545454545 0.9715151515 0.0969696970 0.0569696970
5 0.2224242424 0.9830303030 0.1563636364 0.0339393939
5 0.3557575758 0.9842424242 0.0836363636 0.0315151515
5 0.4375757576 0.9848484848 0.0848484848 0.0303030303
5 0.5230303030 0.9630303030 0.0739393939 0.0739393939
5 0.5981818182 0.9618181818 0.0787878788 0.0763636364
5 0.7333333333 0.9909090909 0.1333333333 0.0181818182
