6 0.0267034991 0.0966850829 0.0534069982 0.0736648250
1 0.0941528545 0.1132596685 0.0814917127 0.0672191529
1 0.1770257827 0.1121086556 0.0879373849 0.0667587477
1 0.2605893186 0.1104972376 0.0874769797 0.0709023941
1 0.3404696133 0.1072744015 0.0732044199 0.0690607735
1 0.4226519337 0.0966850829 0.0745856354 0.0607734807
1 0.4958563536 0.0964548803 0.0718232044 0.0658379374
5 0.7212246777 0.0992173112 0.0308471455 0.0354511971
3 0.9558011050 0.1167127072 0.0432780847 0.0437384899
3 0.9871086556 0.1171731123 0.0257826888 0.0409760589
6 0.0306169429 0.1675874770 0.0612338858 0.0755064457
1 0.0971454880 0.1733425414 0.0755064457 0.0639963168
1 0.1751841621 0.1728821363 0.0814917127 0.0575506446
1 0.2571362799 0.1715009208 0.0814917127 0.0566298343
1 0.3381675875 0.1691988950 0.0888581952 0.0566298343
1 0.3372467772 0.1691988950 0.0851749540 0.0584714549
1 0.4226519337 0.1595303867 0.0782688766 0.0704419890
5 0.5662983425 0.1494014733 0.0377532228 0.0805709024
1 0.4937845304 0.1593001842 0.0676795580 0.0635359116
5 0.6035911602 0.1576887661 0.0368324125 0.0676795580
5 0.6411141805 0.1701197053 0.0418968692 0.0409760589
5 0.6800184162 0.1687384899 0.0386740331 0.0372928177
5 0.7253683241 0.1362799263 0.0317679558 0.0368324125
5 0.6779465930 0.1305248619 0.0262430939 0.0372928177
5 0.7145488029 0.1687384899 0.0359116022 0.0326887661
7 0.7601289134 0.1404235727 0.0414364641 0.0902394107
7 0.7983425414 0.1392725599 0.0386740331 0.0860957643
7 0.8324125230 0.1328268877 0.0460405157 0.0989871087
3 0.8733885820 0.1351289134 0.0469613260 0.0888581952
3 0.9516574586 0.1567679558 0.0432780847 0.0382136280
3 0.9136740331 0.1335174954 0.0492633517 0.0893186004
3 0.9861878453 0.1560773481 0.0276243094 0.0368324125
7 0.7207642726 0.2410220994 0.0713627993 0.0437384899
7 0.7932780847 0.2382596685 0.0727440147 0.0437384899
7 0.8715469613 0.2357274401 0.0745856354 0.0460405157
1 0.1839318600 0.3284990792 0.0722836096 0.1174033149
1 0.3158379374 0.2965009208 0.0699815838 0.0552486188
1 0.3160681400 0.3538213628 0.0639963168 0.0575506446
1 0.3800644567 0.3517495396 0.0639963168 0.0534069982
1 0.3809852670 0.2941988950 0.0639963168 0.0626151013
1 0.4452117864 0.3510589319 0.0644567219 0.0529465930
1 0.4461325967 0.2923572744 0.0644567219 0.0626151013
1 0.5080570902 0.3503683241 0.0621546961 0.0524861878
1 0.5064456722 0.2918968692 0.0626151013 0.0607734807
1 0.5734346225 0.3476058932 0.0695211786 0.0589318600
1 0.6445672192 0.3432320442 0.0736648250 0.0667587477
1 0.6441068140 0.2771639042 0.0736648250 0.0672191529
1 0.5741252302 0.2778545120 0.0626151013 0.0658379374
7 0.7180018416 0.2893646409 0.0750460405 0.0575506446
7 0.7182320442 0.3443830571 0.0782688766 0.0552486188
7 0.7928176796 0.2877532228 0.0773480663 0.0589318600
7 0.7895948435 0.3416206262 0.0764272560 0.0552486188
7 0.8660220994 0.2838397790 0.0791896869 0.0529465930
7 0.8644106814 0.3411602210 0.0759668508 0.0598526703
7 0.9403775322 0.2806169429 0.0722836096 0.0584714549
7 0.9373848987 0.3370165746 0.0727440147 0.0589318600
6 0.0098987109 0.3542817680 0.0197974217 0.0713627993
6 0.0508747698 0.3545119705 0.0759668508 0.0690607735
6 0.1213167587 0.3547421731 0.0787292818 0.0639963168
1 0.2513812155 0.3648710866 0.0644567219 0.0455801105
5 0.0122007366 0.4693830571 0.0244014733 0.0676795580
5 0.0598526703 0.4583333333 0.0736648250 0.0676795580
6 0.1201657459 0.4990791897 0.0773480663 0.1197053407
6 0.1887661142 0.4953959484 0.0727440147 0.1187845304
6 0.2525322284 0.4949355433 0.0732044199 0.1123388582
1 0.3245856354 0.4670810313 0.0791896869 0.0584714549
1 0.4079189687 0.4592541436 0.0764272560 0.0538674033
1 0.4836556169 0.4548802947 0.0759668508 0.0497237569
1 0.5626151013 0.4861878453 0.0745856354 0.1141804788
7 0.6314456722 0.4592541436 0.0667587477 0.0575506446
7 0.6995856354 0.4581031308 0.0686003683 0.0580110497
7 0.7677255985 0.5085174954 0.0704419890 0.0529465930
7 0.7695672192 0.4564917127 0.0695211786 0.0566298343
7 0.8388581952 0.4569521179 0.0690607735 0.0511049724
7 0.8356353591 0.5066758748 0.0662983425 0.0529465930
7 0.9102209945 0.4502762431 0.0727440147 0.0534069982
7 0.9028545120 0.5043738490 0.0727440147 0.0520257827
5 0.0078268877 0.5306169429 0.0156537753 0.0584714549
5 0.0515653775 0.5264732965 0.0828729282 0.0695211786
1 0.3268876611 0.5214088398 0.0782688766 0.0621546961
1 0.4012430939 0.5188766114 0.0787292818 0.0570902394
1 0.4852670350 0.5168047882 0.0810313076 0.0557090239
7 0.6302946593 0.5140423573 0.0653775322 0.0529465930
7 0.6487108656 0.5886279926 0.0626151013 0.0363720074
7 0.6977440147 0.5126611418 0.0667587477 0.0538674033
7 0.7122467772 0.5812615101 0.0644567219 0.0391344383
7 0.7808471455 0.5826427256 0.0644567219 0.0345303867
7 0.8540515654 0.5780386740 0.0662983425 0.0455801105
6 0.0241712707 0.6261510129 0.0483425414 0.0607734807
6 0.0936924494 0.6151012891 0.0621546961 0.0451197053
6 0.1650552486 0.6199355433 0.0833333333 0.0630755064
1 0.2341160221 0.6533149171 0.0584714549 0.1114180479
1 0.2893646409 0.6565377532 0.0538674033 0.1068139963
1 0.3393186004 0.6510128913 0.0515653775 0.1040515654
1 0.5248618785 0.6325966851 0.0653775322 0.0524861878
1 0.5856353591 0.6305248619 0.0607734807 0.0557090239
7 0.7101749540 0.6233885820 0.0575506446 0.0432780847
7 0.6480202578 0.6256906077 0.0630755064 0.0469613260
7 0.7767034991 0.6197053407 0.0635359116 0.0478821363
7 0.7707182320 0.6655156538 0.0718232044 0.0446593002
7 0.8379373849 0.6629834254 0.0626151013 0.0395948435
7 0.8430018416 0.6206261510 0.0616942910 0.0432780847
7 0.9205801105 0.6574585635 0.0630755064 0.0432780847
7 0.9208103131 0.6160220994 0.0635359116 0.0460405157
6 0.0234806630 0.6864640884 0.0469613260 0.0616942910
6 0.0872467772 0.6774861878 0.0934622468 0.0759668508
6 0.1694290976 0.6770257827 0.0865561694 0.0575506446
1 0.3980202578 0.6797882136 0.0713627993 0.0501841621
1 0.4659300184 0.6740331492 0.0699815838 0.0506445672
1 0.5292357274 0.6784069982 0.0621546961 0.0437384899
1 0.5879373849 0.6763351750 0.0607734807 0.0423572744
7 0.6464088398 0.6726519337 0.0644567219 0.0515653775
7 0.7060313076 0.6685082873 0.0649171271 0.0515653775
8 0.1461786372 0.7711786372 0.1698895028 0.0469613260
7 0.8542817680 0.8110036832 0.0612338858 0.1781767956
7 0.9226519337 0.8040976059 0.0718232044 0.1772559853
2 0.0324585635 0.8519797422 0.0649171271 0.1616022099
8 0.1514732965 0.8828268877 0.1721915285 0.0833333333
1 0.2711786372 0.8588858195 0.0598526703 0.1302946593
1 0.3929558011 0.8517495396 0.0575506446 0.1390423573
1 0.3351749540 0.8554327808 0.0626151013 0.1325966851
1 0.4511970534 0.8480662983 0.0580110497 0.1325966851
1 0.5306169429 0.8522099448 0.1017495396 0.1178637201
7 0.6151012891 0.8395488029 0.0598526703 0.1266114180
7 0.6761049724 0.8383977901 0.0557090239 0.1279926335
7 0.7838397790 0.8287292818 0.0584714549 0.1372007366
7 0.7290515654 0.8266574586 0.0557090239 0.1413443831
1 0.3931860037 0.6245395948 0.0709023941 0.0575506446
1 0.4594843462 0.6226979742 0.0662983425 0.0557090239
