6 0.0731517510 0.0373540856 0.1276264591 0.0747081712
6 0.1906614786 0.0338521401 0.1354085603 0.0677042802
6 0.3116731518 0.0354085603 0.1315175097 0.0708171206
1 0.4544747082 0.0322957198 0.1307392996 0.0645914397
1 0.8291828794 0.0326848249 0.1252918288 0.0653696498
1 0.7093385214 0.0284046693 0.1237354086 0.0568093385
1 0.9459143969 0.0307392996 0.1081712062 0.0614785992
1 0.5828793774 0.0361867704 0.1338521401 0.0723735409
5 0.0101167315 0.2684824903 0.0202334630 0.1089494163
6 0.0696498054 0.2400778210 0.1392996109 0.1315175097
6 0.1840466926 0.2400778210 0.1315175097 0.1299610895
6 0.3000000000 0.2381322957 0.1284046693 0.1245136187
1 0.4330739300 0.2661478599 0.1377431907 0.1136186770
1 0.5731517510 0.2642023346 0.1486381323 0.1128404669
1 0.7143968872 0.2614785992 0.1478599222 0.1198443580
1 0.8494163424 0.2560311284 0.1237354086 0.1167315175
1 0.9626459144 0.2381322957 0.0747081712 0.1027237354
5 0.0245136187 0.3727626459 0.0490272374 0.1042801556
6 0.1042801556 0.3653696498 0.1276264591 0.1206225681
6 0.2136186770 0.3638132296 0.1221789883 0.1190661479
6 0.3194552529 0.3579766537 0.1159533074 0.1276264591
1 0.4381322957 0.3677042802 0.1276264591 0.1081712062
1 0.5700389105 0.3669260700 0.1377431907 0.0972762646
1 0.7085603113 0.3645914397 0.1377431907 0.0957198444
1 0.8455252918 0.3607003891 0.1501945525 0.0957198444
1 0.8439688716 0.3607003891 0.1439688716 0.0988326848
1 0.9610894942 0.3443579767 0.0778210117 0.1190661479
5 0.0459143969 0.5793774319 0.0918287938 0.1019455253
5 0.1322957198 0.5789883268 0.1042801556 0.1042801556
1 0.5848249027 0.6299610895 0.1221789883 0.1984435798
1 0.8077821012 0.5758754864 0.1182879377 0.0933852140
1 0.8081712062 0.6727626459 0.1081712062 0.0972762646
1 0.9163424125 0.6692607004 0.1081712062 0.0902723735
1 0.9178988327 0.5719844358 0.1081712062 0.1058365759
1 0.9859922179 0.6680933852 0.0280155642 0.0894941634
1 0.9867704280 0.5688715953 0.0264591440 0.1058365759
5 0.1392996109 0.6887159533 0.0949416342 0.1120622568
5 0.0494163424 0.6793774319 0.0988326848 0.0918287938
6 0.2420233463 0.6735408560 0.1307392996 0.1206225681
6 0.3599221790 0.6739299611 0.1284046693 0.1167315175
6 0.4789883268 0.6743190661 0.1330739300 0.1081712062
1 0.6988326848 0.6914396887 0.1089494163 0.0770428016
0 0.0116731518 0.9066147860 0.0233463035 0.1011673152
5 0.0941634241 0.8731517510 0.1400778210 0.0996108949
5 0.2346303502 0.8680933852 0.1610894942 0.1143968872
5 0.3750972763 0.8494163424 0.1245136187 0.1143968872
6 0.4770428016 0.9085603113 0.1307392996 0.1828793774
6 0.5929961089 0.9058365759 0.1229571984 0.1883268482
6 0.7007782101 0.9081712062 0.1237354086 0.1836575875
1 0.8225680934 0.8642023346 0.1338521401 0.0988326848
1 0.9494163424 0.8509727626 0.1011673152 0.0910505837
0 0.0206225681 0.9789883268 0.0412451362 0.0420233463
5 0.0953307393 0.9630350195 0.1408560311 0.0739299611
5 0.2276264591 0.9610894942 0.1455252918 0.0778210117
5 0.3610894942 0.9529182879 0.1400778210 0.0941634241
1 0.8264591440 0.9517509728 0.1322957198 0.0964980545
1 0.9428015564 0.9517509728 0.1143968872 0.0964980545
