1 0.0303672316 0.1271186441 0.0607344633 0.1581920904
1 0.1419491525 0.1264124294 0.1765536723 0.1539548023
1 0.6673728814 0.0988700565 0.0833333333 0.0847457627
1 0.5805084746 0.0960451977 0.0875706215 0.0847457627
1 0.4039548023 0.1285310734 0.1977401130 0.1412429379
1 0.6701977401 0.1800847458 0.0861581921 0.0918079096
1 0.5840395480 0.1822033898 0.0889830508 0.0932203390
1 0.7846045198 0.1829096045 0.0861581921 0.0776836158
1 0.8714689266 0.1793785311 0.0819209040 0.0649717514
1 0.0254237288 0.2831920904 0.0508474576 0.1596045198
1 0.1264124294 0.2796610169 0.1878531073 0.1610169492
8 0.3919491525 0.2620056497 0.2189265537 0.1144067797
1 0.6716101695 0.2782485876 0.0861581921 0.0932203390
1 0.5826271186 0.2740112994 0.0889830508 0.0875706215
1 0.7860169492 0.2747175141 0.0833333333 0.0805084746
1 0.8707627119 0.2662429379 0.0889830508 0.0776836158
1 0.9851694915 0.3008474576 0.0296610169 0.0847457627
8 0.4025423729 0.3919491525 0.1949152542 0.1285310734
1 0.6723163842 0.3672316384 0.0875706215 0.0875706215
1 0.5798022599 0.3686440678 0.0918079096 0.0932203390
1 0.7909604520 0.3637005650 0.0875706215 0.0889830508
1 0.8792372881 0.3608757062 0.0946327684 0.0918079096
1 0.0141242938 0.4442090395 0.0282485876 0.1709039548
1 0.1094632768 0.4442090395 0.1906779661 0.1709039548
1 0.6758474576 0.4646892655 0.0918079096 0.0932203390
1 0.5840395480 0.4618644068 0.0946327684 0.0960451977
1 0.7980225989 0.4569209040 0.0903954802 0.0889830508
1 0.8877118644 0.4533898305 0.0946327684 0.0847457627
1 0.9865819209 0.4053672316 0.0268361582 0.1016949153
1 0.4096045198 0.5635593220 0.1694915254 0.0762711864
1 0.4131355932 0.4929378531 0.1680790960 0.0706214689
1 0.5790960452 0.5607344633 0.1016949153 0.0960451977
1 0.6758474576 0.5656779661 0.0946327684 0.0974576271
1 0.8940677966 0.5508474576 0.0988700565 0.0960451977
1 0.8008474576 0.5487288136 0.0903954802 0.0974576271
1 0.9901129944 0.5056497175 0.0197740113 0.1045197740
1 0.0098870056 0.6257062147 0.0197740113 0.1892655367
1 0.0960451977 0.6200564972 0.1920903955 0.1864406780
1 0.4060734463 0.6341807910 0.1765536723 0.0762711864
1 0.5769774011 0.6610169492 0.1031073446 0.0988700565
1 0.6751412429 0.6631355932 0.0932203390 0.0974576271
1 0.8990112994 0.6497175141 0.1002824859 0.0932203390
1 0.8064971751 0.6468926554 0.0932203390 0.1045197740
1 0.9830508475 0.6165254237 0.0338983051 0.1115819209
1 0.4039548023 0.7118644068 0.1779661017 0.0819209040
1 0.8079096045 0.7549435028 0.0988700565 0.1087570621
1 0.9053672316 0.7521186441 0.0988700565 0.1059322034
1 0.9964689266 0.7302259887 0.0070621469 0.1158192090
4 0.0882768362 0.7641242938 0.1765536723 0.1016949153
3 0.4237288136 0.7817796610 0.1327683616 0.0692090395
3 0.3870056497 0.8495762712 0.0706214689 0.0692090395
3 0.4533898305 0.8439265537 0.0649717514 0.0692090395
1 0.5720338983 0.7683615819 0.0988700565 0.1016949153
1 0.6723163842 0.7641242938 0.1016949153 0.1045197740
1 0.9936440678 0.8502824859 0.0127118644 0.1242937853
4 0.0847457627 0.8608757062 0.1694915254 0.1059322034
3 0.3827683616 0.9201977401 0.0706214689 0.0748587571
3 0.4484463277 0.9145480226 0.0692090395 0.0805084746
1 0.5692090395 0.8735875706 0.1045197740 0.1087570621
1 0.6723163842 0.8721751412 0.1016949153 0.1059322034
1 0.9110169492 0.8629943503 0.1045197740 0.1101694915
1 0.8121468927 0.8644067797 0.1016949153 0.1129943503
4 0.0798022599 0.9526836158 0.1596045198 0.0946327684
5 0.6645480226 0.9816384181 0.1313559322 0.0367231638
5 0.8185028249 0.9774011299 0.1002824859 0.0451977401
5 0.9131355932 0.9752824859 0.0946327684 0.0494350282
