1 0.0893675527 0.0142071494 0.0650779102 0.0284142988
1 0.2208982585 0.0142071494 0.0494958753 0.0284142988
1 0.2662694775 0.0151237397 0.0449129239 0.0302474794
1 0.3542621448 0.0091659028 0.0485792851 0.0183318057
1 0.3913840513 0.0073327223 0.0256645280 0.0146654445
1 0.5531622365 0.0027497709 0.0247479377 0.0054995417
1 0.5174152154 0.0123739688 0.0485792851 0.0247479377
1 0.6860678277 0.0183318057 0.0467461045 0.0366636114
1 0.7305224565 0.0206232814 0.0476626948 0.0412465628
1 0.0889092576 0.0476626948 0.0678276810 0.0403299725
1 0.0976168653 0.1003666361 0.0485792851 0.0394133822
1 0.2190650779 0.0540788268 0.0458295142 0.0513290559
1 0.2186067828 0.1086159487 0.0430797434 0.0540788268
1 0.2648945921 0.0604949588 0.0476626948 0.0549954170
1 0.2648945921 0.1141154904 0.0494958753 0.0540788268
1 0.5073327223 0.1232813932 0.0485792851 0.0632447296
1 0.5068744271 0.0582034830 0.0458295142 0.0632447296
1 0.5563703025 0.1260311641 0.0494958753 0.0595783685
1 0.5600366636 0.0604949588 0.0476626948 0.0641613199
1 0.6837763520 0.0632447296 0.0458295142 0.0549954170
1 0.6966086159 0.1177818515 0.0714940422 0.0540788268
1 0.7305224565 0.0659945005 0.0494958753 0.0531622365
1 0.0962419798 0.1379468378 0.0494958753 0.0302474794
4 0.0957836847 0.1736938588 0.1017415215 0.0430797434
4 0.0934922090 0.2172318973 0.1026581118 0.0439963336
4 0.2433547204 0.2296058662 0.0870760770 0.0375802016
4 0.2424381302 0.1567369386 0.0870760770 0.0421631531
4 0.2433547204 0.1943171402 0.0870760770 0.0384967919
4 0.3684692942 0.1874427131 0.0678276810 0.0357470211
4 0.3693858845 0.2227314390 0.0659945005 0.0329972502
1 0.3996333639 0.1434463795 0.0494958753 0.0595783685
4 0.5362053162 0.1718606783 0.0879926673 0.0339138405
4 0.5375802016 0.2057745188 0.0925756187 0.0357470211
1 0.6998166819 0.2103574702 0.0669110907 0.0449129239
1 0.6970669111 0.1654445463 0.0724106324 0.0522456462
4 0.0944087993 0.2626031164 0.1044912924 0.0449129239
7 0.1049495875 0.3098075160 0.0302474794 0.0513290559
7 0.1324472961 0.3098075160 0.0302474794 0.0513290559
7 0.2428964253 0.2763519707 0.0311640697 0.0559120073
7 0.2722273144 0.2758936755 0.0293308891 0.0568285976
7 0.3799266728 0.3029330889 0.0357470211 0.0779101742
4 0.3680109991 0.2575618698 0.0650779102 0.0366636114
7 0.3473877177 0.3084326306 0.0311640697 0.0705774519
7 0.4074243813 0.3088909258 0.0339138405 0.0714940422
4 0.5389550871 0.2428964253 0.0879926673 0.0403299725
7 0.5389550871 0.2978918423 0.0274977085 0.0751604033
7 0.5087076077 0.2992667278 0.0348304308 0.0779101742
7 0.5669110907 0.2969752521 0.0357470211 0.0678276810
4 0.7080659945 0.2905591201 0.0870760770 0.0824931256
7 0.1292392301 0.4115490376 0.0311640697 0.0513290559
7 0.1021998167 0.4115490376 0.0284142988 0.0531622365
7 0.1306141155 0.3606782768 0.0302474794 0.0504124656
7 0.1031164070 0.3602199817 0.0284142988 0.0513290559
7 0.2419798350 0.3336388634 0.0329972502 0.0568285976
7 0.2717690192 0.3345554537 0.0302474794 0.0586617782
7 0.2690192484 0.3941338222 0.0357470211 0.0604949588
7 0.2406049496 0.3895508708 0.0357470211 0.0623281393
7 0.3767186068 0.3762603116 0.0348304308 0.0742438130
7 0.3473877177 0.3776351971 0.0311640697 0.0678276810
7 0.4065077910 0.3794683776 0.0339138405 0.0751604033
7 0.5357470211 0.3707607699 0.0357470211 0.0614115490
7 0.5641613199 0.3721356554 0.0339138405 0.0641613199
4 0.6970669111 0.3698441797 0.0852428964 0.0815765353
7 0.1269477544 0.5013748854 0.0284142988 0.0274977085
7 0.1283226398 0.4624197984 0.0293308891 0.0522456462
7 0.0967002750 0.5013748854 0.0320806599 0.0274977085
7 0.1012832264 0.4624197984 0.0302474794 0.0522456462
7 0.2383134739 0.5100824931 0.0311640697 0.0595783685
7 0.2396883593 0.4509624198 0.0302474794 0.0604949588
7 0.2694775435 0.4514207149 0.0311640697 0.0595783685
7 0.2685609533 0.5096241980 0.0311640697 0.0586617782
7 0.3758020165 0.4440879927 0.0384967919 0.0687442713
7 0.3446379468 0.5091659028 0.0293308891 0.0669110907
7 0.3446379468 0.4436296975 0.0274977085 0.0678276810
7 0.3730522456 0.5128322640 0.0366636114 0.0632447296
7 0.4051329056 0.5137488543 0.0384967919 0.0595783685
7 0.5027497709 0.4954170486 0.0375802016 0.0595783685
7 0.5362053162 0.4312557287 0.0329972502 0.0687442713
7 0.5082493126 0.4298808433 0.0339138405 0.0714940422
7 0.5627864345 0.4340054995 0.0329972502 0.0669110907
7 0.5591200733 0.4949587534 0.0384967919 0.0604949588
4 0.7071494042 0.4537121907 0.0870760770 0.0824931256
7 0.8336388634 0.4537121907 0.0430797434 0.0641613199
6 0.0540788268 0.5760769936 0.0586617782 0.0522456462
7 0.0921173236 0.5274977085 0.0412465628 0.0284142988
7 0.1264894592 0.5270394134 0.0274977085 0.0274977085
7 0.1251145738 0.5513290559 0.0302474794 0.0247479377
7 0.2328139322 0.5572868928 0.0293308891 0.0311640697
7 0.2332722273 0.5870760770 0.0284142988 0.0302474794
7 0.3693858845 0.5957836847 0.0274977085 0.0348304308
7 0.3693858845 0.5609532539 0.0311640697 0.0366636114
7 0.5339138405 0.5513290559 0.0284142988 0.0577451879
7 0.5041246563 0.5559120073 0.0311640697 0.0577451879
7 0.5632447296 0.5517873511 0.0302474794 0.0568285976
4 0.7057745188 0.5339138405 0.0879926673 0.0797433547
4 0.7039413382 0.6145737855 0.0861594867 0.0797433547
7 0.8295142071 0.5646196150 0.0238313474 0.1539871677
7 0.9376718607 0.5916590284 0.0458295142 0.1622364803
7 0.8913840513 0.5669110907 0.0595783685 0.1475710357
6 0.0655362053 0.7149404216 0.0449129239 0.0641613199
6 0.0829514207 0.6507791017 0.1127406049 0.0751604033
6 0.2126489459 0.6406966086 0.0329972502 0.0879926673
6 0.2442713107 0.6581118240 0.0339138405 0.1063244730
6 0.3680109991 0.6351970669 0.0944087993 0.0586617782
6 0.3712190651 0.6975252062 0.0879926673 0.0641613199
6 0.5050412466 0.7117323556 0.0476626948 0.0485792851
6 0.5499541705 0.6333638863 0.0458295142 0.0989917507
6 0.5073327223 0.6315307058 0.0522456462 0.0971585701
6 0.6934005500 0.6901924840 0.0449129239 0.0751604033
7 0.7250229148 0.6860678277 0.0494958753 0.1072410632
6 0.9087992667 0.6961503208 0.0852428964 0.0779101742
6 0.1031164070 0.8134738772 0.0302474794 0.0302474794
6 0.2039413382 0.7933088909 0.0449129239 0.0485792851
6 0.2062328139 0.7415215399 0.0458295142 0.0311640697
6 0.2424381302 0.7905591201 0.0320806599 0.0467461045
6 0.2447296059 0.7387717690 0.0311640697 0.0494958753
6 0.3285976169 0.7768102658 0.0320806599 0.0375802016
6 0.3794683776 0.7740604950 0.0311640697 0.0430797434
6 0.5545371219 0.7772685610 0.0476626948 0.0513290559
6 0.5091659028 0.7726856095 0.0467461045 0.0568285976
6 0.5563703025 0.7245646196 0.0494958753 0.0504124656
6 0.7117323556 0.8020164986 0.0797433547 0.0678276810
6 0.9042163153 0.7754353804 0.0852428964 0.0843263061
6 0.0618698442 0.8368469294 0.0522456462 0.0494958753
6 0.1040329973 0.8528872594 0.0320806599 0.0449129239
6 0.2323556370 0.8492208983 0.0944087993 0.0522456462
6 0.2323556370 0.8941338222 0.0925756187 0.0467461045
6 0.3721356554 0.8753437214 0.0843263061 0.0494958753
6 0.3790100825 0.8185151237 0.0320806599 0.0421631531
6 0.3267644363 0.8194317140 0.0320806599 0.0421631531
6 0.5339138405 0.8405132906 0.0815765353 0.0769935839
7 0.5160403300 0.9046746104 0.0641613199 0.0384967919
6 0.6943171402 0.8538038497 0.0650779102 0.0394133822
6 0.6943171402 0.8945921173 0.0687442713 0.0439963336
6 0.9055912007 0.8611365720 0.0861594867 0.0815765353
6 0.0563703025 0.9207149404 0.0504124656 0.0467461045
6 0.0572868928 0.9660861595 0.0522456462 0.0458295142
6 0.0976168653 0.9216315307 0.0339138405 0.0339138405
6 0.0971585701 0.9596700275 0.0329972502 0.0439963336
0 0.2296058662 0.9848762603 0.0870760770 0.0302474794
7 0.3927589368 0.9706691109 0.0449129239 0.0586617782
6 0.3716773602 0.9230064161 0.0834097159 0.0476626948
7 0.5160403300 0.9436296975 0.0641613199 0.0412465628
7 0.8918423465 0.9505041247 0.0678276810 0.0898258478
