1 0.1832740214 0.0569395018 0.1032028470 0.1138790036
1 0.2971530249 0.0480427046 0.1281138790 0.0960854093
1 0.4083629893 0.0427046263 0.1085409253 0.0854092527
1 0.5240213523 0.0338078292 0.1227758007 0.0676156584
1 0.6494661922 0.0222419929 0.1387900356 0.0444839858
1 0.8193950178 0.0845195730 0.2046263345 0.1690391459
1 0.0275800712 0.0845195730 0.0551601423 0.1049822064
1 0.0275800712 0.1930604982 0.0551601423 0.1156583630
1 0.0978647687 0.0720640569 0.0711743772 0.1049822064
1 0.0907473310 0.1814946619 0.0711743772 0.1245551601
1 0.1877224199 0.1761565836 0.0871886121 0.1352313167
1 0.2935943060 0.1548042705 0.1209964413 0.1494661922
1 0.4056939502 0.1441281139 0.1174377224 0.1423487544
1 0.5222419929 0.1298932384 0.1192170819 0.1459074733
1 0.6476868327 0.1138790036 0.1316725979 0.1387900356
1 0.0613879004 0.3585409253 0.0658362989 0.2046263345
1 0.2357651246 0.3540925267 0.0800711744 0.2241992883
1 0.1734875445 0.3567615658 0.0658362989 0.2153024911
1 0.3104982206 0.3469750890 0.0693950178 0.2241992883
1 0.3834519573 0.3443060498 0.0836298932 0.2402135231
1 0.4866548043 0.3398576512 0.0943060498 0.2419928826
1 0.5845195730 0.3336298932 0.1120996441 0.2330960854
1 0.6903914591 0.3371886121 0.0996441281 0.2615658363
1 0.7998220641 0.3345195730 0.1120996441 0.2740213523
1 0.9056939502 0.3291814947 0.1209964413 0.2775800712
1 0.0160142349 0.3638790036 0.0320284698 0.1939501779
1 0.1174377224 0.3594306050 0.0640569395 0.2099644128
7 0.0231316726 0.6067615658 0.0462633452 0.1992882562
7 0.1379003559 0.6085409253 0.0943060498 0.2028469751
1 0.2455516014 0.6129893238 0.1245551601 0.1975088968
1 0.4030249110 0.6521352313 0.1939501779 0.2651245552
1 0.5978647687 0.6752669039 0.2277580071 0.3007117438
1 0.8380782918 0.6939501779 0.2597864769 0.3167259786
7 0.0133451957 0.8549822064 0.0266903915 0.2295373665
0 0.1681494662 0.8923487544 0.1120996441 0.2153024911
0 0.3247330961 0.9119217082 0.1512455516 0.1761565836
0 0.4937722420 0.9270462633 0.2188612100 0.1459074733
0 0.7188612100 0.9501779359 0.1672597865 0.0996441281
0 0.8914590747 0.9555160142 0.1992882562 0.0889679715
