5 0.6419354839 0.0406451613 0.0632258065 0.0812903226
5 0.6993548387 0.0412903226 0.0593548387 0.0825806452
5 0.7606451613 0.0406451613 0.0632258065 0.0812903226
5 0.8922580645 0.0180645161 0.1019354839 0.0361290323
5 0.9722580645 0.0180645161 0.0554838710 0.0361290323
1 0.1451612903 0.0419354839 0.0967741935 0.0787096774
1 0.2367741935 0.0412903226 0.0941935484 0.0800000000
1 0.3393548387 0.0412903226 0.0980645161 0.0774193548
1 0.4400000000 0.0400000000 0.1006451613 0.0800000000
1 0.5425806452 0.0393548387 0.1070967742 0.0787096774
5 0.8148387097 0.0425806452 0.0477419355 0.0851612903
5 0.8909677419 0.0593548387 0.1019354839 0.0490322581
5 0.9703225806 0.0587096774 0.0593548387 0.0451612903
1 0.1380645161 0.1638709677 0.0877419355 0.0774193548
1 0.2316129032 0.1948387097 0.0916129032 0.1651612903
1 0.3200000000 0.1916129032 0.0825806452 0.1561290323
1 0.4058064516 0.1909677419 0.0864516129 0.1625806452
1 0.4929032258 0.1877419355 0.0903225806 0.1690322581
5 0.6961290323 0.1987096774 0.1045161290 0.1419354839
5 0.7967741935 0.1993548387 0.0916129032 0.1406451613
5 0.8793548387 0.2006451613 0.0812903226 0.1406451613
5 0.9561290323 0.2038709677 0.0774193548 0.1419354839
1 0.1451612903 0.2425806452 0.0838709677 0.0774193548
5 0.7251612903 0.3167741935 0.0490322581 0.0400000000
5 0.6580645161 0.3380645161 0.0800000000 0.0593548387
5 0.8051612903 0.3412903226 0.0954838710 0.0761290323
1 0.1458064516 0.4219354839 0.1032258065 0.1625806452
1 0.2406451613 0.4270967742 0.0993548387 0.1703225806
1 0.3438709677 0.4264516129 0.0993548387 0.1587096774
1 0.4451612903 0.4200000000 0.1032258065 0.1638709677
1 0.5425806452 0.4290322581 0.0941935484 0.1638709677
5 0.6438709677 0.4038709677 0.0722580645 0.0877419355
5 0.7290322581 0.4187096774 0.0929032258 0.0812903226
5 0.8232258065 0.4174193548 0.0929032258 0.0787096774
5 0.9077419355 0.4277419355 0.0993548387 0.0787096774
5 0.9090322581 0.3477419355 0.1070967742 0.0838709677
5 0.9793548387 0.4296774194 0.0412903226 0.0774193548
5 0.9832258065 0.3470967742 0.0335483871 0.0774193548
5 0.6406451613 0.4948387097 0.0735483871 0.1019354839
5 0.7225806452 0.5232258065 0.0825806452 0.0374193548
5 0.7225806452 0.4845161290 0.0877419355 0.0451612903
5 0.9522580645 0.5187096774 0.0954838710 0.0903225806
1 0.1612903226 0.5967741935 0.1032258065 0.1870967742
5 0.6483870968 0.5903225806 0.0735483871 0.0812903226
5 0.7374193548 0.6045161290 0.1148387097 0.0967741935
5 0.8535483871 0.5761290323 0.1122580645 0.1741935484
5 0.9516129032 0.6058064516 0.0967741935 0.0890322581
7 0.1735483871 0.7541935484 0.0993548387 0.0554838710
7 0.2754838710 0.7625806452 0.0993548387 0.0516129032
7 0.3903225806 0.7761290323 0.1148387097 0.0451612903
5 0.6522580645 0.7154838710 0.0941935484 0.1716129032
5 0.7477419355 0.7445161290 0.1122580645 0.1677419355
5 0.8541935484 0.7458064516 0.1058064516 0.1600000000
5 0.9464516129 0.7477419355 0.0916129032 0.1664516129
5 0.9961290323 0.7535483871 0.0077419355 0.1754838710
7 0.1696774194 0.8206451613 0.1225806452 0.0670967742
7 0.2832258065 0.8012903226 0.1122580645 0.0438709677
7 0.3941935484 0.8212903226 0.1148387097 0.0400000000
5 0.6503225806 0.8141935484 0.0748387097 0.0335483871
0 0.2051612903 0.9200000000 0.0929032258 0.1367741935
0 0.2761290323 0.9477419355 0.0954838710 0.1045161290
0 0.4658064516 0.9303225806 0.0954838710 0.1393548387
5 0.6587096774 0.9148387097 0.1019354839 0.1703225806
5 0.8451612903 0.9296774194 0.0877419355 0.1406451613
5 0.9309677419 0.9264516129 0.1096774194 0.1032258065
5 0.9341935484 0.9832258065 0.1006451613 0.0335483871
5 0.9896774194 0.9309677419 0.0206451613 0.1380645161
0 0.1180645161 0.9774193548 0.0812903226 0.0451612903
0 0.1961290323 0.9941935484 0.0696774194 0.0116129032
3 0.4967741935 0.8322580645 0.0980645161 0.0516129032
