8 0.4035369775 0.1543408360 0.0739549839 0.0664523044
8 0.4823151125 0.1430868167 0.0836012862 0.0996784566
8 0.5648445874 0.1511254019 0.0814576635 0.0514469453
8 0.5991425509 0.1018220793 0.0793140407 0.0514469453
8 0.6468381565 0.1521972133 0.0825294748 0.0493033226
8 0.7604501608 0.1152197213 0.1061093248 0.0696677385
8 0.8654876742 0.1157556270 0.1082529475 0.0685959271
8 0.9587352626 0.1136120043 0.0825294748 0.0685959271
8 0.0739549839 0.2197213290 0.1178992497 0.0878885316
8 0.1827438371 0.2197213290 0.1168274384 0.0878885316
8 0.2888531618 0.2240085745 0.1146838156 0.0771704180
8 0.4051446945 0.2277599143 0.0750267953 0.0718113612
8 0.4812433012 0.2272240086 0.0750267953 0.0750267953
8 0.5669882101 0.1988210075 0.0793140407 0.0439442658
8 0.6468381565 0.1998928189 0.0846730975 0.0439442658
8 0.7599142551 0.2181136120 0.1050375134 0.0803858521
8 0.8633440514 0.2175777063 0.1039657020 0.0793140407
8 0.9576634512 0.2154340836 0.0846730975 0.0836012862
8 0.5782422294 0.2990353698 0.0760986066 0.0450160772
8 0.5627009646 0.2411575563 0.0728831726 0.0428724544
8 0.6436227224 0.2427652733 0.0889603430 0.0396570204
8 0.6505894962 0.3001071811 0.0728831726 0.0493033226
8 0.0862808146 0.3301178992 0.1168274384 0.0836012862
8 0.1988210075 0.3322615220 0.1146838156 0.0857449089
8 0.3027867095 0.3263665595 0.1018220793 0.0911039657
8 0.4142550911 0.3424437299 0.0889603430 0.0546623794
8 0.4978563773 0.3526259378 0.0739549839 0.0342979636
8 0.4957127546 0.3151125402 0.0739549839 0.0428724544
8 0.5782422294 0.3456591640 0.0760986066 0.0482315113
8 0.6511254019 0.3435155413 0.0739549839 0.0439442658
1 0.7315112540 0.3049303323 0.0503751340 0.0418006431
1 0.7299035370 0.3451232583 0.0493033226 0.0407288317
1 0.7765273312 0.3092175777 0.0418006431 0.0375133976
1 0.7765273312 0.3472668810 0.0418006431 0.0364415863
1 0.8210075027 0.3451232583 0.0471596999 0.0385852090
1 0.8649517685 0.3263665595 0.0450160772 0.0760986066
1 0.8199356913 0.3081457663 0.0428724544 0.0375133976
1 0.9088960343 0.3269024652 0.0450160772 0.0728831726
1 0.9533762058 0.3263665595 0.0460878885 0.0739549839
1 0.9871382637 0.3263665595 0.0257234727 0.0696677385
1 0.7647374062 0.4351554126 0.0267952840 0.0621650589
1 0.7390139335 0.4292604502 0.0267952840 0.0482315113
1 0.7159699893 0.4319399786 0.0214362272 0.0535905681
1 0.7979635584 0.4131832797 0.0396570204 0.0396570204
1 0.8778135048 0.4121114684 0.0364415863 0.0332261522
1 0.8338692390 0.4110396570 0.0364415863 0.0332261522
1 0.9094319400 0.4131832797 0.0310825295 0.0353697749
1 0.9442658092 0.4099678457 0.0364415863 0.0353697749
1 0.9866023580 0.4094319400 0.0267952840 0.0407288317
1 0.7984994641 0.4474812433 0.0385852090 0.0353697749
1 0.7411575563 0.5353697749 0.0267952840 0.0632368703
1 0.7170418006 0.5342979636 0.0235798499 0.0632368703
1 0.7684887460 0.5337620579 0.0300107181 0.0578778135
1 0.8751339764 0.5337620579 0.0610932476 0.0578778135
1 0.8135048232 0.5342979636 0.0643086817 0.0610932476
1 0.9372990354 0.5342979636 0.0632368703 0.0632368703
1 0.9828510182 0.5310825295 0.0300107181 0.0589496249
1 0.7240085745 0.6152197213 0.0396570204 0.0321543408
1 0.7952840300 0.6216505895 0.0300107181 0.0793140407
1 0.7609860665 0.6200428725 0.0342979636 0.0803858521
1 0.8638799571 0.6243301179 0.0321543408 0.0782422294
1 0.8279742765 0.6216505895 0.0332261522 0.0814576635
1 0.9303322615 0.6259378349 0.0342979636 0.0793140407
1 0.9614147910 0.6243301179 0.0321543408 0.0803858521
1 0.8981779207 0.6237942122 0.0342979636 0.0793140407
1 0.7245444802 0.6468381565 0.0407288317 0.0332261522
2 0.7620578778 0.6982851018 0.1136120043 0.0418006431
2 0.8745980707 0.6972132905 0.1136120043 0.0418006431
2 0.7636655949 0.7390139335 0.1125401929 0.0439442658
2 0.8751339764 0.7390139335 0.1146838156 0.0460878885
2 0.9501607717 0.7229367631 0.0396570204 0.0760986066
2 0.7540192926 0.8161843516 0.0696677385 0.0696677385
2 0.8231511254 0.8177920686 0.0707395498 0.0728831726
2 0.8928188639 0.8156484459 0.0707395498 0.0728831726
2 0.9640943194 0.8156484459 0.0718113612 0.0728831726
1 0.9185423365 0.4469453376 0.0364415863 0.0342979636
1 0.8403001072 0.4458735263 0.0407288317 0.0385852090
1 0.8799571275 0.4431939979 0.0385852090 0.0289389068
1 0.9871382637 0.4453376206 0.0257234727 0.0353697749
1 0.9539121115 0.4458735263 0.0385852090 0.0364415863
