5 0.0698729583 0.0063520871 0.1252268603 0.0127041742
5 0.0072595281 0.0381125227 0.0145190563 0.0689655172
5 0.0762250454 0.0435571688 0.1234119782 0.0653357532
5 0.2313974592 0.0408348457 0.0671506352 0.0816696915
5 0.1669691470 0.0362976407 0.0653357532 0.0725952813
3 0.3421052632 0.0535390200 0.0744101633 0.0744101633
3 0.3402903811 0.0108892922 0.0744101633 0.0217785844
3 0.4119782214 0.0580762250 0.0689655172 0.0689655172
3 0.4092558984 0.0127041742 0.0671506352 0.0254083485
3 0.4745916515 0.0471869328 0.0635208711 0.0943738657
1 0.5353901996 0.0499092559 0.0798548094 0.0998185118
1 0.6125226860 0.0526315789 0.0780399274 0.1052631579
1 0.6887477314 0.0535390200 0.0816696915 0.1070780399
1 0.7631578947 0.0562613430 0.0780399274 0.1125226860
8 0.8892921960 0.0553539020 0.1270417423 0.1107078040
8 0.9827586207 0.0589836661 0.0344827586 0.1179673321
5 0.0063520871 0.2468239564 0.0127041742 0.0617059891
5 0.0045372051 0.1678765880 0.0090744102 0.0889292196
5 0.0553539020 0.1724137931 0.0925589837 0.0943738657
5 0.0607985481 0.2504537205 0.0925589837 0.0580762250
5 0.2513611615 0.2604355717 0.0707803993 0.1361161525
5 0.1578947368 0.1642468240 0.1088929220 0.0744101633
5 0.1588021779 0.2368421053 0.1070780399 0.0671506352
1 0.4791288566 0.1814882033 0.1088929220 0.1088929220
1 0.4818511797 0.2876588022 0.1034482759 0.1107078040
1 0.3774954628 0.2822141561 0.1052631579 0.1143375681
1 0.5862068966 0.1914700544 0.1052631579 0.1070780399
1 0.6969147005 0.1960072595 0.1088929220 0.1125226860
1 0.7994555354 0.2032667877 0.0998185118 0.1088929220
1 0.8983666062 0.2068965517 0.0980036298 0.1016333938
1 0.9736842105 0.2132486388 0.0526315789 0.0961887477
5 0.1088929220 0.4147005445 0.1270417423 0.0998185118
5 0.2313974592 0.4174228675 0.1252268603 0.1052631579
1 0.3793103448 0.4237749546 0.1088929220 0.0998185118
1 0.5907441016 0.4283121597 0.0998185118 0.0980036298
1 0.4863883848 0.4264972777 0.1052631579 0.0980036298
1 0.5834845735 0.2958257713 0.1034482759 0.0980036298
1 0.6869328494 0.3012704174 0.1070780399 0.0980036298
1 0.6941923775 0.4301270417 0.1034482759 0.0980036298
1 0.7940108893 0.4292196007 0.0961887477 0.0998185118
1 0.7912885662 0.3021778584 0.1016333938 0.0961887477
1 0.8929219601 0.3030852995 0.1016333938 0.0980036298
1 0.9727767695 0.4392014519 0.0544464610 0.0907441016
1 0.9673321234 0.3067150635 0.0653357532 0.0943738657
5 0.0254083485 0.5072595281 0.0508166969 0.0889292196
5 0.1125226860 0.5081669691 0.1234119782 0.0907441016
5 0.2313974592 0.5117967332 0.1179673321 0.0943738657
1 0.3793103448 0.5208711434 0.1088929220 0.0980036298
1 0.4845735027 0.5235934664 0.1016333938 0.0961887477
1 0.5880217786 0.5245009074 0.1016333938 0.0943738657
1 0.6887477314 0.5272232305 0.1034482759 0.0925589837
1 0.7894736842 0.5263157895 0.0871143376 0.0907441016
1 0.8883847550 0.5172413793 0.0961887477 0.1016333938
1 0.9682395644 0.5290381125 0.0635208711 0.0852994555
5 0.0353901996 0.7186932849 0.0707803993 0.0617059891
5 0.0353901996 0.6397459165 0.0707803993 0.0816696915
5 0.1288566243 0.7359346642 0.1088929220 0.0852994555
5 0.1261343013 0.6497277677 0.1143375681 0.0834845735
5 0.2404718693 0.7422867514 0.1070780399 0.0871143376
5 0.2377495463 0.6588021779 0.1088929220 0.0762250454
1 0.3874773140 0.7413793103 0.1107078040 0.0925589837
1 0.3865698730 0.6442831216 0.1125226860 0.0980036298
1 0.5027223230 0.6569872958 0.1125226860 0.0907441016
1 0.5027223230 0.7459165154 0.1161524501 0.0907441016
1 0.6152450091 0.6433756806 0.1125226860 0.0998185118
1 0.6134301270 0.7404718693 0.1088929220 0.0943738657
1 0.8294010889 0.7468239564 0.1088929220 0.0852994555
1 0.8294010889 0.6588021779 0.1088929220 0.0907441016
1 0.7259528131 0.7486388385 0.1088929220 0.0816696915
1 0.7250453721 0.6615245009 0.1034482759 0.0889292196
1 0.9201451906 0.6642468240 0.0725952813 0.0834845735
1 0.9165154265 0.7504537205 0.0617059891 0.0780399274
5 0.0136116152 0.8520871143 0.0272232305 0.0961887477
5 0.1007259528 0.8493647913 0.1324863884 0.0907441016
1 0.4101633394 0.8520871143 0.1125226860 0.0961887477
1 0.5299455535 0.8575317604 0.1052631579 0.1034482759
1 0.6497277677 0.8502722323 0.1052631579 0.0925589837
5 0.0154264973 0.9283121597 0.0308529946 0.0635208711
5 0.0970961887 0.9255898367 0.1288566243 0.0653357532
5 0.2277676951 0.9255898367 0.1252268603 0.0544464610
1 0.3947368421 0.9528130672 0.0925589837 0.0871143376
