0 0.2497020262 0.0297973778 0.0536352801 0.0595947557
0 0.3206197855 0.0441001192 0.0786650775 0.0882002384
0 0.3986889154 0.0476758045 0.0798569726 0.0953516091
0 0.4660309893 0.0619785459 0.0786650775 0.1239570918
0 0.5357568534 0.0697258641 0.0679380215 0.1394517282
0 0.5977353993 0.0762812872 0.0655542312 0.1525625745
0 0.7175208582 0.0679380215 0.0548271752 0.0786650775
0 0.7145411204 0.1364719905 0.0584028605 0.0822407628
0 0.7669845054 0.1537544696 0.0512514899 0.0810488677
0 0.7687723480 0.0893921335 0.0405244338 0.0762812872
0 0.2187127533 0.1835518474 0.1084624553 0.1764004768
0 0.3164481526 0.1948748510 0.0941597139 0.1704410012
0 0.4410011919 0.2109654350 0.1168057211 0.1787842670
0 0.5375446961 0.2306317044 0.0858164482 0.1537544696
0 0.6382598331 0.2479141836 0.0584028605 0.1454112038
7 0.7675804529 0.2759237187 0.0738974970 0.1251489869
1 0.2657926103 0.3885578069 0.0595947557 0.1501787843
1 0.3867699642 0.3879618594 0.1251489869 0.1537544696
1 0.5047675805 0.4004767580 0.1156138260 0.1430274136
1 0.6019070322 0.4177592372 0.0762812872 0.1060786651
7 0.6650774732 0.4171632896 0.0572109654 0.1144219309
7 0.7604290822 0.4159713945 0.0715137068 0.1144219309
1 0.3402860548 0.5703218117 0.0584028605 0.1442193087
1 0.4052443385 0.5709177592 0.0619785459 0.1239570918
1 0.4606674613 0.5691299166 0.0512514899 0.1323003576
1 0.5202622169 0.5661501788 0.0464839094 0.1263408820
1 0.5601907032 0.5637663886 0.0452920143 0.1263408820
1 0.6388557807 0.5530393325 0.0381406436 0.1120381406
1 0.6036948749 0.5572109654 0.0464839094 0.1203814064
1 0.6758045292 0.5518474374 0.0381406436 0.1144219309
1 0.7091775924 0.5548271752 0.0405244338 0.1108462455
1 0.7455303933 0.5506555423 0.0345649583 0.1072705602
1 0.2246722288 0.5768772348 0.0655542312 0.1501787843
1 0.2854588796 0.5727056019 0.0607866508 0.1489868892
1 0.5768772348 0.6704410012 0.0715137068 0.0727056019
1 0.6382598331 0.6603098927 0.0560190703 0.0786650775
1 0.6972586412 0.6561382598 0.0405244338 0.0655542312
1 0.7407628129 0.6507747318 0.0393325387 0.0595947557
1 0.2717520858 0.7359952324 0.1287246722 0.1704410012
1 0.3694874851 0.7669845054 0.0786650775 0.0798569726
1 0.3688915375 0.6877234803 0.0750893921 0.0810488677
1 0.4415971395 0.7562574493 0.0679380215 0.0798569726
1 0.4415971395 0.6805721097 0.0703218117 0.0858164482
1 0.5095351609 0.6775923719 0.0703218117 0.0822407628
1 0.5744934446 0.7389749702 0.0691299166 0.0738974970
1 0.6412395709 0.7270560191 0.0595947557 0.0762812872
1 0.6918951132 0.7169249106 0.0488676996 0.0584028605
1 0.7395709178 0.7109654350 0.0488676996 0.0607866508
1 0.5601907032 0.8498212157 0.0476758045 0.1454112038
1 0.5041716329 0.8617401669 0.0738974970 0.1525625745
1 0.6001191895 0.8367103695 0.0464839094 0.1334922527
7 0.6865315852 0.8247914184 0.0357568534 0.0309892729
7 0.7139451728 0.8051251490 0.0286054827 0.0536352801
7 0.6573301549 0.8027413588 0.0131108462 0.0417163290
7 0.6603098927 0.8539928486 0.0238379023 0.0679380215
1 0.2616209774 0.9201430274 0.1036948749 0.1597139452
1 0.3533969011 0.9040524434 0.0846245530 0.1799761621
1 0.4326579261 0.8867699642 0.0858164482 0.1597139452
1 0.4576877235 0.9904648391 0.1072705602 0.0190703218
4 0.5470798570 0.9892729440 0.0667461263 0.0214541120
4 0.5989272944 0.9791418355 0.0441001192 0.0417163290
4 0.6352800954 0.9767580453 0.0429082241 0.0464839094
4 0.6823599523 0.9702026222 0.0488676996 0.0595947557
4 0.7210965435 0.9666269368 0.0405244338 0.0667461263
4 0.7526817640 0.9624553039 0.0369487485 0.0750893921
