7 0.9837935174 0.0360144058 0.0324129652 0.0720288115
4 0.2617046819 0.0594237695 0.0528211285 0.1188475390
4 0.3517406963 0.0600240096 0.0528211285 0.1200480192
4 0.3055222089 0.0594237695 0.0564225690 0.1188475390
4 0.4399759904 0.0564225690 0.0468187275 0.1032412965
4 0.3973589436 0.0606242497 0.0480192077 0.1164465786
7 0.4861944778 0.0594237695 0.0408163265 0.1020408163
4 0.5264105642 0.0582232893 0.0420168067 0.1020408163
4 0.5660264106 0.0606242497 0.0420168067 0.1020408163
4 0.6062424970 0.0600240096 0.0408163265 0.0984393758
4 0.6446578631 0.0606242497 0.0384153661 0.0972388956
4 0.7220888355 0.0606242497 0.0396158463 0.0972388956
4 0.6830732293 0.0612244898 0.0408163265 0.0984393758
4 0.7581032413 0.0630252101 0.0420168067 0.0996398559
7 0.8733493397 0.0528211285 0.0636254502 0.0984393758
7 0.9357743097 0.0450180072 0.0708283313 0.0900360144
7 0.4159663866 0.2070828331 0.0348139256 0.0348139256
7 0.4549819928 0.2058823529 0.0456182473 0.0324129652
7 0.5612244898 0.1716686675 0.0540216086 0.0336134454
7 0.5396158463 0.2028811525 0.0540216086 0.0336134454
7 0.6542617047 0.2268907563 0.0600240096 0.0264105642
7 0.5966386555 0.2022809124 0.0600240096 0.0372148860
7 0.6530612245 0.2004801921 0.0576230492 0.0336134454
7 0.7148859544 0.2250900360 0.0660264106 0.0252100840
7 0.7046818727 0.1980792317 0.0504201681 0.0360144058
7 0.7496998800 0.1986794718 0.0444177671 0.0276110444
7 0.7767106843 0.2220888355 0.0600240096 0.0240096038
7 0.8517406963 0.1944777911 0.0732292917 0.1080432173
7 0.9129651861 0.1878751501 0.0684273709 0.1044417767
7 0.9723889556 0.1764705882 0.0552220888 0.1176470588
6 0.2875150060 0.2965186074 0.0492196879 0.0984393758
7 0.4183673469 0.2424969988 0.0300120048 0.0384153661
4 0.4345738295 0.3265306122 0.0432172869 0.1056422569
7 0.3901560624 0.2418967587 0.0312124850 0.0396158463
4 0.3919567827 0.3265306122 0.0420168067 0.1032412965
4 0.5120048019 0.3247298920 0.0420168067 0.1020408163
7 0.5018007203 0.2334933974 0.0288115246 0.0252100840
7 0.4735894358 0.2334933974 0.0300120048 0.0252100840
4 0.4729891957 0.3277310924 0.0408163265 0.1032412965
7 0.4465786315 0.2352941176 0.0288115246 0.0240096038
4 0.5906362545 0.3181272509 0.0408163265 0.0960384154
7 0.5426170468 0.2316926771 0.0528211285 0.0288115246
4 0.5522208884 0.3217286915 0.0432172869 0.1032412965
4 0.6686674670 0.3187274910 0.0408163265 0.0852340936
4 0.6296518607 0.3211284514 0.0420168067 0.0876350540
7 0.5978391357 0.2292917167 0.0600240096 0.0288115246
4 0.7466986795 0.3127250900 0.0384153661 0.0852340936
4 0.7082833133 0.3151260504 0.0432172869 0.0876350540
4 0.7803121248 0.3109243697 0.0312124850 0.0840336134
0 0.8241296519 0.3061224490 0.0492196879 0.0936374550
0 0.8649459784 0.3049219688 0.0420168067 0.1008403361
0 0.9039615846 0.3013205282 0.0504201681 0.1080432173
0 0.9423769508 0.3019207683 0.0528211285 0.1140456182
0 0.9777911164 0.3043217287 0.0444177671 0.1188475390
6 0.3421368547 0.3481392557 0.0432172869 0.0504201681
4 0.6368547419 0.4267707083 0.0348139256 0.0804321729
4 0.6002400960 0.4297719088 0.0384153661 0.0816326531
4 0.6728691477 0.4201680672 0.0348139256 0.0744297719
4 0.7400960384 0.4117647059 0.0324129652 0.0696278511
4 0.7064825930 0.4171668667 0.0348139256 0.0708283313
4 0.7719087635 0.4069627851 0.0336134454 0.0720288115
0 0.8475390156 0.4219687875 0.0480192077 0.0900360144
0 0.8895558223 0.4297719088 0.0432172869 0.1008403361
2 0.1512605042 0.4807923169 0.2905162065 0.1620648259
4 0.4093637455 0.4495798319 0.0456182473 0.0804321729
4 0.4501800720 0.4453781513 0.0408163265 0.0816326531
4 0.4897959184 0.4423769508 0.0408163265 0.0876350540
4 0.5648259304 0.4339735894 0.0372148860 0.0828331333
4 0.5282112845 0.4381752701 0.0360144058 0.0840336134
0 0.9771908764 0.4411764706 0.0456182473 0.1068427371
0 0.9345738295 0.4345738295 0.0516206483 0.1008403361
2 0.4417767107 0.6200480192 0.1152460984 0.2364945978
2 0.5444177671 0.6044417767 0.0996398559 0.2268907563
2 0.6446578631 0.5876350540 0.0960384154 0.2244897959
2 0.7358943577 0.5732292917 0.0888355342 0.2220888355
2 0.8115246098 0.5618247299 0.0960384154 0.2136854742
0 0.9357743097 0.5546218487 0.0516206483 0.1008403361
0 0.9771908764 0.5684273709 0.0456182473 0.0996398559
2 0.1470588235 0.6782713085 0.2845138055 0.2857142857
2 0.3403361345 0.6416566627 0.1380552221 0.2581032413
0 0.8859543818 0.6548619448 0.0360144058 0.0852340936
0 0.9273709484 0.6668667467 0.0444177671 0.0924369748
0 0.9705882353 0.6854741897 0.0444177671 0.1008403361
0 0.9939975990 0.6968787515 0.0120048019 0.0876350540
2 0.6410564226 0.7905162065 0.1824729892 0.2244897959
2 0.7989195678 0.7527010804 0.1548619448 0.2112845138
0 0.9495798319 0.8367346939 0.0528211285 0.0624249700
0 0.9561824730 0.7863145258 0.0444177671 0.0648259304
0 0.9141656663 0.7617046819 0.0492196879 0.0636254502
0 0.9873949580 0.8031212485 0.0252100840 0.0600240096
2 0.0876350540 0.9003601441 0.1488595438 0.1992797119
2 0.2713085234 0.8799519808 0.2280912365 0.2400960384
2 0.4627851140 0.8445378151 0.2052821128 0.2557022809
0 0.9861944778 0.8583433373 0.0276110444 0.0672268908
