0 0.0810249307 0.0228531856 0.1620498615 0.0457063712
0 0.4359418283 0.0197368421 0.0990304709 0.0394736842
0 0.0782548476 0.0910664820 0.1565096953 0.1516620499
0 0.6623961219 0.0619806094 0.1821329640 0.1239612188
0 0.9771468144 0.0377423823 0.0457063712 0.0754847645
0 0.0806786704 0.2129501385 0.1613573407 0.1433518006
0 0.4331717452 0.1128808864 0.0934903047 0.1481994460
0 0.6572022161 0.1831717452 0.1731301939 0.1405817175
0 0.9809556787 0.1274238227 0.0380886427 0.1385041551
0 0.0429362881 0.3410664820 0.0858725762 0.1447368421
0 0.4269390582 0.2503462604 0.0962603878 0.1308864266
0 0.7129501385 0.3105955679 0.0768698061 0.1281163435
0 0.6315789474 0.3054016620 0.0997229917 0.1260387812
7 0.9833795014 0.3476454294 0.0332409972 0.0872576177
0 0.9806094183 0.2454986150 0.0387811634 0.1253462604
5 0.0834487535 0.4632963989 0.1668975069 0.1232686981
6 0.3888504155 0.3556094183 0.1793628809 0.0851800554
6 0.3864265928 0.4435595568 0.1772853186 0.0893351801
0 0.6163434903 0.4248614958 0.1052631579 0.1211911357
0 0.7032548476 0.4286703601 0.0851800554 0.1204986150
7 0.8878116343 0.3552631579 0.1204986150 0.1066481994
7 0.8836565097 0.4335180055 0.1163434903 0.1011080332
7 0.9809556787 0.4276315789 0.0380886427 0.0851800554
6 0.3850415512 0.5294321330 0.1772853186 0.0879501385
7 0.6617036011 0.5228531856 0.1641274238 0.0817174515
7 0.8791551247 0.5107340720 0.1128808864 0.0948753463
7 0.9774930748 0.5837950139 0.0450138504 0.0844875346
7 0.9799168975 0.5027700831 0.0401662050 0.0844875346
4 0.0837950139 0.6731301939 0.1675900277 0.0872576177
4 0.3902354571 0.6114958449 0.1641274238 0.0872576177
4 0.3819252078 0.7004847645 0.1807479224 0.1004155125
7 0.6610110803 0.6018005540 0.1599722992 0.0831024931
7 0.6589335180 0.6810941828 0.1530470914 0.0796398892
7 0.8753462604 0.6655124654 0.1163434903 0.0817174515
7 0.8767313019 0.5855263158 0.1135734072 0.0879501385
7 0.9771468144 0.6630886427 0.0457063712 0.0865650970
4 0.0834487535 0.7545013850 0.1668975069 0.0921052632
4 0.3777700831 0.7873961219 0.1682825485 0.0747922438
7 0.6585872576 0.7565789474 0.1578947368 0.0824099723
7 0.8729224377 0.7434210526 0.1142659280 0.0865650970
7 0.8708448753 0.8178670360 0.1087257618 0.0941828255
7 0.9768005540 0.8164819945 0.0463988920 0.0858725762
7 0.9757617729 0.7389196676 0.0484764543 0.0844875346
4 0.0827562327 0.9213988920 0.1655124654 0.0727146814
4 0.0841412742 0.8389889197 0.1682825485 0.0879501385
4 0.3819252078 0.8711911357 0.1752077562 0.1108033241
7 0.6530470914 0.9068559557 0.1592797784 0.0837950139
7 0.6530470914 0.8327562327 0.1565096953 0.0796398892
1 0.9764542936 0.8926592798 0.0470914127 0.0844875346
7 0.0827562327 0.9764542936 0.1655124654 0.0470914127
1 0.3961218837 0.9601800554 0.1343490305 0.0796398892
7 0.6509695291 0.9677977839 0.1565096953 0.0644044321
1 0.9757617729 0.9615650970 0.0484764543 0.0768698061
1 0.9743767313 0.9975761773 0.0512465374 0.0048476454
