5 0.1079734219 0.0171650055 0.0431893688 0.0343300111
5 0.0664451827 0.0160575858 0.0354374308 0.0321151717
5 0.1489479513 0.0188261351 0.0387596899 0.0376522702
5 0.4673311185 0.0110741971 0.0664451827 0.0221483942
5 0.3964562569 0.0077519380 0.0664451827 0.0155038760
6 0.0071982281 0.0271317829 0.0143964563 0.0542635659
5 0.2735326689 0.0287929125 0.1218161683 0.0575858250
5 0.3970099668 0.0647840532 0.0719822813 0.0919158361
5 0.4656699889 0.0658914729 0.0675526024 0.0852713178
5 0.5437430786 0.0343300111 0.0775193798 0.0686600221
5 0.6184939092 0.0348837209 0.0764119601 0.0697674419
5 0.7403100775 0.0359911406 0.1428571429 0.0719822813
5 0.8936877076 0.0465116279 0.0885935770 0.0930232558
5 0.9551495017 0.0431893688 0.0542635659 0.0863787375
5 0.9900332226 0.0470653378 0.0199335548 0.0941306755
5 0.0686600221 0.0802879291 0.0420819491 0.0808416390
5 0.1096345515 0.0791805094 0.0398671096 0.0874861573
5 0.1495016611 0.0802879291 0.0420819491 0.0874861573
5 0.2707641196 0.0902547065 0.1207087486 0.0697674419
5 0.4568106312 0.1384274640 0.0675526024 0.0797342193
5 0.5930232558 0.1124031008 0.1495016611 0.0963455150
5 0.7386489480 0.1118493909 0.1373200443 0.0908084164
5 0.9036544850 0.1196013289 0.1351052049 0.0753045404
5 0.9883720930 0.1273532669 0.0232558140 0.0708748616
6 0.0044296788 0.1998892580 0.0088593577 0.0764119601
5 0.1074197121 0.1921373200 0.1218161683 0.0542635659
5 0.1146179402 0.1456256921 0.1140642303 0.0409745293
5 0.2696566999 0.1611295681 0.1207087486 0.0786267996
5 0.3914728682 0.1539313400 0.0653377630 0.0819490587
5 0.6173864895 0.2120708749 0.0830564784 0.0985603544
5 0.7375415282 0.2032115172 0.1439645626 0.0963455150
6 0.0033222591 0.2746400886 0.0066445183 0.0775193798
5 0.1112956811 0.2447397564 0.1162790698 0.0509413068
5 0.2691029900 0.2475083056 0.1218161683 0.0897009967
5 0.3887043189 0.2801771872 0.0509413068 0.0686600221
5 0.3704318937 0.2225913621 0.0343300111 0.0420819491
5 0.4579180509 0.2192691030 0.0697674419 0.0797342193
5 0.5476190476 0.2248062016 0.0321151717 0.0708748616
5 0.5143964563 0.2248062016 0.0387596899 0.0753045404
5 0.7126245847 0.2851605759 0.1472868217 0.0808416390
5 0.7973421927 0.2868217054 0.0287929125 0.0642303433
5 0.8920265781 0.2796234773 0.1627906977 0.0874861573
5 0.9883720930 0.2757475083 0.0232558140 0.0863787375
5 0.1079734219 0.2940199336 0.1207087486 0.0542635659
5 0.4451827243 0.2923588040 0.0753045404 0.0620155039
5 0.5232558140 0.2951273533 0.0874861573 0.0631229236
5 0.6052048726 0.2884828350 0.0697674419 0.0631229236
1 0.0066445183 0.3720930233 0.0132890365 0.0753045404
1 0.0553709856 0.3792912514 0.0730897010 0.0941306755
1 0.1306755260 0.3792912514 0.0708748616 0.0919158361
1 0.2596899225 0.4219269103 0.1450719823 0.0775193798
1 0.4667774086 0.3792912514 0.1406423034 0.0808416390
3 0.8128460687 0.4186046512 0.0442967885 0.0841638981
1 0.0094130676 0.4429678848 0.0188261351 0.0753045404
1 0.0603543743 0.4673311185 0.0653377630 0.0863787375
1 0.1328903654 0.4673311185 0.0686600221 0.0863787375
1 0.2624584718 0.4966777409 0.1395348837 0.0741971207
1 0.4590254707 0.4629014396 0.1406423034 0.0885935770
0 0.9186046512 0.4451827243 0.1627906977 0.0819490587
1 0.0088593577 0.5160575858 0.0177187154 0.0730897010
1 0.0658914729 0.5542635659 0.0741971207 0.0830564784
1 0.1339977852 0.5537098560 0.0664451827 0.0841638981
1 0.2630121816 0.5703211517 0.1339977852 0.0708748616
1 0.4645625692 0.5498338870 0.1362126246 0.0852713178
7 0.7646733112 0.5099667774 0.0387596899 0.0985603544
7 0.8034330011 0.5066445183 0.0343300111 0.0985603544
0 0.9778516058 0.5204872647 0.0442967885 0.0775193798
1 0.0094130676 0.5869324474 0.0188261351 0.0686600221
1 0.0620155039 0.6400885936 0.0664451827 0.0797342193
1 0.1339977852 0.6417497231 0.0686600221 0.0808416390
1 0.4651162791 0.6384274640 0.1461794020 0.0852713178
7 0.7530454042 0.6085271318 0.0442967885 0.0852713178
7 0.7862679956 0.6018826135 0.0376522702 0.0963455150
0 0.9152823920 0.6079734219 0.0963455150 0.0819490587
1 0.0094130676 0.6611295681 0.0188261351 0.0797342193
1 0.2657807309 0.6461794020 0.1417497231 0.0786267996
1 0.6107419712 0.7065337763 0.1605758583 0.0885935770
7 0.7458471761 0.6960132890 0.0476190476 0.0852713178
7 0.8028792913 0.6993355482 0.0575858250 0.1052048726
0 0.8881506091 0.6688815061 0.1173864895 0.0797342193
0 0.9734219269 0.6766334441 0.0531561462 0.0598006645
1 0.0071982281 0.7375415282 0.0143964563 0.0730897010
1 0.0669988926 0.7220376523 0.0675526024 0.0797342193
1 0.1345514950 0.7203765227 0.0675526024 0.0830564784
1 0.2392026578 0.7264673311 0.0664451827 0.0753045404
1 0.3067552602 0.7203765227 0.0664451827 0.0719822813
1 0.4606866002 0.7198228128 0.1395348837 0.0885935770
0 0.9590254707 0.7436323367 0.0819490587 0.0697674419
