1 0.2953020134 0.0352348993 0.2382550336 0.0704697987
3 0.5478187919 0.0176174497 0.0788590604 0.0352348993
3 0.6317114094 0.0612416107 0.0889261745 0.1224832215
3 0.5528523490 0.0746644295 0.0755033557 0.0822147651
3 0.7088926174 0.0612416107 0.0855704698 0.1224832215
1 0.8833892617 0.0469798658 0.0520134228 0.0939597315
1 0.8120805369 0.0419463087 0.0906040268 0.0838926174
1 0.3078859060 0.1224832215 0.2365771812 0.1073825503
1 0.5855704698 0.1862416107 0.1140939597 0.1442953020
1 0.7013422819 0.1879194631 0.1073825503 0.1375838926
1 0.8506711409 0.1703020134 0.1073825503 0.1459731544
1 0.9588926174 0.1652684564 0.0822147651 0.1224832215
1 0.3196308725 0.2197986577 0.2298657718 0.1107382550
1 0.8338926174 0.2885906040 0.0771812081 0.1006711409
1 0.9597315436 0.2944630872 0.0805369128 0.1426174497
1 0.3288590604 0.3179530201 0.2248322148 0.1023489933
1 0.5671140940 0.3196308725 0.1140939597 0.1325503356
1 0.6946308725 0.3322147651 0.1174496644 0.1342281879
1 0.8229865772 0.3993288591 0.1057046980 0.1275167785
1 0.3397651007 0.4647651007 0.2164429530 0.2114093960
1 0.6552013423 0.4404362416 0.1929530201 0.1023489933
1 0.9572147651 0.4303691275 0.0855704698 0.1258389262
1 0.6543624161 0.6065436242 0.1845637584 0.0889261745
1 0.6560402685 0.5276845638 0.1879194631 0.0889261745
1 0.8104026846 0.5109060403 0.0872483221 0.1023489933
1 0.9555369128 0.5419463087 0.0889261745 0.0973154362
1 0.3489932886 0.6535234899 0.2046979866 0.1996644295
1 0.6518456376 0.6677852349 0.1862416107 0.0671140940
5 0.2818791946 0.9932885906 0.0503355705 0.0134228188
5 0.3280201342 0.9899328859 0.0419463087 0.0201342282
5 0.3708053691 0.9882550336 0.0469798658 0.0234899329
