4 0.2764842841 0.0052386496 0.0360884750 0.0104772992
1 0.5890570431 0.0628637951 0.0838183935 0.1257275902
1 0.6664726426 0.0593713620 0.0826542491 0.1187427241
1 0.7561117579 0.0465657742 0.1012805588 0.0931315483
7 0.3143189756 0.1274738068 0.0279394645 0.0523864959
7 0.3667054715 0.0797438882 0.0232828871 0.0663562282
7 0.3696158324 0.1298020955 0.0128055879 0.0407450524
7 0.3410942957 0.1082654249 0.0349243306 0.0302677532
1 0.4254947614 0.0966239814 0.0454016298 0.1303841676
1 0.5192083818 0.0733410943 0.0721769499 0.1466821886
1 0.4644935972 0.0838183935 0.0465657742 0.1420256112
1 0.2892898719 0.2194412107 0.0477299185 0.0593713620
1 0.3358556461 0.2136204889 0.0477299185 0.0570430733
1 0.4505238650 0.1920838184 0.0675203725 0.0721769499
1 0.3853317811 0.2037252619 0.0582072177 0.0745052386
1 0.5139697322 0.2520372526 0.0686845169 0.0803259604
1 0.5803259604 0.2491268917 0.0686845169 0.0838183935
1 0.5803259604 0.1752037253 0.0663562282 0.0779976717
1 0.6513387660 0.2421420256 0.0733410943 0.0791618161
1 0.6507566938 0.1647264261 0.0768335274 0.0779976717
1 0.7462165308 0.1949941793 0.1257275902 0.1664726426
1 0.2881257276 0.2782305006 0.0384167637 0.0582072177
1 0.3306169965 0.2729918510 0.0395809080 0.0640279395
1 0.3882421420 0.2689173458 0.0547147846 0.0768335274
1 0.4481955763 0.2590221187 0.0698486612 0.0710128056
1 0.7328288708 0.3544819558 0.0593713620 0.1455180442
1 0.7922002328 0.3504074505 0.0640279395 0.1466821886
1 0.2834691502 0.3760186263 0.0337601863 0.1047729919
1 0.3189755530 0.3719441211 0.0395809080 0.1082654249
1 0.3515715949 0.3748544820 0.0372526193 0.1117578580
1 0.4220023283 0.3696158324 0.0454016298 0.1175785797
1 0.3876600698 0.3736903376 0.0372526193 0.1094295693
1 0.4644935972 0.3632130384 0.0442374854 0.1233993015
1 0.5034924331 0.3608847497 0.0454016298 0.1233993015
1 0.5616996508 0.3579743888 0.0500582072 0.1292200233
1 0.6158323632 0.3562281723 0.0605355064 0.1210710128
1 0.6792782305 0.3568102445 0.0570430733 0.1408614668
7 0.2689173458 0.5075669383 0.0698486612 0.1117578580
7 0.3620488941 0.5069848661 0.0558789290 0.1129220023
1 0.4237485448 0.5058207218 0.0745052386 0.1036088475
1 0.5186263097 0.5227008149 0.1129220023 0.1396973225
1 0.6338766007 0.5349243306 0.1222351572 0.1501746217
1 0.7520372526 0.5343422584 0.0582072177 0.1466821886
7 0.2619324796 0.6443538999 0.0721769499 0.1222351572
0 0.3882421420 0.6717112922 0.0570430733 0.1420256112
0 0.4866123399 0.6885913853 0.0838183935 0.1501746217
0 0.5809080326 0.7077997672 0.1140861467 0.1746216531
0 0.7025611176 0.7235157159 0.0919674040 0.1664726426
0 0.7980209546 0.7345750873 0.1059371362 0.1722933644
0 0.2607683353 0.8265424913 0.0395809080 0.0745052386
0 0.2625145518 0.7636786962 0.0500582072 0.0791618161
0 0.3137369034 0.7805587893 0.0570430733 0.0803259604
0 0.3108265425 0.8474970896 0.0535506403 0.0768335274
0 0.4278230501 0.8457508731 0.0640279395 0.1618160652
0 0.4883585565 0.8544819558 0.0663562282 0.1536670547
0 0.5564610012 0.8789289872 0.0768335274 0.1722933644
0 0.6222351572 0.9091967404 0.0779976717 0.1769499418
0 0.6984866123 0.9138533178 0.0768335274 0.1722933644
0 0.7677532014 0.9097788126 0.0523864959 0.1082654249
