7 0.0657894737 0.1124401914 0.0430622010 0.0861244019
7 0.0101674641 0.0669856459 0.0203349282 0.0550239234
7 0.1142344498 0.1106459330 0.0562200957 0.0968899522
5 0.2577751196 0.0610047847 0.0538277512 0.0311004785
5 0.2523923445 0.0909090909 0.0574162679 0.0311004785
5 0.3516746411 0.0622009569 0.0263157895 0.0287081340
5 0.3086124402 0.0915071770 0.0526315789 0.0299043062
5 0.3492822967 0.0927033493 0.0287081340 0.0299043062
5 0.4096889952 0.0610047847 0.0322966507 0.0311004785
5 0.3773923445 0.0927033493 0.0275119617 0.0299043062
5 0.4348086124 0.1010765550 0.0251196172 0.0275119617
5 0.3785885167 0.0616028708 0.0275119617 0.0299043062
5 0.4078947368 0.0927033493 0.0287081340 0.0299043062
3 0.8911483254 0.0891148325 0.0406698565 0.0370813397
3 0.9336124402 0.0909090909 0.0466507177 0.0382775120
7 0.0334928230 0.1196172249 0.0215311005 0.0693779904
7 0.0107655502 0.1255980861 0.0215311005 0.0574162679
0 0.0795454545 0.2129186603 0.0442583732 0.0526315789
5 0.2033492823 0.1196172249 0.0382775120 0.0885167464
5 0.1620813397 0.1172248804 0.0442583732 0.0861244019
5 0.2517942584 0.1208133971 0.0562200957 0.0287081340
5 0.2523923445 0.1519138756 0.0550239234 0.0239234450
5 0.3755980861 0.1549043062 0.0287081340 0.0251196172
5 0.3492822967 0.1244019139 0.0287081340 0.0287081340
5 0.3062200957 0.1244019139 0.0526315789 0.0334928230
5 0.3062200957 0.1525119617 0.0502392344 0.0251196172
5 0.3450956938 0.1543062201 0.0275119617 0.0239234450
5 0.4348086124 0.1315789474 0.0251196172 0.0287081340
5 0.4336124402 0.1572966507 0.0251196172 0.0203349282
5 0.4061004785 0.1261961722 0.0299043062 0.0346889952
5 0.3767942584 0.1250000000 0.0263157895 0.0275119617
5 0.4072966507 0.1561004785 0.0275119617 0.0251196172
1 0.4641148325 0.1244019139 0.0358851675 0.0909090909
1 0.5000000000 0.1244019139 0.0382775120 0.0933014354
1 0.5819377990 0.1267942584 0.0394736842 0.0933014354
1 0.5394736842 0.1244019139 0.0430622010 0.0956937799
1 0.6632775120 0.1273923445 0.0442583732 0.0968899522
1 0.6220095694 0.1267942584 0.0406698565 0.0956937799
1 0.7063397129 0.1267942584 0.0490430622 0.0980861244
1 0.7500000000 0.1273923445 0.0526315789 0.0992822967
1 0.7948564593 0.1291866029 0.0538277512 0.1004784689
3 0.8887559809 0.1273923445 0.0406698565 0.0394736842
1 0.8427033493 0.1303827751 0.0562200957 0.0980861244
3 0.8875598086 0.1626794258 0.0454545455 0.0358851675
3 0.9312200957 0.1447368421 0.0466507177 0.0765550239
0 0.0107655502 0.2260765550 0.0215311005 0.0382775120
0 0.0029904306 0.3008373206 0.0059808612 0.0490430622
0 0.0328947368 0.3020334928 0.0514354067 0.0490430622
0 0.0795454545 0.2852870813 0.0466507177 0.0944976077
0 0.1261961722 0.2930622010 0.0490430622 0.0861244019
5 0.2099282297 0.2793062201 0.0466507177 0.0466507177
5 0.1674641148 0.3127990431 0.0406698565 0.0490430622
5 0.1680622010 0.2625598086 0.0418660287 0.0514354067
5 0.2093301435 0.2284688995 0.0502392344 0.0550239234
5 0.2559808612 0.2805023923 0.0502392344 0.0442583732
5 0.2535885167 0.2350478469 0.0502392344 0.0466507177
5 0.3056220096 0.2344497608 0.0514354067 0.0526315789
5 0.3050239234 0.2834928230 0.0478468900 0.0430622010
5 0.3738038278 0.2368421053 0.0825358852 0.0574162679
5 0.3528708134 0.2858851675 0.0478468900 0.0430622010
5 0.4007177033 0.2864832536 0.0502392344 0.0442583732
5 0.4479665072 0.2864832536 0.0514354067 0.0442583732
1 0.5059808612 0.2822966507 0.0598086124 0.0550239234
1 0.5693779904 0.2840909091 0.0645933014 0.0562200957
1 0.6387559809 0.2840909091 0.0669856459 0.0586124402
1 0.7045454545 0.2924641148 0.0645933014 0.0562200957
1 0.7727272727 0.2948564593 0.0598086124 0.0586124402
1 0.8337320574 0.3008373206 0.0741626794 0.0586124402
1 0.7757177033 0.2416267943 0.0657894737 0.0622009569
1 0.8391148325 0.2416267943 0.0729665072 0.0598086124
1 0.9084928230 0.2482057416 0.0801435407 0.0657894737
1 0.9001196172 0.3056220096 0.0849282297 0.0586124402
5 0.2105263158 0.3211722488 0.0430622010 0.0394736842
5 0.2948564593 0.4114832536 0.0610047847 0.0598086124
5 0.2565789474 0.3241626794 0.0466507177 0.0382775120
5 0.3062200957 0.3265550239 0.0478468900 0.0406698565
5 0.3522727273 0.3295454545 0.0466507177 0.0442583732
5 0.3594497608 0.4144736842 0.0633971292 0.0681818182
5 0.4497607656 0.3325358852 0.0502392344 0.0502392344
5 0.3995215311 0.3313397129 0.0478468900 0.0454545455
1 0.5053827751 0.3361244019 0.0610047847 0.0526315789
1 0.5681818182 0.3409090909 0.0645933014 0.0502392344
1 0.6351674641 0.3427033493 0.0669856459 0.0538277512
1 0.7009569378 0.3492822967 0.0669856459 0.0526315789
1 0.8271531100 0.3576555024 0.0681818182 0.0622009569
1 0.7643540670 0.3510765550 0.0598086124 0.0562200957
1 0.8947368421 0.3618421053 0.0765550239 0.0610047847
0 0.0245215311 0.4838516746 0.0490430622 0.0514354067
0 0.0412679426 0.4270334928 0.0753588517 0.0358851675
0 0.0693779904 0.4880382775 0.0430622010 0.0526315789
0 0.1184210526 0.4688995215 0.0741626794 0.0933014354
0 0.1656698565 0.4826555024 0.0275119617 0.0370813397
5 0.2338516746 0.4790669856 0.0610047847 0.1016746411
5 0.2948564593 0.4898325359 0.0610047847 0.0944976077
5 0.3582535885 0.4928229665 0.0633971292 0.0933014354
5 0.4228468900 0.5023923445 0.0657894737 0.0980861244
5 0.4264354067 0.4324162679 0.0753588517 0.0490430622
1 0.4898325359 0.4294258373 0.0586124402 0.0550239234
1 0.4838516746 0.4868421053 0.0562200957 0.0574162679
1 0.5406698565 0.4389952153 0.0550239234 0.0502392344
1 0.5962918660 0.4952153110 0.0586124402 0.0598086124
1 0.6004784689 0.4377990431 0.0574162679 0.0622009569
1 0.5406698565 0.4904306220 0.0574162679 0.0550239234
1 0.6549043062 0.5005980861 0.0586124402 0.0538277512
1 0.6561004785 0.4485645933 0.0586124402 0.0622009569
1 0.7171052632 0.4587320574 0.0657894737 0.0633971292
1 0.7165071770 0.5167464115 0.0669856459 0.0574162679
1 0.7876794258 0.4700956938 0.0729665072 0.0693779904
0 0.0233253589 0.6118421053 0.0466507177 0.0897129187
5 0.1267942584 0.6196172249 0.0382775120 0.0933014354
0 0.0807416268 0.6166267943 0.0562200957 0.0944976077
1 0.4826555024 0.5352870813 0.0562200957 0.0466507177
1 0.5376794258 0.5424641148 0.0586124402 0.0562200957
1 0.5915071770 0.5466507177 0.0562200957 0.0526315789
1 0.6501196172 0.5526315789 0.0657894737 0.0550239234
1 0.7194976077 0.5651913876 0.0729665072 0.0538277512
1 0.7906698565 0.5759569378 0.0741626794 0.0538277512
1 0.7882775120 0.5263157895 0.0741626794 0.0550239234
1 0.8636363636 0.5328947368 0.0837320574 0.0610047847
1 0.8666267943 0.5849282297 0.0825358852 0.0526315789
1 0.9473684211 0.5418660287 0.0885167464 0.0622009569
1 0.9455741627 0.5933014354 0.0801435407 0.0645933014
5 0.2099282297 0.6465311005 0.0490430622 0.0849282297
5 0.1644736842 0.6267942584 0.0418660287 0.0956937799
5 0.2619617225 0.6525119617 0.0550239234 0.0921052632
5 0.3133971292 0.6590909091 0.0502392344 0.0885167464
5 0.3660287081 0.6608851675 0.0550239234 0.0849282297
5 0.4204545455 0.6722488038 0.0562200957 0.0980861244
1 0.5305023923 0.6830143541 0.0466507177 0.1004784689
1 0.4766746411 0.6895933014 0.0610047847 0.0825358852
1 0.5795454545 0.6919856459 0.0466507177 0.1040669856
1 0.6303827751 0.7021531100 0.0574162679 0.0980861244
1 0.6872009569 0.7129186603 0.0538277512 0.0956937799
1 0.7434210526 0.7194976077 0.0610047847 0.1016746411
7 0.0699760766 0.7888755981 0.0538277512 0.1208133971
7 0.1208133971 0.7846889952 0.0478468900 0.0574162679
7 0.1860047847 0.7816985646 0.0490430622 0.0490430622
7 0.2482057416 0.7763157895 0.0322966507 0.0406698565
7 0.2876794258 0.7942583732 0.0442583732 0.0526315789
1 0.8038277512 0.7332535885 0.0574162679 0.1004784689
1 0.8696172249 0.7410287081 0.0693779904 0.1112440191
1 0.9431818182 0.7470095694 0.0753588517 0.1112440191
7 0.1214114833 0.8373205742 0.0514354067 0.0430622010
7 0.2147129187 0.8534688995 0.0490430622 0.0466507177
7 0.1668660287 0.8433014354 0.0514354067 0.0526315789
7 0.2649521531 0.8624401914 0.0490430622 0.0550239234
2 0.5233253589 0.8744019139 0.0657894737 0.1196172249
7 0.4563397129 0.8576555024 0.0370813397 0.1291866029
1 0.5807416268 0.8761961722 0.0562200957 0.1423444976
1 0.6357655502 0.8839712919 0.0562200957 0.1507177033
1 0.6943779904 0.8953349282 0.0657894737 0.1543062201
1 0.7541866029 0.9066985646 0.0633971292 0.1531100478
2 0.9270334928 0.9132775120 0.0909090909 0.1734449761
1 0.8331339713 0.9372009569 0.1016746411 0.1160287081
1 0.8648325359 0.4790669856 0.0837320574 0.0610047847
1 0.9497607656 0.4850478469 0.0861244019 0.0562200957
