1 0.4352331606 0.0433937824 0.1839378238 0.0867875648
3 0.6301813472 0.0297927461 0.0608808290 0.0595854922
3 0.6949481865 0.0634715026 0.0686528497 0.1269430052
3 0.6340673575 0.0900259067 0.0582901554 0.0634715026
3 0.7545336788 0.0634715026 0.0660621762 0.1269430052
1 0.8892487047 0.0524611399 0.0401554404 0.1049222798
1 0.8341968912 0.0485751295 0.0699481865 0.0971502591
1 0.4449481865 0.1269430052 0.1826424870 0.0829015544
1 0.6593264249 0.1761658031 0.0880829016 0.1113989637
1 0.7487046632 0.1774611399 0.0829015544 0.1062176166
1 0.8639896373 0.1638601036 0.0829015544 0.1126943005
1 0.9579015544 0.1599740933 0.0841968912 0.0945595855
1 0.4540155440 0.2020725389 0.1774611399 0.0854922280
1 0.8510362694 0.2551813472 0.0595854922 0.0777202073
1 0.9585492228 0.2597150259 0.0829015544 0.1101036269
1 0.4611398964 0.2778497409 0.1735751295 0.0790155440
1 0.6450777202 0.2791450777 0.0880829016 0.1023316062
1 0.7435233161 0.2888601036 0.0906735751 0.1036269430
1 0.8426165803 0.3406735751 0.0816062176 0.0984455959
1 0.4695595855 0.3911917098 0.1670984456 0.1632124352
1 0.7130829016 0.3724093264 0.1489637306 0.0790155440
1 0.9566062176 0.3646373057 0.0867875648 0.0971502591
1 0.7124352332 0.5006476684 0.1424870466 0.0686528497
1 0.7137305699 0.4397668394 0.1450777202 0.0686528497
1 0.8329015544 0.4268134715 0.0673575130 0.0790155440
1 0.9553108808 0.4507772021 0.0893782383 0.0751295337
1 0.4766839378 0.5369170984 0.1580310881 0.1541450777
1 0.7104922280 0.5479274611 0.1437823834 0.0518134715
5 0.4611398964 0.8361398964 0.0362694301 0.0349740933
5 0.4248704663 0.8283678756 0.0388601036 0.0686528497
5 0.4604922280 0.8037564767 0.0323834197 0.0297927461
5 0.5634715026 0.8380829016 0.0362694301 0.0284974093
5 0.4935233161 0.8199481865 0.0362694301 0.0673575130
5 0.4799222798 0.8588082902 0.0686528497 0.0129533679
5 0.4598445596 0.8879533679 0.0362694301 0.0323834197
5 0.5524611399 0.9196891192 0.0764248705 0.0492227979
5 0.5498704663 0.8782383420 0.0764248705 0.0492227979
5 0.4954663212 0.9086787565 0.0401554404 0.0608808290
5 0.7363989637 0.9222797927 0.1360103627 0.0699481865
5 0.9060880829 0.8737046632 0.0841968912 0.0686528497
5 0.4617875648 0.9281088083 0.0401554404 0.0323834197
5 0.8976683938 0.9365284974 0.0932642487 0.0725388601
