0 0.0176544767 0.0138713745 0.0353089533 0.0277427491
6 0.1576292560 0.0119798235 0.0655737705 0.0239596469
7 0.0775535939 0.0132408575 0.1071878941 0.0264817150
6 0.2219419924 0.0126103405 0.0680958386 0.0252206810
6 0.5523329130 0.0132408575 0.0807061791 0.0264817150
6 0.4665825977 0.0132408575 0.0882723834 0.0264817150
7 0.7194199243 0.0195460277 0.0819672131 0.0390920555
7 0.9041614124 0.0189155107 0.1034047919 0.0378310214
7 0.9760403531 0.0195460277 0.0479192938 0.0390920555
7 0.1279949559 0.1651954603 0.0567465322 0.0882723834
6 0.2704918033 0.1897856242 0.1046658260 0.1122320303
7 0.1815889029 0.1651954603 0.0529634300 0.0882723834
6 0.3568726356 0.2181588903 0.0706179067 0.0655737705
6 0.3638083228 0.1557377049 0.0769230769 0.0643127364
6 0.5573770492 0.1532156368 0.1336696091 0.0718789407
6 0.5548549811 0.2118537201 0.1361916772 0.0630517024
6 0.4470365700 0.1500630517 0.0668348045 0.0655737705
7 0.6677175284 0.1897856242 0.0794451450 0.0390920555
7 0.6614123581 0.1488020177 0.0794451450 0.0428751576
7 0.7446406053 0.1469104666 0.0819672131 0.0517023960
7 0.8329129887 0.1929382093 0.0945775536 0.0453972257
7 0.8348045397 0.1544766709 0.0983606557 0.0466582598
7 0.9161412358 0.1923076923 0.0844892812 0.0491803279
7 0.9804539723 0.1551071879 0.0390920555 0.0479192938
7 0.9823455233 0.1967213115 0.0353089533 0.0378310214
6 0.4293820933 0.2206809584 0.0693568726 0.0680958386
7 0.6670870113 0.2301387137 0.0781841110 0.0416141236
7 0.7452711223 0.2244640605 0.0832282472 0.0529634300
7 0.8291298865 0.2295081967 0.0920554855 0.0453972257
7 0.9142496847 0.2313997478 0.0882723834 0.0466582598
7 0.9854981084 0.2351828499 0.0290037831 0.0491803279
6 0.2522068096 0.4104665826 0.0554854981 0.0895334174
6 0.1954602774 0.4104665826 0.0605296343 0.0945775536
6 0.3228247163 0.4344262295 0.0933165195 0.1097099622
6 0.4766708701 0.4092055485 0.1034047919 0.0617906683
4 0.5807061791 0.4237074401 0.1097099622 0.1185372005
4 0.6916771753 0.4262295082 0.1097099622 0.1210592686
4 0.8020176545 0.4281210593 0.1134930643 0.1197982346
4 0.9174022699 0.4142496847 0.1122320303 0.1172761665
4 0.9848675914 0.4293820933 0.0302648172 0.1197982346
7 0.4823455233 0.4527112232 0.1475409836 0.0680958386
7 0.6506935687 0.5964691047 0.2118537201 0.0327868852
7 0.8020176545 0.6021437579 0.0882723834 0.0592686003
7 0.0258511980 0.6765447667 0.0517023960 0.0844892812
7 0.1185372005 0.6822194199 0.1235813367 0.0933165195
6 0.2414880202 0.7011349306 0.1122320303 0.1185372005
6 0.3593947037 0.6992433796 0.1160151324 0.1172761665
6 0.4684741488 0.7055485498 0.1071878941 0.1172761665
7 0.6462799496 0.6815889029 0.2030264817 0.0819672131
7 0.6122320303 0.7452711223 0.2232030265 0.0630517024
