1 0.4416961131 0.0212014134 0.1107184923 0.0424028269
0 0.0400471143 0.0382803298 0.0800942285 0.0765606596
0 0.1436984688 0.0583038869 0.1342756184 0.1166077739
7 0.2585394582 0.0406360424 0.1189634865 0.0812720848
0 0.3627797409 0.1001177856 0.1036513545 0.1272084806
1 0.5441696113 0.0353356890 0.1036513545 0.0706713781
1 0.6295641932 0.0418138987 0.0906949352 0.0836277974
1 0.7196702002 0.0630153121 0.0989399293 0.1213191991
5 0.0212014134 0.1148409894 0.0424028269 0.1001177856
5 0.1060070671 0.1578327444 0.1177856302 0.0848056537
0 0.2650176678 0.1083627797 0.1012956419 0.0848056537
2 0.4829210836 0.1166077739 0.1578327444 0.1648998822
2 0.6042402827 0.1407538280 0.1342756184 0.1542991755
2 0.6972909305 0.1519434629 0.0895170789 0.1507656066
1 0.7526501767 0.1837455830 0.0565371025 0.1130742049
1 0.7944640754 0.1613663133 0.0577149588 0.0565371025
5 0.0388692580 0.2396937574 0.0777385159 0.1613663133
5 0.1236749117 0.2620730271 0.1060070671 0.1283863369
5 0.2237926973 0.2714958775 0.0965842167 0.1425206125
0 0.3209658422 0.2626619552 0.1236749117 0.1578327444
0 0.4069493522 0.2779740872 0.1048292108 0.1578327444
0 0.4893992933 0.2873969376 0.1142520612 0.1507656066
1 0.6301531213 0.2844522968 0.0706713781 0.0577149588
1 0.5671378092 0.2815076561 0.0624263840 0.0588928151
1 0.6961130742 0.3021201413 0.0588928151 0.0530035336
1 0.8038869258 0.2173144876 0.0530035336 0.0600706714
5 0.1725559482 0.3574793875 0.1024734982 0.0671378092
1 0.5747938751 0.3445229682 0.0659599529 0.0671378092
1 0.6372202591 0.3474676090 0.0683156655 0.0706713781
1 0.7020023557 0.3616018846 0.0659599529 0.0659599529
1 0.7479387515 0.3085983510 0.0471142521 0.0565371025
1 0.7579505300 0.3669022379 0.0530035336 0.0530035336
1 0.8421672556 0.3168433451 0.0541813899 0.0565371025
1 0.8574793875 0.3727915194 0.0518256773 0.0577149588
1 0.8080094229 0.3745583039 0.0471142521 0.0518256773
1 0.7932862191 0.3180212014 0.0506478210 0.0518256773
5 0.1012956419 0.4699646643 0.0942285041 0.1837455830
5 0.0347467609 0.4640753828 0.0694935218 0.1743227326
5 0.1855123675 0.4269729093 0.1118963486 0.0859835100
6 0.2968197880 0.4169611307 0.1248527680 0.1177856302
1 0.4081272085 0.4405182568 0.1024734982 0.0848056537
1 0.4935217903 0.4493521790 0.0824499411 0.0718492344
1 0.5724381625 0.4522968198 0.0824499411 0.0800942285
1 0.6472320377 0.4599528857 0.0765606596 0.0742049470
1 0.7756183746 0.4676089517 0.0600706714 0.0706713781
1 0.7149587750 0.4611307420 0.0636042403 0.0671378092
1 0.8274440518 0.4687868080 0.0577149588 0.0612485277
1 0.8786808009 0.4705535925 0.0494699647 0.0553592462
5 0.1908127208 0.5111896349 0.0965842167 0.0965842167
6 0.2985865724 0.5106007067 0.1236749117 0.0977620730
1 0.4169611307 0.5200235571 0.1224970554 0.0859835100
1 0.5000000000 0.5282685512 0.0836277974 0.0836277974
1 0.5777385159 0.5217903416 0.0694935218 0.0800942285
1 0.6554770318 0.5312131920 0.0812720848 0.0753828033
1 0.7750294464 0.5965842167 0.0588928151 0.0482921084
1 0.7320376914 0.5294464075 0.0694935218 0.0694935218
1 0.8386336867 0.5300353357 0.0612485277 0.0588928151
1 0.7838633687 0.5288574794 0.0482921084 0.0588928151
1 0.8274440518 0.5995288575 0.0647820966 0.0541813899
1 0.8916372203 0.5912838634 0.0636042403 0.0541813899
1 0.8922261484 0.5270906949 0.0435806832 0.0624263840
7 0.0818610130 0.6154299176 0.1637220259 0.0718492344
7 0.2338044759 0.6260306243 0.1566548881 0.0459363958
0 0.4770318021 0.7061248528 0.1012956419 0.1613663133
0 0.5359246172 0.6648998822 0.0353356890 0.0624263840
0 0.5765606596 0.6772673734 0.0482921084 0.0612485277
1 0.7173144876 0.6790341578 0.0871613663 0.1307420495
1 0.7826855124 0.6495877503 0.0530035336 0.0482921084
1 0.8333333333 0.6519434629 0.0694935218 0.0506478210
1 0.9128386337 0.6949352179 0.0659599529 0.0612485277
1 0.9034157833 0.6419316843 0.0565371025 0.0471142521
7 0.0800942285 0.7426383981 0.1601884570 0.1872791519
7 0.2361601885 0.7296819788 0.1684334511 0.1731448763
0 0.3657243816 0.7243816254 0.1189634865 0.1696113074
0 0.5418138987 0.7367491166 0.0424028269 0.0789163722
0 0.5895170789 0.7373380448 0.0694935218 0.0683156655
1 0.7962308598 0.7102473498 0.0541813899 0.0612485277
1 0.8533568905 0.7126030624 0.0647820966 0.0565371025
7 0.2208480565 0.8816254417 0.1213191991 0.0694935218
1 0.7561837456 0.8804475854 0.0612485277 0.1260306243
1 0.7131919906 0.8892815077 0.0647820966 0.1319199058
1 0.8321554770 0.8627797409 0.0600706714 0.1166077739
1 0.7956419317 0.8698468787 0.0624263840 0.1213191991
1 0.9234393404 0.8457008245 0.0612485277 0.1130742049
1 0.8833922261 0.8568904594 0.0636042403 0.1213191991
1 0.9605418139 0.8386336867 0.0506478210 0.1107184923
7 0.0447585395 0.9693757362 0.0588928151 0.0612485277
7 0.1065959953 0.9481743227 0.0718492344 0.0683156655
7 0.2426383981 0.9681978799 0.0730270907 0.0636042403
7 0.2997644287 0.9628975265 0.0694935218 0.0742049470
7 0.3551236749 0.9493521790 0.0718492344 0.1012956419
4 0.4405182568 0.9222614841 0.1154299176 0.1554770318
0 0.5365135453 0.9257950530 0.1330977621 0.1484098940
7 0.6383981154 0.9228504122 0.1036513545 0.1118963486
7 0.1796230860 0.9823321555 0.0718492344 0.0353356890
1 0.7844522968 0.9970553592 0.1295641932 0.0058892815
1 0.8839811543 0.9811542992 0.1001177856 0.0376914016
1 0.9528857479 0.9723203769 0.0942285041 0.0553592462
