5 0.7643835616 0.0034246575 0.0465753425 0.0068493151
5 0.8239726027 0.0034246575 0.0616438356 0.0068493151
5 0.2602739726 0.0445205479 0.0273972603 0.0890410959
5 0.1561643836 0.0054794521 0.0465753425 0.0109589041
5 0.1602739726 0.0534246575 0.0493150685 0.0876712329
5 0.3246575342 0.0431506849 0.1178082192 0.0863013699
5 0.4712328767 0.0404109589 0.1315068493 0.0808219178
5 0.6082191781 0.0376712329 0.0493150685 0.0753424658
5 0.6657534247 0.0397260274 0.0684931507 0.0794520548
5 0.8164383562 0.0486301370 0.0630136986 0.0863013699
5 0.7513698630 0.0506849315 0.0643835616 0.0821917808
5 0.9232876712 0.0424657534 0.0684931507 0.0849315068
5 0.9780821918 0.0417808219 0.0438356164 0.0835616438
5 0.1595890411 0.1383561644 0.0479452055 0.0849315068
5 0.2630136986 0.1321917808 0.0246575342 0.0917808219
5 0.3301369863 0.1315068493 0.1150684932 0.0904109589
5 0.4753424658 0.1301369863 0.1287671233 0.0931506849
5 0.6082191781 0.1253424658 0.0410958904 0.0945205479
5 0.8095890411 0.1328767123 0.0575342466 0.0821917808
5 0.7465753425 0.1349315068 0.0657534247 0.0808219178
5 0.9205479452 0.1280821918 0.0712328767 0.0890410959
5 0.9760273973 0.1280821918 0.0479452055 0.0945205479
1 0.4116438356 0.2438356164 0.0424657534 0.0739726027
1 0.5876712329 0.2513698630 0.0657534247 0.0698630137
1 0.6636986301 0.2630136986 0.0726027397 0.0849315068
1 0.7472602740 0.2458904110 0.0698630137 0.0835616438
1 0.8205479452 0.2452054795 0.0739726027 0.0849315068
1 0.9116438356 0.3191780822 0.0726027397 0.0767123288
1 0.9136986301 0.2397260274 0.0739726027 0.0821917808
1 0.9746575342 0.2397260274 0.0506849315 0.0821917808
1 0.6595890411 0.3534246575 0.0780821918 0.0794520548
1 0.8109589041 0.3328767123 0.0684931507 0.0849315068
1 0.7438356164 0.3328767123 0.0684931507 0.0876712329
1 0.9109589041 0.3972602740 0.0712328767 0.0767123288
1 0.9739726027 0.3205479452 0.0520547945 0.0794520548
1 0.9732876712 0.3993150685 0.0534246575 0.0753424658
1 0.6650684932 0.4438356164 0.0698630137 0.0794520548
1 0.8212328767 0.4178082192 0.0753424658 0.0849315068
1 0.7479452055 0.4164383562 0.0712328767 0.0821917808
1 0.9089041096 0.4732876712 0.0698630137 0.0780821918
1 0.9726027397 0.4773972603 0.0547945205 0.0780821918
1 0.7431506849 0.5794520548 0.0643835616 0.0821917808
1 0.8095890411 0.5794520548 0.0684931507 0.0821917808
1 0.7417808219 0.5013698630 0.0616438356 0.0821917808
1 0.8082191781 0.5006849315 0.0684931507 0.0780821918
1 0.9095890411 0.5493150685 0.0684931507 0.0657534247
1 0.9726027397 0.5520547945 0.0547945205 0.0739726027
1 0.8054794521 0.6479452055 0.0630136986 0.0547945205
1 0.7410958904 0.6452054795 0.0602739726 0.0465753425
1 0.9164383562 0.6239726027 0.0767123288 0.0726027397
1 0.9075342466 0.6986301370 0.0643835616 0.0767123288
1 0.9705479452 0.7068493151 0.0589041096 0.0794520548
1 0.9116438356 0.7767123288 0.0534246575 0.0575342466
1 0.9719178082 0.7767123288 0.0561643836 0.0739726027
