1 0.2882991556 0.0042219542 0.0723763571 0.0084439083
1 0.0096501809 0.0223160434 0.0193003619 0.0446320869
1 0.0542822678 0.0211097708 0.0772014475 0.0422195416
1 0.2129071170 0.0241254524 0.0639324487 0.0482509047
1 0.2780458384 0.0416164053 0.0687575392 0.0542822678
1 0.5132689988 0.0476477684 0.1025331725 0.0301568154
1 0.5150784077 0.0156815440 0.1037394451 0.0313630881
1 0.6242460796 0.0162846803 0.1121833534 0.0277442702
1 0.6218335344 0.0452352232 0.1145958987 0.0301568154
1 0.7762364294 0.0476477684 0.1459589867 0.0952955368
1 0.9004825090 0.0536791315 0.1483715320 0.0784077201
1 0.0373944511 0.0627261761 0.0747889023 0.0434258142
1 0.0259348613 0.1061519903 0.0518697226 0.0530759952
1 0.1990349819 0.0657418577 0.0723763571 0.0446320869
1 0.2623642943 0.1224366707 0.0832328106 0.0398069964
1 0.1887816647 0.1139927624 0.0856453559 0.0542822678
1 0.2696019300 0.0820265380 0.0687575392 0.0410132690
1 0.5120627262 0.0765983112 0.1049457177 0.0325693607
1 0.5084439083 0.1085645356 0.1170084439 0.0313630881
1 0.5090470446 0.1302774427 0.1230398070 0.0120627262
1 0.6314837153 0.1067551267 0.1242460796 0.0373944511
1 0.6266586248 0.0735826297 0.1242460796 0.0313630881
1 0.6314837153 0.1272617612 0.1242460796 0.0180940893
1 0.9240048251 0.1375150784 0.1519903498 0.0965018094
1 0.1628468034 0.1628468034 0.0796139928 0.0530759952
1 0.1441495778 0.2129071170 0.0759951749 0.0518697226
1 0.7961399276 0.1435464415 0.1616405308 0.1037394451
1 0.1290711701 0.2683956574 0.0892641737 0.0663449940
1 0.2334137515 0.2864897467 0.0687575392 0.0470446321
1 0.2478890229 0.2394451146 0.0687575392 0.0566948130
1 0.5072376357 0.2189384801 0.1338962606 0.0422195416
1 0.5042219542 0.2569360676 0.1351025332 0.0361881785
1 0.6357056695 0.2683956574 0.1326899879 0.0325693607
1 0.6369119421 0.2237635706 0.1326899879 0.0446320869
1 0.8118214717 0.2388419783 0.1688781665 0.1085645356
1 0.9372738239 0.2364294331 0.1254523522 0.1037394451
1 0.1145958987 0.3287092883 0.0940892642 0.0542822678
1 0.2231604343 0.3359469240 0.0723763571 0.0566948130
1 0.5030156815 0.2961399276 0.1326899879 0.0446320869
1 0.5006031363 0.3383594692 0.1399276236 0.0470446321
1 0.6405307600 0.3455971049 0.1471652593 0.0542822678
1 0.6387213510 0.3015681544 0.1387213510 0.0410132690
1 0.8377563329 0.3486127865 0.1773220748 0.1182147165
1 0.9469240048 0.3492159228 0.1061519903 0.1387213510
1 0.0904704463 0.3932448733 0.0916767189 0.0820265380
1 0.2237635706 0.4149577805 0.0784077201 0.0434258142
1 0.4951749095 0.4209891435 0.1459589867 0.0458383595
1 0.4963811821 0.3835946924 0.1435464415 0.0434258142
1 0.6507840772 0.4282267793 0.1628468034 0.0434258142
1 0.6441495778 0.3884197829 0.1519903498 0.0410132690
1 0.1164053076 0.5138721351 0.1797346200 0.0747889023
1 0.4885404101 0.5024125452 0.1640530760 0.0735826297
1 0.6525934861 0.5060313631 0.1737032569 0.0663449940
1 0.8540410133 0.4764776840 0.1954161641 0.1495778046
1 0.9613992762 0.4867310012 0.0772014475 0.1652593486
1 0.0977080820 0.5729794934 0.1785283474 0.0723763571
1 0.4849215923 0.5663449940 0.1688781665 0.0759951749
1 0.6586248492 0.5741857660 0.1833534379 0.0796139928
1 0.1025331725 0.6357056695 0.2050663450 0.0675512666
1 0.2611580217 0.6109770808 0.0735826297 0.0711700844
1 0.4819059107 0.6423401689 0.1749095296 0.0904704463
1 0.6616405308 0.6519903498 0.1893848010 0.0880579011
1 0.8823884198 0.6296743064 0.2207478890 0.1857659831
1 0.9770808203 0.6411338963 0.0458383595 0.1700844391
1 0.0826296743 0.7044632087 0.1652593486 0.0868516285
1 0.2744270205 0.6924004825 0.0687575392 0.0699638118
1 0.4788902292 0.7249698432 0.1833534379 0.0965018094
1 0.6670687575 0.7310012063 0.2026537998 0.1037394451
1 0.0723763571 0.7937273824 0.1447527141 0.0965018094
1 0.4752714113 0.8082026538 0.1881785283 0.1085645356
1 0.6700844391 0.8208685163 0.2086851628 0.1073582630
1 0.8968636912 0.8118214717 0.2062726176 0.2219541616
1 0.0693606755 0.8854041013 0.1387213510 0.0868516285
1 0.4722557298 0.9065138721 0.1990349819 0.1242460796
1 0.6761158022 0.9197828709 0.2207478890 0.1242460796
1 0.9095295537 0.9463208685 0.1809408926 0.1073582630
