1 0.4914463453 0.0038880249 0.0839813375 0.0077760498
1 0.5816485226 0.0046656299 0.0870917574 0.0093312597
1 0.6671850700 0.0093312597 0.0839813375 0.0186625194
1 0.7558320373 0.0116640747 0.0777604977 0.0233281493
1 0.8351477449 0.0155520995 0.0964230171 0.0311041991
1 0.9214618974 0.0186625194 0.1104199067 0.0373250389
5 0.0264385692 0.0225505443 0.0528771384 0.0451010886
5 0.1345256610 0.1368584759 0.0793157076 0.0777604977
5 0.0847589425 0.0241057543 0.0606531882 0.0482115086
5 0.1493001555 0.0264385692 0.0622083981 0.0528771384
5 0.2091757387 0.0303265941 0.0606531882 0.0575427683
5 0.2185069984 0.1407465008 0.0824261275 0.0886469673
5 0.3359253499 0.0342146190 0.0653188180 0.0653188180
5 0.2706065319 0.0326594090 0.0622083981 0.0590979782
1 0.4082426128 0.0388802488 0.0793157076 0.0684292379
1 0.4898911353 0.0451010886 0.0839813375 0.0653188180
1 0.5769828927 0.0474339036 0.0870917574 0.0699844479
1 0.6625194401 0.0559875583 0.0870917574 0.0684292379
1 0.8265940902 0.0668740280 0.0886469673 0.0808709176
1 0.7449455677 0.0583203733 0.0777604977 0.0730948678
1 0.9144634526 0.0723172628 0.0995334370 0.0793157076
5 0.0552099533 0.2247278383 0.0793157076 0.1321928460
5 0.1345256610 0.2387247278 0.0793157076 0.1228615863
5 0.2169517885 0.2426127527 0.0824261275 0.1213063764
5 0.3009331260 0.2550544323 0.0855365474 0.1275272162
5 0.3055987558 0.1640746501 0.0979782271 0.0637636081
1 0.3880248834 0.1601866252 0.0762052877 0.0715396579
1 0.3802488336 0.2348367030 0.0730948678 0.0746500778
1 0.4541213064 0.1726283048 0.0715396579 0.0653188180
1 0.5264385692 0.2457231726 0.0762052877 0.0777604977
1 0.5318818040 0.1710730949 0.0746500778 0.0808709176
1 0.4541213064 0.2395023328 0.0746500778 0.0715396579
1 0.6026438569 0.2527216174 0.0762052877 0.0699844479
1 0.6041990669 0.1850699844 0.0762052877 0.0808709176
1 0.6835147745 0.1982892691 0.0855365474 0.0824261275
1 0.6827371695 0.2737169518 0.0870917574 0.0746500778
1 0.7752721617 0.2130637636 0.0948678072 0.0902021773
1 0.3786936236 0.2978227061 0.0730948678 0.0606531882
1 0.4502332815 0.3071539658 0.0762052877 0.0730948678
1 0.5202177294 0.3125972006 0.0730948678 0.0684292379
1 0.5964230171 0.3203732504 0.0855365474 0.0715396579
1 0.6866251944 0.3367029549 0.0948678072 0.0699844479
1 0.7791601866 0.3506998445 0.0964230171 0.0699844479
1 0.7760497667 0.2861586314 0.0964230171 0.0715396579
1 0.8740279938 0.2947122862 0.1088646967 0.0793157076
1 0.8779160187 0.3623639191 0.1073094868 0.0684292379
1 0.9626749611 0.3063763608 0.0746500778 0.0808709176
1 0.9642301711 0.3732503888 0.0715396579 0.0839813375
5 0.0279937792 0.4424572317 0.0559875583 0.1104199067
5 0.0917573872 0.4502332815 0.0715396579 0.1197511664
5 0.1586314152 0.4587869362 0.0653188180 0.1150855365
5 0.2270606532 0.4611197512 0.0715396579 0.1104199067
5 0.2978227061 0.4758942457 0.0730948678 0.1275272162
1 0.4409020218 0.4898911353 0.0606531882 0.1306376361
1 0.3709175739 0.4984447900 0.0793157076 0.1073094868
1 0.5046656299 0.5015552100 0.0606531882 0.1353032659
1 0.5707620529 0.5147744946 0.0746500778 0.1275272162
1 0.6446345257 0.5287713841 0.0699844479 0.1244167963
1 0.7177293935 0.5373250389 0.0793157076 0.1321928460
7 0.0124416796 0.6181959565 0.0248833593 0.0637636081
7 0.0738724728 0.6111975117 0.0419906687 0.0528771384
7 0.1251944012 0.6345256610 0.0575427683 0.0684292379
1 0.7962674961 0.5552099533 0.0746500778 0.1306376361
1 0.8818040435 0.5653188180 0.0902021773 0.1446345257
1 0.9642301711 0.5730948678 0.0715396579 0.1446345257
7 0.0311041991 0.7115085537 0.0622083981 0.0606531882
7 0.0956454121 0.7231726283 0.0637636081 0.0715396579
2 0.4315707621 0.7387247278 0.0855365474 0.1555209953
7 0.3444790047 0.7169517885 0.0482115086 0.1679626750
1 0.5062208398 0.7410575428 0.0730948678 0.1850699844
1 0.5777604977 0.7511664075 0.0730948678 0.1959564541
1 0.6539657854 0.7659409020 0.0855365474 0.2006220840
1 0.7317262830 0.7807153966 0.0824261275 0.1990668740
2 0.9486780715 0.8040435459 0.1026438569 0.2550544323
1 0.8343701400 0.8203732504 0.1321928460 0.1508553655
1 0.8755832037 0.2247278383 0.1088646967 0.0793157076
1 0.9650077760 0.2325038880 0.0699844479 0.0730948678
