7 0.1297709924 0.1384950927 0.1112322792 0.0414394766
7 0.1335877863 0.1859323882 0.1101417666 0.0447110142
3 0.2355507088 0.1330425300 0.1025081788 0.0458015267
3 0.2420937841 0.1815703381 0.1025081788 0.0468920393
7 0.3244274809 0.1434023991 0.0861504907 0.1232279171
0 0.4067611778 0.1254089422 0.0850599782 0.1592148310
0 0.4830970556 0.1319520174 0.0719738277 0.1483097056
0 0.5567066521 0.1237731734 0.0796074155 0.1624863686
0 0.6406761178 0.1210468920 0.0905125409 0.1613958561
0 0.7284623773 0.1275899673 0.0981461287 0.1483097056
0 0.8222464558 0.1243184297 0.0937840785 0.1461286805
1 0.1826608506 0.2573609597 0.0926935660 0.0741548528
7 0.2868047983 0.2977099237 0.0959651036 0.1417666303
7 0.3914940022 0.2644492912 0.1134133043 0.0730643402
7 0.4934569248 0.2758996728 0.0796074155 0.0632497274
7 0.5866957470 0.2780806979 0.0937840785 0.0697928026
7 0.6712104689 0.2884405671 0.0708833152 0.1450381679
7 0.7513631407 0.2884405671 0.0785169029 0.1472191930
1 0.1957470011 0.3369683751 0.0948745911 0.0697928026
7 0.3931297710 0.3336968375 0.1145038168 0.0697928026
7 0.4945474373 0.3358778626 0.0817884406 0.0523446020
7 0.5839694656 0.3380588877 0.0926935660 0.0588876772
6 0.1673936750 0.4492911668 0.0839694656 0.1461286805
6 0.2889858233 0.4678298800 0.1701199564 0.1112322792
6 0.4536532170 0.4629225736 0.1613958561 0.1101417666
6 0.6161395856 0.4591057797 0.1635768811 0.1068702290
1 0.7317339149 0.4678298800 0.0719738277 0.0763358779
1 0.7829880044 0.4645583424 0.0327153762 0.0828789531
1 0.3898582334 0.5545256270 0.0730643402 0.0687022901
1 0.4601962923 0.5512540894 0.0719738277 0.0643402399
1 0.5299890949 0.5468920393 0.0697928026 0.0599781897
1 0.6777535442 0.5665212650 0.0752453653 0.0338058888
1 0.7562704471 0.5468920393 0.0774263904 0.0665212650
1 0.2644492912 0.7393675027 0.0752453653 0.1264994547
1 0.3544165758 0.7333696838 0.0741548528 0.1341330425
1 0.4258451472 0.7448200654 0.0817884406 0.1286804798
1 0.5049073064 0.7241003272 0.0806979280 0.1221374046
1 0.5905125409 0.7290076336 0.0883315158 0.1341330425
1 0.6744820065 0.7306434024 0.0861504907 0.1395856052
1 0.7682660851 0.7241003272 0.0839694656 0.1308615049
7 0.5528898582 0.9471101418 0.0610687023 0.0752453653
7 0.4476553980 0.9509269357 0.1603053435 0.0981461287
7 0.6717557252 0.9694656489 0.0719738277 0.0610687023
1 0.2224645583 0.5997818975 0.0850599782 0.1352235551
1 0.3167938931 0.5577971647 0.0730643402 0.0665212650
