1 0.2624847747 0.0462850183 0.1035322777 0.0925700365
2 0.1668696711 0.0730816078 0.0925700365 0.1461632156
1 0.3428745432 0.0712545676 0.0645554202 0.1425091352
1 0.4037758831 0.0773447016 0.0669914738 0.1546894032
1 0.4634591961 0.0876979294 0.0572472594 0.1534713764
1 0.5194884287 0.0956151035 0.0572472594 0.1449451888
7 0.6461632156 0.1144945189 0.0377588307 0.1315468940
2 0.5779537150 0.0974421437 0.0669914738 0.1218026797
7 0.8410475030 0.1096224117 0.0499390987 0.0560292326
7 0.8922046285 0.1187576127 0.0499390987 0.0475030451
7 0.9409257004 0.1297198538 0.0523751523 0.0523751523
7 0.9805115713 0.1352009744 0.0389768575 0.0438489647
1 0.1504263094 0.2271619976 0.0767356882 0.1132764921
1 0.2253349574 0.2332521315 0.0706455542 0.1132764921
1 0.2923264312 0.2417783191 0.0584652862 0.1010962241
7 0.8179049939 0.1790499391 0.0450669915 0.0535931790
7 0.8580998782 0.1973203410 0.0328867235 0.0414129111
7 0.9214372716 0.1918392205 0.0499390987 0.0499390987
7 0.9817295981 0.1887941535 0.0365408039 0.0584652862
1 0.3538367844 0.2551766139 0.0621193666 0.1035322777
1 0.4110840438 0.2618757613 0.0548112058 0.0974421437
1 0.4689403167 0.2728380024 0.0584652862 0.0998781973
1 0.5207064555 0.2831912302 0.0475030451 0.1059683313
1 0.6254567600 0.2856272838 0.0621193666 0.0840438490
1 0.5706455542 0.2923264312 0.0475030451 0.1023142509
5 0.6827040195 0.3032886724 0.0572472594 0.0998781973
5 0.7381242387 0.3148599269 0.0560292326 0.0864799026
5 0.7917174178 0.3166869671 0.0511571255 0.0901339829
5 0.8440925700 0.3233861145 0.0560292326 0.0937880633
5 0.8970767357 0.3294762485 0.0499390987 0.0864799026
5 0.9433617540 0.3495736906 0.0426309379 0.0974421437
1 0.1479902558 0.3836784409 0.0816077954 0.0657734470
1 0.1461632156 0.4360535932 0.0901339829 0.0633373934
1 0.2314250914 0.4457978076 0.0852618758 0.0633373934
1 0.2283800244 0.3922046285 0.0840438490 0.0535931790
1 0.3081607795 0.4518879415 0.0755176614 0.0560292326
1 0.3057247259 0.4013398295 0.0755176614 0.0548112058
1 0.3781973203 0.4123020706 0.0742996346 0.0548112058
1 0.4488428745 0.4257003654 0.0669914738 0.0572472594
1 0.5633373934 0.4354445798 0.0596833130 0.0572472594
1 0.5085261876 0.4311814860 0.0572472594 0.0535931790
1 0.6193666261 0.4427527406 0.0572472594 0.0475030451
5 0.9811205847 0.3568818514 0.0377588307 0.0950060901
1 0.1437271620 0.4939098660 0.0876979294 0.0572472594
1 0.2302070646 0.5000000000 0.0852618758 0.0621193666
1 0.3087697929 0.5091352010 0.0742996346 0.0706455542
1 0.3824604141 0.4616321559 0.0682095006 0.0584652862
1 0.3806333739 0.5213154689 0.0669914738 0.0633373934
1 0.4427527406 0.5310596833 0.0596833130 0.0633373934
1 0.4439707674 0.4780755177 0.0596833130 0.0548112058
1 0.5602923264 0.5408038977 0.0560292326 0.0511571255
1 0.5602923264 0.4884287454 0.0584652862 0.0560292326
1 0.4993909866 0.5420219245 0.0584652862 0.0633373934
1 0.5036540804 0.4835566382 0.0596833130 0.0609013398
1 0.6181485993 0.4920828258 0.0572472594 0.0584652862
1 0.6120584653 0.5505481121 0.0596833130 0.0560292326
5 0.6766138855 0.5475030451 0.0767356882 0.0499390987
5 0.6802679659 0.4762484775 0.0669914738 0.0998781973
5 0.7460414129 0.4859926918 0.0645554202 0.0950060901
5 0.8105968331 0.4890377588 0.0621193666 0.0962241169
5 0.8727161998 0.5000000000 0.0621193666 0.1035322777
0 0.9421437272 0.4963459196 0.0280146163 0.0377588307
0 0.9762484775 0.5109622412 0.0475030451 0.0937880633
1 0.1997563946 0.6193666261 0.0779537150 0.0621193666
1 0.3325213155 0.6303288672 0.0609013398 0.0572472594
1 0.2685749086 0.6236297199 0.0694275274 0.0633373934
1 0.3970767357 0.6321559074 0.0682095006 0.0535931790
1 0.4640682095 0.6388550548 0.0682095006 0.0548112058
1 0.5322777101 0.6406820950 0.0657734470 0.0511571255
1 0.5962241169 0.6455542022 0.0621193666 0.0535931790
5 0.7040194884 0.6504263094 0.0487210719 0.0462850183
5 0.6528623630 0.6492082826 0.0511571255 0.0511571255
5 0.7448233861 0.5657734470 0.0645554202 0.0694275274
5 0.7990255786 0.6552984166 0.0487210719 0.0414129111
5 0.7521315469 0.6522533496 0.0475030451 0.0450669915
5 0.8495736906 0.6577344702 0.0475030451 0.0389768575
5 0.8105968331 0.5688185140 0.0621193666 0.0609013398
5 0.8964677223 0.6607795371 0.0438489647 0.0401948843
1 0.1942752741 0.6766138855 0.0864799026 0.0596833130
1 0.1857490865 0.7350791717 0.0816077954 0.0669914738
1 0.2563946407 0.7417783191 0.0742996346 0.0609013398
1 0.2618757613 0.6814859927 0.0755176614 0.0596833130
1 0.3209500609 0.7417783191 0.0669914738 0.0633373934
1 0.3239951279 0.6875761267 0.0609013398 0.0596833130
1 0.3934226553 0.6900121803 0.0657734470 0.0572472594
1 0.4604141291 0.6985383678 0.0682095006 0.0596833130
1 0.5310596833 0.6985383678 0.0657734470 0.0572472594
1 0.5956151035 0.7003654080 0.0609013398 0.0560292326
5 0.6546894032 0.6961023143 0.0523751523 0.0450669915
5 0.7028014616 0.6961023143 0.0511571255 0.0450669915
5 0.7515225335 0.6967113276 0.0487210719 0.0438489647
5 0.7302070646 0.7466504263 0.0840438490 0.0584652862
5 0.8002436054 0.6991473812 0.0487210719 0.0438489647
5 0.7996345920 0.7490864799 0.0523751523 0.0535931790
5 0.8526187576 0.7484774665 0.0511571255 0.0475030451
5 0.8501827040 0.7021924482 0.0511571255 0.0450669915
5 0.8976857491 0.7551766139 0.0511571255 0.0560292326
5 0.8970767357 0.7034104750 0.0475030451 0.0475030451
5 0.9403166870 0.6693057247 0.0414129111 0.0499390987
5 0.9397076736 0.7204628502 0.0426309379 0.0523751523
0 0.9786845311 0.6894031669 0.0426309379 0.0876979294
3 0.1626065773 0.8404384896 0.0475030451 0.0779537150
3 0.2070645554 0.8221680877 0.0462850183 0.0365408039
1 0.2527405603 0.8550548112 0.0572472594 0.0998781973
3 0.2058465286 0.8580998782 0.0414129111 0.0401948843
1 0.3014616322 0.8562728380 0.0548112058 0.1023142509
1 0.3471376370 0.8580998782 0.0535931790 0.1010962241
1 0.3915956151 0.8587088916 0.0499390987 0.0998781973
1 0.4774665043 0.8587088916 0.0414129111 0.0974421437
1 0.4354445798 0.8580998782 0.0450669915 0.0986601705
1 0.5615103532 0.8611449452 0.0438489647 0.0974421437
1 0.5182704019 0.8587088916 0.0401948843 0.0950060901
1 0.6017052375 0.8611449452 0.0389768575 0.0950060901
1 0.6382460414 0.8611449452 0.0365408039 0.0925700365
5 0.6961023143 0.8288672351 0.0280146163 0.0255785627
5 0.6680876979 0.8538367844 0.0255785627 0.0292326431
5 0.6693057247 0.8276492083 0.0255785627 0.0207064555
5 0.6973203410 0.8593179050 0.0304506699 0.0353227771
5 0.7271619976 0.8605359318 0.0267965895 0.0280146163
5 0.7594397077 0.8306942753 0.0280146163 0.0243605359
5 0.7990255786 0.8325213155 0.0511571255 0.0255785627
5 0.7990255786 0.8611449452 0.0535931790 0.0341047503
5 0.7551766139 0.8611449452 0.0292326431 0.0292326431
5 0.7283800244 0.8300852619 0.0292326431 0.0255785627
5 0.8538367844 0.8331303289 0.0560292326 0.0243605359
5 0.8544457978 0.8647990256 0.0572472594 0.0292326431
5 0.9037758831 0.8660170524 0.0389768575 0.0901339829
5 0.9457978076 0.8684531060 0.0450669915 0.0876979294
3 0.1601705238 0.8952496955 0.0475030451 0.0389768575
3 0.2034104750 0.8970767357 0.0414129111 0.0377588307
5 0.7265529842 0.8934226553 0.0280146163 0.0304506699
5 0.6680876979 0.8848964677 0.0255785627 0.0280146163
5 0.7253349574 0.9250913520 0.0280146163 0.0304506699
5 0.6954933009 0.8934226553 0.0292326431 0.0304506699
5 0.6936662607 0.9257003654 0.0328867235 0.0316686967
5 0.7965895250 0.8946406821 0.0535931790 0.0304506699
5 0.7527405603 0.9244823386 0.0267965895 0.0292326431
5 0.7551766139 0.8934226553 0.0292326431 0.0304506699
5 0.8538367844 0.8952496955 0.0584652862 0.0316686967
5 0.8483556638 0.9257003654 0.0548112058 0.0316686967
7 0.9829476248 0.8751522533 0.0341047503 0.0986601705
