1 0.0367924528 0.0132075472 0.0735849057 0.0264150943
1 0.1952830189 0.0216981132 0.1150943396 0.0433962264
1 0.3103773585 0.0188679245 0.1150943396 0.0377358491
1 0.0462264151 0.0990566038 0.0924528302 0.1339622642
1 0.4566037736 0.0735849057 0.1283018868 0.1358490566
1 0.5886792453 0.0660377358 0.1396226415 0.1320754717
1 0.7556603774 0.0433962264 0.1867924528 0.0867924528
1 0.9292452830 0.0433962264 0.1150943396 0.0641509434
1 0.1962264151 0.1066037736 0.1169811321 0.1377358491
1 0.3188679245 0.1094339623 0.1132075472 0.1358490566
1 0.4490566038 0.2000000000 0.1132075472 0.1169811321
1 0.5679245283 0.1981132075 0.1207547170 0.1207547170
1 0.7226415094 0.1264150943 0.1886792453 0.0716981132
1 0.7443396226 0.2018867925 0.2169811321 0.0943396226
1 0.9405660377 0.1198113208 0.1188679245 0.0962264151
1 0.9443396226 0.2179245283 0.1113207547 0.1000000000
1 0.0452830189 0.2283018868 0.0905660377 0.1207547170
1 0.1962264151 0.2566037736 0.1132075472 0.1433962264
1 0.3122641509 0.2556603774 0.1264150943 0.1415094340
1 0.4500000000 0.3207547170 0.1113207547 0.1245283019
1 0.5735849057 0.3169811321 0.1245283019 0.1245283019
1 0.7330188679 0.2952830189 0.1943396226 0.0924528302
1 0.9320754717 0.3198113208 0.1358490566 0.0886792453
1 0.0481132075 0.3537735849 0.0962264151 0.1264150943
1 0.1981132075 0.4037735849 0.1169811321 0.1471698113
1 0.3216981132 0.4037735849 0.1113207547 0.1471698113
1 0.4556603774 0.4452830189 0.1264150943 0.1283018868
1 0.5811320755 0.4415094340 0.1320754717 0.1245283019
1 0.7396226415 0.3924528302 0.1886792453 0.0905660377
1 0.9349056604 0.4075471698 0.1301886792 0.0867924528
1 0.0528301887 0.4811320755 0.1056603774 0.1320754717
1 0.2018867925 0.5537735849 0.1207547170 0.1566037736
1 0.3301886792 0.5537735849 0.1245283019 0.1603773585
1 0.4613207547 0.5660377358 0.1188679245 0.1283018868
1 0.5858490566 0.5660377358 0.1226415094 0.1320754717
1 0.7443396226 0.5754716981 0.1905660377 0.0943396226
1 0.7481132075 0.4801886792 0.1943396226 0.0924528302
1 0.9245283019 0.5320754717 0.1509433962 0.1660377358
5 0.2405660377 0.6990566038 0.2056603774 0.0924528302
5 0.0349056604 0.7783018868 0.0698113208 0.1528301887
5 0.2349056604 0.7830188679 0.1981132075 0.0867924528
6 0.5481132075 0.7320754717 0.2698113208 0.1320754717
6 0.8650943396 0.8245283019 0.2698113208 0.2075471698
5 0.0339622642 0.9254716981 0.0679245283 0.1339622642
5 0.2292452830 0.9518867925 0.1943396226 0.0698113208
5 0.2415094340 0.8726415094 0.2075471698 0.0924528302
6 0.5405660377 0.8594339623 0.2622641509 0.1301886792
5 0.0330188679 0.9933962264 0.0660377358 0.0132075472
5 0.1698113208 0.9943396226 0.0716981132 0.0113207547
5 0.2377358491 0.9952830189 0.0679245283 0.0094339623
6 0.5566037736 0.9735849057 0.2603773585 0.0528301887
