7 0.0679717238 0.0084284937 0.0848287113 0.0168569875
7 0.1487221316 0.0046220772 0.0723219141 0.0092441544
7 0.3238172920 0.0723219141 0.0766721044 0.0609026645
7 0.3942359978 0.0674279500 0.0761283306 0.0609026645
1 0.4632952692 0.0630777597 0.0717781403 0.0500271887
1 0.5326264274 0.0606307776 0.0734094617 0.0516585101
1 0.6073953235 0.0657966286 0.0826536161 0.0598151169
1 0.6876019576 0.0589994562 0.0842849375 0.0592713431
6 0.9532354541 0.0622620990 0.0935290919 0.0679717238
7 0.0704187058 0.0853724850 0.0744970092 0.0511147363
7 0.0701468189 0.1343121262 0.0750407830 0.0543773790
7 0.1620445895 0.1288743883 0.0728656879 0.0511147363
7 0.1680261011 0.0788471996 0.0739532355 0.0467645459
7 0.2403480152 0.1299619358 0.0750407830 0.0565524742
7 0.2474170745 0.0761283306 0.0848287113 0.0532898314
7 0.3189233279 0.1256117455 0.0679717238 0.0511147363
7 0.3923327896 0.1228928766 0.0744970092 0.0554649266
1 0.4660141381 0.1171832518 0.0717781403 0.0657966286
1 0.5377922784 0.1147362697 0.0772158782 0.0619902121
1 0.6150081566 0.1266992931 0.0783034258 0.0663404024
1 0.6933115824 0.1242523110 0.0837411637 0.0679717238
1 0.7569331158 0.0929853181 0.0609026645 0.1228928766
1 0.8159325721 0.0864600326 0.0636215334 0.1261555193
1 0.8811854269 0.0902664492 0.0690592713 0.1315932572
6 0.9567699837 0.1296900489 0.0864600326 0.0744970092
7 0.1489940185 0.1791734638 0.0783034258 0.0538336052
7 0.2354540511 0.1737357259 0.0761283306 0.0407830343
7 0.3164763458 0.1753670473 0.0761283306 0.0462207722
7 0.3336052202 0.2563893420 0.0788471996 0.0636215334
7 0.3915171289 0.1666666667 0.0739532355 0.0429581294
7 0.4132680805 0.2547580207 0.0772158782 0.0625339859
1 0.5845568244 0.2514953779 0.0957041871 0.0657966286
1 0.6837955411 0.2493202828 0.0929853181 0.0668841762
1 0.7716150082 0.2460576400 0.0924415443 0.0734094617
7 0.0913539967 0.2661772703 0.0859162588 0.0614464383
7 0.0826536161 0.3300706906 0.0859162588 0.0630777597
7 0.1707449701 0.2634584013 0.0783034258 0.0625339859
7 0.1669385536 0.3221859706 0.0815660685 0.0603588907
7 0.2487765090 0.3227297444 0.0821098423 0.0668841762
7 0.2509516041 0.2612833061 0.0831973899 0.0625339859
7 0.3314301251 0.3208265362 0.0810222947 0.0685154976
7 0.4119086460 0.3194671017 0.0788471996 0.0679717238
1 0.4934747145 0.2876563350 0.0886351278 0.1348558999
1 0.5867319195 0.3246329527 0.0902664492 0.0587275693
1 0.6759108211 0.3194671017 0.0902664492 0.0636215334
1 0.7743338771 0.3102229473 0.0935290919 0.0690592713
6 0.8594344753 0.2773246330 0.0864600326 0.1326808048
6 0.9347471452 0.2767808592 0.0859162588 0.1402936378
6 0.9850462208 0.2724306688 0.0299075585 0.1413811854
1 0.8607939097 0.4309407287 0.0761283306 0.0538336052
6 0.9839586732 0.4429037520 0.0320826536 0.0755845568
7 0.0505709625 0.4638390430 0.0859162588 0.0696030451
7 0.0470364328 0.5304513322 0.0853724850 0.0690592713
7 0.1367591082 0.4589450788 0.0897226754 0.0706905927
7 0.1348558999 0.5266449157 0.0935290919 0.0625339859
7 0.2213159326 0.5220228385 0.0913539967 0.0696030451
7 0.2251223491 0.4584013051 0.0902664492 0.0652528548
7 0.3094072866 0.4551386623 0.0924415443 0.0652528548
7 0.3096791735 0.5201196302 0.0886351278 0.0679717238
1 0.4796084829 0.5337139750 0.0739532355 0.0777596520
1 0.3969548668 0.5345296357 0.0870038064 0.0793909734
1 0.3964110930 0.4564980968 0.0870038064 0.0788471996
1 0.4804241436 0.4513322458 0.0821098423 0.0696030451
1 0.5595432300 0.5171288744 0.0739532355 0.0717781403
1 0.5576400218 0.4480696030 0.0734094617 0.0619902121
1 0.6318651441 0.4472539424 0.0761283306 0.0625339859
1 0.6307775965 0.5165851006 0.0761283306 0.0739532355
1 0.7077215878 0.5144100054 0.0755845568 0.0739532355
1 0.7088091354 0.4464382817 0.0755845568 0.0630777597
1 0.7843936922 0.4439912996 0.0755845568 0.0679717238
1 0.7846655791 0.5116911365 0.0826536161 0.0652528548
1 0.9404567700 0.4738988581 0.0853724850 0.1386623165
7 0.1283306145 0.5834692768 0.0880913540 0.0543773790
7 0.2207721588 0.5804785209 0.0859162588 0.0516585101
7 0.3064165307 0.5772158782 0.0842849375 0.0516585101
3 0.0046220772 0.6775421425 0.0092441544 0.0435019032
3 0.0785753127 0.7041870582 0.0581837955 0.1054921153
3 0.0337139750 0.6767264818 0.0511147363 0.0451332246
3 0.1261555193 0.7022838499 0.0554649266 0.1049483415
7 0.1745513866 0.7050027189 0.0543773790 0.1169113649
7 0.2147906471 0.6973898858 0.0456769984 0.1016856987
7 0.2599238717 0.6960304513 0.0489396411 0.1065796629
5 0.3009787928 0.7009244154 0.0375203915 0.0435019032
5 0.3569874932 0.7077215878 0.0309951060 0.0440456770
5 0.3137574769 0.6625883632 0.0424143556 0.0386079391
5 0.3545405111 0.6625883632 0.0456769984 0.0440456770
5 0.4004893964 0.6609570419 0.0494834149 0.0483958673
5 0.4448069603 0.6756389342 0.0435019032 0.0799347471
1 0.5744970092 0.6737357259 0.0799347471 0.0750407830
5 0.4888526373 0.6854268624 0.0445894508 0.0951604133
1 0.6585100598 0.6734638390 0.0924415443 0.0831973899
1 0.7593800979 0.6620445895 0.1005981512 0.0690592713
1 0.7582925503 0.6620445895 0.1049483415 0.0668841762
1 0.8539967374 0.6593257205 0.0962479608 0.0668841762
1 0.9507884720 0.6576943991 0.0962479608 0.0679717238
3 0.0035345296 0.7234910277 0.0070690593 0.0483958673
3 0.0288200109 0.7243066884 0.0511147363 0.0522022838
5 0.3058727569 0.7446982055 0.0364328439 0.0418705818
1 0.5720500272 0.7479608483 0.0848287113 0.0777596520
1 0.6585100598 0.7476889614 0.0880913540 0.0717781403
1 0.7555736813 0.7351821642 0.0864600326 0.0815660685
1 0.8499184339 0.7313757477 0.1033170201 0.0837411637
1 0.9483414899 0.7294725394 0.1033170201 0.0788471996
7 0.2577487765 0.9064709081 0.0445894508 0.0500271887
7 0.3061446438 0.9067427950 0.0576400218 0.0494834149
7 0.3567156063 0.9051114736 0.0511147363 0.0516585101
1 0.9418162045 0.9034801523 0.0935290919 0.0799347471
7 0.0062533986 0.9458945079 0.0125067972 0.1082109842
7 0.0861881457 0.9401848831 0.0407830343 0.1033170201
7 0.0505709625 0.9442631865 0.0315388798 0.1092985318
7 0.1712887439 0.9344752583 0.0554649266 0.0973355084
7 0.1275149538 0.9344752583 0.0527460576 0.0962479608
7 0.2607395324 0.9556824361 0.0451332246 0.0549211528
7 0.2164219685 0.9257748777 0.0478520935 0.0842849375
7 0.3075040783 0.9548667754 0.0592713431 0.0554649266
7 0.3637846656 0.9516041327 0.0554649266 0.0554649266
7 0.3365959761 0.9883088635 0.0522022838 0.0233822730
7 0.3877107123 0.9782490484 0.0456769984 0.0435019032
1 0.5141381185 0.9192495922 0.0875475802 0.0810222947
1 0.5171288744 0.9782490484 0.0848287113 0.0435019032
1 0.5978792822 0.9741707450 0.0864600326 0.0516585101
1 0.5965198477 0.9124524198 0.0804785209 0.0739532355
1 0.6813485590 0.9168026101 0.0891789016 0.0913539967
1 0.7759651985 0.9774333877 0.0848287113 0.0451332246
1 0.8534529636 0.9081022295 0.0864600326 0.0674279500
1 0.7697117999 0.9138118543 0.0875475802 0.0897226754
1 0.8602501359 0.9722675367 0.0870038064 0.0554649266
1 0.9461663948 0.9725394236 0.0859162588 0.0549211528
1 0.9929309407 0.9086460033 0.0141381185 0.0793909734
1 0.9926590538 0.9741707450 0.0146818923 0.0516585101
1 0.6916802610 0.9796084829 0.0870038064 0.0407830343
