6 0.0269905533 0.0512820513 0.0539811066 0.1025641026
6 0.3016194332 0.0128205128 0.1012145749 0.0256410256
6 0.3016194332 0.0539811066 0.0958164642 0.0593792173
6 0.5377867746 0.0735492578 0.1201079622 0.1120107962
7 0.5641025641 0.0033738192 0.0944669366 0.0067476383
6 0.7759784076 0.0290148448 0.1241565452 0.0580296896
6 0.7658569501 0.1052631579 0.0472334683 0.0620782726
6 0.8427800270 0.1039136302 0.0472334683 0.0620782726
6 0.9561403509 0.0600539811 0.0877192982 0.0769230769
6 0.9568151147 0.0141700405 0.0863697706 0.0283400810
6 0.0276653171 0.1686909582 0.0553306343 0.1241565452
6 0.2759784076 0.1295546559 0.1174089069 0.0998650472
6 0.5047233468 0.2435897436 0.0728744939 0.0742240216
6 0.5074224022 0.1659919028 0.0701754386 0.0755735493
6 0.5742240216 0.1734143050 0.0688259109 0.0823211876
6 0.8400809717 0.1666666667 0.0472334683 0.0553306343
6 0.7651821862 0.1713900135 0.0458839406 0.0647773279
6 0.9635627530 0.2226720648 0.0458839406 0.0728744939
6 0.9669365722 0.1464237517 0.0472334683 0.0688259109
6 0.9932523617 0.2192982456 0.0134952767 0.0472334683
6 0.9952766532 0.1423751687 0.0094466937 0.0715249663
6 0.0242914980 0.2854251012 0.0485829960 0.1147098516
7 0.2564102564 0.3002699055 0.0728744939 0.1578947368
6 0.3029689609 0.2941970310 0.0661268556 0.1106612686
6 0.5769230769 0.3805668016 0.0769230769 0.1430499325
6 0.5141700405 0.3778677463 0.0674763833 0.1457489879
6 0.5802968961 0.2624831309 0.0701754386 0.0715249663
6 0.7773279352 0.2834008097 0.1295546559 0.0944669366
6 0.7820512821 0.3751686910 0.1390013495 0.0863697706
6 0.9642375169 0.3414304993 0.0499325236 0.1565452092
6 0.9932523617 0.3670715250 0.0134952767 0.1295546559
7 0.0276653171 0.4757085020 0.0553306343 0.2172739541
7 0.1025641026 0.4804318489 0.0350877193 0.2267206478
4 0.2874493927 0.4055330634 0.1268556005 0.1174089069
4 0.2847503374 0.5242914980 0.1295546559 0.1174089069
7 0.4946018893 0.4979757085 0.0445344130 0.0836707152
7 0.5377867746 0.4986504723 0.0418353576 0.0850202429
7 0.5816464238 0.4919028340 0.0458839406 0.0850202429
7 0.7800269906 0.4331983806 0.0404858300 0.0512820513
7 0.7800269906 0.4844804318 0.0458839406 0.0539811066
7 0.9797570850 0.4905533063 0.0404858300 0.0445344130
7 0.9797570850 0.4460188934 0.0404858300 0.0445344130
7 0.0964912281 0.6423751687 0.0634278003 0.0944669366
4 0.2827260459 0.6423751687 0.1282051282 0.1214574899
7 0.5006747638 0.5816464238 0.0566801619 0.0890688259
7 0.4952766532 0.6713900135 0.0485829960 0.0985155196
7 0.5836707152 0.5809716599 0.0553306343 0.0877192982
7 0.5755735493 0.6774628880 0.0499325236 0.1052631579
7 0.5344129555 0.6754385965 0.0485829960 0.1012145749
7 0.7273954116 0.5539811066 0.0566801619 0.0877192982
7 0.8164642375 0.6572199730 0.0404858300 0.0998650472
7 0.7746288799 0.5553306343 0.0539811066 0.0931174089
7 0.7705802969 0.6565452092 0.0566801619 0.1012145749
7 0.8164642375 0.5607287449 0.0431848853 0.0985155196
7 0.9284750337 0.5600539811 0.0458839406 0.0863697706
7 0.9271255061 0.6457489879 0.0458839406 0.0877192982
7 0.9730094467 0.5593792173 0.0458839406 0.0877192982
7 0.9709851552 0.6464237517 0.0445344130 0.0890688259
4 0.2975708502 0.7658569501 0.1255060729 0.1201079622
7 0.4932523617 0.7624831309 0.0499325236 0.0944669366
7 0.5350877193 0.7645074224 0.0526315789 0.0904183536
7 0.7253711201 0.7516869096 0.0499325236 0.1106612686
7 0.8124156545 0.7543859649 0.0458839406 0.0998650472
7 0.7692307692 0.7564102564 0.0512820513 0.1093117409
7 0.9237516869 0.8184885290 0.0445344130 0.0850202429
7 0.9696356275 0.7368421053 0.0526315789 0.0917678812
7 0.9278002699 0.7300944669 0.0526315789 0.0890688259
7 0.9676113360 0.8191632928 0.0485829960 0.0836707152
4 0.2813765182 0.8825910931 0.1282051282 0.1214574899
7 0.4892037787 0.8731443995 0.0526315789 0.0998650472
7 0.5748987854 0.8697705803 0.0512820513 0.1147098516
4 0.5303643725 0.9527665317 0.1295546559 0.0593792173
7 0.5303643725 0.8717948718 0.0404858300 0.1106612686
7 0.7240215924 0.8556005398 0.0499325236 0.1052631579
7 0.7645074224 0.8643724696 0.0526315789 0.1147098516
7 0.8124156545 0.8562753036 0.0458839406 0.1039136302
4 0.7820512821 0.9311740891 0.0958164642 0.0539811066
7 0.9230769231 0.9041835358 0.0431848853 0.0836707152
7 0.9662618084 0.9035087719 0.0458839406 0.0823211876
1 0.2935222672 0.9838056680 0.0985155196 0.0323886640
4 0.5323886640 0.9905533063 0.1363022942 0.0188933873
4 0.7800269906 0.9790823212 0.0971659919 0.0418353576
4 0.9507422402 0.9723346829 0.0985155196 0.0553306343
