7 0.2113884555 0.0331513261 0.0577223089 0.0663026521
7 0.5312012480 0.0339313573 0.0546021841 0.0351014041
6 0.6540561622 0.0522620905 0.0709828393 0.0405616225
7 0.6361154446 0.0179407176 0.0382215289 0.0358814353
0 0.7749609984 0.0058502340 0.0741029641 0.0117004680
6 0.8872854914 0.0526521061 0.0288611544 0.0288611544
6 0.8876755070 0.0202808112 0.0280811232 0.0374414977
6 0.9216068643 0.0175507020 0.0444617785 0.0351014041
6 0.9223868955 0.0534321373 0.0429017161 0.0397815913
6 0.1996879875 0.1041341654 0.0733229329 0.0694227769
6 0.3794851794 0.0756630265 0.0585023401 0.0374414977
6 0.3794851794 0.1107644306 0.0553822153 0.0343213729
6 0.5159906396 0.1220748830 0.0694227769 0.0647425897
7 0.5312012480 0.0670826833 0.0546021841 0.0327613105
6 0.6536661466 0.0920436817 0.0717628705 0.0421216849
6 0.6478159126 0.1404056162 0.0273010920 0.0358814353
6 0.6922776911 0.1396255850 0.0273010920 0.0358814353
6 0.7726209048 0.1142745710 0.0803432137 0.0444617785
6 0.7726209048 0.0760530421 0.0787831513 0.0397815913
6 0.8818252730 0.1111544462 0.0273010920 0.0382215289
6 0.9177067083 0.1248049922 0.0444617785 0.0421216849
6 0.2008580343 0.1770670827 0.0725429017 0.0717628705
6 0.3646645866 0.1544461778 0.0678627145 0.0577223089
6 0.4968798752 0.2203588144 0.0421216849 0.0429017161
6 0.4984399376 0.1755070203 0.0405616225 0.0436817473
6 0.5370514821 0.1797971919 0.0397815913 0.0475819033
6 0.6907176287 0.1758970359 0.0273010920 0.0319812793
6 0.6474258970 0.1786271451 0.0265210608 0.0374414977
6 0.7620904836 0.2082683307 0.0265210608 0.0421216849
6 0.7640405616 0.1641965679 0.0273010920 0.0397815913
6 0.7948517941 0.2063182527 0.0390015601 0.0273010920
6 0.7968018721 0.1618564743 0.0382215289 0.0413416537
6 0.8826053042 0.1450858034 0.0257410296 0.0265210608
6 0.1969578783 0.2445397816 0.0725429017 0.0663026521
7 0.3533541342 0.2531201248 0.0421216849 0.0912636505
6 0.3802652106 0.2496099844 0.0382215289 0.0639625585
6 0.5386115445 0.2995319813 0.0444617785 0.0826833073
6 0.5023400936 0.2979719189 0.0390015601 0.0842433697
6 0.5405616225 0.2312792512 0.0405616225 0.0413416537
6 0.6544461778 0.2433697348 0.0748829953 0.0546021841
6 0.6571762871 0.2964118565 0.0803432137 0.0499219969
6 0.7624804992 0.2769110764 0.0288611544 0.0904836193
6 0.7893915757 0.2917316693 0.0280811232 0.0748829953
6 0.8997659906 0.2831513261 0.0959438378 0.0639625585
6 0.9145865835 0.2285491420 0.0382215289 0.0546021841
7 0.2117784711 0.3545241810 0.0507020281 0.1255850234
7 0.1723868955 0.3334633385 0.0390015601 0.1380655226
7 0.2644305772 0.3572542902 0.0202808112 0.1310452418
4 0.3712948518 0.3139625585 0.0733229329 0.0678627145
4 0.3697347894 0.3826053042 0.0748829953 0.0678627145
7 0.4910296412 0.3673946958 0.0257410296 0.0483619345
7 0.5159906396 0.3677847114 0.0241809672 0.0491419657
7 0.5413416537 0.3638845554 0.0265210608 0.0491419657
7 0.6560062402 0.3299531981 0.0234009360 0.0296411856
7 0.6560062402 0.3595943838 0.0265210608 0.0312012480
7 0.7722308892 0.3631045242 0.0249609984 0.0257410296
7 0.7718408736 0.3373634945 0.0241809672 0.0257410296
7 0.8638845554 0.3677847114 0.0257410296 0.0210608424
7 0.8919656786 0.3880655226 0.0351014041 0.0241809672
7 0.8627145086 0.3884555382 0.0234009360 0.0234009360
6 0.9243369735 0.3467238690 0.0499219969 0.0444617785
7 0.2609204368 0.4508580343 0.0366614665 0.0546021841
4 0.3685647426 0.4508580343 0.0741029641 0.0702028081
7 0.4945397816 0.4157566303 0.0327613105 0.0514820593
7 0.4914196568 0.4676287051 0.0280811232 0.0569422777
7 0.5425117005 0.4153666147 0.0319812793 0.0507020281
7 0.5378315133 0.4711388456 0.0288611544 0.0608424337
7 0.5140405616 0.4699687988 0.0280811232 0.0585023401
7 0.6255850234 0.3997659906 0.0327613105 0.0507020281
7 0.6770670827 0.4594383775 0.0234009360 0.0577223089
7 0.6528861154 0.4005460218 0.0312012480 0.0538221529
7 0.6505460218 0.4590483619 0.0327613105 0.0585023401
7 0.6770670827 0.4036661466 0.0249609984 0.0569422777
7 0.7418096724 0.4032761310 0.0265210608 0.0499219969
7 0.7410296412 0.4528081123 0.0265210608 0.0507020281
7 0.7675507020 0.4028861154 0.0265210608 0.0507020281
7 0.7663806552 0.4531981279 0.0257410296 0.0514820593
7 0.8611544462 0.4434477379 0.0249609984 0.0444617785
7 0.8880655226 0.4102964119 0.0273010920 0.0234009360
7 0.8841653666 0.4434477379 0.0257410296 0.0444617785
7 0.8623244930 0.4102964119 0.0241809672 0.0234009360
4 0.3771450858 0.5222308892 0.0725429017 0.0694227769
7 0.4902496100 0.5202808112 0.0288611544 0.0546021841
7 0.5144305772 0.5214508580 0.0304212168 0.0522620905
7 0.6244149766 0.5140405616 0.0288611544 0.0639625585
7 0.6747269891 0.5156006240 0.0265210608 0.0577223089
7 0.6497659906 0.5167706708 0.0296411856 0.0631825273
7 0.7390795632 0.5526521061 0.0257410296 0.0491419657
7 0.7656006240 0.5054602184 0.0304212168 0.0530421217
7 0.7414196568 0.5015600624 0.0304212168 0.0514820593
7 0.7644305772 0.5530421217 0.0280811232 0.0483619345
7 0.8603744150 0.4867394696 0.0265210608 0.0436817473
7 0.8833853354 0.4871294852 0.0241809672 0.0444617785
7 0.8592043682 0.5300312012 0.0257410296 0.0429017161
7 0.8826053042 0.5304212168 0.0241809672 0.0436817473
4 0.3677847114 0.5897035881 0.0741029641 0.0702028081
7 0.4879095164 0.5842433697 0.0304212168 0.0577223089
7 0.5374414977 0.5822932917 0.0296411856 0.0663026521
4 0.5117004680 0.6302652106 0.0748829953 0.0343213729
7 0.5117004680 0.5834633385 0.0234009360 0.0639625585
7 0.6236349454 0.5741029641 0.0288611544 0.0608424337
7 0.6470358814 0.5791731669 0.0304212168 0.0663026521
7 0.6747269891 0.5744929797 0.0265210608 0.0600624025
4 0.6571762871 0.6177847114 0.0553822153 0.0312012480
7 0.7386895476 0.6021840874 0.0249609984 0.0483619345
7 0.7636505460 0.6017940718 0.0265210608 0.0475819033
7 0.8576443058 0.5733229329 0.0257410296 0.0436817473
7 0.8810452418 0.5733229329 0.0257410296 0.0436817473
4 0.8900156006 0.6134945398 0.0889235569 0.0382215289
1 0.3748049922 0.6579563183 0.0569422777 0.0382215289
1 0.3771450858 0.6961778471 0.0616224649 0.0444617785
4 0.5140405616 0.6907176287 0.0748829953 0.0288611544
4 0.5128705148 0.6618564743 0.0787831513 0.0304212168
1 0.6302652106 0.7148985959 0.0421216849 0.0507020281
4 0.6567862715 0.6774570983 0.0577223089 0.0304212168
4 0.6560062402 0.6474258970 0.0561622465 0.0280811232
4 0.7640405616 0.7043681747 0.0741029641 0.0358814353
4 0.7632605304 0.6723868955 0.0741029641 0.0327613105
4 0.7632605304 0.6415756630 0.0741029641 0.0319812793
4 0.8907956318 0.6521060842 0.0873634945 0.0374414977
4 0.8888455538 0.6895475819 0.0865834633 0.0374414977
1 0.8884555382 0.7195787832 0.0421216849 0.0257410296
1 0.3486739470 0.7808112324 0.0421216849 0.0452418097
1 0.3775351014 0.7367394696 0.0608424337 0.0460218409
1 0.3884555382 0.7831513261 0.0390015601 0.0468018721
1 0.4937597504 0.7854914197 0.0405616225 0.0546021841
1 0.4968798752 0.7297191888 0.0421216849 0.0507020281
1 0.5386115445 0.7320592824 0.0413416537 0.0538221529
1 0.5390015601 0.7874414977 0.0390015601 0.0538221529
1 0.7449297972 0.7854914197 0.0405616225 0.0468018721
1 0.7449297972 0.7398595944 0.0421216849 0.0460218409
1 0.7839313573 0.7909516381 0.0390015601 0.0436817473
1 0.7843213729 0.7449297972 0.0366614665 0.0468018721
1 0.8946957878 0.7964118565 0.0577223089 0.0343213729
1 0.8872854914 0.7515600624 0.0413416537 0.0335413417
1 0.3455538222 0.8712948518 0.0405616225 0.0468018721
1 0.3486739470 0.8256630265 0.0405616225 0.0475819033
1 0.3865054602 0.8287831513 0.0397815913 0.0475819033
1 0.3868954758 0.8728549142 0.0405616225 0.0452418097
1 0.4996099844 0.8802652106 0.0226209048 0.0444617785
1 0.5300312012 0.8806552262 0.0366614665 0.0436817473
1 0.4996099844 0.8455538222 0.0210608424 0.0265210608
1 0.5300312012 0.8365834633 0.0413416537 0.0413416537
1 0.6688767551 0.8400936037 0.0413416537 0.0374414977
1 0.6372854914 0.8412636505 0.0218408736 0.0335413417
1 0.6700468019 0.8892355694 0.0405616225 0.0499219969
1 0.6368954758 0.8829953198 0.0195007800 0.0421216849
1 0.7468798752 0.8872854914 0.0413416537 0.0475819033
1 0.7437597504 0.8358034321 0.0382215289 0.0491419657
1 0.7823712949 0.8373634945 0.0421216849 0.0491419657
1 0.8931357254 0.8631045242 0.0546021841 0.0351014041
1 0.8943057722 0.8299531981 0.0553822153 0.0343213729
1 0.3650546022 0.9200468019 0.0795631825 0.0507020281
1 0.5315912637 0.9695787832 0.0444617785 0.0483619345
1 0.5331513261 0.9223868955 0.0444617785 0.0444617785
1 0.5007800312 0.9169266771 0.0280811232 0.0288611544
1 0.6240249610 0.9469578783 0.0390015601 0.0530421217
1 0.6638065523 0.9461778471 0.0421216849 0.0546021841
1 0.7730109204 0.9282371295 0.0530421217 0.0374414977
1 0.7718408736 0.9645085803 0.0538221529 0.0366614665
1 0.8892355694 0.9590483619 0.0483619345 0.0366614665
1 0.9223868955 0.9543681747 0.0210608424 0.0319812793
1 0.2589703588 0.9836193448 0.0390015601 0.0327613105
1 0.3670046802 0.9691887676 0.0741029641 0.0616224649
1 0.5354914197 0.9949297972 0.0413416537 0.0101404056
1 0.5003900156 0.9945397816 0.0288611544 0.0109204368
1 0.6244149766 0.9863494540 0.0413416537 0.0273010920
1 0.6634165367 0.9867394696 0.0429017161 0.0265210608
1 0.7722308892 0.9902496100 0.0546021841 0.0195007800
1 0.8592043682 0.9949297972 0.0351014041 0.0101404056
1 0.8970358814 0.9929797192 0.0405616225 0.0140405616
1 0.9368174727 0.9906396256 0.0405616225 0.0187207488
