1 0.5580260304 0.0265726681 0.1355748373 0.0531453362
1 0.2483731020 0.0206073753 0.1388286334 0.0412147505
1 0.3579175705 0.0222342733 0.0845986985 0.0444685466
1 0.4566160521 0.0249457701 0.1084598698 0.0498915401
1 0.1735357918 0.1079175705 0.0737527115 0.1464208243
1 0.4208242950 0.1187635575 0.1431670282 0.1485900217
1 0.5618221258 0.1258134490 0.1388286334 0.1453362256
1 0.6578091106 0.1258134490 0.0596529284 0.1409978308
7 0.8524945770 0.0905639913 0.1388286334 0.1247288503
7 0.9511930586 0.0943600868 0.0976138829 0.1193058568
7 0.7359002169 0.2022776573 0.1247288503 0.1160520607
7 0.8774403471 0.2087852495 0.1648590022 0.1138828633
7 0.9772234273 0.2093275488 0.0455531453 0.1149674620
7 0.9972885033 0.2087852495 0.0054229935 0.1182212581
1 0.1930585683 0.3313449024 0.0737527115 0.1377440347
1 0.3096529284 0.3356832972 0.0661605206 0.1334056399
1 0.2505422993 0.3367678959 0.0694143167 0.1312364425
1 0.3790672451 0.3302603037 0.0856832972 0.1464208243
1 0.4560737527 0.3308026030 0.0791757050 0.1431670282
1 0.5352494577 0.3324295011 0.0813449024 0.1399132321
1 0.6182212581 0.3259219089 0.1019522777 0.1442516269
7 0.7288503254 0.3405639913 0.1193058568 0.1127982646
7 0.8351409978 0.3411062907 0.1171366594 0.1117136659
7 0.9273318872 0.3091106291 0.0759219089 0.0563991323
7 0.9186550976 0.3660520607 0.0759219089 0.0574837310
7 0.9783080260 0.3107375271 0.0433839479 0.0596529284
7 0.9728850325 0.3665943601 0.0542299349 0.0563991323
7 0.7716919740 0.4332971800 0.1637744035 0.0596529284
1 0.2293926247 0.5254880694 0.0943600868 0.1290672451
1 0.3134490239 0.5249457701 0.0932754881 0.1214750542
1 0.3980477223 0.5249457701 0.0759219089 0.1106290672
1 0.5580260304 0.4772234273 0.0791757050 0.0585683297
1 0.5591106291 0.5417570499 0.0813449024 0.0596529284
7 0.7597613883 0.4913232104 0.1616052061 0.0650759219
7 0.9191973970 0.4967462039 0.1572668113 0.0563991323
1 0.2424078091 0.6203904555 0.0878524946 0.0650759219
1 0.3253796095 0.6160520607 0.0715835141 0.0585683297
1 0.3926247289 0.6220173536 0.0650759219 0.0531453362
1 0.4663774403 0.6155097614 0.0802603037 0.0704989154
1 0.5477223427 0.6149674620 0.0802603037 0.0759219089
7 0.6881778742 0.5965292842 0.0683297180 0.1518438178
7 0.7418655098 0.5970715835 0.0672451193 0.1529284165
7 0.7977223427 0.5992407809 0.0683297180 0.1507592191
7 0.8519522777 0.5970715835 0.0726681128 0.1507592191
7 0.9072668113 0.5986984816 0.0748373102 0.1475054230
7 0.9614967462 0.5954446855 0.0770065076 0.1453362256
1 0.2380694143 0.6892624729 0.0770065076 0.0770065076
1 0.3167028200 0.6887201735 0.0802603037 0.0824295011
1 0.3969631236 0.6876355748 0.0824295011 0.0802603037
1 0.4712581345 0.6860086768 0.0726681128 0.0704989154
1 0.5460954447 0.6860086768 0.0813449024 0.0704989154
7 0.7272234273 0.7418655098 0.1334056399 0.0954446855
7 0.8839479393 0.7630151844 0.1605206074 0.1008676790
1 0.2434924078 0.8481561822 0.0965292842 0.1561822126
1 0.3145336226 0.8476138829 0.0824295011 0.1572668113
1 0.3882863341 0.8470715835 0.0759219089 0.1626898048
1 0.4555314534 0.8411062907 0.0737527115 0.1594360087
1 0.5265726681 0.8367678959 0.0704989154 0.1507592191
1 0.5992407809 0.8345986985 0.0813449024 0.1442516269
7 0.7142082430 0.8503253796 0.1225596529 0.0932754881
7 0.8703904555 0.8693058568 0.1334056399 0.1052060738
2 0.2814533623 0.9755965293 0.1399132321 0.0488069414
1 0.2787418655 0.1138828633 0.1453362256 0.1518438178
2 0.3931670282 0.9864425163 0.0856832972 0.0271149675
2 0.4777657267 0.9864425163 0.0878524946 0.0271149675
1 0.5444685466 0.9934924078 0.0694143167 0.0130151844
1 0.6057483731 0.9831887202 0.0683297180 0.0336225597
1 0.4761388286 0.5222342733 0.0694143167 0.1095444685
