0 0.0108827086 0.0169286578 0.0217654172 0.0338573156
0 0.0519951632 0.0175332527 0.0604594921 0.0350665054
6 0.1819830713 0.0211608222 0.0616686820 0.0423216445
6 0.2412333736 0.0217654172 0.0689238210 0.0435308343
7 0.6886336155 0.0048367594 0.0785973398 0.0096735187
7 0.7666263603 0.0054413543 0.0798065296 0.0108827086
6 0.3186215236 0.0078597340 0.0616686820 0.0157194680
6 0.3869407497 0.0090689238 0.0652962515 0.0181378476
6 0.4933494559 0.0096735187 0.1402660218 0.0193470375
7 0.7660217654 0.0302297461 0.0785973398 0.0411124547
7 0.6892382104 0.0290205562 0.0773881499 0.0411124547
7 0.9207980653 0.0332527207 0.0761789601 0.0399032648
7 0.8476420798 0.0078597340 0.0822249093 0.0157194680
7 0.9214026602 0.0078597340 0.0749697703 0.0157194680
7 0.8415961306 0.0296251511 0.0798065296 0.0471584039
7 0.9800483676 0.0338573156 0.0399032648 0.0386940750
7 0.9800483676 0.0078597340 0.0399032648 0.0157194680
0 0.0139056832 0.1553808948 0.0278113664 0.1366384522
6 0.1451027811 0.1650544135 0.0628778718 0.1100362757
7 0.0683192261 0.1928657799 0.1027811366 0.0592503023
6 0.2817412334 0.1747279323 0.0556227328 0.0423216445
6 0.2067714631 0.1656590085 0.0652962515 0.1112454655
6 0.2805320435 0.1058041112 0.0556227328 0.0423216445
6 0.3367593712 0.1088270859 0.0495767836 0.0411124547
6 0.3409915357 0.1753325272 0.0580411125 0.0411124547
6 0.5235792019 0.1602176542 0.0773881499 0.1245465538
6 0.4413542926 0.1644498186 0.0846432890 0.1160822249
7 0.6215235792 0.1620314389 0.0483675937 0.0411124547
7 0.5755743652 0.1620314389 0.0459492140 0.0362756953
7 0.6850060459 0.1668681983 0.0834340992 0.0483675937
7 0.7756952842 0.1704957678 0.0906892382 0.0507859734
7 0.6898428053 0.1293833132 0.0882708585 0.0386940750
7 0.7762998791 0.1293833132 0.0894800484 0.0362756953
7 0.8633615478 0.1330108827 0.0894800484 0.0411124547
7 0.8651753325 0.1717049577 0.0979443773 0.0459492140
7 0.9552599758 0.1759371221 0.0894800484 0.0471584039
7 0.9540507860 0.1330108827 0.0918984281 0.0411124547
7 0.6837968561 0.2091898428 0.0785973398 0.0507859734
7 0.8609431681 0.2110036276 0.0991535671 0.0447400242
7 0.9534461911 0.2122128174 0.0931076179 0.0447400242
7 0.1166868198 0.3555018138 0.0544135429 0.0846432890
6 0.2533252721 0.3790810157 0.1003627570 0.1076178960
7 0.1680773881 0.3555018138 0.0507859734 0.0846432890
6 0.3361547763 0.4062877872 0.0677146312 0.0628778718
6 0.3428053204 0.3464328900 0.0737605804 0.0616686820
6 0.5284159613 0.3440145103 0.1281741233 0.0689238210
6 0.5259975816 0.4002418380 0.1305925030 0.0604594921
6 0.4226118501 0.3409915357 0.0640870617 0.0628778718
7 0.6342200726 0.3790810157 0.0761789601 0.0374848851
7 0.6281741233 0.3397823458 0.0761789601 0.0411124547
7 0.7079806530 0.3379685611 0.0785973398 0.0495767836
7 0.7926239420 0.3821039903 0.0906892382 0.0435308343
7 0.7944377267 0.3452237001 0.0943168077 0.0447400242
7 0.8724304716 0.3814993954 0.0810157195 0.0471584039
7 0.9576783555 0.3458282950 0.0846432890 0.0459492140
7 0.9594921403 0.3857315599 0.0810157195 0.0362756953
6 0.4056831923 0.4087061669 0.0665054414 0.0652962515
7 0.6336154776 0.4177750907 0.0749697703 0.0399032648
7 0.7085852479 0.4123337364 0.0798065296 0.0507859734
7 0.7889963724 0.4171704958 0.0882708585 0.0435308343
7 0.8706166868 0.4189842805 0.0846432890 0.0447400242
7 0.9625151149 0.4226118501 0.0749697703 0.0471584039
6 0.2357920193 0.5906892382 0.0532043531 0.0858524788
6 0.1813784764 0.5906892382 0.0580411125 0.0906892382
6 0.3035066505 0.6136638452 0.0894800484 0.1051995163
6 0.4510278114 0.5894800484 0.0991535671 0.0592503023
4 0.5507859734 0.6033857316 0.1051995163 0.1136638452
4 0.6571946796 0.6058041112 0.1051995163 0.1160822249
4 0.7629987908 0.6076178960 0.1088270859 0.1148730351
4 0.8736396614 0.5943168077 0.1076178960 0.1124546554
4 0.9619105200 0.6088270859 0.0761789601 0.1148730351
7 0.4564691657 0.6311970979 0.1414752116 0.0652962515
7 0.6178960097 0.7690447400 0.2031438936 0.0314389359
7 0.7629987908 0.7744860943 0.0846432890 0.0568319226
7 0.0217654172 0.8458282950 0.0435308343 0.0810157195
7 0.1076178960 0.8512696493 0.1185006046 0.0894800484
6 0.2255139057 0.8694074970 0.1076178960 0.1136638452
6 0.3385731560 0.8675937122 0.1112454655 0.1124546554
6 0.4431680774 0.8736396614 0.1027811366 0.1124546554
7 0.6136638452 0.8506650544 0.1946795647 0.0785973398
7 0.5810157195 0.9117291415 0.2140266022 0.0604594921
