4 0.0521837777 0.0167328417 0.1043675553 0.0334656835
1 0.1715825298 0.0158820193 0.0606920023 0.0317640386
1 0.2733976177 0.0209869541 0.0442427680 0.0419739081
1 0.2260351673 0.0164492343 0.0572887124 0.0328984685
1 0.4367555303 0.0289279637 0.1020986954 0.0578559274
7 0.5947249007 0.0141803744 0.1219512195 0.0283607487
1 0.0419739081 0.1120249575 0.0839478162 0.0572887124
4 0.0484968803 0.0601247873 0.0969937606 0.0669313670
1 0.1681792399 0.0643788996 0.0584231424 0.0765740216
1 0.2237663074 0.0683494044 0.0550198525 0.0731707317
1 0.2101531480 0.1347135564 0.0697674419 0.0686330119
1 0.2739648327 0.0760068066 0.0476460579 0.0703346568
1 0.4310833806 0.0811117413 0.1009642655 0.0816789563
1 0.6006806580 0.1020986954 0.1315938741 0.0578559274
1 0.6003970505 0.0482132728 0.1332955190 0.0635280771
1 0.0391378332 0.2115711855 0.0782756665 0.0544526375
1 0.0402722632 0.1642087351 0.0805445264 0.0482132728
1 0.2002268860 0.2067498582 0.0703346568 0.0799773114
1 0.2728304027 0.1415201361 0.0567214974 0.0606920023
1 0.2648893931 0.2112875780 0.0657969370 0.0777084515
1 0.4370391378 0.2189449801 0.1072036302 0.0714690868
1 0.4325014180 0.1488939308 0.1185479297 0.0777084515
1 0.6245036869 0.1792399319 0.0986954056 0.1134429949
1 0.0450935905 0.2646057856 0.0901871809 0.0538854226
1 0.0433919455 0.3122518434 0.0867838911 0.0550198525
1 0.2013613159 0.2847419172 0.0657969370 0.0771412365
1 0.2631877482 0.2887124220 0.0589903573 0.0794100964
1 0.4395916052 0.2824730573 0.1134429949 0.0714690868
1 0.6273397618 0.3159387408 0.1055019853 0.0589903573
1 0.6298922292 0.2597844583 0.1049347703 0.0680657969
1 0.0402722632 0.3644356211 0.0805445264 0.0584231424
1 0.0399886557 0.4203062961 0.0799773114 0.0555870675
1 0.2699943279 0.3641520136 0.0555870675 0.0714690868
1 0.2081678956 0.3604651163 0.0703346568 0.0743051617
1 0.4376063528 0.3485536018 0.1117413500 0.0720363018
1 0.4398752127 0.4208735111 0.1174134997 0.0771412365
1 0.6290414067 0.3723766307 0.0930232558 0.0595575723
1 0.0357345434 0.4739081112 0.0714690868 0.0561542825
1 0.2005104935 0.4342030630 0.0709018718 0.0765740216
0 0.2308564946 0.5119115145 0.1293250142 0.0799773114
1 0.2654566081 0.4387407828 0.0601247873 0.0765740216
0 0.4475326149 0.4931934203 0.0397050482 0.0765740216
1 0.6304594441 0.4364719229 0.1026659104 0.0663641520
1 0.6330119115 0.5031196824 0.1043675553 0.0680657969
7 0.0309132161 0.5348837209 0.0618264322 0.0680657969
0 0.1965399887 0.5961429382 0.0788428815 0.0850822462
0 0.2660238230 0.5938740783 0.0589903573 0.0839478162
0 0.4095292116 0.5731707317 0.0737379467 0.0913216109
0 0.4653998866 0.5740215542 0.0391378332 0.0873511061
0 0.6389676687 0.5762904141 0.1038003403 0.0805445264
7 0.0289279637 0.6321610891 0.0578559274 0.1310266591
0 0.1432217811 0.6806579694 0.0618264322 0.0816789563
0 0.2348269994 0.6832104368 0.1191151446 0.0947249007
0 0.4322178106 0.6684628474 0.1123085649 0.1003970505
0 0.6420873511 0.6565513330 0.1100397050 0.0811117413
7 0.0272263188 0.7492909813 0.0544526375 0.1134429949
0 0.2314237096 0.7728304027 0.1202495746 0.0958593307
0 0.4404424277 0.7640385706 0.0969937606 0.0975609756
0 0.6758366421 0.7365286444 0.0493477028 0.0822461713
0 0.6174134997 0.7382302893 0.0720363018 0.0788428815
7 0.0173000567 0.8882586500 0.0346001134 0.1406693137
0 0.1939875213 0.8684061259 0.0794100964 0.1020986954
0 0.2640385706 0.8681225184 0.0640952921 0.1049347703
0 0.4722064663 0.8477027794 0.0425411231 0.0924560408
0 0.6897334090 0.9061259217 0.0385706183 0.0935904708
0 0.6395348837 0.9075439592 0.0652297221 0.0941576858
0 0.6789563244 0.8176403857 0.0578559274 0.0788428815
0 0.6174134997 0.8199092456 0.0754395916 0.0833806012
7 0.0104934770 0.9778786160 0.0209869541 0.0442427680
0 0.1191151446 0.9580260919 0.0771412365 0.0839478162
0 0.2163925128 0.9563244470 0.1242200794 0.0873511061
0 0.4356211004 0.9180374362 0.1100397050 0.0981281906
0 0.6418037436 0.9778786160 0.0640952921 0.0442427680
0 0.6948383437 0.9775950085 0.0453771980 0.0448099830
0 0.4775950085 0.9878048780 0.0363017584 0.0243902439
0 0.4225751560 0.9917753829 0.0737379467 0.0164492343
