7 0.0162374020 0.0145576708 0.0324748040 0.0291153415
0 0.0576707727 0.0156774916 0.0727883539 0.0313549832
0 0.1265397536 0.0184770437 0.0806270997 0.0369540873
7 0.1931690929 0.0263157895 0.0705487122 0.0526315789
2 0.7715565510 0.0655095185 0.1388577828 0.1108622620
7 0.0828667413 0.1416573348 0.0649496081 0.0907054871
7 0.1399776036 0.1466965286 0.0671892497 0.0895856663
7 0.2334826428 0.1623740202 0.0772676372 0.0963045913
7 0.3264277716 0.1707726764 0.1063829787 0.0839865622
7 0.4216125420 0.1769316909 0.0907054871 0.0851063830
7 0.5050391937 0.1847704367 0.0582306831 0.0739081747
2 0.6069428891 0.1819708847 0.1433370661 0.0772676372
2 0.8062709966 0.2166853303 0.1187010078 0.0593505039
0 0.0067189250 0.2782754759 0.0134378499 0.0951847704
7 0.0699888018 0.2872340426 0.1287793953 0.0951847704
7 0.1858902576 0.2922732363 0.1209406495 0.1030235162
7 0.2984322508 0.3001119821 0.1175811870 0.0985442329
6 0.4098544233 0.3073908175 0.1119820829 0.1063829787
6 0.5431131019 0.3057110862 0.1343784994 0.0604703247
6 0.5414333707 0.3449048152 0.1444568869 0.0425531915
5 0.6394176932 0.3286674132 0.0649496081 0.0862262038
5 0.7015677492 0.3331466965 0.0660694289 0.0839865622
5 0.7693169093 0.3353863382 0.0739081747 0.0839865622
5 0.8387458007 0.3376259798 0.0671892497 0.0884658455
7 0.0531914894 0.4428891377 0.1063829787 0.1220604703
5 0.1623740202 0.4456886898 0.1321388578 0.1254199328
7 0.2793952968 0.4496080627 0.1243001120 0.1220604703
1 0.4031354983 0.4602463606 0.1254199328 0.1164613662
1 0.5459126540 0.4686450168 0.0526315789 0.1198208287
1 0.4921612542 0.4630459127 0.0526315789 0.1198208287
1 0.5968645017 0.4720044793 0.0515117581 0.1175811870
1 0.6472564390 0.4753639418 0.0515117581 0.1175811870
1 0.7183650616 0.4680851064 0.0951847704 0.0985442329
5 0.7872340426 0.4792833147 0.0537513998 0.1119820829
5 0.8348264278 0.4804031355 0.0548712206 0.1119820829
7 0.0716685330 0.6293393057 0.1433370661 0.1433370661
7 0.1713325868 0.6304591265 0.0716685330 0.1433370661
4 0.2340425532 0.6394176932 0.0649496081 0.1321388578
4 0.2900335946 0.6405375140 0.0604703247 0.1321388578
4 0.3516237402 0.6422172452 0.0761478163 0.1332586786
4 0.4266517357 0.6450167973 0.0739081747 0.1321388578
1 0.5279955207 0.6438969765 0.1332586786 0.1298992161
1 0.6578947368 0.6466965286 0.1310190370 0.1310190370
5 0.7463605823 0.6427771557 0.0571108623 0.1164613662
5 0.7978723404 0.6461366181 0.0503919373 0.1164613662
5 0.8992161254 0.6500559910 0.0604703247 0.1198208287
5 0.8510638298 0.6489361702 0.0582306831 0.1220604703
5 0.7911534155 0.8269876820 0.0459126540 0.0974244121
5 0.8331466965 0.8208286674 0.0425531915 0.0895856663
5 0.8790593505 0.8213885778 0.0515117581 0.0907054871
5 0.9188129899 0.7984322508 0.0414333707 0.0403135498
0 0.0134378499 0.8566629339 0.0268756999 0.1702127660
0 0.0632698768 0.8572228443 0.0839865622 0.1668533035
0 0.1366181411 0.8561030235 0.0739081747 0.1646136618
4 0.2032474804 0.8589025756 0.0772676372 0.1657334826
4 0.2793952968 0.8561030235 0.0727883539 0.1646136618
4 0.3454647256 0.8572228443 0.0705487122 0.1601343785
4 0.4266517357 0.8561030235 0.0895856663 0.1623740202
1 0.5627099664 0.8460246361 0.0571108623 0.1422172452
1 0.6780515118 0.8482642777 0.0548712206 0.1332586786
1 0.6220604703 0.8482642777 0.0571108623 0.1354983203
1 0.7329227324 0.8477043673 0.0638297872 0.1343784994
5 0.9216125420 0.8415453527 0.0403135498 0.0414333707
7 0.0330347144 0.9882418813 0.0660694289 0.0235162374
7 0.1360582307 0.9888017917 0.1377379619 0.0223964166
7 0.2681970885 0.9843225084 0.1265397536 0.0313549832
7 0.3555431131 0.9832026876 0.0548712206 0.0335946249
7 0.4552071669 0.9832026876 0.0503919373 0.0335946249
7 0.4081746920 0.9837625980 0.0526315789 0.0324748040
7 0.5016797312 0.9832026876 0.0515117581 0.0335946249
7 0.6024636058 0.9832026876 0.0537513998 0.0335946249
7 0.5526315789 0.9832026876 0.0526315789 0.0335946249
7 0.6534154535 0.9815229563 0.0548712206 0.0369540873
3 0.7026875700 0.9809630459 0.0615901456 0.0380739082
3 0.7502799552 0.9820828667 0.0447928331 0.0358342665
3 0.7973124300 0.9798432251 0.0470324748 0.0403135498
5 0.8432250840 0.9787234043 0.0425531915 0.0425531915
5 0.8941769317 0.9798432251 0.0593505039 0.0403135498
5 0.9367301232 0.9787234043 0.0414333707 0.0425531915
