4 0.4192946058 0.0873443983 0.0676348548 0.1746887967
0 0.7195020747 0.0585062241 0.0796680498 0.0838174274
0 0.7958506224 0.0522821577 0.0804979253 0.0821576763
0 0.8755186722 0.0493775934 0.0846473029 0.0854771784
0 0.9551867220 0.0568464730 0.0771784232 0.0755186722
0 0.9954356846 0.0568464730 0.0091286307 0.0796680498
7 0.0317427386 0.1155601660 0.0634854772 0.1356846473
7 0.1197095436 0.1207468880 0.1016597510 0.1286307054
7 0.1946058091 0.1145228216 0.0531120332 0.1244813278
7 0.2470954357 0.1114107884 0.0618257261 0.1356846473
7 0.3022821577 0.1097510373 0.0692946058 0.1340248963
4 0.3614107884 0.1014522822 0.0688796680 0.1556016598
5 0.4879668050 0.1068464730 0.0821576763 0.1356846473
5 0.5649377593 0.1047717842 0.0834024896 0.1373443983
0 0.7161825726 0.1365145228 0.0780082988 0.0755186722
0 0.7943983402 0.1313278008 0.0834024896 0.0809128631
0 0.8746887967 0.1288381743 0.0813278008 0.0809128631
0 0.9933609959 0.1269709544 0.0132780083 0.0705394191
0 0.7736514523 0.2977178423 0.0867219917 0.0883817427
0 0.0454356846 0.3203319502 0.0908713693 0.1377593361
0 0.1080912863 0.3213692946 0.0767634855 0.1365145228
0 0.1630705394 0.3199170124 0.0755186722 0.1336099585
7 0.2460580913 0.3284232365 0.1145228216 0.1232365145
7 0.3226141079 0.3290456432 0.0593360996 0.1170124481
7 0.3775933610 0.3294605809 0.0589211618 0.1203319502
4 0.4753112033 0.3269709544 0.0526970954 0.1286307054
4 0.4259336100 0.3280082988 0.0435684647 0.1232365145
4 0.5259336100 0.3278008299 0.0551867220 0.1253112033
4 0.5746887967 0.3275933610 0.0522821577 0.1265560166
5 0.7004149378 0.3257261411 0.0738589212 0.1294605809
0 0.8504149378 0.3201244813 0.0858921162 0.1340248963
0 0.9234439834 0.3201244813 0.0908713693 0.1282157676
0 0.9753112033 0.3145228216 0.0493775934 0.1460580913
1 0.0564315353 0.5134854772 0.1128630705 0.1008298755
1 0.1336099585 0.5165975104 0.0663900415 0.1020746888
1 0.1778008299 0.5161825726 0.0643153527 0.1012448133
1 0.2230290456 0.5159751037 0.0601659751 0.1016597510
1 0.2682572614 0.5170124481 0.0576763485 0.1020746888
1 0.3139004149 0.5168049793 0.0585062241 0.1008298755
4 0.5062240664 0.5168049793 0.0448132780 0.1008298755
0 0.9883817427 0.4925311203 0.0232365145 0.0580912863
1 0.3821576763 0.5278008299 0.0887966805 0.0804979253
4 0.4562240664 0.5192946058 0.0668049793 0.1049792531
4 0.5582987552 0.5192946058 0.0601659751 0.1082987552
4 0.6116182573 0.5242738589 0.0522821577 0.0983402490
6 0.6607883817 0.5211618257 0.0526970954 0.1062240664
6 0.7649377593 0.5234439834 0.0510373444 0.1074688797
6 0.7122406639 0.5219917012 0.0535269710 0.1062240664
0 0.8280082988 0.5462655602 0.0784232365 0.0576763485
0 0.9103734440 0.5500000000 0.0887966805 0.0560165975
0 0.9771784232 0.5516597510 0.0456431535 0.0593360996
0 0.7234439834 0.6597510373 0.0726141079 0.0630705394
1 0.0900414938 0.6796680498 0.1161825726 0.0937759336
1 0.1643153527 0.6788381743 0.0589211618 0.0937759336
1 0.2539419087 0.6796680498 0.0580912863 0.0846473029
1 0.2097510373 0.6800829876 0.0585062241 0.0871369295
1 0.2991701245 0.6800829876 0.0522821577 0.0871369295
1 0.3448132780 0.6804979253 0.0539419087 0.0904564315
7 0.3910788382 0.6804979253 0.0526970954 0.0937759336
7 0.4346473029 0.6817427386 0.0502074689 0.0954356846
7 0.4790456432 0.6817427386 0.0477178423 0.0937759336
7 0.5246887967 0.6850622407 0.0493775934 0.0946058091
7 0.5699170124 0.6852697095 0.0477178423 0.0917012448
7 0.6174273859 0.6865145228 0.0497925311 0.0958506224
7 0.6647302905 0.6869294606 0.0489626556 0.0983402490
0 0.7211618257 0.7118257261 0.0721991701 0.0510373444
0 0.7919087137 0.7176348548 0.0767634855 0.0460580913
0 0.7950207469 0.6688796680 0.0755186722 0.0597510373
0 0.8682572614 0.6842323651 0.0842323651 0.1037344398
0 0.9466804979 0.6873443983 0.0858921162 0.1091286307
0 0.9887966805 0.6875518672 0.0224066390 0.1037344398
7 0.5325726141 0.8134854772 0.0518672199 0.0684647303
7 0.4879668050 0.8122406639 0.0564315353 0.0651452282
7 0.6271784232 0.8157676349 0.0526970954 0.0680497925
7 0.5792531120 0.8149377593 0.0489626556 0.0697095436
7 0.6719917012 0.8172199170 0.0568464730 0.0676348548
7 0.7651452282 0.8224066390 0.0639004149 0.0721991701
7 0.7182572614 0.8199170124 0.0605809129 0.0697095436
1 0.1062240664 0.8848547718 0.1095435685 0.0800829876
1 0.1802904564 0.8856846473 0.0535269710 0.0809128631
1 0.2649377593 0.8964730290 0.0560165975 0.0850622407
1 0.2211618257 0.8865145228 0.0522821577 0.0809128631
1 0.3093360996 0.8979253112 0.0510373444 0.0896265560
1 0.3987551867 0.9029045643 0.0522821577 0.0846473029
1 0.3547717842 0.9016597510 0.0539419087 0.0854771784
1 0.4431535270 0.9045643154 0.0506224066 0.0863070539
7 0.4887966805 0.9060165975 0.0514522822 0.0883817427
7 0.5352697095 0.9060165975 0.0506224066 0.0908713693
7 0.5807053942 0.9080912863 0.0518672199 0.0917012448
7 0.6282157676 0.9101659751 0.0506224066 0.0950207469
7 0.6767634855 0.9128630705 0.0506224066 0.0946058091
7 0.7217842324 0.9145228216 0.0510373444 0.0954356846
0 0.8309128631 0.9145228216 0.0751037344 0.0962655602
7 0.7697095436 0.9147302905 0.0522821577 0.0900414938
0 0.9016597510 0.9136929461 0.0829875519 0.0937759336
0 0.9663900415 0.9134854772 0.0672199170 0.1024896266
