6 0.0087471783 0.0208803612 0.0174943567 0.0417607223
6 0.0522009029 0.0172121896 0.0773137698 0.0344243792
1 0.6001693002 0.0228555305 0.0705417607 0.0457110609
1 0.0397855530 0.0680022573 0.0795711061 0.0716704289
6 0.2054176072 0.0905756208 0.1376975169 0.0897291196
6 0.2048532731 0.0284988713 0.1455981941 0.0569977427
1 0.3648419865 0.0891647856 0.0558690745 0.0790067720
1 0.4094243792 0.0253950339 0.1439051919 0.0507900677
1 0.6746613995 0.0259593679 0.0818284424 0.0519187359
1 0.8552483070 0.0268058691 0.0829571106 0.0536117381
1 0.9427200903 0.0897291196 0.0897291196 0.0902934537
1 0.9438487585 0.0225733634 0.0908577878 0.0451467269
1 0.9920993228 0.0931151242 0.0158013544 0.0835214447
1 0.0363995485 0.1357223476 0.0727990971 0.0660270880
1 0.1729683973 0.1817155756 0.0761851016 0.0959367946
1 0.2395598194 0.1788939052 0.0716704289 0.0970654628
1 0.3783860045 0.1684537246 0.0705417607 0.0784424379
1 0.4486455982 0.1681715576 0.0677200903 0.0857787810
1 0.6018623025 0.0962189616 0.0694130926 0.0998871332
1 0.6766365688 0.1004514673 0.0869074492 0.1072234763
1 0.8659706546 0.1836907449 0.0931151242 0.0908577878
1 0.8600451467 0.0967832957 0.0699774266 0.0897291196
1 0.9497742664 0.1772009029 0.0823927765 0.0880361174
1 0.0047968397 0.2689051919 0.0095936795 0.0874717833
1 0.0465575621 0.2629796840 0.0705417607 0.0869074492
1 0.0389390519 0.1969525959 0.0778781038 0.0632054176
1 0.1763544018 0.2728555305 0.0694130926 0.0965011287
1 0.2491534989 0.2810383747 0.0660270880 0.0936794582
1 0.3809255079 0.2468961625 0.0654627540 0.0784424379
1 0.4514672686 0.2480248307 0.0767494357 0.0784424379
1 0.6046839729 0.1944130926 0.0716704289 0.1044018059
1 0.6046839729 0.1955417607 0.0694130926 0.1089164786
1 0.6805869074 0.1983634312 0.0846501129 0.0897291196
1 0.8690744921 0.2753950339 0.0948081264 0.0925507901
1 0.9565462754 0.2646726862 0.0869074492 0.0902934537
1 0.0084650113 0.3521444695 0.0169300226 0.0857787810
1 0.0490970655 0.3442437923 0.0688487585 0.0812641084
1 0.1786117381 0.3758465011 0.0682844244 0.0993227991
1 0.2545146727 0.3738713318 0.0609480813 0.0931151242
1 0.4537246050 0.3278781038 0.0767494357 0.0790067720
1 0.3817720090 0.3267494357 0.0648984199 0.0790067720
1 0.6165349887 0.2990970655 0.0863431151 0.0959367946
1 0.6935665914 0.2990970655 0.0744920993 0.0914221219
1 0.9458239278 0.3620203160 0.0880361174 0.0897291196
1 0.8645598194 0.3634311512 0.0767494357 0.0835214447
1 0.0036681716 0.4297404063 0.0073363431 0.0761851016
1 0.0366817156 0.4243792325 0.0643340858 0.0801354402
1 0.2161399549 0.4706546275 0.1399548533 0.0914221219
1 0.4542889391 0.4018058691 0.0744920993 0.0767494357
1 0.3826185102 0.4037810384 0.0643340858 0.0761851016
1 0.6168171558 0.3862866817 0.0778781038 0.0829571106
5 0.6289503386 0.4751693002 0.0987584650 0.0462753950
1 0.6938487585 0.3888261851 0.0806997743 0.0880361174
1 0.8716139955 0.4489277652 0.0840857788 0.0908577878
1 0.9517494357 0.4458239278 0.0829571106 0.0880361174
7 0.0095936795 0.5733634312 0.0191873589 0.0790067720
1 0.0045146727 0.5016930023 0.0090293454 0.0744920993
1 0.0392212190 0.4988713318 0.0682844244 0.0744920993
7 0.1819977427 0.5536117381 0.0648984199 0.0801354402
7 0.2491534989 0.5550225734 0.0705417607 0.0818284424
1 0.3860045147 0.4839164786 0.0722347630 0.0852144470
1 0.3913656885 0.5711060948 0.0818284424 0.0902934537
1 0.4723476298 0.5705417607 0.0823927765 0.0902934537
1 0.4715011287 0.4847629797 0.0806997743 0.0767494357
5 0.6187923251 0.5208803612 0.0829571106 0.0451467269
5 0.6035553047 0.5668735892 0.0502257336 0.0513544018
7 0.0121331828 0.6464446953 0.0242663657 0.0795711061
7 0.0479683973 0.6515237020 0.0530474041 0.0705417607
7 0.0451467269 0.5753386005 0.0575620767 0.0773137698
7 0.0996049661 0.6540632054 0.0479683973 0.0790067720
7 0.1836907449 0.6362866817 0.0660270880 0.0818284424
7 0.0905756208 0.5761851016 0.0445823928 0.0767494357
7 0.2505643341 0.6385440181 0.0711060948 0.0840857788
7 0.3899548533 0.6613995485 0.0677200903 0.0959367946
7 0.4573927765 0.6611173815 0.0705417607 0.0919864560
7 0.5166478555 0.6645033860 0.0536117381 0.0874717833
5 0.6450338600 0.6701467269 0.0451467269 0.0389390519
5 0.6520880361 0.6120203160 0.0457110609 0.0321670429
5 0.6052483070 0.6568848758 0.0400677201 0.0440180587
5 0.6052483070 0.6145598194 0.0457110609 0.0474040632
5 0.6904627540 0.6650677201 0.0434537246 0.0378103837
7 0.8569413093 0.6123024831 0.0536117381 0.0530474041
7 0.8586343115 0.6647855530 0.0513544018 0.0598194131
7 0.9085778781 0.6633747178 0.0575620767 0.0615124153
7 0.9051918736 0.6049661400 0.0575620767 0.0575620767
7 0.9463882619 0.6331828442 0.0304740406 0.0541760722
7 0.9331264108 0.5801354402 0.0457110609 0.0474040632
7 0.0121331828 0.7257336343 0.0242663657 0.0880361174
7 0.0524830700 0.7330699774 0.0586907449 0.0778781038
7 0.0979119639 0.7381489842 0.0423250564 0.0790067720
7 0.2525395034 0.7243227991 0.0694130926 0.0852144470
7 0.1887697517 0.7220654628 0.0648984199 0.0863431151
7 0.3933408578 0.7488713318 0.0677200903 0.0936794582
7 0.4593679458 0.7528216704 0.0722347630 0.0948081264
7 0.5200338600 0.7533860045 0.0536117381 0.0891647856
7 0.6399548533 0.7127539503 0.1106094808 0.0507900677
7 0.6413656885 0.7595936795 0.1055304740 0.0474040632
7 0.8583521445 0.7150112867 0.0519187359 0.0462753950
7 0.8783860045 0.7579006772 0.0874717833 0.0496613995
7 0.9094243792 0.7119074492 0.0569977427 0.0468397291
7 0.0513544018 0.8143340858 0.0530474041 0.0756207675
7 0.0118510158 0.8081264108 0.0237020316 0.0767494357
7 0.1035553047 0.8278781038 0.0558690745 0.0812641084
7 0.1910270880 0.8053047404 0.0648984199 0.0812641084
7 0.2519751693 0.8092550790 0.0626410835 0.0846501129
7 0.3939051919 0.8405756208 0.0733634312 0.0931151242
7 0.4641647856 0.8425507901 0.0648984199 0.0970654628
7 0.5231376975 0.8493227991 0.0564334086 0.0914221219
7 0.6492663657 0.8013544018 0.1213318284 0.0564334086
3 0.6464446953 0.8515801354 0.1089164786 0.0575620767
7 0.8874153499 0.8047404063 0.1010158014 0.0575620767
7 0.8874153499 0.8501693002 0.0998871332 0.0547404063
7 0.0163656885 0.9094243792 0.0327313770 0.0773137698
7 0.0569977427 0.9097065463 0.0564334086 0.0778781038
7 0.2601580135 0.8967268623 0.0654627540 0.0891647856
7 0.1938487585 0.8876975169 0.0637697517 0.0891647856
7 0.4681151242 0.9336907449 0.0716704289 0.0886004515
7 0.3989841986 0.9300225734 0.0722347630 0.0891647856
3 0.6199209932 0.9475169300 0.0468397291 0.0530474041
3 0.6484198646 0.9009593679 0.1094808126 0.0603837472
3 0.6693002257 0.9525959368 0.0541760722 0.0530474041
7 0.8933408578 0.8930586907 0.1072234763 0.0423250564
7 0.8975733634 0.9303047404 0.1134311512 0.0321670429
3 0.6207674944 0.9864559819 0.0451467269 0.0270880361
3 0.6684537246 0.9875846501 0.0502257336 0.0248306998
7 0.9060383747 0.9847629797 0.1258465011 0.0304740406
