4 0.0483558994 0.0657640232 0.0967117988 0.0696324952
7 0.1373307544 0.0744680851 0.0502901354 0.0483558994
7 0.1576402321 0.0425531915 0.0870406190 0.0386847195
7 0.2350096712 0.0822050290 0.0522243714 0.0444874275
7 0.4119922631 0.0657640232 0.1508704062 0.1121856867
7 0.5174081238 0.0628626692 0.0638297872 0.1102514507
5 0.6431334623 0.0203094778 0.1450676983 0.0406189555
5 0.6499032882 0.0754352031 0.1470019342 0.0541586074
5 0.8636363636 0.0570599613 0.1489361702 0.0676982592
5 0.9613152805 0.0531914894 0.0773694391 0.1063829787
4 0.0222437137 0.1711798839 0.0444874275 0.0560928433
4 0.0280464217 0.1150870406 0.0560928433 0.0638297872
7 0.1663442940 0.1914893617 0.1199226306 0.0425531915
7 0.1644100580 0.1518375242 0.1160541586 0.0444874275
7 0.1586073501 0.1170212766 0.1005802708 0.0328820116
7 0.2765957447 0.1731141199 0.0580270793 0.0754352031
7 0.4139264990 0.1673114120 0.1508704062 0.0986460348
7 0.5116054159 0.1682785300 0.0444874275 0.1005802708
5 0.6199226306 0.1421663443 0.0947775629 0.0676982592
5 0.7040618956 0.1373307544 0.0735009671 0.0773694391
5 0.7698259188 0.1353965184 0.0618955513 0.0696324952
5 0.8723404255 0.1479690522 0.1470019342 0.0715667311
5 0.8887814313 0.2098646035 0.1528046422 0.0599613153
5 0.9680851064 0.1615087041 0.0638297872 0.1063829787
4 0.0193423598 0.2176015474 0.0386847195 0.0560928433
6 0.0377176015 0.2911025145 0.0754352031 0.1063829787
7 0.1673114120 0.2272727273 0.1257253385 0.0367504836
4 0.1885880077 0.2872340426 0.1914893617 0.0909090909
0 0.4197292070 0.2514506770 0.1663442940 0.0889748549
0 0.5309477756 0.2553191489 0.0638297872 0.0773694391
6 0.7388781431 0.2243713733 0.1121856867 0.1044487427
1 0.6885880077 0.3259187621 0.1856866538 0.1063829787
6 0.6315280464 0.2292069632 0.0986460348 0.0909090909
0 0.9168278530 0.2833655706 0.1663442940 0.0947775629
1 0.0058027079 0.4090909091 0.0116054159 0.1411992263
0 0.1731141199 0.3955512573 0.1644100580 0.1334622824
0 0.4274661509 0.3558994197 0.1818181818 0.1237911025
0 0.5435203095 0.3520309478 0.0541586074 0.1121856867
1 0.6905222437 0.4352030948 0.1895551257 0.1199226306
0 0.9245647969 0.3694390716 0.1508704062 0.0851063830
7 0.1566731141 0.5319148936 0.1353965184 0.1431334623
0 0.4255319149 0.5348162476 0.1702127660 0.0793036750
0 0.4294003868 0.4632495164 0.1856866538 0.0870406190
0 0.5367504836 0.5425531915 0.0560928433 0.0676982592
1 0.6537717602 0.5473887814 0.0889748549 0.0889748549
0 0.9284332689 0.4690522244 0.1431334623 0.1179883946
7 0.1750483559 0.6344294004 0.1876208897 0.0735009671
1 0.4439071567 0.6286266925 0.1992263056 0.1083172147
1 0.6769825919 0.6528046422 0.1083172147 0.1295938104
1 0.9206963250 0.5860735010 0.0967117988 0.1083172147
1 0.9439071567 0.6943907157 0.1121856867 0.1044487427
1 0.9854932302 0.5841392650 0.0290135397 0.1121856867
1 0.1731141199 0.7823984526 0.1760154739 0.0754352031
1 0.1740812379 0.7088974855 0.1740812379 0.0676982592
1 0.4013539652 0.8307543520 0.1025145068 0.1102514507
1 0.5764023211 0.8239845261 0.0851063830 0.1160541586
1 0.6818181818 0.7756286267 0.1102514507 0.1237911025
1 0.7823984526 0.7765957447 0.0909090909 0.1179883946
1 0.9487427466 0.7978723404 0.1025145068 0.1025145068
1 0.1721470019 0.8549323017 0.1779497099 0.0773694391
1 0.1721470019 0.9284332689 0.1895551257 0.0812379110
1 0.4090909091 0.9468085106 0.1063829787 0.1063829787
1 0.4990328820 0.8365570600 0.0928433269 0.1025145068
1 0.6924564797 0.8762088975 0.1005802708 0.0889748549
1 0.8036750484 0.8936170213 0.1218568665 0.1160541586
1 0.9671179884 0.9042553191 0.0657640232 0.1102514507
1 0.1721470019 0.9854932302 0.1895551257 0.0290135397
1 0.4951644101 0.9477756286 0.0928433269 0.1044487427
1 0.5899419729 0.9439071567 0.1044487427 0.1121856867
1 0.7117988395 0.9709864603 0.1121856867 0.0580270793
1 0.8191489362 0.9748549323 0.1141199226 0.0502901354
1 0.9709864603 0.9767891683 0.0580270793 0.0464216634
