0 0.3398230088 0.0389380531 0.2371681416 0.0778761062
0 0.3451327434 0.1539823009 0.2407079646 0.1592920354
7 0.6061946903 0.1168141593 0.2389380531 0.1274336283
1 0.8973451327 0.1486725664 0.1238938053 0.1168141593
1 0.8920353982 0.0654867257 0.1345132743 0.0530973451
1 0.9858407080 0.1088495575 0.0283185841 0.1256637168
7 0.6061946903 0.2469026549 0.2353982301 0.1150442478
0 0.3345132743 0.2964601770 0.2619469027 0.1469026549
6 0.8831858407 0.3362831858 0.1734513274 0.2654867257
0 0.3389380531 0.4327433628 0.2637168142 0.1292035398
7 0.5893805310 0.3840707965 0.1132743363 0.1522123894
7 0.6867256637 0.3884955752 0.0955752212 0.1504424779
1 0.9884955752 0.4761061947 0.0230088496 0.1132743363
0 0.3522123894 0.5522123894 0.2407079646 0.1168141593
7 0.5858407080 0.5353982301 0.1026548673 0.1292035398
7 0.6831858407 0.5336283186 0.0849557522 0.1327433628
6 0.8893805310 0.6000000000 0.1787610619 0.2619469027
1 0.9902654867 0.5893805310 0.0194690265 0.1168141593
0 0.3415929204 0.6761061947 0.2584070796 0.1380530973
7 0.5672566372 0.7008849558 0.1185840708 0.1840707965
7 0.6796460177 0.6982300885 0.1132743363 0.1858407080
1 0.9911504425 0.7035398230 0.0176991150 0.1185840708
7 0.3707964602 0.8097345133 0.2000000000 0.1398230088
1 0.9946902655 0.8221238938 0.0106194690 0.1185840708
3 0.4327433628 0.9300884956 0.0761061947 0.1398230088
7 0.6212389381 0.8707964602 0.2300884956 0.1557522124
6 0.8973451327 0.8646017699 0.1805309735 0.2707964602
3 0.3539823009 0.9353982301 0.0743362832 0.1292035398
1 0.5557522124 0.9823008850 0.1203539823 0.0353982301
1 0.6849557522 0.9707964602 0.1132743363 0.0584070796
