3 0.6043613707 0.0778816199 0.1526479751 0.1152647975
1 0.4595015576 0.1682242991 0.1464174455 0.1651090343
3 0.5872274143 0.1767912773 0.2056074766 0.1199376947
1 0.2235202492 0.3637071651 0.1728971963 0.1978193146
1 0.3831775701 0.3535825545 0.1806853583 0.2024922118
1 0.5560747664 0.3185358255 0.1962616822 0.2165109034
1 0.2538940810 0.4813084112 0.0903426791 0.0654205607
1 0.5708722741 0.4797507788 0.1635514019 0.0778816199
3 0.1775700935 0.6308411215 0.0623052960 0.0560747664
3 0.1300623053 0.6292834891 0.0638629283 0.0560747664
1 0.1892523364 0.5599688474 0.0825545171 0.0763239875
1 0.2679127726 0.5521806854 0.0809968847 0.0700934579
1 0.3465732087 0.6323987539 0.0825545171 0.1744548287
1 0.4174454829 0.6292834891 0.0778816199 0.1744548287
1 0.4852024922 0.6207165109 0.0825545171 0.1822429907
1 0.5514018692 0.6214953271 0.0841121495 0.1806853583
1 0.6269470405 0.6152647975 0.0887850467 0.1838006231
3 0.1908099688 0.6869158879 0.0607476636 0.0560747664
3 0.1401869159 0.6845794393 0.0623052960 0.0545171340
3 0.2383177570 0.6549844237 0.0747663551 0.1137071651
3 0.2912772586 0.6487538941 0.0747663551 0.1261682243
1 0.1915887850 0.8161993769 0.0996884735 0.0841121495
1 0.1993769470 0.8933021807 0.1028037383 0.0732087227
1 0.2803738318 0.8395638629 0.0809968847 0.1962616822
1 0.3660436137 0.8917445483 0.0903426791 0.0856697819
1 0.3598130841 0.8091900312 0.0872274143 0.1012461059
1 0.4454828660 0.8014018692 0.0965732087 0.0950155763
1 0.4556074766 0.8886292835 0.0981308411 0.0919003115
1 0.5451713396 0.7990654206 0.0996884735 0.0965732087
1 0.5467289720 0.8917445483 0.0965732087 0.0919003115
1 0.6471962617 0.8925233645 0.0981308411 0.0934579439
1 0.6510903427 0.7928348910 0.1090342679 0.1152647975
1 0.2912772586 0.9742990654 0.0934579439 0.0514018692
1 0.3909657321 0.9727414330 0.0934579439 0.0545171340
1 0.4781931464 0.9680685358 0.0872274143 0.0638629283
