1 0.2646666667 0.0160000000 0.0573333333 0.0320000000
1 0.3126666667 0.0100000000 0.0573333333 0.0200000000
1 0.3893333333 0.0086666667 0.0933333333 0.0173333333
7 0.1246666667 0.0133333333 0.0360000000 0.0266666667
1 0.2120000000 0.0886666667 0.0773333333 0.0946666667
7 0.1960000000 0.0073333333 0.0160000000 0.0146666667
1 0.2973333333 0.0740000000 0.0960000000 0.0973333333
1 0.3806666667 0.0666666667 0.0813333333 0.0960000000
1 0.4673333333 0.0506666667 0.0920000000 0.1013333333
1 0.5613333333 0.0420000000 0.1040000000 0.0840000000
1 0.6886666667 0.0886666667 0.1533333333 0.1773333333
1 0.0906666667 0.1140000000 0.0506666667 0.0786666667
1 0.0880000000 0.1953333333 0.0560000000 0.0866666667
1 0.1480000000 0.1046666667 0.0533333333 0.0786666667
1 0.1426666667 0.1866666667 0.0533333333 0.0933333333
1 0.2153333333 0.1826666667 0.0653333333 0.1013333333
1 0.2946666667 0.1666666667 0.0906666667 0.1120000000
1 0.3786666667 0.1586666667 0.0880000000 0.1066666667
1 0.4660000000 0.1480000000 0.0893333333 0.1093333333
1 0.5600000000 0.1360000000 0.0986666667 0.1040000000
1 0.1206666667 0.3193333333 0.0493333333 0.1533333333
1 0.2513333333 0.3160000000 0.0600000000 0.1680000000
1 0.2046666667 0.3180000000 0.0493333333 0.1613333333
1 0.3073333333 0.3106666667 0.0520000000 0.1680000000
1 0.3620000000 0.3086666667 0.0626666667 0.1800000000
1 0.4393333333 0.3053333333 0.0706666667 0.1813333333
1 0.5126666667 0.3006666667 0.0840000000 0.1746666667
1 0.5920000000 0.3033333333 0.0746666667 0.1960000000
1 0.6740000000 0.3013333333 0.0840000000 0.2053333333
1 0.7533333333 0.2973333333 0.0906666667 0.2080000000
1 0.0760000000 0.3233333333 0.0453333333 0.1453333333
1 0.1626666667 0.3200000000 0.0480000000 0.1573333333
7 0.0606666667 0.5053333333 0.0973333333 0.1493333333
7 0.1780000000 0.5066666667 0.0706666667 0.1520000000
1 0.2586666667 0.5100000000 0.0933333333 0.1480000000
1 0.3766666667 0.5393333333 0.1453333333 0.1986666667
1 0.5226666667 0.5566666667 0.1706666667 0.2253333333
1 0.7026666667 0.5706666667 0.1946666667 0.2373333333
7 0.0500000000 0.6913333333 0.0893333333 0.1720000000
0 0.2006666667 0.7413333333 0.0840000000 0.2053333333
0 0.0386666667 0.8540000000 0.0640000000 0.1133333333
0 0.3180000000 0.7773333333 0.1133333333 0.2186666667
0 0.4446666667 0.8173333333 0.1640000000 0.2533333333
0 0.6133333333 0.8486666667 0.1253333333 0.2466666667
0 0.7426666667 0.8666666667 0.1493333333 0.2666666667
0 0.0333333333 0.9480000000 0.0613333333 0.0960000000
0 0.0933333333 0.9646666667 0.0773333333 0.0706666667
0 0.1040000000 0.8906666667 0.0720000000 0.1093333333
0 0.2460000000 0.9400000000 0.0866666667 0.1200000000
0 0.3260000000 0.9513333333 0.0813333333 0.0973333333
0 0.4146666667 0.9706666667 0.0960000000 0.0586666667
0 0.5066666667 0.9806666667 0.0880000000 0.0386666667
