8 0.7024202420 0.0214521452 0.0935093509 0.0429042904
8 0.8074807481 0.0176017602 0.0792079208 0.0352035204
8 0.6859185919 0.1050605061 0.0561056106 0.0913091309
8 0.8036303630 0.0957095710 0.0737073707 0.0770077008
8 0.8789878988 0.0940594059 0.0682068207 0.0759075908
8 0.7139713971 0.1886688669 0.0440044004 0.0759075908
8 0.6754675468 0.1908690869 0.0352035204 0.0759075908
8 0.8041804180 0.1738173817 0.0770077008 0.0770077008
8 0.8905390539 0.1749174917 0.1023102310 0.0858085809
8 0.6826182618 0.2733773377 0.0495049505 0.0781078108
8 0.7304730473 0.2733773377 0.0462046205 0.0781078108
8 0.7898789879 0.2574257426 0.0440044004 0.0748074807
8 0.8333333333 0.2618261826 0.0451045105 0.0814081408
8 0.9328932893 0.2948294829 0.0528052805 0.0814081408
8 0.8822882288 0.2596259626 0.0528052805 0.0836083608
8 0.6848184818 0.3481848185 0.0451045105 0.0759075908
8 0.7293729373 0.3476347635 0.0506050605 0.0748074807
8 0.7882288229 0.3404840484 0.0407040704 0.0913091309
8 0.8322332233 0.3437843784 0.0451045105 0.0869086909
8 0.8811881188 0.3437843784 0.0506050605 0.0847084708
2 0.1996699670 0.4537953795 0.0715071507 0.0715071507
2 0.2788778878 0.4636963696 0.0451045105 0.1155115512
1 0.3734873487 0.4235423542 0.0341034103 0.0418041804
2 0.3206820682 0.4620462046 0.0429042904 0.1166116612
1 0.3993399340 0.4961496150 0.0814081408 0.0308030803
1 0.4009900990 0.4609460946 0.0825082508 0.0352035204
1 0.4059405941 0.4229922992 0.0330033003 0.0407040704
1 0.4895489549 0.4686468647 0.0594059406 0.0308030803
1 0.4889988999 0.4158415842 0.0649064906 0.0242024202
1 0.4878987899 0.4405940594 0.0649064906 0.0275027503
1 0.5968096810 0.4383938394 0.0495049505 0.0275027503
1 0.5940594059 0.4147414741 0.0550055006 0.0220022002
1 0.5907590759 0.4647964796 0.0638063806 0.0275027503
1 0.6831683168 0.4290429043 0.0418041804 0.0506050605
1 0.6809680968 0.4768976898 0.0374037404 0.0429042904
1 0.7200220022 0.4768976898 0.0385038504 0.0429042904
1 0.7244224422 0.4306930693 0.0429042904 0.0517051705
8 0.8135313531 0.4598459846 0.0825082508 0.1078107811
8 0.9191419142 0.4603960396 0.0715071507 0.1089108911
2 0.1980198020 0.5247524752 0.0748074807 0.0726072607
2 0.2788778878 0.5781078108 0.0473047305 0.1177117712
2 0.3217821782 0.5775577558 0.0429042904 0.1166116612
1 0.3993399340 0.5297029703 0.0836083608 0.0341034103
1 0.3965896590 0.5665566557 0.0803080308 0.0330033003
1 0.4895489549 0.5781078108 0.0594059406 0.0627062706
1 0.4889988999 0.5148514851 0.0627062706 0.0660066007
1 0.5825082508 0.5830583058 0.0297029703 0.0396039604
1 0.5797579758 0.5423542354 0.0396039604 0.0418041804
1 0.5781078108 0.4994499450 0.0363036304 0.0396039604
1 0.6155115512 0.5357535754 0.0341034103 0.0374037404
1 0.6144114411 0.5808580858 0.0341034103 0.0374037404
1 0.6133113311 0.4988998900 0.0407040704 0.0407040704
1 0.6831683168 0.5225522552 0.0396039604 0.0484048405
1 0.7024202420 0.5676567657 0.0781078108 0.0462046205
1 0.7211221122 0.5214521452 0.0385038504 0.0440044004
8 0.8140814081 0.5660066007 0.0814081408 0.1067106711
8 0.9185918592 0.5682068207 0.0704070407 0.1111111111
2 0.2002200220 0.6699669967 0.0748074807 0.0748074807
2 0.2002200220 0.5962596260 0.0748074807 0.0726072607
2 0.2953795380 0.6551155116 0.0781078108 0.0407040704
1 0.3949394939 0.6347634763 0.0814081408 0.0352035204
1 0.3971397140 0.6017601760 0.0814081408 0.0352035204
1 0.3965896590 0.6666666667 0.0825082508 0.0330033003
1 0.4889988999 0.6419141914 0.0649064906 0.0649064906
1 0.5792079208 0.6226622662 0.0363036304 0.0374037404
1 0.5808580858 0.6589658966 0.0374037404 0.0396039604
1 0.6133113311 0.6133113311 0.0363036304 0.0319031903
1 0.6166116612 0.6490649065 0.0363036304 0.0374037404
1 0.7018701870 0.6127612761 0.0748074807 0.0462046205
1 0.7029702970 0.6584158416 0.0748074807 0.0473047305
8 0.8162816282 0.6732673267 0.0858085809 0.1078107811
8 0.9207920792 0.6754675468 0.0704070407 0.1078107811
1 0.4922992299 0.6886688669 0.0605060506 0.0308030803
1 0.5803080308 0.7002200220 0.0363036304 0.0407040704
1 0.6171617162 0.6991199120 0.0418041804 0.0407040704
1 0.7024202420 0.7007700770 0.0715071507 0.0418041804
