7 0.0825892857 0.0937500000 0.1540178571 0.0647321429
3 0.2243303571 0.0909598214 0.1450892857 0.0680803571
3 0.2299107143 0.1573660714 0.1406250000 0.0669642857
7 0.3426339286 0.1099330357 0.1227678571 0.1662946429
7 0.4564732143 0.0954241071 0.1160714286 0.1908482143
0 0.5569196429 0.0965401786 0.0982142857 0.1930803571
0 0.6629464286 0.0970982143 0.1071428571 0.1941964286
0 0.7734375000 0.0954241071 0.1227678571 0.1908482143
0 0.8889508929 0.0970982143 0.1238839286 0.1941964286
0 0.9715401786 0.0998883929 0.0569196429 0.1997767857
7 0.0887276786 0.1579241071 0.1529017857 0.0658482143
1 0.1579241071 0.2633928571 0.1305803571 0.1093750000
7 0.2901785714 0.3169642857 0.1361607143 0.1941964286
7 0.4241071429 0.2751116071 0.1450892857 0.0926339286
7 0.5625000000 0.2896205357 0.1294642857 0.1015625000
7 0.6891741071 0.2963169643 0.1216517857 0.0926339286
7 0.8063616071 0.3119419643 0.0904017857 0.1975446429
7 0.9001116071 0.3130580357 0.1015625000 0.1953125000
1 0.1724330357 0.3632812500 0.1305803571 0.0948660714
7 0.4241071429 0.3666294643 0.1473214286 0.0837053571
7 0.5619419643 0.3750000000 0.1171875000 0.0803571429
7 0.6791294643 0.3766741071 0.1171875000 0.0770089286
6 0.1339285714 0.5072544643 0.1093750000 0.1796875000
6 0.5055803571 0.5368303571 0.2098214286 0.1316964286
6 0.7176339286 0.5385044643 0.2187500000 0.1305803571
6 0.2873883929 0.5385044643 0.2220982143 0.1328125000
1 0.8699776786 0.5535714286 0.0970982143 0.0959821429
1 0.9335937500 0.5524553571 0.0435267857 0.0982142857
1 0.2047991071 0.6997767857 0.1060267857 0.1696428571
1 0.3231026786 0.6517857143 0.0904017857 0.0825892857
1 0.4146205357 0.6484375000 0.0904017857 0.0781250000
1 0.5066964286 0.6501116071 0.0892857143 0.0747767857
1 0.5959821429 0.6495535714 0.0915178571 0.0736607143
1 0.6930803571 0.6540178571 0.0982142857 0.0714285714
1 0.7935267857 0.6573660714 0.0937500000 0.0848214286
1 0.8967633929 0.6562500000 0.0993303571 0.0803571429
1 0.2823660714 0.8761160714 0.0982142857 0.1495535714
1 0.3738839286 0.8777901786 0.0892857143 0.1618303571
1 0.5708705357 0.8794642857 0.1037946429 0.1562500000
1 0.6785714286 0.8794642857 0.1071428571 0.1651785714
1 0.7851562500 0.8839285714 0.1060267857 0.1696428571
1 0.8928571429 0.8800223214 0.1227678571 0.1595982143
1 0.4687500000 0.8900669643 0.1026785714 0.1551339286
