7 0.3950617284 0.0231481481 0.1080246914 0.0462962963
7 0.4837962963 0.0270061728 0.0972222222 0.0540123457
7 0.5771604938 0.0285493827 0.1080246914 0.0570987654
7 0.7175925926 0.0331790123 0.1820987654 0.0663580247
2 0.8564814815 0.0162037037 0.1018518519 0.0324074074
2 0.9475308642 0.0192901235 0.1049382716 0.0385802469
7 0.2114197531 0.1682098765 0.0802469136 0.1543209877
7 0.2777777778 0.1736111111 0.0771604938 0.1558641975
7 0.3896604938 0.1805555556 0.1682098765 0.1574074074
7 0.5462962963 0.1867283951 0.1635802469 0.1604938272
3 0.6589506173 0.1450617284 0.0648148148 0.0555555556
3 0.6550925926 0.1975308642 0.0663580247 0.0555555556
3 0.7160493827 0.1466049383 0.0555555556 0.0524691358
3 0.7145061728 0.2021604938 0.0586419753 0.0586419753
3 0.7685185185 0.1820987654 0.0617283951 0.1203703704
8 0.9004629630 0.2013888889 0.1990740741 0.1496913580
1 0.2152777778 0.3942901235 0.0848765432 0.1867283951
1 0.3063271605 0.3989197531 0.0879629630 0.1836419753
1 0.3958333333 0.4027777778 0.0879629630 0.1820987654
1 0.4822530864 0.4074074074 0.0787037037 0.1820987654
1 0.5702160494 0.4097222222 0.0879629630 0.1836419753
1 0.6612654321 0.4135802469 0.0848765432 0.1759259259
1 0.7816358025 0.4135802469 0.1527777778 0.1759259259
1 0.9305555556 0.4220679012 0.1388888889 0.1743827160
1 0.1898148148 0.6095679012 0.0956790123 0.1481481481
1 0.2770061728 0.6149691358 0.0972222222 0.1435185185
1 0.3641975309 0.6172839506 0.1018518519 0.1450617284
1 0.4583333333 0.6203703704 0.0895061728 0.1450617284
1 0.5462962963 0.6257716049 0.0864197531 0.1435185185
1 0.6520061728 0.5964506173 0.1219135802 0.0817901235
1 0.7770061728 0.6018518519 0.1219135802 0.0802469136
1 0.8973765432 0.6064814815 0.1126543210 0.0864197531
1 0.9776234568 0.6080246914 0.0447530864 0.0833333333
1 0.6520061728 0.6720679012 0.1188271605 0.0632716049
1 0.7723765432 0.6751543210 0.1157407407 0.0601851852
1 0.8958333333 0.6797839506 0.1095679012 0.0632716049
1 0.9760802469 0.6813271605 0.0478395062 0.0694444444
1 0.1797839506 0.8256172840 0.1342592593 0.1820987654
1 0.2947530864 0.8287037037 0.1327160494 0.1820987654
1 0.4058641975 0.8302469136 0.1141975309 0.1790123457
1 0.5054012346 0.8317901235 0.1095679012 0.1728395062
1 0.6103395062 0.8418209877 0.1033950617 0.1774691358
1 0.7121913580 0.8919753086 0.1003086420 0.0925925926
1 0.7152777778 0.7986111111 0.0972222222 0.0910493827
1 0.8217592593 0.7993827160 0.0941358025 0.0864197531
1 0.9205246914 0.8032407407 0.0972222222 0.0910493827
1 0.9837962963 0.8101851852 0.0324074074 0.0895061728
1 0.8125000000 0.8950617284 0.1003086420 0.0925925926
1 0.9143518519 0.8966049383 0.1095679012 0.0956790123
1 0.9853395062 0.9035493827 0.0293209877 0.0910493827
1 0.1597222222 0.9837962963 0.1311728395 0.0324074074
1 0.2785493827 0.9876543210 0.1342592593 0.0246913580
1 0.3981481481 0.9876543210 0.1172839506 0.0246913580
1 0.4984567901 0.9891975309 0.1141975309 0.0216049383
1 0.6049382716 0.9922839506 0.1049382716 0.0154320988
1 0.7121913580 0.9938271605 0.1064814815 0.0123456790
