1 0.0424528302 0.7094339623 0.0849056604 0.1207547170
1 0.2349056604 0.7424528302 0.1566037736 0.1452830189
1 0.4481132075 0.7471698113 0.1566037736 0.1396226415
7 0.7349056604 0.7603773585 0.0924528302 0.1207547170
1 0.0481132075 0.8301886792 0.0962264151 0.1358490566
1 0.2462264151 0.8660377358 0.1528301887 0.1169811321
1 0.4688679245 0.8764150943 0.1452830189 0.1377358491
1 0.0556603774 0.9528301887 0.1113207547 0.0943396226
1 0.2650943396 0.9603773585 0.1716981132 0.0792452830
1 0.4915094340 0.9716981132 0.1452830189 0.0566037736
7 0.7707547170 0.8952830189 0.1000000000 0.1264150943
1 0.7886792453 0.9820754717 0.1132075472 0.0358490566
