5 0.7680525164 0.0399343545 0.0743982495 0.0798687090
5 0.8490153173 0.0388402626 0.0831509847 0.0776805252
5 0.9327133479 0.0382932166 0.0864332604 0.0765864333
1 0.6712253829 0.1181619256 0.0557986871 0.0525164114
5 0.7718818381 0.1345733042 0.0754923414 0.0328227571
5 0.8506564551 0.1345733042 0.0776805252 0.0393873085
5 0.9321663020 0.1329321663 0.0831509847 0.0382932166
1 0.5175054705 0.1799781182 0.0634573304 0.0557986871
1 0.5897155361 0.1756017505 0.0634573304 0.0623632385
1 0.6619256018 0.1788840263 0.0678336980 0.0579868709
5 0.8484682713 0.1805251641 0.0798687090 0.0547045952
5 0.9365426696 0.1788840263 0.0875273523 0.0579868709
1 0.3566739606 0.2407002188 0.0371991247 0.0481400438
1 0.3544857768 0.2921225383 0.0437636761 0.0503282276
1 0.4721006565 0.2943107221 0.0623632385 0.0547045952
1 0.4715536105 0.2412472648 0.0656455142 0.0492341357
1 0.4091903720 0.2954048140 0.0656455142 0.0547045952
1 0.4091903720 0.2423413567 0.0656455142 0.0514223195
1 0.5393873085 0.2461706783 0.0656455142 0.0568927790
1 0.5382932166 0.3047045952 0.0678336980 0.0601750547
1 0.6061269147 0.2428884026 0.0700218818 0.0547045952
1 0.6061269147 0.2964989059 0.0678336980 0.0547045952
1 0.6761487965 0.3041575492 0.0678336980 0.0590809628
1 0.6756017505 0.2456236324 0.0667396061 0.0557986871
5 0.7658643326 0.2954048140 0.0656455142 0.0459518600
5 0.7642231947 0.2450765864 0.0645514223 0.0525164114
5 0.8331509847 0.3008752735 0.0689277899 0.0503282276
5 0.8315098468 0.2489059081 0.0656455142 0.0514223195
5 0.8982494530 0.3068927790 0.0634573304 0.0492341357
5 0.9655361050 0.3063457330 0.0667396061 0.0503282276
5 0.9009846827 0.2592997812 0.0689277899 0.0371991247
5 0.9666301969 0.2598468271 0.0667396061 0.0361050328
1 0.2516411379 0.3769146608 0.0459518600 0.0426695842
1 0.3140043764 0.3736323851 0.0612691466 0.0514223195
1 0.3736323851 0.3807439825 0.0579868709 0.0612691466
1 0.4332603939 0.3752735230 0.0525164114 0.0547045952
1 0.4939824945 0.3747264770 0.0623632385 0.0557986871
1 0.5547045952 0.3763676149 0.0612691466 0.0568927790
1 0.6170678337 0.3769146608 0.0612691466 0.0579868709
1 0.6805251641 0.3785557987 0.0656455142 0.0590809628
5 0.7696936543 0.3840262582 0.0711159737 0.0568927790
5 0.8413566740 0.3862144420 0.0743982495 0.0547045952
5 0.9124726477 0.3867614880 0.0678336980 0.0536105033
5 0.9726477024 0.3873085339 0.0547045952 0.0547045952
1 0.1876367615 0.5054704595 0.0601750547 0.0547045952
1 0.2450765864 0.5043763676 0.0678336980 0.0568927790
1 0.2516411379 0.4310722101 0.0590809628 0.0568927790
1 0.3118161926 0.5076586433 0.0678336980 0.0568927790
1 0.3074398249 0.4277899344 0.0634573304 0.0547045952
1 0.3708971554 0.5098468271 0.0612691466 0.0590809628
1 0.4321663020 0.5103938731 0.0612691466 0.0579868709
1 0.4310722101 0.4338074398 0.0590809628 0.0601750547
1 0.4907002188 0.4332603939 0.0623632385 0.0590809628
1 0.4956236324 0.5109409190 0.0634573304 0.0590809628
1 0.5574398249 0.5142231947 0.0623632385 0.0590809628
1 0.6159737418 0.4354485777 0.0634573304 0.0590809628
1 0.5530634573 0.4343544858 0.0601750547 0.0590809628
1 0.6805251641 0.4370897155 0.0656455142 0.0601750547
5 0.7696936543 0.4414660832 0.0754923414 0.0645514223
5 0.8435448578 0.4431072210 0.0765864333 0.0612691466
5 0.9704595186 0.4414660832 0.0590809628 0.0557986871
1 0.1805251641 0.5612691466 0.0590809628 0.0612691466
1 0.2434354486 0.5623632385 0.0689277899 0.0590809628
1 0.3057986871 0.5640043764 0.0667396061 0.0579868709
1 0.3676148796 0.5678336980 0.0590809628 0.0612691466
1 0.4272428884 0.5700218818 0.0601750547 0.0656455142
1 0.4890590810 0.5743982495 0.0656455142 0.0678336980
1 0.5557986871 0.5771334792 0.0634573304 0.0645514223
1 0.6187089716 0.5191466083 0.0623632385 0.0667396061
1 0.6816192560 0.5224288840 0.0634573304 0.0689277899
1 0.6203501094 0.5831509847 0.0656455142 0.0656455142
5 0.8134573304 0.5497811816 0.0645514223 0.0404814004
5 0.7576586433 0.5355579869 0.0426695842 0.0820568928
5 0.8140043764 0.5935448578 0.0656455142 0.0448577681
5 0.8725382932 0.5415754923 0.0557986871 0.0350109409
5 0.8758205689 0.5886214442 0.0557986871 0.0568927790
5 0.9332603939 0.5913566740 0.0590809628 0.0536105033
5 0.9316192560 0.5437636761 0.0601750547 0.0371991247
1 0.1925601751 0.6843544858 0.1072210066 0.1301969365
8 0.2828227571 0.6925601751 0.0886214442 0.1422319475
8 0.3730853392 0.6876367615 0.0765864333 0.1236323851
1 0.4491247265 0.6805251641 0.0470459519 0.1115973742
1 0.5399343545 0.6870897155 0.0470459519 0.1159737418
1 0.4939824945 0.6843544858 0.0492341357 0.1126914661
1 0.5864332604 0.6887308534 0.0481400438 0.1126914661
3 0.6608315098 0.6575492341 0.0415754923 0.0415754923
3 0.6624726477 0.6985776805 0.0404814004 0.0426695842
3 0.6230853392 0.6772428884 0.0382932166 0.0831509847
3 0.7029540481 0.6608315098 0.0448577681 0.0437636761
3 0.7040481400 0.7013129103 0.0448577681 0.0437636761
5 0.7696936543 0.6799781182 0.0404814004 0.0733041575
5 0.8085339168 0.6832603939 0.0393873085 0.0689277899
5 0.8632385120 0.6663019694 0.0743982495 0.0393873085
5 0.9442013129 0.6701312910 0.0875273523 0.0426695842
5 0.7915754923 0.7346827133 0.0645514223 0.0361050328
5 0.8692560175 0.7456236324 0.0754923414 0.0426695842
5 0.8670678337 0.7062363239 0.0754923414 0.0404814004
5 0.9485776805 0.7100656455 0.0875273523 0.0437636761
5 0.9496717724 0.7494529540 0.0875273523 0.0459518600
1 0.1794310722 0.8659737418 0.1137855580 0.1170678337
1 0.2910284464 0.8730853392 0.1072210066 0.1159737418
1 0.4009846827 0.8818380744 0.1192560175 0.1269146608
1 0.5153172867 0.8845733042 0.1159737418 0.1236323851
1 0.1734135667 0.9628008753 0.1192560175 0.0743982495
1 0.2833698031 0.9622538293 0.1159737418 0.0754923414
1 0.3993435449 0.9682713348 0.1159737418 0.0634573304
4 0.6083150985 0.9080962801 0.0568927790 0.1466083151
4 0.6663019694 0.9102844639 0.0590809628 0.1444201313
4 0.7221006565 0.9152078775 0.0568927790 0.1433260394
4 0.7828227571 0.9201312910 0.0579868709 0.1444201313
4 0.8457330416 0.9256017505 0.0590809628 0.1466083151
4 0.9080962801 0.9272428884 0.0634573304 0.1455142232
4 0.9710065646 0.9283369803 0.0579868709 0.1433260394
1 0.5164113786 0.9731947484 0.1159737418 0.0536105033
4 0.6072210066 0.9868708972 0.0568927790 0.0262582057
4 0.6652078775 0.9896061269 0.0612691466 0.0207877462
4 0.7248358862 0.9912472648 0.0623632385 0.0175054705
4 0.7855579869 0.9950765864 0.0634573304 0.0098468271
