7 0.1088807786 0.0115571776 0.1326034063 0.0231143552
7 0.0237226277 0.0632603406 0.0474452555 0.1265206813
7 0.1094890511 0.0340632603 0.1289537713 0.0681265207
7 0.2232360097 0.0328467153 0.0669099757 0.0656934307
7 0.2858880779 0.0389294404 0.0632603406 0.0778588808
7 0.5425790754 0.0590024331 0.1630170316 0.0888077859
7 0.1088807786 0.1545012165 0.1277372263 0.1849148418
7 0.2852798054 0.1082725061 0.0644768856 0.0851581509
7 0.2214111922 0.0985401460 0.0632603406 0.0851581509
7 0.4318734793 0.1076642336 0.0632603406 0.1763990268
7 0.5462287105 0.1210462287 0.1654501217 0.0839416058
7 0.7305352798 0.1472019465 0.1131386861 0.1800486618
7 0.8497566910 0.1624087591 0.1180048662 0.1496350365
7 0.0231143552 0.1824817518 0.0462287105 0.1557177616
7 0.2572992701 0.2019464720 0.1253041363 0.1313868613
7 0.5444038929 0.1830900243 0.1690997567 0.0815085158
7 0.1015815085 0.3132603406 0.1301703163 0.1399026764
7 0.2566909976 0.3211678832 0.1265206813 0.1338199513
7 0.3607055961 0.2731143552 0.0669099757 0.1836982968
7 0.4257907543 0.2864963504 0.0729927007 0.1812652068
7 0.5444038929 0.3065693431 0.1715328467 0.0754257908
7 0.5468369830 0.2439172749 0.1690997567 0.0766423358
7 0.5437956204 0.3667883212 0.1703163017 0.0766423358
7 0.7068126521 0.3229927007 0.1070559611 0.1496350365
7 0.8284671533 0.3375912409 0.1046228710 0.1374695864
1 0.0474452555 0.4008515815 0.0948905109 0.0669099757
1 0.2402676399 0.4452554745 0.1618004866 0.1143552311
1 0.8108272506 0.4665450122 0.1618004866 0.0912408759
1 0.9793187348 0.4592457421 0.0413625304 0.0766423358
1 0.0486618005 0.5085158151 0.0973236010 0.1557177616
1 0.2475669100 0.5383211679 0.1569343066 0.0912408759
1 0.4099756691 0.5127737226 0.0656934307 0.0888077859
1 0.4823600973 0.5115571776 0.0669099757 0.0912408759
1 0.5644768856 0.5243309002 0.0851581509 0.0900243309
1 0.6441605839 0.5261557178 0.0790754258 0.0912408759
1 0.8132603406 0.5480535280 0.1690997567 0.0790754258
1 0.9908759124 0.5279805353 0.0182481752 0.0778588808
1 0.2457420925 0.6271289538 0.1605839416 0.0888077859
1 0.4604622871 0.6046228710 0.1228710462 0.0778588808
1 0.5650851582 0.6155717762 0.0790754258 0.0900243309
1 0.6441605839 0.6100973236 0.0790754258 0.0815085158
1 0.8181265207 0.6277372263 0.1788321168 0.0827250608
2 0.9829683698 0.6027980535 0.0340632603 0.0985401460
1 0.0456204380 0.6666666667 0.0912408759 0.1605839416
1 0.4635036496 0.6922141119 0.1240875912 0.0851581509
1 0.5723844282 0.6982968370 0.0596107056 0.0729927007
1 0.6459854015 0.6934306569 0.0900243309 0.0924574209
1 0.8248175182 0.7031630170 0.1824817518 0.0851581509
2 0.9829683698 0.6976885645 0.0340632603 0.0961070560
1 0.2451338200 0.7135036496 0.1642335766 0.0961070560
1 0.4635036496 0.7871046229 0.1362530414 0.1046228710
1 0.5656934307 0.7737226277 0.0656934307 0.0802919708
1 0.6472019465 0.7834549878 0.0924574209 0.0900243309
1 0.8254257908 0.7858880779 0.1763990268 0.0924574209
1 0.0437956204 0.8260340633 0.0875912409 0.1630170316
1 0.2524330900 0.8576642336 0.1472019465 0.0778588808
1 0.2512165450 0.7913625304 0.1496350365 0.0742092457
1 0.8260340633 0.8655717762 0.1751824818 0.1082725061
2 0.9708029197 0.8229927007 0.0583941606 0.1569343066
1 0.0389294404 0.9440389294 0.0778588808 0.0827250608
1 0.2463503650 0.9221411192 0.1545012165 0.0827250608
1 0.4641119221 0.8813868613 0.1447688564 0.1058394161
1 0.5705596107 0.8667883212 0.0729927007 0.0985401460
1 0.6478102190 0.8716545012 0.0863746959 0.0863746959
