6 0.5463157895 0.1605263158 0.1410526316 0.0810526316
7 0.8463157895 0.1242105263 0.0400000000 0.1073684211
7 0.8005263158 0.1278947368 0.0431578947 0.1063157895
1 0.4010526316 0.2136842105 0.1305263158 0.0821052632
1 0.6547368421 0.1878947368 0.0673684211 0.0915789474
1 0.7315789474 0.1747368421 0.0715789474 0.0905263158
3 0.8515789474 0.2263157895 0.0442105263 0.0989473684
1 0.2663157895 0.2542105263 0.1221052632 0.0726315789
6 0.5284210526 0.2778947368 0.1073684211 0.1642105263
7 0.6926315789 0.2757894737 0.1368421053 0.0926315789
3 0.8047368421 0.2326315789 0.0452631579 0.0989473684
1 0.2721052632 0.3410526316 0.1294736842 0.0715789474
1 0.4415789474 0.3047368421 0.0642105263 0.0705263158
7 0.8415789474 0.3121052632 0.1189473684 0.0831578947
7 0.0547368421 0.4310526316 0.1094736842 0.1547368421
1 0.2610526316 0.4100000000 0.1242105263 0.0789473684
1 0.4447368421 0.3752631579 0.0663157895 0.0705263158
7 0.6578947368 0.3784210526 0.0673684211 0.1105263158
7 0.7247368421 0.3768421053 0.0705263158 0.1094736842
0 0.8589473684 0.3915789474 0.1536842105 0.0821052632
1 0.2810526316 0.4863157895 0.1178947368 0.0778947368
1 0.4478947368 0.4431578947 0.0621052632 0.0694736842
6 0.5331578947 0.4368421053 0.1063157895 0.1557894737
7 0.6557894737 0.4763157895 0.0505263158 0.0789473684
7 0.7136842105 0.4752631579 0.0610526316 0.0768421053
0 0.8526315789 0.4652631579 0.1431578947 0.0694736842
7 0.0657894737 0.5326315789 0.0726315789 0.0589473684
1 0.4521052632 0.5105263158 0.0578947368 0.0673684211
7 0.6536842105 0.5626315789 0.0568421053 0.0894736842
7 0.7115789474 0.5652631579 0.0673684211 0.0905263158
0 0.8605263158 0.5363157895 0.1568421053 0.0768421053
7 0.0036842105 0.5710526316 0.0073684211 0.1694736842
1 0.2763157895 0.5689473684 0.1294736842 0.0852631579
6 0.5368421053 0.5936842105 0.1031578947 0.1578947368
0 0.8631578947 0.6173684211 0.1557894737 0.0873684211
7 0.0436842105 0.6473684211 0.0600000000 0.0694736842
1 0.2747368421 0.6500000000 0.1347368421 0.0831578947
1 0.4331578947 0.6531578947 0.0326315789 0.0726315789
7 0.7015789474 0.6468421053 0.1400000000 0.0684210526
1 0.2810526316 0.7405263158 0.1263157895 0.0810526316
1 0.4521052632 0.7289473684 0.0642105263 0.0747368421
1 0.5284210526 0.7052631579 0.0736842105 0.0694736842
1 0.5315789474 0.7547368421 0.0800000000 0.0315789474
7 0.7015789474 0.7242105263 0.1421052632 0.0757894737
0 0.8568421053 0.7021052632 0.1431578947 0.0947368421
0 0.8600000000 0.7926315789 0.1410526316 0.0905263158
