7 0.0341130604 0.1430311891 0.0682261209 0.1242690058
7 0.1257309942 0.1530214425 0.1189083821 0.1296296296
7 0.2119883041 0.1647173489 0.0614035088 0.1052631579
7 0.2724171540 0.1756822612 0.0555555556 0.0999025341
1 0.3669590643 0.1793372320 0.1150097466 0.1520467836
7 0.7858187135 0.1905458090 0.0326510721 0.0779727096
1 0.4788011696 0.2107699805 0.1135477583 0.0969785575
1 0.5835769981 0.2217348928 0.1096491228 0.0994152047
1 0.6498538012 0.2534113060 0.0346003899 0.0799220273
7 0.7202729045 0.2141812865 0.0331384016 0.0677387914
7 0.6885964912 0.2480506823 0.0341130604 0.0399610136
7 0.7188109162 0.2716861598 0.0321637427 0.0579922027
7 0.6881091618 0.2139376218 0.0389863548 0.0321637427
7 0.7422027290 0.2112573099 0.0282651072 0.0599415205
7 0.7809454191 0.2673001949 0.0346003899 0.0774853801
7 0.7504873294 0.2704678363 0.0350877193 0.0730994152
7 0.8114035088 0.2694931774 0.0360623782 0.0916179337
7 0.9490740741 0.2521929825 0.0404483431 0.0609161793
7 0.9729532164 0.2436647173 0.0365497076 0.0682261209
7 0.0268031189 0.3218810916 0.0536062378 0.1164717349
7 0.1125730994 0.3430799220 0.0974658869 0.1081871345
7 0.2132066277 0.3430799220 0.1125730994 0.1140350877
7 0.2967836257 0.3494152047 0.0584795322 0.1081871345
1 0.3494152047 0.3608674464 0.0477582846 0.1018518519
7 0.6876218324 0.2807017544 0.0370370370 0.0331384016
7 0.8374756335 0.2821637427 0.0346003899 0.0662768031
7 0.8652534113 0.2816764133 0.0355750487 0.0750487329
7 0.9461500975 0.3036062378 0.0336257310 0.0536062378
7 0.8940058480 0.2858187135 0.0316764133 0.0745614035
7 0.9739278752 0.3021442495 0.0346003899 0.0594541910
7 0.9919590643 0.2987329435 0.0160818713 0.0672514620
1 0.4432261209 0.3684210526 0.0501949318 0.1023391813
1 0.3952241715 0.3662280702 0.0477582846 0.1057504873
1 0.5289961014 0.3767056530 0.0462962963 0.1023391813
1 0.4880604288 0.3730506823 0.0472709552 0.1038011696
1 0.6152534113 0.3776803119 0.0414230019 0.0838206628
1 0.5745614035 0.3737816764 0.0467836257 0.0877192982
4 0.7046783626 0.3827972710 0.0575048733 0.1018518519
1 0.6600877193 0.3788986355 0.0492202729 0.0872319688
4 0.7999512671 0.3923001949 0.0511695906 0.1013645224
4 0.7548732943 0.3876705653 0.0545808967 0.1047758285
4 0.8791423002 0.4093567251 0.0438596491 0.0896686160
4 0.8394249513 0.4059454191 0.0462962963 0.0935672515
4 0.9451754386 0.4171539961 0.0404483431 0.0925925926
4 0.9149610136 0.4134990253 0.0453216374 0.0921052632
7 0.9756335283 0.4205653021 0.0399610136 0.0886939571
0 0.0270467836 0.5170565302 0.0540935673 0.0682261209
0 0.1715399610 0.4734405458 0.0701754386 0.0531189084
0 0.2441520468 0.5192495127 0.0730994152 0.0677387914
1 0.3832846004 0.5226608187 0.0657894737 0.0609161793
1 0.5116959064 0.5233918129 0.0662768031 0.0565302144
1 0.5787037037 0.5224171540 0.0687134503 0.0604288499
1 0.7010233918 0.4948830409 0.0657894737 0.0501949318
1 0.7629142300 0.4978070175 0.0677387914 0.0521442495
0 0.0277777778 0.5772417154 0.0555555556 0.0550682261
0 0.0923489279 0.5492202729 0.0823586745 0.1033138402
0 0.1693469786 0.5521442495 0.0813840156 0.1023391813
0 0.2461013645 0.5789473684 0.0721247563 0.0506822612
1 0.3793859649 0.5784600390 0.0657894737 0.0516569201
0 0.3165204678 0.5487329435 0.0687134503 0.1111111111
1 0.4466374269 0.5292397661 0.0638401559 0.0604288499
1 0.4434697856 0.5823586745 0.0614035088 0.0477582846
1 0.5082846004 0.5765107212 0.0682261209 0.0506822612
1 0.5748050682 0.5779727096 0.0667641326 0.0565302144
1 0.6347465887 0.5847953216 0.0521442495 0.0487329435
1 0.6910331384 0.5857699805 0.0604288499 0.0409356725
1 0.6976120858 0.5426413255 0.0628654971 0.0472709552
1 0.6405945419 0.5309454191 0.0589668616 0.0599415205
1 0.7500000000 0.5852826511 0.0594541910 0.0380116959
1 0.7577972710 0.5445906433 0.0594541910 0.0492202729
1 0.8196881092 0.5445906433 0.0633528265 0.0492202729
7 0.8654970760 0.5718810916 0.0409356725 0.0891812865
1 0.8116471735 0.5921052632 0.0638401559 0.0458089669
4 0.9342105263 0.5723684211 0.0545808967 0.0882066277
4 0.9003411306 0.5533625731 0.0472709552 0.1213450292
7 0.9744152047 0.5718810916 0.0511695906 0.0921052632
7 0.8698830409 0.6720272904 0.0506822612 0.0341130604
7 0.9237329435 0.6722709552 0.0550682261 0.0638401559
0 0.0048732943 0.7246588694 0.0097465887 0.0945419103
0 0.0338693957 0.7560916179 0.0677387914 0.0365497076
0 0.0999025341 0.7288011696 0.0838206628 0.0833333333
0 0.1820175439 0.7217348928 0.0862573099 0.0964912281
0 0.2638888889 0.7022417154 0.0784600390 0.0633528265
0 0.2631578947 0.7502436647 0.0750487329 0.0336257310
0 0.3326023392 0.7348927875 0.0657894737 0.0341130604
1 0.3947368421 0.7283138402 0.0662768031 0.1008771930
1 0.4568713450 0.7263645224 0.0618908382 0.0960038986
1 0.5136452242 0.7280701754 0.0614035088 0.0974658869
1 0.6284113060 0.7219785575 0.0667641326 0.1018518519
1 0.5682261209 0.7258771930 0.0614035088 0.0921052632
1 0.6866471735 0.7207602339 0.0701754386 0.0867446394
1 0.7426900585 0.7256335283 0.0721247563 0.0877192982
1 0.7950779727 0.7219785575 0.0677387914 0.0930799220
7 0.8786549708 0.7487816764 0.0389863548 0.0472709552
7 0.8438109162 0.7502436647 0.0443469786 0.0375243665
7 0.8506335283 0.7107699805 0.0492202729 0.0443469786
7 0.9230019493 0.7368421053 0.0516569201 0.0653021442
7 0.9061890838 0.8128654971 0.0307017544 0.0409356725
7 0.9103313840 0.8528265107 0.0380116959 0.0467836257
0 0.0538499025 0.9337231969 0.0677387914 0.0497076023
0 0.0519005848 0.8808479532 0.0716374269 0.0648148148
0 0.0090155945 0.9429824561 0.0180311891 0.0331384016
0 0.0085282651 0.8998538012 0.0170565302 0.0560428850
0 0.1220760234 0.8808479532 0.0677387914 0.0618908382
0 0.1235380117 0.9310428850 0.0706627680 0.0423976608
0 0.1922514620 0.9020467836 0.0696881092 0.0945419103
0 0.2614522417 0.8993664717 0.0687134503 0.0891812865
1 0.3813352827 0.8920565302 0.0570175439 0.0882066277
1 0.3240740741 0.8942495127 0.0584795322 0.0896686160
1 0.4364035088 0.8908382066 0.0511695906 0.0799220273
1 0.4848927875 0.8893762183 0.0506822612 0.0906432749
1 0.5331384016 0.8915692008 0.0584795322 0.0901559454
1 0.6023391813 0.8869395712 0.0974658869 0.0847953216
1 0.7149122807 0.8662280702 0.0545808967 0.1145224172
1 0.6686159844 0.8664717349 0.0497076023 0.1130604288
7 0.7665692008 0.8613547758 0.0692007797 0.1047758285
7 0.8645224172 0.8618421053 0.0594541910 0.1096491228
7 0.8148148148 0.8645224172 0.0623781676 0.1120857700
7 0.9057017544 0.8927875244 0.0462962963 0.0428849903
7 0.9195906433 0.2828947368 0.0360623782 0.0735867446
