1 0.1709677419 0.2735483871 0.1070967742 0.0980645161
1 0.3851612903 0.3006451613 0.1019354839 0.0877419355
1 0.1567741935 0.3645161290 0.1070967742 0.0890322581
1 0.3806451613 0.3896774194 0.0980645161 0.0929032258
1 0.5754838710 0.3445161290 0.0903225806 0.0877419355
1 0.7180645161 0.3483870968 0.0735483871 0.0877419355
1 0.7858064516 0.3625806452 0.0670967742 0.0825806452
1 0.9219354839 0.3851612903 0.1070967742 0.0993548387
1 0.1432258065 0.4561290323 0.1161290323 0.0993548387
1 0.5735483871 0.4361290323 0.0941935484 0.0929032258
1 0.7193548387 0.4400000000 0.0735483871 0.0929032258
1 0.7890322581 0.4451612903 0.0761290323 0.0929032258
1 0.9296774194 0.4696774194 0.1045161290 0.0800000000
6 0.1251612903 0.5554838710 0.1316129032 0.1019354839
1 0.3780645161 0.4935483871 0.1032258065 0.0993548387
1 0.5735483871 0.5400000000 0.0993548387 0.1122580645
1 0.7212903226 0.5406451613 0.0903225806 0.1006451613
1 0.7993548387 0.5464516129 0.0761290323 0.0993548387
1 0.9419354839 0.5522580645 0.1161290323 0.0903225806
6 0.3174193548 0.5954838710 0.1987096774 0.0967741935
1 0.7277419355 0.6464516129 0.0980645161 0.1238709677
1 0.8077419355 0.6483870968 0.0748387097 0.1174193548
7 0.9548387097 0.6341935484 0.0903225806 0.0812903226
6 0.0354838710 0.6619354839 0.0709677419 0.1083870968
6 0.1200000000 0.6600000000 0.1161290323 0.1070967742
6 0.3109677419 0.6890322581 0.2038709677 0.0980645161
1 0.5761290323 0.6561290323 0.1019354839 0.1225806452
7 0.9561290323 0.7174193548 0.0877419355 0.0929032258
6 0.0303225806 0.7690322581 0.0606451613 0.1083870968
6 0.1083870968 0.7658064516 0.1135483871 0.1070967742
5 0.3587096774 0.8103225806 0.1032258065 0.1470967742
5 0.5393548387 0.7961290323 0.1780645161 0.1496774194
1 0.7296774194 0.7703225806 0.1045161290 0.1316129032
1 0.8135483871 0.7664516129 0.0838709677 0.1290322581
7 0.9574193548 0.8077419355 0.0851612903 0.0954838710
5 0.2606451613 0.8193548387 0.1290322581 0.1625806452
5 0.7819354839 0.8974193548 0.1729032258 0.1406451613
5 0.0232258065 0.9019354839 0.0464516129 0.1470967742
5 0.0883870968 0.9045161290 0.1303225806 0.1522580645
5 0.3516129032 0.9445161290 0.1070967742 0.1109677419
5 0.5438709677 0.9270967742 0.1767741935 0.1354838710
6 0.9574193548 0.9264516129 0.0851612903 0.1470967742
5 0.0787096774 0.9845161290 0.1367741935 0.0309677419
5 0.5425806452 0.9890322581 0.1845161290 0.0219354839
5 0.7890322581 0.9729032258 0.1741935484 0.0541935484
