0 0.0159189580 0.2684515195 0.0318379161 0.0911722142
1 0.6295224313 0.2995658466 0.1823444284 0.1157742402
1 0.8306801737 0.2988422576 0.0868306802 0.0940665702
1 0.9189580318 0.2908827786 0.0868306802 0.0984081042
0 0.0738060781 0.3661360347 0.1476121563 0.1041968162
7 0.1823444284 0.3263386397 0.0752532562 0.1374819103
7 0.2568740955 0.3306801737 0.0622286541 0.1114327062
1 0.4334298119 0.3169319826 0.2098408104 0.1157742402
1 0.8849493488 0.3958031838 0.1837916064 0.1027496382
0 0.0492040521 0.4457308249 0.0984081042 0.1070911722
7 0.2040520984 0.4536903039 0.0492040521 0.1259044863
7 0.2474674385 0.4450072359 0.0578871201 0.1114327062
1 0.6237337192 0.4059334298 0.1910274964 0.1114327062
7 0.1816208394 0.5781476122 0.0448625181 0.1287988423
7 0.2322720695 0.5738060781 0.0506512301 0.1287988423
1 0.6244573082 0.5217076700 0.1780028944 0.1114327062
1 0.8878437048 0.4949348770 0.1751085384 0.0926193922
0 0.0687409551 0.6584659913 0.1374819103 0.1070911722
1 0.6316931983 0.6353111433 0.1837916064 0.1157742402
1 0.8885672938 0.5911722142 0.1823444284 0.0969609262
3 0.1693198263 0.6931982634 0.0578871201 0.1099855282
1 0.6215629522 0.7445730825 0.1837916064 0.1056439942
1 0.8921852388 0.6888567294 0.1895803184 0.1013024602
5 0.4406657019 0.8632416787 0.0911722142 0.0824891462
5 0.5477568741 0.8545586107 0.1143270622 0.0824891462
5 0.6497829233 0.8581765557 0.0984081042 0.0810419682
5 0.0861070912 0.8748191027 0.1722141823 0.1143270622
5 0.1895803184 0.8654124457 0.0376266281 0.0839363242
5 0.3002894356 0.8675832127 0.1924746744 0.1056439942
5 0.5159189580 0.9464544139 0.0419681621 0.0926193922
5 0.5593342981 0.9464544139 0.0506512301 0.0984081042
5 0.6331403763 0.9507959479 0.0911722142 0.0984081042
5 0.7474674385 0.9493487699 0.0448625181 0.0549927641
5 0.7235890014 0.8740955137 0.0665701881 0.0897250362
5 0.8798842258 0.9167872648 0.1591895803 0.1172214182
5 0.2677279305 0.9558610709 0.1881331404 0.0882778582
5 0.4247467438 0.9493487699 0.1085383502 0.1013024602
5 0.7199710564 0.9927641100 0.0853835022 0.0144717800
5 0.8791606368 0.9891461650 0.1577424023 0.0217076700
