5 0.0846666667 0.0946666667 0.1080000000 0.0506666667
5 0.0606666667 0.1753333333 0.0680000000 0.1026666667
5 0.1280000000 0.1753333333 0.0613333333 0.1026666667
3 0.2953333333 0.1480000000 0.0653333333 0.0666666667
1 0.4253333333 0.1640000000 0.0773333333 0.1680000000
5 0.0160000000 0.1986666667 0.0320000000 0.0560000000
3 0.2340000000 0.2060000000 0.0760000000 0.0653333333
3 0.3006666667 0.2106666667 0.0653333333 0.0613333333
5 0.0573333333 0.3826666667 0.1093333333 0.0613333333
5 0.0546666667 0.3133333333 0.1093333333 0.0720000000
5 0.1513333333 0.4100000000 0.0733333333 0.1240000000
1 0.8386666667 0.3326666667 0.0826666667 0.0840000000
5 0.0573333333 0.4446666667 0.1120000000 0.0520000000
5 0.0373333333 0.6453333333 0.0746666667 0.0933333333
5 0.0353333333 0.5506666667 0.0706666667 0.0960000000
5 0.1353333333 0.5553333333 0.1213333333 0.0946666667
5 0.1400000000 0.6446666667 0.1200000000 0.0893333333
5 0.0426666667 0.7900000000 0.0853333333 0.0840000000
5 0.1413333333 0.7826666667 0.1120000000 0.0960000000
1 0.7193333333 0.8233333333 0.0973333333 0.0840000000
5 0.0393333333 0.9666666667 0.0786666667 0.0666666667
5 0.0440000000 0.8820000000 0.0880000000 0.0893333333
5 0.1453333333 0.8780000000 0.1066666667 0.0813333333
3 0.2286666667 0.1440000000 0.0706666667 0.0666666667
3 0.3593333333 0.1826666667 0.0653333333 0.1253333333
1 0.7946666667 0.9213333333 0.0800000000 0.0453333333
1 0.4986666667 0.1660000000 0.0720000000 0.1666666667
1 0.5653333333 0.1693333333 0.0720000000 0.1600000000
1 0.6320000000 0.1726666667 0.0666666667 0.1586666667
8 0.7273333333 0.1626666667 0.1213333333 0.1840000000
8 0.8500000000 0.1526666667 0.1080000000 0.2066666667
1 0.9546666667 0.1640000000 0.0906666667 0.1866666667
1 0.3720000000 0.3226666667 0.0960000000 0.0933333333
1 0.4733333333 0.3273333333 0.0933333333 0.0973333333
1 0.5686666667 0.3293333333 0.0920000000 0.0960000000
1 0.6613333333 0.3340000000 0.0906666667 0.0893333333
1 0.7493333333 0.3300000000 0.0880000000 0.0866666667
1 0.9253333333 0.3340000000 0.0880000000 0.0840000000
1 0.9833333333 0.3306666667 0.0333333333 0.0826666667
1 0.9273333333 0.4153333333 0.0866666667 0.0813333333
1 0.9826666667 0.4126666667 0.0346666667 0.0786666667
1 0.8353333333 0.4166666667 0.0866666667 0.0813333333
1 0.7506666667 0.4173333333 0.0826666667 0.0826666667
1 0.6586666667 0.4206666667 0.0880000000 0.0866666667
1 0.5633333333 0.4206666667 0.0920000000 0.0893333333
1 0.4713333333 0.4200000000 0.0920000000 0.0880000000
1 0.3760000000 0.4173333333 0.0986666667 0.0960000000
1 0.2740000000 0.4173333333 0.1000000000 0.0960000000
1 0.2726666667 0.3200000000 0.1026666667 0.0986666667
1 0.2813333333 0.5493333333 0.1066666667 0.0960000000
1 0.3846666667 0.5453333333 0.1026666667 0.0933333333
1 0.4866666667 0.5440000000 0.0986666667 0.0880000000
1 0.5793333333 0.5386666667 0.0920000000 0.0853333333
1 0.6660000000 0.5360000000 0.0840000000 0.0853333333
1 0.8380000000 0.5246666667 0.0760000000 0.0786666667
1 0.9246666667 0.5233333333 0.0733333333 0.0813333333
1 0.9280000000 0.6053333333 0.0613333333 0.0773333333
1 0.8460000000 0.6046666667 0.0733333333 0.0840000000
1 0.7566666667 0.6126666667 0.0866666667 0.0893333333
1 0.7540000000 0.5293333333 0.0840000000 0.0826666667
1 0.6693333333 0.6206666667 0.0800000000 0.0893333333
1 0.5773333333 0.6266666667 0.0906666667 0.0933333333
1 0.4840000000 0.6313333333 0.0880000000 0.0946666667
1 0.3873333333 0.6373333333 0.1000000000 0.0933333333
1 0.2826666667 0.6426666667 0.1040000000 0.0986666667
1 0.2946666667 0.7660000000 0.1173333333 0.1026666667
1 0.2953333333 0.8640000000 0.1133333333 0.0960000000
1 0.4080000000 0.7640000000 0.1093333333 0.0880000000
1 0.4106666667 0.8560000000 0.1120000000 0.0960000000
1 0.5153333333 0.7440000000 0.1053333333 0.0986666667
1 0.5200000000 0.8406666667 0.1040000000 0.0973333333
1 0.6233333333 0.8326666667 0.1000000000 0.0813333333
1 0.6200000000 0.7500000000 0.0986666667 0.0840000000
1 0.7146666667 0.7413333333 0.0960000000 0.0800000000
1 0.8100000000 0.8193333333 0.0760000000 0.0813333333
1 0.8133333333 0.7380000000 0.0800000000 0.0786666667
1 0.3186666667 0.9626666667 0.1200000000 0.0746666667
1 0.4413333333 0.9546666667 0.1120000000 0.0906666667
1 0.5606666667 0.9513333333 0.1053333333 0.0973333333
