1 0.3831168831 0.0202922078 0.1461038961 0.0405844156
1 0.6160714286 0.0227272727 0.0827922078 0.0454545455
1 0.7224025974 0.0357142857 0.0779220779 0.0714285714
1 0.8750000000 0.0267857143 0.2045454545 0.0535714286
8 0.1631493506 0.0584415584 0.1672077922 0.1136363636
1 0.3587662338 0.1241883117 0.1298701299 0.1120129870
1 0.3798701299 0.0592532468 0.1720779221 0.1022727273
1 0.6087662338 0.0957792208 0.0876623377 0.1103896104
1 0.7224025974 0.1266233766 0.0844155844 0.0974025974
1 0.9066558442 0.0941558442 0.1055194805 0.0909090909
1 0.8206168831 0.1006493506 0.0892857143 0.0941558442
1 0.1217532468 0.1696428571 0.1298701299 0.1542207792
1 0.3579545455 0.2037337662 0.1737012987 0.1022727273
1 0.6071428571 0.2102272727 0.0941558442 0.1087662338
1 0.7256493506 0.2175324675 0.0974025974 0.0909090909
1 0.9147727273 0.1834415584 0.0990259740 0.1006493506
1 0.8238636364 0.1939935065 0.0957792208 0.1022727273
1 0.1038961039 0.3003246753 0.1363636364 0.1428571429
1 0.3344155844 0.2970779221 0.1493506494 0.1201298701
1 0.6314935065 0.3035714286 0.1655844156 0.1071428571
1 0.8206168831 0.2889610390 0.0957792208 0.1006493506
1 0.9172077922 0.2873376623 0.1006493506 0.1038961039
2 0.1282467532 0.4269480519 0.2500000000 0.1396103896
1 0.3165584416 0.4099025974 0.1461038961 0.1347402597
1 0.6306818182 0.4001623377 0.1672077922 0.1250000000
1 0.9237012987 0.3977272727 0.1201298701 0.1136363636
1 0.8198051948 0.3936688312 0.0974025974 0.1022727273
