1 0.0282522996 0.0256241787 0.0565045992 0.0512483574
1 0.1011826544 0.0367936925 0.0946123522 0.0735873850
1 0.1760840999 0.0584756899 0.0735873850 0.1169513798
1 0.2444152431 0.0486202365 0.0788436268 0.0972404731
1 0.3088042050 0.0591327201 0.0814717477 0.1182654402
1 0.4402102497 0.0210249671 0.0893561104 0.0420499343
1 0.5111695138 0.0348226018 0.0578186597 0.0696452037
1 0.5762155059 0.0413929041 0.0722733246 0.0827858081
1 0.6918528252 0.0709592641 0.0565045992 0.0867279895
1 0.6366622865 0.0505913272 0.0565045992 0.0827858081
1 0.9093298292 0.0085413929 0.0473061761 0.0170827858
1 0.2030223390 0.1780551905 0.0775295664 0.0801576873
1 0.4165571616 0.1373193167 0.0473061761 0.0854139290
1 0.5026281209 0.1366622865 0.0617608410 0.0788436268
1 0.6077529566 0.1636005256 0.0617608410 0.0749014455
1 0.5565045992 0.1478318003 0.0512483574 0.0749014455
1 0.7976346912 0.1103810775 0.0499342970 0.0788436268
1 0.7444152431 0.0992115637 0.0591327201 0.0932982917
1 0.7352168200 0.1793692510 0.0433639947 0.0906701708
1 0.8442838371 0.1254927727 0.0565045992 0.0696452037
1 0.9034165572 0.1392904074 0.0670170828 0.0735873850
1 0.1143232589 0.1925098555 0.0762155059 0.0749014455
1 0.7792378449 0.1872536137 0.0446780552 0.0749014455
1 0.8232588699 0.1964520368 0.0591327201 0.0749014455
1 0.8863337714 0.2076215506 0.0538764783 0.0788436268
1 0.0236530880 0.4113009198 0.0473061761 0.2049934297
1 0.0788436268 0.4152431012 0.1051248357 0.1997371879
1 0.1688567674 0.4185282523 0.0985545335 0.1905387648
1 0.2516425756 0.4218134034 0.0827858081 0.1839684625
1 0.3212877792 0.4257555848 0.0801576873 0.1787122208
1 0.4507227332 0.4342969777 0.0473061761 0.1563731932
1 0.4099868594 0.4329829172 0.0499342970 0.1590013141
1 0.5000000000 0.4388961892 0.0512483574 0.1524310118
1 0.5459921156 0.4415243101 0.0486202365 0.1445466491
1 0.6300919842 0.4461235217 0.0459921156 0.1458607096
1 0.5886990802 0.4428383706 0.0394218134 0.1471747700
1 0.7503285151 0.4474375821 0.0341655716 0.1274638633
1 0.7851511170 0.4513797635 0.0354796321 0.1143232589
1 0.7266754271 0.4480946124 0.0131406045 0.1340341656
1 0.8166885677 0.4526938239 0.0328515112 0.1116951380
1 0.8554533509 0.4546649146 0.0420499343 0.1130091984
1 0.8935611038 0.4579500657 0.0446780552 0.1169513798
1 0.0164257556 0.6235216820 0.0328515112 0.2273324573
1 0.0722733246 0.6202365309 0.1130091984 0.2207621551
1 0.1583442838 0.6143232589 0.0959264126 0.2063074901
1 0.2431011827 0.6110381078 0.0867279895 0.1997371879
1 0.3173455979 0.6044678055 0.0722733246 0.1892247043
1 0.4021024967 0.6024967148 0.0473061761 0.1773981603
1 0.4454664915 0.5952693824 0.0446780552 0.1655716163
1 0.4921156373 0.5913272011 0.0591327201 0.1603153745
1 0.5400788436 0.5893561104 0.0446780552 0.1511169514
1 0.6248357424 0.5873850197 0.0486202365 0.1445466491
1 0.5762155059 0.5860709593 0.0354796321 0.1445466491
1 0.7522996058 0.5814717477 0.0407358739 0.1353482260
1 0.7884362681 0.5762155059 0.0341655716 0.1353482260
1 0.7299605782 0.5814717477 0.0197109067 0.1353482260
1 0.8193166886 0.5709592641 0.0328515112 0.1248357424
1 0.8508541393 0.5735873850 0.0302233903 0.1222076216
1 0.8166885677 0.7391590013 0.1038107753 0.1590013141
1 0.1826544021 0.8547963206 0.2023653088 0.2404730618
1 0.3495400788 0.8239159001 0.1629434954 0.2128777924
1 0.4888304862 0.8061760841 0.1287779238 0.1931668857
1 0.6084099869 0.7779237845 0.1182654402 0.1839684625
1 0.7122207622 0.7608409987 0.1130091984 0.1760840999
1 0.0525624179 0.8791064389 0.1051248357 0.2417871222
1 0.6110381078 0.9231274639 0.1130091984 0.1537450723
1 0.7187910644 0.9086727989 0.1051248357 0.1826544021
1 0.8101182654 0.8745072273 0.0854139290 0.1616294350
1 0.1701708279 0.9664914586 0.1852825230 0.0670170828
1 0.3383705650 0.9494086728 0.1800262812 0.1011826544
1 0.4881734560 0.9336399474 0.1511169514 0.1327201051
