1 0.1840826245 0.0765492102 0.0886998785 0.1530984204
1 0.2776427704 0.0765492102 0.0886998785 0.1530984204
1 0.3493317132 0.0814094775 0.0692588092 0.1579586877
1 0.4173754557 0.0777642770 0.0886998785 0.1555285541
1 0.4945321993 0.0753341434 0.0850546780 0.1506682868
1 0.5789793439 0.0753341434 0.0862697448 0.1506682868
1 0.6543134872 0.0729040097 0.0862697448 0.1458080194
1 0.7302551640 0.0729040097 0.0874848117 0.1458080194
6 0.9113001215 0.0455650061 0.1360874848 0.0911300122
1 0.1907654921 0.1980558931 0.1117861482 0.1093560146
1 0.3055893074 0.1907654921 0.1227217497 0.1215066829
1 0.4173754557 0.2065613609 0.1081409478 0.1020656136
1 0.5218712029 0.2071688943 0.1081409478 0.1057108141
1 0.6281895504 0.1974483597 0.1117861482 0.1081409478
1 0.7375455650 0.1962332928 0.1142162819 0.1081409478
6 0.8669501823 0.2326852977 0.1202916160 0.2126366950
6 0.9599027947 0.2381530984 0.0801944107 0.2065613609
1 0.1998784933 0.3116646416 0.1202916160 0.1202916160
1 0.3128797084 0.3061968408 0.1227217497 0.1287970838
1 0.4258809235 0.3092345079 0.1081409478 0.1057108141
1 0.5291616039 0.3055893074 0.1154313487 0.1008505468
1 0.6330498177 0.3013365735 0.1117861482 0.1044957473
1 0.7417982989 0.2982989064 0.1130012151 0.1032806804
1 0.2193195626 0.4258809235 0.1348724180 0.1105710814
1 0.3456865128 0.4240583232 0.1300121507 0.1117861482
1 0.4732685298 0.4234507898 0.1300121507 0.1154313487
1 0.6020656136 0.4191980559 0.1373025516 0.1190765492
1 0.7351154313 0.4052247874 0.1458080194 0.1130012151
1 0.2235722965 0.5291616039 0.1385176185 0.1081409478
1 0.3505467801 0.5273390036 0.1373025516 0.1044957473
1 0.4787363305 0.5267314702 0.1312272175 0.0984204131
1 0.6075334143 0.5236938032 0.1312272175 0.0947752126
1 0.7363304982 0.5139732685 0.1433778858 0.1069258809
5 0.8578371810 0.4775212637 0.0753341434 0.1628189550
5 0.9325637910 0.4799513973 0.0692588092 0.1579586877
5 0.9878493317 0.4763061968 0.0243013366 0.1628189550
1 0.2284325638 0.6877278250 0.1385176185 0.1093560146
1 0.3541919806 0.7211421628 0.1251518834 0.2199270960
1 0.4690157959 0.7193195626 0.1190765492 0.2138517618
1 0.5777642770 0.7114216282 0.1154313487 0.2150668287
1 0.6871202916 0.7059538275 0.1130012151 0.2138517618
5 0.9088699878 0.7138517618 0.0607533414 0.1761846902
5 0.9690157959 0.7144592953 0.0619684083 0.1749696233
1 0.2314702309 0.7897934386 0.1348724180 0.1069258809
5 0.9082624544 0.8912515188 0.1081409478 0.0789793439
5 0.9805589307 0.8718104496 0.0388821385 0.0571081409
1 0.2320777643 0.9568651276 0.1458080194 0.0862697448
1 0.3736330498 0.9556500608 0.1421628190 0.0886998785
1 0.5121506683 0.9544349939 0.1421628190 0.0911300122
1 0.6445929526 0.9483596598 0.1470230863 0.1032806804
1 0.7721749696 0.9471445930 0.1421628190 0.1057108141
5 0.9052247874 0.9635479951 0.1044957473 0.0729040097
5 0.9720534629 0.9684082625 0.0558930741 0.0631834751
