2 0.5629139073 0.0049668874 0.1258278146 0.0099337748
2 0.6501103753 0.0093818985 0.0838852097 0.0187637969
1 0.7019867550 0.0154525386 0.0529801325 0.0309050773
5 0.0347682119 0.0529801325 0.0695364238 0.1059602649
5 0.1125827815 0.0557395143 0.0993377483 0.1114790287
5 0.2064017660 0.0634657837 0.0905077263 0.1269315673
0 0.2974613687 0.0629139073 0.1158940397 0.1258278146
0 0.3780353201 0.0700883002 0.0982339956 0.1401766004
0 0.4552980132 0.0750551876 0.1070640177 0.1412803532
1 0.5871964680 0.0722958057 0.0662251656 0.0540838852
1 0.5281456954 0.0695364238 0.0584988962 0.0551876380
1 0.6490066225 0.0888520971 0.0551876380 0.0496688742
1 0.7500000000 0.0187637969 0.0496688742 0.0375275938
5 0.1583885210 0.1407284768 0.0960264901 0.0629139073
1 0.5353200883 0.1285871965 0.0618101545 0.0629139073
1 0.5938189845 0.1313465784 0.0640176600 0.0662251656
1 0.6545253863 0.1445916115 0.0618101545 0.0618101545
1 0.6975717439 0.0949227373 0.0441501104 0.0529801325
1 0.7069536424 0.1495584989 0.0496688742 0.0496688742
1 0.7858719647 0.1026490066 0.0507726269 0.0529801325
1 0.8002207506 0.1550772627 0.0485651214 0.0540838852
1 0.7538631347 0.1567328918 0.0441501104 0.0485651214
1 0.7400662252 0.1037527594 0.0474613687 0.0485651214
5 0.0916114790 0.2461368653 0.0883002208 0.1721854305
5 0.0309050773 0.2406181015 0.0618101545 0.1633554084
5 0.1705298013 0.2058498896 0.1048565121 0.0805739514
6 0.2748344371 0.1964679912 0.1169977925 0.1103752759
1 0.3791390728 0.2185430464 0.0960264901 0.0794701987
1 0.4591611479 0.2268211921 0.0772626932 0.0673289183
1 0.5331125828 0.2295805740 0.0772626932 0.0750551876
1 0.6032008830 0.2367549669 0.0717439294 0.0695364238
1 0.7235099338 0.2439293598 0.0562913907 0.0662251656
1 0.6666666667 0.2378587196 0.0596026490 0.0629139073
1 0.7720750552 0.2450331126 0.0540838852 0.0573951435
1 0.8200883002 0.2466887417 0.0463576159 0.0518763797
5 0.1754966887 0.2847682119 0.0905077263 0.0905077263
6 0.2764900662 0.2842163355 0.1158940397 0.0916114790
1 0.3874172185 0.2930463576 0.1147902870 0.0805739514
1 0.4652317881 0.3007726269 0.0783664459 0.0783664459
1 0.5380794702 0.2947019868 0.0651214128 0.0750551876
1 0.6109271523 0.3035320088 0.0761589404 0.0706401766
1 0.7229580574 0.3647902870 0.0551876380 0.0452538631
1 0.6826710817 0.3018763797 0.0651214128 0.0651214128
1 0.7825607064 0.3024282561 0.0573951435 0.0551876380
1 0.7312362031 0.3013245033 0.0452538631 0.0551876380
1 0.7720750552 0.3675496689 0.0607064018 0.0507726269
1 0.8322295806 0.3598233996 0.0596026490 0.0507726269
1 0.8327814570 0.2996688742 0.0408388521 0.0584988962
7 0.0750551876 0.3824503311 0.1501103753 0.0673289183
7 0.2157836645 0.3923841060 0.1467991170 0.0430463576
0 0.4437086093 0.4674392936 0.0949227373 0.1512141280
0 0.4988962472 0.4288079470 0.0331125828 0.0584988962
0 0.5369757174 0.4403973510 0.0452538631 0.0573951435
1 0.6688741722 0.4420529801 0.0816777042 0.1225165563
1 0.7301324503 0.4144591611 0.0496688742 0.0452538631
1 0.7775938190 0.4166666667 0.0651214128 0.0474613687
1 0.8520971302 0.4569536424 0.0618101545 0.0573951435
1 0.8432671082 0.4072847682 0.0529801325 0.0441501104
7 0.0733995585 0.5016556291 0.1467991170 0.1754966887
7 0.2179911700 0.4895143488 0.1578366446 0.1622516556
0 0.3394039735 0.4845474614 0.1114790287 0.1589403974
0 0.5044150110 0.4961368653 0.0397350993 0.0739514349
0 0.5491169978 0.4966887417 0.0651214128 0.0640176600
1 0.7428256071 0.4713024283 0.0507726269 0.0573951435
1 0.7963576159 0.4735099338 0.0607064018 0.0529801325
7 0.2036423841 0.6318984547 0.1136865342 0.0651214128
1 0.7052980132 0.6307947020 0.0573951435 0.1181015453
1 0.6650110375 0.6390728477 0.0607064018 0.1236203091
1 0.7764900662 0.6142384106 0.0562913907 0.1092715232
1 0.7422737307 0.6208609272 0.0584988962 0.1136865342
1 0.8620309051 0.5982339956 0.0573951435 0.1059602649
1 0.8245033113 0.6087196468 0.0596026490 0.1136865342
1 0.8967991170 0.5916114790 0.0474613687 0.1037527594
7 0.0386313466 0.7168874172 0.0551876380 0.0629139073
7 0.0965783664 0.6942604857 0.0673289183 0.0640176600
7 0.2240618102 0.7488962472 0.0684326711 0.1313465784
7 0.2775938190 0.7378587196 0.0651214128 0.1291390728
7 0.3294701987 0.7179911700 0.0673289183 0.1401766004
4 0.4094922737 0.6876379691 0.1081677704 0.1810154525
0 0.4994481236 0.6788079470 0.1247240618 0.1501103753
7 0.5949227373 0.6705298013 0.0971302428 0.1048565121
7 0.0447019868 0.7980132450 0.0651214128 0.1081677704
7 0.1650110375 0.7665562914 0.0673289183 0.1136865342
7 0.1186534216 0.8084988962 0.0562913907 0.0673289183
1 0.7317880795 0.8151214128 0.1214128035 0.1556291391
1 0.8250551876 0.7803532009 0.0938189845 0.1456953642
1 0.8940397351 0.7560706402 0.0971302428 0.1302428256
1 0.5281456954 0.8890728477 0.1423841060 0.1865342163
1 0.6407284768 0.8487858720 0.1225165563 0.1655629139
1 0.8344370861 0.9205298013 0.0993377483 0.1589403974
1 0.9271523179 0.8763796909 0.0618101545 0.1434878587
1 0.8874172185 0.8990066225 0.0596026490 0.1379690949
4 0.0838852097 0.9304635762 0.1125827815 0.1390728477
4 0.1710816777 0.9387417219 0.1037527594 0.1225165563
4 0.2455849890 0.9381898455 0.1004415011 0.1236203091
4 0.3090507726 0.9288079470 0.0905077263 0.1423841060
6 0.4067328918 0.9437086093 0.1269315673 0.1125827815
1 0.6059602649 0.9679911700 0.0860927152 0.0397350993
1 0.7450331126 0.9343267108 0.1302428256 0.1313465784
0 0.5336644592 0.9966887417 0.1070640177 0.0066225166
