1 0.0546075085 0.1493174061 0.1092150171 0.1860068259
1 0.2005119454 0.1587030717 0.1825938567 0.1774744027
1 0.4837883959 0.1791808874 0.2030716724 0.1672354949
1 0.6757679181 0.1604095563 0.0955631399 0.0921501706
1 0.7627986348 0.1715017065 0.0853242321 0.0938566553
1 0.6740614334 0.2585324232 0.0921501706 0.1075085324
1 0.8788395904 0.2713310580 0.0887372014 0.0921501706
1 0.7645051195 0.2610921502 0.0887372014 0.1058020478
1 0.9633105802 0.2713310580 0.0665529010 0.0716723549
1 0.0546075085 0.3208191126 0.1092150171 0.1808873720
1 0.1894197952 0.3327645051 0.1808873720 0.1672354949
8 0.4709897611 0.3199658703 0.2218430034 0.1382252560
1 0.6715017065 0.3558020478 0.0904436860 0.1040955631
1 0.7593856655 0.3651877133 0.0887372014 0.1058020478
1 0.8839590444 0.3583617747 0.0853242321 0.0989761092
1 0.9641638225 0.3686006826 0.0716723549 0.0955631399
1 0.0452218430 0.5017064846 0.0904436860 0.1808873720
1 0.1757679181 0.5042662116 0.1979522184 0.1860068259
8 0.4786689420 0.4607508532 0.1928327645 0.1194539249
1 0.6655290102 0.4522184300 0.0955631399 0.0921501706
1 0.7559726962 0.4573378840 0.0921501706 0.0955631399
1 0.9547781570 0.4616040956 0.0904436860 0.0904436860
1 0.4897610922 0.5793515358 0.1740614334 0.0733788396
1 0.6621160410 0.5452218430 0.1023890785 0.0938566553
1 0.8745733788 0.5511945392 0.0938566553 0.0921501706
1 0.7551194539 0.5529010239 0.0904436860 0.0955631399
1 0.9616040956 0.5546075085 0.0767918089 0.0819112628
1 0.0375426621 0.6843003413 0.0750853242 0.1808873720
1 0.1715017065 0.6825938567 0.1928327645 0.1808873720
1 0.4837883959 0.6493174061 0.1757679181 0.0767918089
1 0.4795221843 0.7209897611 0.1808873720 0.0733788396
1 0.6552901024 0.6416382253 0.1058020478 0.1023890785
1 0.8754266212 0.6441979522 0.0921501706 0.0972696246
1 0.7542662116 0.6518771331 0.0921501706 0.0989761092
1 0.9616040956 0.6493174061 0.0767918089 0.0972696246
4 0.0162116041 0.8259385666 0.0324232082 0.0887372014
4 0.1348122867 0.8276450512 0.2286689420 0.0887372014
1 0.4769624573 0.7935153584 0.1757679181 0.0750853242
1 0.6510238908 0.7457337884 0.1006825939 0.0989761092
1 0.8737201365 0.7414675768 0.0921501706 0.0938566553
1 0.7491467577 0.7482935154 0.0921501706 0.0972696246
1 0.8720136519 0.8395904437 0.0921501706 0.0989761092
1 0.9598976109 0.7440273038 0.0802047782 0.0955631399
4 0.0119453925 0.9163822526 0.0238907850 0.0955631399
4 0.1313993174 0.9180887372 0.2252559727 0.0921501706
3 0.5255972696 0.9095563140 0.0648464164 0.0648464164
3 0.4948805461 0.8506825939 0.1296928328 0.0597269625
3 0.4616040956 0.9121160410 0.0665529010 0.0631399317
1 0.6416382253 0.8464163823 0.1023890785 0.1023890785
1 0.7414675768 0.8438566553 0.1040955631 0.0972696246
1 0.7363481229 0.9419795222 0.1075085324 0.0989761092
1 0.8694539249 0.9402730375 0.0938566553 0.1023890785
1 0.9573378840 0.9402730375 0.0853242321 0.1023890785
1 0.9590443686 0.8412969283 0.0819112628 0.0955631399
4 0.0093856655 0.9803754266 0.0187713311 0.0392491468
4 0.1237201365 0.9803754266 0.2235494881 0.0392491468
3 0.5213310580 0.9701365188 0.0699658703 0.0597269625
3 0.4573378840 0.9709897611 0.0682593857 0.0580204778
