1 0.2333715596 0.2041284404 0.0814220183 0.1811926606
1 0.3050458716 0.2104357798 0.0779816514 0.1731651376
1 0.3767201835 0.2138761468 0.0814220183 0.1754587156
1 0.4478211009 0.2224770642 0.0768348624 0.1743119266
1 0.5172018349 0.2253440367 0.0733944954 0.1662844037
1 0.5814220183 0.2305045872 0.0665137615 0.1628440367
1 0.6794724771 0.2345183486 0.1364678899 0.1571100917
1 0.4455275229 0.4185779817 0.0699541284 0.0711009174
1 0.5848623853 0.4214449541 0.0550458716 0.0768348624
1 0.6490825688 0.4266055046 0.0527522936 0.0665137615
1 0.2511467890 0.4627293578 0.0756880734 0.1662844037
1 0.3216743119 0.4644495413 0.0699541284 0.1605504587
1 0.3836009174 0.4724770642 0.0584862385 0.1536697248
1 0.4535550459 0.5068807339 0.0905963303 0.0917431193
1 0.5412844037 0.5011467890 0.0825688073 0.0894495413
1 0.6204128440 0.5074541284 0.0825688073 0.0837155963
1 0.7024082569 0.5034403670 0.0791284404 0.0871559633
1 0.2815366972 0.6376146789 0.0905963303 0.0711009174
1 0.3790137615 0.6416284404 0.0974770642 0.0814220183
1 0.4822247706 0.6358944954 0.0997706422 0.0951834862
1 0.6760321101 0.6336009174 0.0905963303 0.0722477064
1 0.2844036697 0.7276376147 0.1169724771 0.0905963303
1 0.3904816514 0.7264908257 0.0951834862 0.0905963303
1 0.4827981651 0.7207568807 0.1009174312 0.0814220183
1 0.5842889908 0.7247706422 0.0928899083 0.0756880734
1 0.5860091743 0.6456422018 0.0940366972 0.0894495413
1 0.6777522936 0.7052752294 0.0940366972 0.0711009174
1 0.3904816514 0.9202981651 0.0974770642 0.1594036697
1 0.4919724771 0.9111238532 0.0894495413 0.1525229358
1 0.5756880734 0.8939220183 0.0779816514 0.1502293578
1 0.6588302752 0.8847477064 0.0768348624 0.1364678899
1 0.2826834862 0.9317660550 0.1181192661 0.1364678899
