1 0.2636986301 0.0057077626 0.0753424658 0.0114155251
1 0.3424657534 0.0079908676 0.0821917808 0.0159817352
1 0.4189497717 0.0079908676 0.0707762557 0.0159817352
1 0.4920091324 0.0074200913 0.0753424658 0.0148401826
1 0.5673515982 0.0079908676 0.0776255708 0.0159817352
1 0.6404109589 0.0051369863 0.0776255708 0.0102739726
6 0.8179223744 0.0028538813 0.0787671233 0.0057077626
6 0.9840182648 0.0057077626 0.0319634703 0.0114155251
1 0.2796803653 0.0656392694 0.0821917808 0.0696347032
1 0.3641552511 0.0605022831 0.0821917808 0.0684931507
1 0.4526255708 0.0644977169 0.0856164384 0.0764840183
1 0.5422374429 0.0587899543 0.0890410959 0.0673515982
1 0.6329908676 0.0536529680 0.0970319635 0.0753424658
5 0.7208904110 0.1078767123 0.0559360731 0.1244292237
5 0.7716894977 0.1113013699 0.0525114155 0.1198630137
5 0.8259132420 0.1073059361 0.0559360731 0.1255707763
5 0.9412100457 0.0673515982 0.0833333333 0.0433789954
5 0.9423515982 0.1095890411 0.0901826484 0.0410958904
5 0.9942922374 0.1078767123 0.0114155251 0.0445205479
5 0.9954337900 0.0650684932 0.0091324201 0.0365296804
1 0.2813926941 0.1352739726 0.0856164384 0.0696347032
1 0.3624429224 0.1347031963 0.0833333333 0.0707762557
1 0.4531963470 0.1347031963 0.0867579909 0.0684931507
1 0.5422374429 0.1335616438 0.0890410959 0.0707762557
1 0.6329908676 0.1312785388 0.0947488584 0.0730593607
5 0.8738584475 0.1147260274 0.0422374429 0.1175799087
5 0.9412100457 0.1506849315 0.0901826484 0.0433789954
5 0.9925799087 0.1501141553 0.0148401826 0.0399543379
1 0.2751141553 0.2431506849 0.0776255708 0.0684931507
1 0.3578767123 0.2705479452 0.0810502283 0.1461187215
1 0.4360730594 0.2676940639 0.0730593607 0.1381278539
1 0.5119863014 0.2671232877 0.0764840183 0.1438356164
1 0.5890410959 0.2642694064 0.0799086758 0.1495433790
5 0.7688356164 0.2739726027 0.0924657534 0.1255707763
5 0.8578767123 0.2745433790 0.0810502283 0.1244292237
5 0.9309360731 0.2756849315 0.0719178082 0.1244292237
5 0.9823059361 0.2785388128 0.0353881279 0.1255707763
1 0.2813926941 0.3127853881 0.0742009132 0.0684931507
5 0.7945205479 0.3784246575 0.0433789954 0.0353881279
5 0.7351598174 0.3972602740 0.0707762557 0.0525114155
5 0.8652968037 0.4001141553 0.0844748858 0.0673515982
1 0.2819634703 0.4714611872 0.0913242009 0.1438356164
1 0.3658675799 0.4760273973 0.0878995434 0.1506849315
1 0.4571917808 0.4754566210 0.0878995434 0.1404109589
1 0.5468036530 0.4697488584 0.0913242009 0.1449771689
1 0.6329908676 0.4777397260 0.0833333333 0.1449771689
5 0.7226027397 0.4554794521 0.0639269406 0.0776255708
5 0.7979452055 0.4686073059 0.0821917808 0.0719178082
5 0.8812785388 0.4674657534 0.0821917808 0.0696347032
5 0.9560502283 0.4765981735 0.0878995434 0.0696347032
5 0.9549086758 0.4058219178 0.0901826484 0.0742009132
5 0.7197488584 0.5359589041 0.0650684932 0.0901826484
5 0.7922374429 0.5610730594 0.0730593607 0.0331050228
5 0.7922374429 0.5268264840 0.0776255708 0.0399543379
5 0.9765981735 0.5570776256 0.0468036530 0.0799086758
1 0.2956621005 0.6261415525 0.0913242009 0.1655251142
5 0.7265981735 0.6204337900 0.0650684932 0.0719178082
5 0.8053652968 0.6329908676 0.1015981735 0.0856164384
5 0.9081050228 0.6078767123 0.0993150685 0.1541095890
5 0.9760273973 0.6341324201 0.0479452055 0.0787671233
7 0.3065068493 0.7654109589 0.0878995434 0.0490867580
7 0.3966894977 0.7728310502 0.0878995434 0.0456621005
7 0.4982876712 0.7848173516 0.1015981735 0.0399543379
5 0.7300228311 0.7311643836 0.0833333333 0.1518264840
5 0.8144977169 0.7568493151 0.0993150685 0.1484018265
5 0.9086757991 0.7579908676 0.0936073059 0.1415525114
5 0.9748858447 0.7597031963 0.0502283105 0.1472602740
7 0.3030821918 0.8242009132 0.1084474886 0.0593607306
7 0.4035388128 0.8070776256 0.0993150685 0.0388127854
7 0.5017123288 0.8247716895 0.1015981735 0.0353881279
5 0.7283105023 0.8184931507 0.0662100457 0.0296803653
0 0.3344748858 0.9121004566 0.0821917808 0.1210045662
0 0.3972602740 0.9400684932 0.0844748858 0.0993150685
0 0.5650684932 0.9297945205 0.0844748858 0.1404109589
5 0.7357305936 0.9160958904 0.0901826484 0.1678082192
5 0.9006849315 0.9280821918 0.0776255708 0.1392694064
5 0.9640410959 0.9178082192 0.0719178082 0.0913242009
5 0.9674657534 0.9765981735 0.0650684932 0.0468036530
0 0.2574200913 0.9714611872 0.0719178082 0.0570776256
0 0.3264840183 0.9863013699 0.0616438356 0.0273972603
0 0.4874429224 0.9908675799 0.0799086758 0.0182648402
3 0.5924657534 0.8344748858 0.0867579909 0.0456621005
