1 0.0476190476 0.2942176871 0.0952380952 0.0804988662
1 0.1836734694 0.2755102041 0.1201814059 0.0657596372
1 0.3231292517 0.2806122449 0.0657596372 0.0600907029
1 0.3826530612 0.2851473923 0.0646258503 0.0578231293
1 0.4552154195 0.3004535147 0.0691609977 0.0702947846
1 0.5136054422 0.2942176871 0.0544217687 0.0759637188
1 0.5714285714 0.2976190476 0.0612244898 0.0714285714
1 0.7154195011 0.2857142857 0.1133786848 0.0544217687
1 0.9761904762 0.2783446712 0.0476190476 0.0646258503
1 0.0532879819 0.3696145125 0.1065759637 0.0770975057
1 0.1989795918 0.3418367347 0.1258503401 0.0691609977
1 0.3339002268 0.3458049887 0.0668934240 0.0657596372
1 0.3968253968 0.3497732426 0.0657596372 0.0668934240
1 0.5238095238 0.3724489796 0.0544217687 0.0759637188
1 0.4682539683 0.3741496599 0.0612244898 0.0816326531
1 0.7131519274 0.3390022676 0.1111111111 0.0544217687
1 0.8843537415 0.3134920635 0.1156462585 0.1054421769
1 0.9733560091 0.3390022676 0.0532879819 0.0612244898
2 0.0566893424 0.4433106576 0.1133786848 0.0793650794
1 0.2069160998 0.4053287982 0.1190476190 0.0646258503
1 0.3429705215 0.4115646259 0.0714285714 0.0680272109
1 0.4081632653 0.4217687075 0.0589569161 0.0521541950
1 0.5215419501 0.4450113379 0.0544217687 0.0600907029
1 0.5742630385 0.3792517007 0.0623582766 0.0646258503
1 0.7131519274 0.3911564626 0.1111111111 0.0476190476
1 0.7131519274 0.4342403628 0.1043083900 0.0453514739
1 0.8792517007 0.4189342404 0.1122448980 0.1054421769
1 0.9665532880 0.4234693878 0.0668934240 0.1031746032
1 0.2250566893 0.4676870748 0.1258503401 0.0600907029
1 0.3554421769 0.4801587302 0.0532879819 0.0691609977
1 0.4143990930 0.4807256236 0.0646258503 0.0725623583
1 0.4761904762 0.4523809524 0.0498866213 0.0680272109
1 0.5787981859 0.4484126984 0.0600907029 0.0646258503
1 0.7120181406 0.5198412698 0.1020408163 0.0396825397
1 0.7125850340 0.4767573696 0.1031746032 0.0442176871
1 0.8673469388 0.5187074830 0.1065759637 0.0963718821
1 0.0068027211 0.5379818594 0.0136054422 0.0963718821
2 0.0736961451 0.5238095238 0.1473922902 0.0997732426
1 0.2324263039 0.5283446712 0.1224489796 0.0612244898
1 0.2171201814 0.5929705215 0.0555555556 0.0657596372
1 0.2743764172 0.5918367347 0.0566893424 0.0634920635
1 0.4172335601 0.5527210884 0.0634920635 0.0759637188
1 0.5538548753 0.5668934240 0.1167800454 0.0634920635
7 0.7114512472 0.5634920635 0.1099773243 0.0430839002
1 0.9637188209 0.5283446712 0.0725623583 0.0975056689
1 0.0192743764 0.6213151927 0.0385487528 0.0884353741
2 0.0969387755 0.6196145125 0.1349206349 0.1031746032
0 0.2551020408 0.6604308390 0.1133786848 0.0691609977
1 0.4308390023 0.6145124717 0.0521541950 0.0521541950
0 0.4994331066 0.6173469388 0.0328798186 0.0396825397
0 0.5623582766 0.6638321995 0.1088435374 0.0510204082
0 0.5646258503 0.6218820862 0.0997732426 0.0464852608
7 0.7222222222 0.6235827664 0.0793650794 0.0839002268
1 0.8650793651 0.6054421769 0.1020408163 0.0907029478
0 0.9829931973 0.6558956916 0.0340136054 0.0555555556
1 0.0317460317 0.7029478458 0.0634920635 0.0793650794
0 0.1309523810 0.7012471655 0.1099773243 0.0600907029
0 0.2658730159 0.7188208617 0.1009070295 0.0498866213
1 0.4092970522 0.6802721088 0.1111111111 0.0702947846
0 0.4954648526 0.7290249433 0.0317460317 0.0657596372
0 0.5634920635 0.7267573696 0.1065759637 0.0725623583
0 0.7125850340 0.7035147392 0.0963718821 0.0782312925
1 0.8571428571 0.6955782313 0.0997732426 0.0827664399
0 0.9563492063 0.7114512472 0.0873015873 0.0623582766
1 0.0430839002 0.7800453515 0.0861678005 0.0748299320
7 0.1133786848 0.7681405896 0.0657596372 0.0600907029
0 0.1655328798 0.7636054422 0.0544217687 0.0646258503
0 0.2749433107 0.7692743764 0.1009070295 0.0555555556
6 0.4438775510 0.8010204082 0.0578231293 0.0532879819
6 0.3809523810 0.8038548753 0.0657596372 0.0612244898
1 0.4104308390 0.7443310658 0.1088435374 0.0623582766
0 0.5028344671 0.7857142857 0.0374149660 0.0453514739
0 0.5680272109 0.7879818594 0.0975056689 0.0521541950
7 0.7159863946 0.8021541950 0.0736961451 0.0215419501
4 0.7035147392 0.7670068027 0.1122448980 0.0532879819
6 0.8027210884 0.7647392290 0.0657596372 0.0623582766
4 0.8390022676 0.8078231293 0.0952380952 0.0328798186
6 0.8650793651 0.7664399093 0.0657596372 0.0589569161
0 0.9495464853 0.7647392290 0.1009070295 0.0578231293
8 0.0629251701 0.8832199546 0.0895691610 0.0498866213
8 0.0464852608 0.8356009070 0.0861678005 0.0498866213
0 0.1547619048 0.8208616780 0.1031746032 0.0521541950
5 0.2420634921 0.8407029478 0.0464852608 0.0623582766
0 0.1712018141 0.8735827664 0.0952380952 0.0668934240
5 0.3027210884 0.8486394558 0.0861678005 0.0419501134
5 0.2930839002 0.8123582766 0.0895691610 0.0351473923
5 0.3628117914 0.8560090703 0.0362811791 0.0408163265
5 0.4506802721 0.8520408163 0.0555555556 0.0396825397
5 0.4013605442 0.8548752834 0.0430839002 0.0453514739
7 0.5141723356 0.8367346939 0.0260770975 0.0589569161
7 0.5714285714 0.8373015873 0.0884353741 0.0578231293
7 0.6519274376 0.8339002268 0.0340136054 0.0442176871
7 0.7176870748 0.8463718821 0.0680272109 0.0260770975
7 0.7165532880 0.8231292517 0.0702947846 0.0249433107
7 0.7210884354 0.8667800454 0.0589569161 0.0192743764
4 0.8350340136 0.8350340136 0.0941043084 0.0328798186
4 0.8321995465 0.8679138322 0.1020408163 0.0374149660
0 0.9274376417 0.8622448980 0.0544217687 0.0510204082
0 0.9552154195 0.8180272109 0.0895691610 0.0487528345
0 0.9761904762 0.8667800454 0.0476190476 0.0487528345
5 0.2482993197 0.9098639456 0.0498866213 0.0736961451
5 0.3078231293 0.9019274376 0.0873015873 0.0396825397
5 0.4331065760 0.8911564626 0.0861678005 0.0317460317
5 0.4370748299 0.9285714286 0.0850340136 0.0340136054
7 0.5107709751 0.8985260771 0.0374149660 0.0646258503
7 0.5725623583 0.8968253968 0.0884353741 0.0657596372
7 0.7335600907 0.8917233560 0.0294784580 0.0283446712
7 0.7216553288 0.9104308390 0.0510204082 0.0226757370
7 0.6763038549 0.8871882086 0.0306122449 0.0260770975
4 0.8174603175 0.8968253968 0.1201814059 0.0408163265
0 0.9246031746 0.9087301587 0.0578231293 0.0532879819
0 0.9705215420 0.9104308390 0.0476190476 0.0476190476
