1 0.4148936170 0.2946808511 0.1340425532 0.0851063830
1 0.5627659574 0.2941489362 0.0638297872 0.0691489362
1 0.6276595745 0.2882978723 0.0638297872 0.0723404255
1 0.7281914894 0.2941489362 0.0648936170 0.0797872340
1 0.7930851064 0.2925531915 0.0648936170 0.0765957447
1 0.8755319149 0.2776595745 0.0638297872 0.0702127660
1 0.9446808511 0.2739361702 0.0723404255 0.0691489362
1 0.9888297872 0.2744680851 0.0223404255 0.0510638298
0 0.0303191489 0.3436170213 0.0606382979 0.0765957447
7 0.0861702128 0.3143617021 0.0553191489 0.1010638298
7 0.1409574468 0.3175531915 0.0457446809 0.0819148936
1 0.2707446809 0.3074468085 0.1542553191 0.0851063830
1 0.6026595745 0.3654255319 0.1351063830 0.0755319149
1 0.8755319149 0.3510638298 0.0723404255 0.0765957447
1 0.9500000000 0.3446808511 0.0787234043 0.0787234043
1 0.9957446809 0.3319148936 0.0085106383 0.0531914894
0 0.0122340426 0.4021276596 0.0244680851 0.0787234043
7 0.1021276596 0.4079787234 0.0361702128 0.0925531915
7 0.1340425532 0.4015957447 0.0425531915 0.0819148936
1 0.4106382979 0.3728723404 0.1404255319 0.0819148936
1 0.7287234043 0.3696808511 0.0659574468 0.0776595745
1 0.7978723404 0.3712765957 0.0638297872 0.0765957447
1 0.8712765957 0.4223404255 0.0638297872 0.0659574468
1 0.9382978723 0.4212765957 0.0680851064 0.0680851064
1 0.9861702128 0.3808510638 0.0276595745 0.0404255319
1 0.9882978723 0.4234042553 0.0234042553 0.0531914894
7 0.0856382979 0.4994680851 0.0329787234 0.0946808511
7 0.1228723404 0.4962765957 0.0372340426 0.0946808511
1 0.4111702128 0.4579787234 0.1308510638 0.0819148936
1 0.6047872340 0.4382978723 0.1287234043 0.0680851064
1 0.7287234043 0.4542553191 0.0638297872 0.0808510638
1 0.7941489362 0.4537234043 0.0712765957 0.0797872340
1 0.8718085106 0.4904255319 0.0627659574 0.0702127660
1 0.9414893617 0.4882978723 0.0702127660 0.0702127660
1 0.9882978723 0.4760638298 0.0234042553 0.0521276596
0 0.0265957447 0.5585106383 0.0531914894 0.0787234043
1 0.4164893617 0.5414893617 0.1351063830 0.0851063830
1 0.6053191489 0.5090425532 0.1340425532 0.0712765957
1 0.7297872340 0.5372340426 0.0659574468 0.0829787234
1 0.7994680851 0.5372340426 0.0627659574 0.0829787234
1 0.8750000000 0.5606382979 0.0712765957 0.0723404255
1 0.9457446809 0.5585106383 0.0744680851 0.0702127660
1 0.9909574468 0.5308510638 0.0180851064 0.0510638298
3 0.0765957447 0.5840425532 0.0425531915 0.0808510638
1 0.4090425532 0.6218085106 0.1351063830 0.0776595745
1 0.6079787234 0.5808510638 0.1393617021 0.0744680851
1 0.7319148936 0.6218085106 0.0680851064 0.0882978723
1 0.8042553191 0.6218085106 0.0702127660 0.0904255319
1 0.8781914894 0.6287234043 0.0670212766 0.0723404255
1 0.9484042553 0.6287234043 0.0691489362 0.0744680851
1 0.9920212766 0.6340425532 0.0159574468 0.0531914894
1 0.9925531915 0.5803191489 0.0148936170 0.0521276596
5 0.2760638298 0.7090425532 0.0670212766 0.0606382979
5 0.3547872340 0.7026595745 0.0840425532 0.0606382979
5 0.4297872340 0.7053191489 0.0723404255 0.0595744681
5 0.7537234043 0.7037234043 0.1159574468 0.0521276596
5 0.0393617021 0.7175531915 0.0787234043 0.0840425532
5 0.0914893617 0.7106382979 0.0276595745 0.0617021277
5 0.1728723404 0.7122340426 0.1414893617 0.0776595745
5 0.3313829787 0.7702127660 0.0308510638 0.0680851064
5 0.3632978723 0.7702127660 0.0372340426 0.0723404255
5 0.4175531915 0.7755319149 0.0670212766 0.0765957447
5 0.5015957447 0.7723404255 0.0329787234 0.0404255319
5 0.4840425532 0.7170212766 0.0489361702 0.0659574468
5 0.5989361702 0.7484042553 0.1170212766 0.0861702128
5 0.7505319149 0.7510638298 0.1117021277 0.0489361702
6 0.9255319149 0.7223404255 0.1489361702 0.0744680851
5 0.1489361702 0.7909574468 0.1382978723 0.0925531915
5 0.2643617021 0.7824468085 0.0797872340 0.0946808511
5 0.4813829787 0.8382978723 0.0627659574 0.0787234043
5 0.5984042553 0.8313829787 0.1159574468 0.0755319149
5 0.7473404255 0.8462765957 0.1095744681 0.0393617021
5 0.7542553191 0.8015957447 0.1170212766 0.0521276596
6 0.9228723404 0.7941489362 0.1478723404 0.0734042553
5 0.0271276596 0.8712765957 0.0542553191 0.0723404255
5 0.1478723404 0.8787234043 0.1319148936 0.0872340426
5 0.2877659574 0.8781914894 0.1436170213 0.0925531915
5 0.4186170213 0.8531914894 0.0648936170 0.0765957447
5 0.5973404255 0.8994680851 0.1159574468 0.0670212766
5 0.7138297872 0.9090425532 0.0404255319 0.0840425532
5 0.7521276596 0.9101063830 0.0382978723 0.0840425532
5 0.7914893617 0.9090425532 0.0404255319 0.0776595745
6 0.9292553191 0.8941489362 0.1414893617 0.1010638298
5 0.0207446809 0.9420212766 0.0414893617 0.0904255319
5 0.1462765957 0.9547872340 0.1372340426 0.0755319149
5 0.2632978723 0.9595744681 0.0734042553 0.0808510638
5 0.3351063830 0.9601063830 0.0744680851 0.0797872340
5 0.4101063830 0.9228723404 0.0648936170 0.0819148936
5 0.4760638298 0.9239361702 0.0691489362 0.0882978723
5 0.5946808511 0.9627659574 0.1170212766 0.0638297872
6 0.9218085106 0.9670212766 0.1563829787 0.0659574468
5 0.0260638298 0.9909574468 0.0521276596 0.0180851064
5 0.1414893617 0.9962765957 0.1446808511 0.0074468085
5 0.4085106383 0.9824468085 0.0638297872 0.0351063830
5 0.4765957447 0.9856382979 0.0638297872 0.0287234043
5 0.7143617021 0.9750000000 0.0372340426 0.0500000000
5 0.7936170213 0.9776595745 0.0340425532 0.0446808511
5 0.7537234043 0.9765957447 0.0414893617 0.0468085106
