1 0.3383333333 0.0425000000 0.0700000000 0.0850000000
7 0.4316666667 0.0116666667 0.0800000000 0.0233333333
0 0.5966666667 0.0383333333 0.1700000000 0.0766666667
6 0.7316666667 0.0375000000 0.0966666667 0.0750000000
6 0.8233333333 0.0400000000 0.0966666667 0.0800000000
4 0.9433333333 0.0350000000 0.1133333333 0.0700000000
1 0.3200000000 0.1050000000 0.0800000000 0.1500000000
2 0.3941666667 0.1025000000 0.0983333333 0.1750000000
0 0.5766666667 0.1125000000 0.1700000000 0.0916666667
1 0.7433333333 0.1358333333 0.1466666667 0.1216666667
0 0.9425000000 0.1241666667 0.1150000000 0.1150000000
7 0.2583333333 0.2258333333 0.1100000000 0.2250000000
0 0.5291666667 0.1941666667 0.1083333333 0.0816666667
1 0.7316666667 0.2683333333 0.1500000000 0.1333333333
7 0.9416666667 0.2416666667 0.1166666667 0.1233333333
1 0.1383333333 0.3600000000 0.1800000000 0.1633333333
1 0.2633333333 0.3483333333 0.1000000000 0.0666666667
1 0.5383333333 0.3816666667 0.2033333333 0.1433333333
7 0.9383333333 0.3300000000 0.1233333333 0.0633333333
1 0.0891666667 0.4466666667 0.1783333333 0.1700000000
1 0.2558333333 0.4283333333 0.1316666667 0.0833333333
1 0.7283333333 0.3958333333 0.1566666667 0.1416666667
1 0.9400000000 0.4575000000 0.1200000000 0.0650000000
1 0.9408333333 0.3941666667 0.1183333333 0.0583333333
7 0.0533333333 0.5991666667 0.1066666667 0.1250000000
7 0.0575000000 0.5216666667 0.1150000000 0.1266666667
1 0.2116666667 0.5841666667 0.1366666667 0.0816666667
1 0.2241666667 0.5050000000 0.1550000000 0.0800000000
1 0.5258333333 0.5358333333 0.2116666667 0.1516666667
1 0.7108333333 0.5425000000 0.1650000000 0.1550000000
1 0.9391666667 0.5200000000 0.1216666667 0.0666666667
1 0.9366666667 0.5833333333 0.1266666667 0.0700000000
1 0.1200000000 0.6258333333 0.0766666667 0.1783333333
1 0.2008333333 0.6708333333 0.1516666667 0.0850000000
1 0.5125000000 0.6600000000 0.2016666667 0.0900000000
1 0.7033333333 0.6975000000 0.1700000000 0.1550000000
1 0.9366666667 0.6600000000 0.1266666667 0.0800000000
1 0.0383333333 0.7325000000 0.0766666667 0.2283333333
1 0.0716666667 0.8033333333 0.0900000000 0.1900000000
1 0.1808333333 0.7550000000 0.1650000000 0.0733333333
1 0.5025000000 0.7491666667 0.2016666667 0.0950000000
1 0.9341666667 0.7383333333 0.1316666667 0.0800000000
