0 0.0166284404 0.0303899083 0.0332568807 0.0607798165
0 0.0137614679 0.1163990826 0.0275229358 0.1272935780
7 0.1496559633 0.1049311927 0.2006880734 0.1043577982
1 0.3956422018 0.0705275229 0.1009174312 0.0447247706
1 0.5022935780 0.1083715596 0.0825688073 0.1020642202
1 0.7322247706 0.1123853211 0.1639908257 0.1261467890
1 0.3967889908 0.1358944954 0.0986238532 0.0997706422
0 0.0120412844 0.2350917431 0.0240825688 0.1261467890
7 0.1485091743 0.2012614679 0.2029816514 0.0928899083
1 0.5034403670 0.2144495413 0.0871559633 0.0963302752
1 0.7362385321 0.2230504587 0.1743119266 0.1089449541
7 0.9948394495 0.2454128440 0.0103211009 0.1032110092
7 0.1324541284 0.3216743119 0.0951834862 0.1250000000
7 0.2150229358 0.3319954128 0.0791284404 0.1204128440
6 0.3813073394 0.2924311927 0.1341743119 0.2247706422
1 0.5000000000 0.3176605505 0.0733944954 0.1009174312
1 0.7316513761 0.3325688073 0.1697247706 0.1100917431
0 0.0137614679 0.3486238532 0.0275229358 0.1100917431
7 0.9225917431 0.3686926606 0.0699541284 0.0791284404
7 0.9730504587 0.3927752294 0.0538990826 0.0860091743
0 0.0131880734 0.4575688073 0.0263761468 0.1009174312
7 0.1255733945 0.4518348624 0.1043577982 0.1330275229
7 0.2133027523 0.4524082569 0.0825688073 0.1204128440
1 0.4954128440 0.4180045872 0.0756880734 0.0951834862
1 0.7316513761 0.4432339450 0.1605504587 0.1066513761
7 0.0120412844 0.5613532110 0.0240825688 0.1181192661
6 0.3795871560 0.5103211009 0.1353211009 0.2155963303
1 0.4959862385 0.5091743119 0.0768348624 0.0917431193
1 0.7425458716 0.5481651376 0.1594036697 0.1055045872
7 0.9730504587 0.5344036697 0.0538990826 0.2133027523
7 0.1106651376 0.5940366972 0.0951834862 0.1490825688
7 0.2047018349 0.5940366972 0.0860091743 0.1513761468
1 0.4942660550 0.6037844037 0.0802752294 0.0928899083
7 0.0131880734 0.6777522936 0.0263761468 0.1261467890
1 0.4977064220 0.6978211009 0.0848623853 0.0928899083
1 0.7299311927 0.6456422018 0.1662844037 0.0917431193
7 0.1530963303 0.7316513761 0.2006880734 0.1399082569
6 0.3813073394 0.7345183486 0.1364678899 0.2282110092
1 0.7282110092 0.7396788991 0.1536697248 0.1009174312
3 0.0120412844 0.7935779817 0.0240825688 0.1444954128
1 0.2012614679 0.8526376147 0.0974770642 0.1341743119
1 0.5470183486 0.8193807339 0.1743119266 0.1089449541
1 0.0986238532 0.8675458716 0.1123853211 0.1341743119
6 0.3491972477 0.8922018349 0.1846330275 0.1123853211
7 0.0120412844 0.9300458716 0.0240825688 0.1399082569
