1 0.1294212219 0.0442122186 0.2588424437 0.0884244373
1 0.4895498392 0.0418006431 0.2106109325 0.0836012862
1 0.7853697749 0.0426045016 0.1270096463 0.0852090032
1 0.9115755627 0.0313504823 0.0996784566 0.0627009646
1 0.1495176849 0.1302250804 0.2411575563 0.1382636656
1 0.5128617363 0.1519292605 0.2282958199 0.1366559486
1 0.7869774920 0.1519292605 0.1270096463 0.1334405145
1 0.9059485531 0.1358520900 0.1141479100 0.1366559486
1 0.1744372990 0.2548231511 0.2491961415 0.1237942122
1 0.7950160772 0.2813504823 0.1141479100 0.1414790997
1 0.9139871383 0.2805466238 0.1334405145 0.1398713826
1 0.5281350482 0.2942122186 0.2138263666 0.1254019293
8 0.1969453376 0.4059485531 0.2266881029 0.1913183280
1 0.5522508039 0.4115755627 0.2106109325 0.1093247588
1 0.7893890675 0.4236334405 0.1061093248 0.1302250804
1 0.9003215434 0.4260450161 0.1254019293 0.1318327974
8 0.2355305466 0.5546623794 0.1881028939 0.1028938907
1 0.5651125402 0.5281350482 0.1913183280 0.1077170418
1 0.8167202572 0.5546623794 0.0996784566 0.1318327974
1 0.9172025723 0.5522508039 0.1012861736 0.1270096463
