1 0.1263157895 0.0037593985 0.0751879699 0.0075187970
1 0.0112781955 0.0255639098 0.0225563910 0.0511278195
1 0.0654135338 0.0345864662 0.0796992481 0.0661654135
1 0.1345864662 0.0390977444 0.0827067669 0.0781954887
1 0.2864661654 0.0428571429 0.0857142857 0.0857142857
1 0.2127819549 0.0383458647 0.0857142857 0.0766917293
1 0.4488721805 0.0721804511 0.0827067669 0.1443609023
1 0.3586466165 0.0699248120 0.0736842105 0.1398496241
1 0.4105263158 0.0714285714 0.0601503759 0.1428571429
1 0.4977443609 0.0796992481 0.0751879699 0.1383458647
1 0.5827067669 0.0842105263 0.0706766917 0.1413533835
1 0.5436090226 0.0781954887 0.0736842105 0.1383458647
1 0.6240601504 0.0857142857 0.0812030075 0.1383458647
1 0.0496240602 0.1165413534 0.0812030075 0.0556390977
1 0.1323308271 0.1165413534 0.0872180451 0.0736842105
1 0.2203007519 0.1135338346 0.0887218045 0.0736842105
1 0.3000000000 0.1187969925 0.0736842105 0.0721804511
1 0.0300751880 0.2233082707 0.0601503759 0.0616541353
1 0.1669172932 0.2548872180 0.0962406015 0.1308270677
1 0.0969924812 0.2616541353 0.0857142857 0.1413533835
1 0.2413533835 0.2180451128 0.0857142857 0.0631578947
1 0.3187969925 0.2157894737 0.0812030075 0.0646616541
1 0.0338345865 0.2947368421 0.0676691729 0.0932330827
1 0.1654135338 0.3616541353 0.0781954887 0.0706766917
1 0.0879699248 0.3684210526 0.0947368421 0.0721804511
1 0.2353383459 0.3654135338 0.0736842105 0.0751879699
1 0.2518796992 0.2834586466 0.0827067669 0.0706766917
1 0.3165413534 0.3624060150 0.0827067669 0.0691729323
1 0.3308270677 0.2804511278 0.0812030075 0.0646616541
2 0.6639097744 0.2842105263 0.1187969925 0.1203007519
2 0.5969924812 0.2894736842 0.0902255639 0.1308270677
2 0.7518796992 0.3172932331 0.1082706767 0.1834586466
2 0.8037593985 0.3172932331 0.1097744361 0.1804511278
1 0.0112781955 0.3842105263 0.0225563910 0.0736842105
2 0.5729323308 0.3962406015 0.0691729323 0.0616541353
1 0.0609022556 0.4932330827 0.1067669173 0.0872180451
1 0.1496240602 0.4872180451 0.0887218045 0.0842105263
1 0.3060150376 0.4812030075 0.0796992481 0.0781954887
1 0.2511278195 0.5601503759 0.0842105263 0.0857142857
1 0.3090225564 0.5601503759 0.0496240602 0.0796992481
1 0.2263157895 0.4827067669 0.0887218045 0.0751879699
1 0.3601503759 0.5586466165 0.0676691729 0.0827067669
1 0.3684210526 0.4796992481 0.0751879699 0.0812030075
1 0.4849624060 0.5037593985 0.1308270677 0.1263157895
1 0.5857142857 0.4932330827 0.1157894737 0.1203007519
1 0.7090225564 0.4864661654 0.1218045113 0.1218045113
1 0.7842105263 0.4781954887 0.1097744361 0.1112781955
1 0.8533834586 0.4729323308 0.1067669173 0.1067669173
1 0.0090225564 0.5939849624 0.0180451128 0.0962406015
1 0.0676691729 0.5812030075 0.1112781955 0.0917293233
1 0.1646616541 0.5706766917 0.0917293233 0.0917293233
