5 0.0149456522 0.0492527174 0.0298913043 0.0985054348
5 0.0771059783 0.0557065217 0.0998641304 0.1114130435
6 0.2469429348 0.0523097826 0.1052989130 0.1046195652
6 0.5173233696 0.0380434783 0.1039402174 0.0760869565
6 0.6253396739 0.0271739130 0.1134510870 0.0543478261
6 0.6270380435 0.0981657609 0.1086956522 0.1120923913
6 0.8783967391 0.0309103261 0.2051630435 0.0618206522
5 0.0220788043 0.1514945652 0.0441576087 0.1222826087
5 0.0934103261 0.1637228261 0.0998641304 0.1086956522
6 0.2466032609 0.1504755435 0.1019021739 0.1120923913
6 0.5224184783 0.1151494565 0.1114130435 0.1012228261
1 0.5139266304 0.2187500000 0.0944293478 0.1114130435
1 0.6025815217 0.2143342391 0.0991847826 0.1202445652
6 0.8787364130 0.1083559783 0.2112771739 0.1148097826
6 0.0608016304 0.2527173913 0.1216032609 0.1141304348
6 0.2462635870 0.2544157609 0.0944293478 0.1161684783
1 0.5146059783 0.3338994565 0.0849184783 0.1202445652
1 0.9324048913 0.2343750000 0.1093750000 0.1127717391
1 0.8281250000 0.2330163043 0.0991847826 0.1141304348
6 0.0611413043 0.4480298913 0.1222826087 0.1080163043
6 0.0631793478 0.3539402174 0.1263586957 0.1073369565
1 0.2313179348 0.4463315217 0.0672554348 0.0951086957
1 0.2849864130 0.3468070652 0.1732336957 0.1066576087
1 0.6042798913 0.3366168478 0.0985054348 0.1297554348
1 0.8216711957 0.3451086957 0.0998641304 0.1168478261
1 0.9269701087 0.4470108696 0.1080163043 0.1086956522
1 0.9283288043 0.3396739130 0.1093750000 0.1073369565
1 0.9884510870 0.4510869565 0.0230978261 0.1005434783
1 0.0230978261 0.5577445652 0.0461956522 0.1154891304
1 0.0805027174 0.5543478261 0.0862771739 0.1168478261
1 0.2476222826 0.5417798913 0.0849184783 0.0944293478
1 0.3322010870 0.5414402174 0.0815217391 0.1032608696
1 0.5166440217 0.4548233696 0.0835597826 0.1202445652
1 0.6066576087 0.4599184783 0.1046195652 0.1290760870
1 0.8345788043 0.5601222826 0.1120923913 0.1093750000
1 0.8274456522 0.4555027174 0.0842391304 0.1080163043
1 0.9354619565 0.5523097826 0.0991847826 0.1059782609
1 0.0230978261 0.6674592391 0.0461956522 0.1161684783
1 0.0920516304 0.6773097826 0.0794836957 0.1127717391
1 0.2506793478 0.6362092391 0.0788043478 0.0944293478
1 0.3355978261 0.6375679348 0.0923913043 0.0944293478
1 0.5200407609 0.5730298913 0.0862771739 0.1256793478
1 0.5200407609 0.5743885870 0.0835597826 0.1311141304
1 0.6114130435 0.5777853261 0.1019021739 0.1080163043
1 0.8383152174 0.6705163043 0.1141304348 0.1114130435
1 0.9436141304 0.6576086957 0.1046195652 0.1086956522
1 0.0241168478 0.7914402174 0.0482336957 0.1195652174
1 0.0985054348 0.7890625000 0.0733695652 0.1120923913
1 0.3383152174 0.7336956522 0.0923913043 0.0951086957
1 0.2516983696 0.7323369565 0.0781250000 0.0951086957
1 0.5343070652 0.6990489130 0.1039402174 0.1154891304
1 0.6270380435 0.6990489130 0.0896739130 0.1100543478
1 0.9307065217 0.7747961957 0.1059782609 0.1080163043
1 0.8328804348 0.7764945652 0.0923913043 0.1005434783
1 0.0682744565 0.9055706522 0.1365489130 0.1100543478
1 0.3389945652 0.8226902174 0.0896739130 0.0923913043
1 0.2527173913 0.8250679348 0.0774456522 0.0917119565
1 0.5346467391 0.8040081522 0.0937500000 0.0998641304
5 0.5492527174 0.9110054348 0.1188858696 0.0557065217
1 0.6273777174 0.8070652174 0.0971467391 0.1059782609
1 0.8413722826 0.8794157609 0.1012228261 0.1093750000
1 0.9378396739 0.8756793478 0.0998641304 0.1059782609
7 0.0251358696 0.9786005435 0.0502717391 0.0427989130
7 0.0920516304 0.9789402174 0.0849184783 0.0421195652
1 0.2567934783 0.9215353261 0.0869565217 0.1025815217
1 0.2632472826 0.9860733696 0.0985054348 0.0278532609
1 0.3607336957 0.9857336957 0.0991847826 0.0285326087
1 0.3597146739 0.9225543478 0.0971467391 0.0923913043
5 0.5370244565 0.9660326087 0.0998641304 0.0543478261
5 0.5186820652 0.9952445652 0.0604619565 0.0095108696
