1 0.0387788779 0.0140264026 0.0775577558 0.0280528053
1 0.1311881188 0.0140264026 0.1006600660 0.0280528053
1 0.2904290429 0.0132013201 0.1122112211 0.0264026403
1 0.6023102310 0.0107260726 0.2046204620 0.0214521452
1 0.0363036304 0.0915841584 0.0726072607 0.1171617162
1 0.1245874587 0.0891089109 0.0973597360 0.1155115512
1 0.2830033003 0.0833333333 0.1105610561 0.1105610561
1 0.5998349835 0.0569306931 0.2029702970 0.0907590759
1 0.0330033003 0.2004950495 0.0660066007 0.1039603960
1 0.2821782178 0.1955445545 0.1188118812 0.1138613861
1 0.5957095710 0.1410891089 0.2013201320 0.0841584158
1 0.0297029703 0.3061056106 0.0594059406 0.1006600660
1 0.1171617162 0.2070957096 0.1023102310 0.1171617162
1 0.5932343234 0.2244224422 0.2029702970 0.0891089109
1 0.1155115512 0.3160066007 0.0990099010 0.1072607261
1 0.2755775578 0.3102310231 0.1089108911 0.1155115512
1 0.5866336634 0.3102310231 0.1996699670 0.0825082508
1 0.5849834983 0.3935643564 0.1996699670 0.0841584158
1 0.1122112211 0.4232673267 0.0990099010 0.1072607261
1 0.0305280528 0.4199669967 0.0610561056 0.1039603960
1 0.2689768977 0.4232673267 0.1089108911 0.1138613861
1 0.5816831683 0.4752475248 0.1996699670 0.0891089109
1 0.8712871287 0.4191419142 0.2079207921 0.1914191419
1 0.0767326733 0.5321782178 0.1534653465 0.1105610561
1 0.2623762376 0.5379537954 0.1023102310 0.1122112211
1 0.5800330033 0.5585808581 0.1996699670 0.0907590759
1 0.8572607261 0.5924092409 0.1798679868 0.1551155116
1 0.0701320132 0.6443894389 0.1402640264 0.1171617162
1 0.3085808581 0.6518151815 0.2079207921 0.1221122112
1 0.5775577558 0.6402640264 0.1980198020 0.0924092409
1 0.5742574257 0.7227722772 0.1980198020 0.0957095710
1 0.0709570957 0.7508250825 0.1419141914 0.1221122112
1 0.3102310231 0.7590759076 0.2178217822 0.1254125413
1 0.5717821782 0.8061056106 0.1963696370 0.0940594059
1 0.8523102310 0.7533003300 0.1798679868 0.1567656766
1 0.0709570957 0.8696369637 0.1419141914 0.1419141914
1 0.3094059406 0.8869636964 0.2161716172 0.1435643564
1 0.5684818482 0.8902640264 0.1930693069 0.0973597360
1 0.8580858086 0.8820132013 0.2013201320 0.1006600660
1 0.0693069307 0.9603960396 0.1386138614 0.0792079208
1 0.2995049505 0.9719471947 0.2128712871 0.0561056106
1 0.5643564356 0.9603960396 0.1947194719 0.0792079208
1 0.8580858086 0.9595709571 0.2112211221 0.0808580858
