1 0.0747613998 0.1542948038 0.1261930011 0.0668080594
1 0.0742311771 0.2078472959 0.1251325557 0.0636267232
1 0.2444326617 0.1797454931 0.1367974549 0.0901378579
1 0.4103923648 0.1935312831 0.1251325557 0.0922587487
1 0.5588547190 0.2004241782 0.1018027572 0.0657476140
1 0.7067868505 0.2179215270 0.1283138918 0.0583244963
7 0.8621420997 0.2152704136 0.1060445387 0.0551431601
1 0.0715800636 0.2592788971 0.1240721103 0.0625662778
1 0.2380699894 0.2613997879 0.1389183457 0.0922587487
1 0.4082714740 0.2725344645 0.1251325557 0.0911983033
1 0.5551431601 0.2603393425 0.0986214210 0.0668080594
1 0.7036055143 0.2804878049 0.1261930011 0.0604453871
7 0.8584305408 0.2608695652 0.1071049841 0.0530222694
1 0.0694591729 0.3133616119 0.1261930011 0.0604453871
1 0.2375397667 0.3435843054 0.1399787911 0.0805938494
1 0.4072110286 0.3488865323 0.1230116649 0.0784729586
1 0.5535524920 0.3202545069 0.0996818664 0.0699893955
1 0.7009544008 0.3419936373 0.1251325557 0.0604453871
7 0.8536585366 0.3377518558 0.1081654295 0.1155885472
7 0.9729586426 0.3414634146 0.0540827147 0.0742311771
1 0.0657476140 0.4199363733 0.1272534464 0.0593849417
1 0.0678685048 0.3669141039 0.1272534464 0.0615058324
1 0.2386002121 0.4125132556 0.1336161188 0.0784729586
1 0.4061505832 0.4172852598 0.1187698834 0.0752916225
1 0.5514316013 0.3849416755 0.0996818664 0.0615058324
1 0.6977730647 0.4013785790 0.1251325557 0.0540827147
7 0.9703075292 0.4024390244 0.0593849417 0.0668080594
1 0.0641569459 0.4724284199 0.1283138918 0.0583244963
1 0.2682926829 0.4856839873 0.0657476140 0.0721102863
1 0.3992576882 0.4893955461 0.1219512195 0.0710498409
1 0.5477200424 0.4453870626 0.0986214210 0.0593849417
1 0.6961823966 0.4618239661 0.1261930011 0.0604453871
7 0.8494167550 0.4453870626 0.1102863203 0.1124072110
7 0.9692470838 0.4665959703 0.0615058324 0.0742311771
1 0.0636267232 0.5259809120 0.1272534464 0.0572640509
1 0.2640509014 0.5593849417 0.0699893955 0.0731707317
1 0.4289501591 0.5615058324 0.0625662778 0.0668080594
1 0.3647932131 0.5593849417 0.0636267232 0.0689289502
1 0.5159066808 0.5180275716 0.0434782609 0.0816542948
1 0.5678685048 0.5180275716 0.0562036055 0.0837751856
1 0.6935312831 0.5243902439 0.1208907741 0.0583244963
3 0.8780487805 0.5227995758 0.0381760339 0.0445387063
3 0.8388123012 0.5609756098 0.0402969247 0.0402969247
3 0.8769883351 0.5620360551 0.0360551432 0.0381760339
3 0.8419936373 0.5201484624 0.0381760339 0.0455991516
7 0.9660657476 0.5630965005 0.0678685048 0.1251325557
1 0.0625662778 0.5784729586 0.1251325557 0.0540827147
1 0.0620360551 0.6320254507 0.1240721103 0.0530222694
1 0.2598091198 0.6320254507 0.0699893955 0.0742311771
1 0.3626723224 0.6283138918 0.0636267232 0.0689289502
1 0.5137857900 0.6007423118 0.0413573701 0.0795334040
1 0.5641569459 0.6039236479 0.0551431601 0.0837751856
1 0.6935312831 0.6071049841 0.1208907741 0.1049840933
3 0.8525980912 0.5980911983 0.0827147402 0.0424178155
1 0.0604453871 0.6871686108 0.1208907741 0.0572640509
1 0.3616118770 0.6983032874 0.0657476140 0.0752916225
1 0.4284199364 0.6346765642 0.0593849417 0.0646871686
1 0.5106044539 0.6855779427 0.0434782609 0.0752916225
1 0.5609756098 0.6866383881 0.0593849417 0.0774125133
2 0.9777306469 0.6585365854 0.0445387063 0.0699893955
1 0.0593849417 0.7407211029 0.1187698834 0.0540827147
1 0.2555673383 0.7057264051 0.0763520679 0.0731707317
1 0.4257688229 0.7025450689 0.0625662778 0.0668080594
1 0.5095440085 0.7613997879 0.0477200424 0.0742311771
1 0.5599151644 0.7651113468 0.0572640509 0.0774125133
1 0.6876988335 0.7158006363 0.1198303287 0.1081654295
8 0.8393425239 0.7051961824 0.1028632025 0.1696712619
2 0.9756097561 0.7216330859 0.0487804878 0.0731707317
1 0.0583244963 0.7948038176 0.1166489926 0.0583244963
1 0.2550371156 0.7778366914 0.0710498409 0.0710498409
1 0.3568398727 0.7741251326 0.0625662778 0.0742311771
1 0.4209968187 0.7725344645 0.0615058324 0.0752916225
1 0.6792152704 0.8229056204 0.1198303287 0.1081654295
8 0.8335100742 0.8345705196 0.1018027572 0.0869565217
2 0.9745493107 0.8197242842 0.0509013786 0.1293743372
1 0.0577942736 0.8478260870 0.1155885472 0.0604453871
1 0.2502651113 0.8494167550 0.0721102863 0.0699893955
1 0.3525980912 0.8494167550 0.0646871686 0.0721102863
1 0.4183457052 0.8472958643 0.0625662778 0.0678685048
1 0.5068928950 0.8414634146 0.0509013786 0.0795334040
1 0.5562036055 0.8398727466 0.0540827147 0.0784729586
