1 0.3687022901 0.1198473282 0.1755725191 0.2396946565
1 0.5427480916 0.1015267176 0.2091603053 0.2030534351
1 0.7381679389 0.0816793893 0.2152671756 0.1633587786
1 0.9183206107 0.0427480916 0.1633587786 0.0854961832
1 0.0221374046 0.2312977099 0.0442748092 0.1877862595
1 0.1007633588 0.1908396947 0.1221374046 0.2137404580
1 0.2259541985 0.1534351145 0.1312977099 0.2213740458
1 0.9068702290 0.2083969466 0.1862595420 0.3160305344
1 0.1083969466 0.3633587786 0.1312977099 0.2045801527
1 0.2290076336 0.3435114504 0.1374045802 0.2137404580
1 0.3679389313 0.3106870229 0.1496183206 0.2244274809
1 0.5297709924 0.2900763359 0.1893129771 0.2473282443
1 0.7236641221 0.2541984733 0.2351145038 0.2793893130
1 0.0236641221 0.3885496183 0.0473282443 0.1847328244
1 0.0877862595 0.5725190840 0.0229007634 0.1587786260
1 0.0198473282 0.5778625954 0.0396946565 0.1572519084
1 0.0618320611 0.5717557252 0.0473282443 0.1572519084
1 0.2664122137 0.5664122137 0.0412213740 0.1679389313
1 0.2099236641 0.5648854962 0.0564885496 0.1679389313
1 0.3083969466 0.5625954198 0.0519083969 0.1755725191
1 0.3641221374 0.5610687023 0.0687022901 0.1847328244
1 0.4190839695 0.5557251908 0.0534351145 0.1923664122
1 0.4687022901 0.5473282443 0.0549618321 0.2061068702
1 0.5671755725 0.5450381679 0.0839694656 0.2198473282
1 0.6534351145 0.5374045802 0.1007633588 0.2320610687
1 0.7519083969 0.5335877863 0.1114503817 0.2396946565
1 0.8519083969 0.5267175573 0.1312977099 0.2564885496
1 0.9488549618 0.5229007634 0.1022900763 0.2641221374
1 0.0916030534 0.7267175573 0.0152671756 0.1557251908
1 0.0236641221 0.7229007634 0.0412213740 0.1328244275
1 0.0641221374 0.7274809160 0.0396946565 0.1480916031
1 0.2519083969 0.7328244275 0.0458015267 0.1709923664
1 0.2038167939 0.7290076336 0.0534351145 0.1694656489
1 0.3015267176 0.7343511450 0.0564885496 0.1679389313
1 0.3549618321 0.7374045802 0.0595419847 0.1770992366
1 0.4595419847 0.7442748092 0.0580152672 0.1847328244
1 0.4122137405 0.7427480916 0.0549618321 0.1816793893
1 0.5625954198 0.7526717557 0.0931297710 0.2076335878
1 0.6435114504 0.7572519084 0.0961832061 0.2137404580
1 0.7396946565 0.7610687023 0.1145038168 0.2213740458
1 0.8442748092 0.7648854962 0.1221374046 0.2320610687
1 0.9404580153 0.7694656489 0.1190839695 0.2381679389
1 0.0068702290 0.9877862595 0.0137404580 0.0244274809
1 0.0305343511 0.9931297710 0.0519083969 0.0137404580
1 0.8030534351 0.9900763359 0.0885496183 0.0198473282
1 0.0816793893 0.9931297710 0.0503816794 0.0137404580
