1 0.3992974239 0.0122950820 0.0702576112 0.0245901639
1 0.6048009368 0.0105386417 0.0925058548 0.0210772834
1 0.7096018735 0.0076112412 0.0983606557 0.0152224824
5 0.9613583138 0.0427400468 0.0772833724 0.0714285714
1 0.3858313817 0.0942622951 0.0667447307 0.0714285714
1 0.4654566745 0.0907494145 0.0854800937 0.0737704918
1 0.5497658080 0.0825526932 0.0878220141 0.0714285714
1 0.6405152225 0.0761124122 0.0913348946 0.0866510539
1 0.7365339578 0.0620608899 0.0983606557 0.0843091335
1 0.7388758782 0.1428571429 0.0960187354 0.0772833724
1 0.8384074941 0.1411007026 0.1030444965 0.0901639344
1 0.8378220141 0.0550351288 0.0995316159 0.0843091335
5 0.9619437939 0.1264637002 0.0761124122 0.0843091335
1 0.3829039813 0.1656908665 0.0702576112 0.0690866511
1 0.4695550351 0.1627634660 0.0843091335 0.0702576112
1 0.5526932084 0.1551522248 0.0866510539 0.0737704918
1 0.6446135831 0.1604215457 0.0925058548 0.0866510539
1 0.2822014052 0.2827868852 0.0538641686 0.0667447307
1 0.3542154567 0.2827868852 0.0644028103 0.0737704918
1 0.4326697892 0.2757611241 0.0761124122 0.0784543326
1 0.5122950820 0.3436768150 0.0737704918 0.0761124122
1 0.5093676815 0.2687353630 0.0702576112 0.0784543326
1 0.5884074941 0.3407494145 0.0807962529 0.0749414520
1 0.5901639344 0.2634660422 0.0796252927 0.0819672131
1 0.6697892272 0.3360655738 0.0866510539 0.0772833724
1 0.6721311475 0.2599531616 0.0772833724 0.0819672131
1 0.7593676815 0.3348946136 0.0901639344 0.0819672131
1 0.7570257611 0.2540983607 0.0878220141 0.0819672131
1 0.8501170960 0.3319672131 0.0936768150 0.0831381733
1 0.8489461358 0.2494145199 0.0913348946 0.0866510539
5 0.9607728337 0.2476580796 0.0784543326 0.0784543326
5 0.9625292740 0.3261124122 0.0749414520 0.0831381733
1 0.2851288056 0.3542154567 0.0644028103 0.0714285714
1 0.3612412178 0.3536299766 0.0667447307 0.0679156909
1 0.4350117096 0.3495316159 0.0737704918 0.0737704918
1 0.2154566745 0.4514051522 0.0702576112 0.0690866511
1 0.2131147541 0.5234192037 0.0702576112 0.0725995316
1 0.2827868852 0.4490632319 0.0761124122 0.0714285714
1 0.2845433255 0.5204918033 0.0772833724 0.0737704918
1 0.3641686183 0.4478922717 0.0772833724 0.0714285714
1 0.3606557377 0.5216627635 0.0725995316 0.0737704918
1 0.4379391101 0.4473067916 0.0725995316 0.0725995316
1 0.4391100703 0.5240046838 0.0772833724 0.0761124122
1 0.5187353630 0.4443793911 0.0772833724 0.0761124122
1 0.5163934426 0.5204918033 0.0796252927 0.0784543326
1 0.6024590164 0.4443793911 0.0807962529 0.0784543326
1 0.5983606557 0.5245901639 0.0796252927 0.0843091335
1 0.6814988290 0.5263466042 0.0819672131 0.0854800937
1 0.6832552693 0.4455503513 0.0807962529 0.0784543326
1 0.7704918033 0.5304449649 0.0843091335 0.0819672131
1 0.7669789227 0.4473067916 0.0866510539 0.0843091335
1 0.8565573770 0.4473067916 0.0878220141 0.0843091335
1 0.8577283372 0.5333723653 0.0901639344 0.0854800937
5 0.9642857143 0.4537470726 0.0644028103 0.1088992974
3 0.8331381733 0.6288056206 0.0573770492 0.0538641686
3 0.8916861827 0.6329039813 0.0667447307 0.0573770492
1 0.2400468384 0.6697892272 0.1170960187 0.1639344262
8 0.3507025761 0.6797423888 0.0948477752 0.1814988290
8 0.4584309133 0.6709601874 0.1065573770 0.1615925059
1 0.6007025761 0.6656908665 0.0632318501 0.1416861827
1 0.5421545667 0.6621779859 0.0585480094 0.1393442623
1 0.6592505855 0.6680327869 0.0632318501 0.1463700234
1 0.7236533958 0.6697892272 0.0679156909 0.1475409836
3 0.8378220141 0.6838407494 0.0573770492 0.0585480094
3 0.7816159251 0.6539812646 0.0573770492 0.1088992974
3 0.8963700234 0.6873536300 0.0620608899 0.0585480094
5 0.9789227166 0.6598360656 0.0421545667 0.0901639344
5 0.9877049180 0.7306791569 0.0245901639 0.0444964871
1 0.2382903981 0.8870023419 0.1276346604 0.1463700234
1 0.3653395785 0.9004683841 0.1334894614 0.1545667447
1 0.5017564403 0.9145199063 0.1416861827 0.1592505855
1 0.6475409836 0.9227166276 0.1545667447 0.1545667447
1 0.2388758782 0.9771662763 0.1311475410 0.0456674473
1 0.3682669789 0.9812646370 0.1323185012 0.0374707260
1 0.5017564403 0.9912177986 0.1416861827 0.0175644028
1 0.6522248244 0.9941451991 0.1569086651 0.0117096019
4 0.7669789227 0.9291569087 0.0843091335 0.1416861827
4 0.8471896956 0.9320843091 0.0878220141 0.1358313817
4 0.9303278689 0.9361826698 0.0925058548 0.1276346604
4 0.9847775176 0.9396955504 0.0304449649 0.1206088993
