8 0.2354609929 0.0361702128 0.1730496454 0.0723404255
8 0.3198581560 0.2475177305 0.1687943262 0.2000000000
1 0.4531914894 0.2276595745 0.1092198582 0.2198581560
1 0.5631205674 0.2056737589 0.1219858156 0.2127659574
1 0.6751773050 0.1822695035 0.1503546099 0.2397163121
8 0.1886524823 0.2815602837 0.0907801418 0.1659574468
1 0.6773049645 0.5056737589 0.1460992908 0.1858156028
1 0.2120567376 0.5723404255 0.0950354610 0.1687943262
1 0.3148936170 0.5609929078 0.0964539007 0.1858156028
1 0.4184397163 0.5397163121 0.1106382979 0.1886524823
1 0.5439716312 0.5262411348 0.1205673759 0.2014184397
1 0.1886524823 0.7943262411 0.1163120567 0.0879432624
1 0.3021276596 0.8680851064 0.1163120567 0.1106382979
1 0.3042553191 0.7702127660 0.1148936170 0.0936170213
1 0.4297872340 0.7751773050 0.1248226950 0.1007092199
1 0.5439716312 0.7680851064 0.1177304965 0.1120567376
1 0.6751773050 0.7666666667 0.1446808511 0.1120567376
1 0.1907801418 0.8829787234 0.1120567376 0.0893617021
1 0.4304964539 0.8801418440 0.1234042553 0.1177304965
1 0.5581560284 0.8730496454 0.1205673759 0.1007092199
1 0.6787234043 0.8780141844 0.1120567376 0.0879432624
1 0.1581560284 0.9950354610 0.0978723404 0.0099290780
1 0.2595744681 0.9936170213 0.1021276596 0.0127659574
1 0.3574468085 0.9957446809 0.1021276596 0.0085106383
1 0.4659574468 0.9914893617 0.1120567376 0.0170212766
1 0.5524822695 0.9936170213 0.0723404255 0.0127659574
1 0.6290780142 0.9964539007 0.0865248227 0.0070921986
1 0.7163120567 0.9957446809 0.0936170213 0.0085106383
