6 0.1600753296 0.0178907721 0.1657250471 0.0357815443
0 0.3286252354 0.0216572505 0.1826741996 0.0433145009
1 0.0395480226 0.1280602637 0.0790960452 0.2561205273
1 0.2052730697 0.0866290019 0.1468926554 0.0677966102
6 0.5451977401 0.1158192090 0.2165725047 0.2165725047
4 0.7118644068 0.1374764595 0.1544256121 0.2749529190
4 0.8201506591 0.1214689266 0.1713747646 0.2429378531
4 0.9293785311 0.1205273070 0.1412429379 0.2410546139
1 0.1459510358 0.2900188324 0.2090395480 0.2824858757
1 0.3380414313 0.2212806026 0.2429378531 0.3182674200
1 0.0470809793 0.3474576271 0.0941619586 0.2655367232
7 0.9943502825 0.3587570621 0.0112994350 0.1148775895
7 0.9500941620 0.4303201507 0.0998116761 0.1939736347
7 0.2241054614 0.5941619586 0.1657250471 0.1789077213
0 0.3870056497 0.5800376648 0.2128060264 0.2561205273
4 0.5404896422 0.5649717514 0.1845574388 0.3088512241
7 0.6770244821 0.5131826742 0.1148775895 0.2391713748
7 0.7655367232 0.4792843691 0.1111111111 0.2203389831
7 0.8568738230 0.4604519774 0.1167608286 0.2241054614
1 0.0112994350 0.6789077213 0.0225988701 0.1939736347
1 0.1045197740 0.6478342750 0.1035781544 0.2109227872
1 0.0423728814 0.6619585687 0.0847457627 0.2015065913
7 0.8917137476 0.6600753296 0.1939736347 0.1111111111
1 0.0075329567 0.9340866290 0.0150659134 0.0979284369
0 0.3022598870 0.8907721281 0.1111111111 0.1092278719
0 0.3785310734 0.8917137476 0.0677966102 0.1261770245
0 0.6600753296 0.8879472693 0.1902071563 0.2241054614
7 0.8662900188 0.8822975518 0.2674199623 0.2354048964
7 0.9943502825 0.8662900188 0.0112994350 0.2674199623
1 0.0979284369 0.9397363465 0.1393596987 0.1205273070
0 0.3229755179 0.9689265537 0.0772128060 0.0621468927
0 0.3879472693 0.9783427495 0.0564971751 0.0433145009
0 0.4821092279 0.9067796610 0.1619585687 0.1864406780
