1 0.1836847947 0.1742508324 0.0566037736 0.0821309656
1 0.2352941176 0.1725860155 0.0532741398 0.0832408435
1 0.3279689234 0.1664816870 0.0654827969 0.0710321865
1 0.3967813541 0.1642619312 0.0677025527 0.0754716981
1 0.5038845727 0.1642619312 0.0754716981 0.0732519423
1 0.7136514983 0.1659267481 0.1376248613 0.0632630411
1 0.0588235294 0.1920088790 0.1176470588 0.1132075472
1 0.3251942286 0.2447280799 0.0643729190 0.0788013319
1 0.3923418424 0.2430632630 0.0654827969 0.0776914539
1 0.4988901221 0.2391786903 0.0743618202 0.0743618202
1 0.7119866815 0.2214206437 0.1365149834 0.0610432852
1 0.0543840178 0.3041065483 0.1087680355 0.1132075472
1 0.1798002220 0.2524972253 0.0599334073 0.0810210877
1 0.2325194229 0.2563817980 0.0499445061 0.0776914539
1 0.3201997780 0.3179800222 0.0654827969 0.0699223085
1 0.4983351831 0.3146503885 0.0799112098 0.0765815760
1 0.7092119867 0.2780244173 0.1354051054 0.0566037736
1 0.1786903441 0.3346281909 0.0621531632 0.0810210877
1 0.2314095450 0.3357380688 0.0455049945 0.0788013319
1 0.3174250832 0.3890122087 0.0621531632 0.0677025527
1 0.3873473918 0.3224195339 0.0688124306 0.0788013319
1 0.7075471698 0.3340732519 0.1365149834 0.0599334073
1 0.0516093230 0.4178690344 0.1032186459 0.1098779134
1 0.1753607103 0.4211986681 0.0577136515 0.0876803552
1 0.2280799112 0.4245283019 0.0432852386 0.0832408435
1 0.3862375139 0.3956714761 0.0665926748 0.0721420644
1 0.4938956715 0.3917869034 0.0732519423 0.0776914539
1 0.7031076582 0.3917869034 0.1342952275 0.0554938957
1 0.7019977802 0.4478357381 0.1342952275 0.0566037736
1 0.0516093230 0.5044395117 0.1032186459 0.0610432852
1 0.1714761376 0.5110987791 0.0588235294 0.0876803552
1 0.2258601554 0.5110987791 0.0455049945 0.0854605993
1 0.3840177580 0.4678135405 0.0665926748 0.0721420644
1 0.3168701443 0.4655937847 0.0654827969 0.0699223085
1 0.4894561598 0.4678135405 0.0732519423 0.0765815760
1 0.6997780244 0.5027746948 0.1342952275 0.0599334073
1 0.8945615982 0.4650388457 0.1398446171 0.1287458380
1 0.0516093230 0.5699223085 0.1032186459 0.0632630411
1 0.1925638180 0.5871254162 0.1032186459 0.0621531632
1 0.3479467259 0.5410654828 0.1276359600 0.0743618202
1 0.4850166482 0.5449500555 0.0688124306 0.0754716981
1 0.6986681465 0.5588235294 0.1342952275 0.0610432852
1 0.8851276360 0.5815760266 0.1209766926 0.1043285239
1 0.0504994451 0.6331853496 0.1009988901 0.0566037736
1 0.1886792453 0.6503884573 0.1043285239 0.0643729190
1 0.3407325194 0.6165371809 0.1243063263 0.0788013319
1 0.5160932297 0.6215316315 0.1398446171 0.0821309656
1 0.6970033296 0.6137624861 0.1331853496 0.0621531632
1 0.6947835738 0.6692563818 0.1331853496 0.0643729190
1 0.0488346282 0.6953385128 0.0976692564 0.0632630411
1 0.1864594895 0.7180910100 0.1043285239 0.0732519423
1 0.3396226415 0.6881243063 0.1287458380 0.0821309656
1 0.5172031077 0.6936736959 0.1465038846 0.0843507214
1 0.6931187569 0.7253052164 0.1320754717 0.0632630411
1 0.8817980022 0.6897891232 0.1209766926 0.1054384018
1 0.0477247503 0.7597114317 0.0954495006 0.0632630411
1 0.1847946726 0.7807991121 0.1032186459 0.0699223085
1 0.3385127636 0.7680355161 0.1309655938 0.0954495006
1 0.5166481687 0.7796892342 0.1453940067 0.0965593785
1 0.6908990011 0.7819089900 0.1298557159 0.0654827969
1 0.8856825749 0.7763596004 0.1354051054 0.0677025527
1 0.0466148724 0.8251942286 0.0932297447 0.0610432852
1 0.1809100999 0.8435072142 0.1065482797 0.0688124306
1 0.3362930078 0.8507214206 0.1309655938 0.0965593785
1 0.5099889012 0.8651498335 0.1431742508 0.0943396226
1 0.6881243063 0.8357380688 0.1309655938 0.0665926748
1 0.8856825749 0.8374028857 0.1420643729 0.0721420644
1 0.6875693674 0.8917869034 0.1320754717 0.0699223085
1 0.8851276360 0.9045504994 0.1365149834 0.0732519423
