7 0.1409657321 0.0584112150 0.0887850467 0.1168224299
7 0.2211838006 0.0576323988 0.0809968847 0.1152647975
0 0.4283489097 0.0303738318 0.2367601246 0.0607476636
7 0.7445482866 0.1113707165 0.1993769470 0.2227414330
7 0.9595015576 0.0856697819 0.0809968847 0.1713395639
0 0.4275700935 0.1113707165 0.2320872274 0.1168224299
7 0.1534267913 0.2095015576 0.0763239875 0.1822429907
7 0.2258566978 0.2126168224 0.0685358255 0.1915887850
0 0.4291277259 0.2133956386 0.2289719626 0.1028037383
7 0.7429906542 0.2616822430 0.1993769470 0.0996884735
5 0.9563862928 0.2492211838 0.0872274143 0.1838006231
4 0.4252336449 0.3060747664 0.2305295950 0.1074766355
4 0.7305295950 0.3489096573 0.1838006231 0.0903426791
7 0.1619937695 0.3956386293 0.0903426791 0.1806853583
7 0.2313084112 0.3964174455 0.0825545171 0.1760124611
4 0.4291277259 0.4119937695 0.2289719626 0.1012461059
4 0.7289719626 0.4267912773 0.1838006231 0.0841121495
7 0.9548286604 0.4119937695 0.0903426791 0.1728971963
7 0.1884735202 0.5179127726 0.1744548287 0.0763239875
4 0.4275700935 0.5038940810 0.2227414330 0.0981308411
4 0.7266355140 0.5124610592 0.1853582555 0.1059190031
1 0.9493769470 0.5841121495 0.1012461059 0.1744548287
7 0.2009345794 0.5911214953 0.1464174455 0.0732087227
7 0.2165109034 0.6565420561 0.1183800623 0.0700934579
4 0.4291277259 0.6168224299 0.2258566978 0.1246105919
4 0.7227414330 0.6168224299 0.1838006231 0.1028037383
7 0.2048286604 0.7211838006 0.1417445483 0.0716510903
1 0.7242990654 0.7577881620 0.1806853583 0.1853582555
1 0.9462616822 0.7079439252 0.1074766355 0.0732087227
1 0.9423676012 0.7827102804 0.1152647975 0.0732087227
7 0.1947040498 0.8613707165 0.1619937695 0.0747663551
7 0.1939252336 0.7920560748 0.1635514019 0.0732087227
1 0.4431464174 0.8060747664 0.1978193146 0.0794392523
1 0.9408099688 0.8535825545 0.1183800623 0.0716510903
7 0.1892523364 0.9322429907 0.1822429907 0.0763239875
1 0.4400311526 0.9641744548 0.1853582555 0.0716510903
1 0.4400311526 0.8886292835 0.1884735202 0.0794392523
1 0.7204049844 0.9236760125 0.1822429907 0.1526479751
1 0.9384735202 0.9236760125 0.1230529595 0.0716510903
3 0.1939252336 0.9789719626 0.1760124611 0.0420560748
1 0.9501557632 0.9781931464 0.0996884735 0.0436137072
