0 0.0253399258 0.0908529048 0.0506798517 0.1017717347
0 0.0815822002 0.0906468892 0.0824062629 0.0931190770
7 0.2126081582 0.0896168109 0.0519159456 0.0894107952
0 0.1518335393 0.0898228265 0.0745776679 0.0955912649
7 0.2601977750 0.0898228265 0.0506798517 0.0947672023
7 0.3049031726 0.0914709518 0.0502678204 0.0939431397
7 0.3531108364 0.0941491553 0.0502678204 0.0943551710
7 0.4002884219 0.0962093119 0.0515039143 0.0910589205
7 0.4454058508 0.0982694685 0.0502678204 0.0902348578
7 0.4915533581 0.0982694685 0.0510918830 0.0877626700
1 0.5368768026 0.0997115781 0.0502678204 0.0857025134
1 0.5809641533 0.1013597033 0.0519159456 0.0840543881
1 0.6246394726 0.1025957973 0.0535640709 0.0848784508
1 0.6697569015 0.1063040791 0.0506798517 0.0889987639
1 0.7573135558 0.1176349403 0.0519159456 0.0803461063
1 0.7138442522 0.1077461887 0.0556242274 0.0844664194
1 0.7978986403 0.1184590029 0.0531520396 0.0803461063
1 0.8714462299 0.1192830655 0.1087762670 0.0795220437
7 0.2637000412 0.1837659662 0.0601565719 0.0692212608
7 0.2171405027 0.1812937783 0.0634528224 0.0716934487
7 0.3096415328 0.1864441698 0.0564482901 0.0671611042
7 0.4017305315 0.1887103420 0.0486196951 0.0692212608
7 0.3541409147 0.1878862794 0.0523279769 0.0675731356
7 0.4480840544 0.1901524516 0.0515039143 0.0679851669
7 0.4923774207 0.1913885455 0.0560362588 0.0646889164
0 0.0030902349 0.3152039555 0.0061804697 0.1030078286
0 0.0397610218 0.3154099712 0.0795220437 0.1083642357
0 0.1147507211 0.3185002060 0.0836423568 0.1030078286
0 0.1874742480 0.3337453646 0.0749896992 0.0593325093
0 0.1905644829 0.2853316852 0.0762257932 0.0457354759
0 0.2608158220 0.2911001236 0.0716934487 0.0506798517
7 0.3168520808 0.3158220025 0.0486196951 0.0976514215
7 0.3638236506 0.3162340338 0.0494437577 0.0951792336
7 0.4110012361 0.3174701277 0.0473836012 0.0910589205
7 0.4559126494 0.3176761434 0.0490317264 0.0939431397
7 0.5012360939 0.3209723939 0.0473836012 0.0931190770
7 0.5453234446 0.3209723939 0.0498557890 0.0947672023
7 0.5885867326 0.3222084878 0.0523279769 0.0931190770
1 0.6345282241 0.3222084878 0.0535640709 0.0898228265
1 0.6798516687 0.3226205192 0.0519159456 0.0865265760
1 0.7686444170 0.3226205192 0.0580964153 0.0865265760
1 0.7247630820 0.3230325505 0.0576843840 0.0840543881
1 0.8137618459 0.3238566131 0.0585084466 0.0931190770
1 0.8875154512 0.3230325505 0.1153687680 0.0931190770
0 0.2585496498 0.3428100536 0.0721054800 0.0626287598
0 0.0146271117 0.4501442110 0.0292542233 0.0589204780
0 0.0729295426 0.4517923362 0.0881747013 0.0556242274
0 0.1547177585 0.4555006180 0.0778739184 0.0572723527
6 0.2696744953 0.4796044499 0.0531520396 0.1054800165
6 0.2173465183 0.4781623403 0.0506798517 0.1067161104
6 0.3207663782 0.4804285126 0.0523279769 0.1054800165
4 0.3695920890 0.4773382777 0.0519159456 0.0976514215
4 0.4225381129 0.4822826535 0.0597445406 0.1075401731
4 0.5241038319 0.4822826535 0.0659250103 0.1042439225
1 0.5974454059 0.4738360115 0.0881747013 0.0799340750
0 0.0035022662 0.5088586733 0.0070045323 0.0576843840
4 0.4742480429 0.4847548414 0.0444993820 0.1001236094
1 0.6652245571 0.4847548414 0.0580964153 0.1001236094
1 0.7105480016 0.4845488257 0.0572723527 0.1013597033
1 0.7554594149 0.4855789040 0.0597445406 0.1009476720
1 0.8003708282 0.4853728883 0.0638648537 0.1005356407
1 0.8442521632 0.4849608570 0.0659250103 0.1013597033
1 0.9272764730 0.4880510919 0.1248454883 0.1001236094
0 0.0164812526 0.6856201071 0.0329625052 0.1450350227
0 0.0599505562 0.6800576844 0.0902348578 0.1273176761
0 0.1324680676 0.6800576844 0.0852904821 0.1330861145
5 0.2814173877 0.6744952616 0.0733415740 0.1285537701
4 0.4062628760 0.6726411207 0.0519159456 0.1256695509
4 0.4546765554 0.6724351051 0.0548001648 0.1244334569
4 0.5539761022 0.6722290894 0.0432632880 0.1223733004
4 0.5049443758 0.6732591677 0.0523279769 0.1277297075
7 0.6019777503 0.6707869798 0.0585084466 0.1194890812
7 0.6565718995 0.6711990111 0.0589204780 0.1161928307
7 0.7325916770 0.6718170581 0.1137206428 0.1223733004
0 0.8149979398 0.6802637000 0.0749896992 0.1326740832
0 0.8695920890 0.6788215904 0.0762257932 0.1355583024
0 0.9400494438 0.6798516687 0.1067161104 0.1367943964
0 0.2086938607 0.7023073754 0.0861145447 0.0877626700
0 0.1083642357 0.8700041203 0.0807581376 0.0803461063
0 0.1880922950 0.8675319324 0.0828182942 0.0803461063
0 0.2657601978 0.8623815410 0.0774618871 0.0749896992
5 0.4161516275 0.8939019365 0.0824062629 0.1363823651
5 0.4925834363 0.8918417800 0.0819942316 0.1347342398
4 0.6180469716 0.8971981871 0.0683971982 0.1545117429
7 0.6767614339 0.8889575608 0.0688092295 0.1330861145
7 0.7315615987 0.8873094355 0.0613926658 0.1347342398
7 0.7836835600 0.8842192007 0.0527400082 0.1236093943
7 0.8580552122 0.8780387309 0.1009476720 0.1277297075
7 0.9569427276 0.8831891224 0.0861145447 0.1347342398
0 0.0333745365 0.9414915534 0.0667490729 0.0749896992
0 0.1075401731 0.9489081170 0.0840543881 0.0848784508
0 0.1866501854 0.9460238978 0.0799340750 0.0815822002
0 0.2624639473 0.9398434281 0.0791100124 0.0832303255
4 0.5605686032 0.9122373300 0.0671611042 0.1755253399
