6 0.0199692780 0.0307219662 0.0399385561 0.0614439324
5 0.2058371736 0.0238095238 0.2058371736 0.0476190476
5 0.8571428571 0.0076804916 0.1351766513 0.0153609831
5 0.2043010753 0.0890937020 0.2058371736 0.0798771121
5 0.5046082949 0.0376344086 0.2227342550 0.0752688172
5 0.7258064516 0.0399385561 0.1244239631 0.0798771121
5 0.7043010753 0.1098310292 0.0721966206 0.0752688172
5 0.8548387097 0.0883256528 0.1367127496 0.1612903226
5 0.9700460829 0.0890937020 0.0599078341 0.1413210445
6 0.0168970814 0.1344086022 0.0337941628 0.1305683564
5 0.2089093702 0.1835637481 0.1996927803 0.0875576037
5 0.5053763441 0.1313364055 0.2211981567 0.0906298003
6 0.0153609831 0.2665130568 0.0307219662 0.1520737327
5 0.2058371736 0.2780337942 0.2058371736 0.0952380952
5 0.5046082949 0.2135176651 0.2227342550 0.0768049155
5 0.7288786482 0.2142857143 0.0998463902 0.1367127496
5 0.8494623656 0.2181259601 0.1505376344 0.1321044547
5 0.9654377880 0.2104454685 0.0691244240 0.1290322581
1 0.8663594470 0.3863287250 0.2672811060 0.1797235023
1 0.0222734255 0.4247311828 0.0445468510 0.1428571429
1 0.1144393241 0.4331797235 0.1428571429 0.1843317972
1 0.2519201229 0.4316436252 0.1351766513 0.1812596006
1 0.4946236559 0.4938556068 0.2703533026 0.1428571429
1 0.0245775730 0.5622119816 0.0491551459 0.1413210445
1 0.1321044547 0.6013824885 0.1505376344 0.1735791091
1 0.2642089094 0.5944700461 0.1198156682 0.1658986175
1 0.8678955453 0.5476190476 0.2642089094 0.1858678955
1 0.0261136713 0.6935483871 0.0522273425 0.1459293395
1 0.5015360983 0.6321044547 0.2718894009 0.1459293395
1 0.1374807988 0.7642089094 0.1459293395 0.1643625192
1 0.2680491551 0.7572964670 0.1244239631 0.1658986175
1 0.5115207373 0.7695852535 0.2703533026 0.1505376344
1 0.8755760369 0.7150537634 0.2488479263 0.1797235023
1 0.0299539171 0.8241167435 0.0599078341 0.1367127496
1 0.8771121352 0.8901689708 0.2457757296 0.1797235023
1 0.0353302611 0.9447004608 0.0706605223 0.1105990783
1 0.1382488479 0.9216589862 0.1413210445 0.1566820276
1 0.2688172043 0.9162826421 0.1321044547 0.1674347158
1 0.5138248848 0.9147465438 0.2780337942 0.1582181260
1 0.2711213518 0.9961597542 0.1367127496 0.0076804916
1 0.4715821813 0.9930875576 0.1382488479 0.0138248848
1 0.6006144393 0.9923195084 0.1351766513 0.0153609831
1 0.8786482335 0.9884792627 0.2427035330 0.0230414747
