0 0.0588888889 0.1383333333 0.1177777778 0.2766666667
0 0.1638888889 0.1388888889 0.2055555556 0.2777777778
0 0.3111111111 0.1350000000 0.2022222222 0.2700000000
7 0.5333333333 0.1394444444 0.3066666667 0.2788888889
7 0.7383333333 0.1361111111 0.1588888889 0.2722222222
7 0.8855555556 0.1388888889 0.1577777778 0.2777777778
4 0.9783333333 0.1388888889 0.0433333333 0.2777777778
1 0.0883333333 0.6094444444 0.1766666667 0.2700000000
1 0.2322222222 0.6177777778 0.1777777778 0.2733333333
1 0.3505555556 0.6166666667 0.1722222222 0.2711111111
1 0.4716666667 0.6161111111 0.1611111111 0.2722222222
1 0.5927777778 0.6188888889 0.1544444444 0.2733333333
1 0.7150000000 0.6183333333 0.1566666667 0.2700000000
1 0.8894444444 0.6477777778 0.2211111111 0.2155555556
1 0.1355555556 0.9644444444 0.2711111111 0.0711111111
1 0.3144444444 0.9633333333 0.1577777778 0.0733333333
1 0.5544444444 0.9705555556 0.1555555556 0.0588888889
1 0.4361111111 0.9694444444 0.1566666667 0.0611111111
1 0.6755555556 0.9694444444 0.1400000000 0.0611111111
1 0.7977777778 0.9677777778 0.1444444444 0.0644444444
7 0.9216666667 0.9655555556 0.1411111111 0.0688888889
7 0.9855555556 0.9661111111 0.0288888889 0.0677777778
