7 0.0319031903 0.0110011001 0.0638063806 0.0220022002
7 0.1595159516 0.0214521452 0.1078107811 0.0429042904
0 0.2766776678 0.0165016502 0.1089108911 0.0330033003
0 0.5187018702 0.0170517052 0.0913091309 0.0341034103
0 0.7337733773 0.0077007701 0.0550055006 0.0154015402
0 0.7843784378 0.0088008801 0.0616061606 0.0176017602
7 0.0401540154 0.0511551155 0.0803080308 0.0649064906
7 0.1699669967 0.0720572057 0.0957095710 0.0627062706
0 0.2744774477 0.0451045105 0.1045104510 0.0484048405
0 0.2739273927 0.0803080308 0.0990099010 0.0462046205
0 0.3960396040 0.0522552255 0.0924092409 0.0473047305
0 0.4020902090 0.0170517052 0.0979097910 0.0341034103
0 0.5060506051 0.0511551155 0.0924092409 0.0473047305
0 0.6089108911 0.0588558856 0.0847084708 0.0407040704
0 0.6259625963 0.0198019802 0.0924092409 0.0396039604
0 0.6958195820 0.0709570957 0.0583058306 0.0451045105
0 0.7183718372 0.0324532453 0.0594059406 0.0407040704
0 0.7645764576 0.0385038504 0.0572057206 0.0484048405
7 0.0462046205 0.1083608361 0.0902090209 0.0583058306
7 0.1760176018 0.1281628163 0.0990099010 0.0671067107
0 0.2772277228 0.1160616062 0.0924092409 0.0385038504
0 0.3844884488 0.1320132013 0.0825082508 0.0440044004
0 0.3916391639 0.0935093509 0.0924092409 0.0396039604
0 0.5979097910 0.0968096810 0.0781078108 0.0330033003
4 0.0555555556 0.2139713971 0.0913091309 0.0385038504
7 0.2013201320 0.1969196920 0.0220022002 0.0550055006
4 0.2827282728 0.1936193619 0.0770077008 0.0286028603
0 0.2783278328 0.1534653465 0.0858085809 0.0451045105
4 0.3707370737 0.2013201320 0.0660066007 0.0308030803
2 0.5126512651 0.1650165017 0.1958195820 0.0880088009
2 0.6875687569 0.1765676568 0.1936193619 0.1419141914
4 0.0533553355 0.2469746975 0.0891089109 0.0363036304
4 0.0539053905 0.2827282728 0.0902090209 0.0374037404
7 0.1793179318 0.2629262926 0.0330033003 0.0462046205
7 0.1798679868 0.2216721672 0.0253025303 0.0407040704
7 0.2040704070 0.2535753575 0.0231023102 0.0605060506
4 0.2843784378 0.2244224422 0.0781078108 0.0352035204
4 0.2865786579 0.2596259626 0.0803080308 0.0396039604
4 0.3800880088 0.2612761276 0.0649064906 0.0319031903
4 0.3751375138 0.2304730473 0.0638063806 0.0297029703
2 0.5231023102 0.2343234323 0.2035203520 0.0814081408
4 0.0533553355 0.3179317932 0.0891089109 0.0352035204
4 0.0528052805 0.3531353135 0.0902090209 0.0374037404
7 0.2057205721 0.3091309131 0.0242024202 0.0550055006
7 0.1831683168 0.3619361936 0.0341034103 0.0550055006
7 0.1815181518 0.3102310231 0.0308030803 0.0528052805
7 0.2079207921 0.3608360836 0.0264026403 0.0550055006
4 0.2920792079 0.3316831683 0.0803080308 0.0385038504
4 0.2898789879 0.2959295930 0.0781078108 0.0374037404
4 0.3828382838 0.2920792079 0.0682068207 0.0319031903
4 0.3916391639 0.3586358636 0.0748074807 0.0352035204
4 0.3888888889 0.3250825083 0.0737073707 0.0319031903
2 0.5363036304 0.3179317932 0.2057205721 0.0880088009
2 0.7222222222 0.3212321232 0.2057205721 0.1672167217
4 0.0511551155 0.4262926293 0.0935093509 0.0385038504
4 0.0533553355 0.3899889989 0.0935093509 0.0385038504
7 0.1837183718 0.4141914191 0.0308030803 0.0495049505
7 0.1551155116 0.3943894389 0.0308030803 0.0495049505
7 0.2101210121 0.4114411441 0.0264026403 0.0484048405
4 0.2893289329 0.3674367437 0.0880088009 0.0374037404
4 0.2926292629 0.4026402640 0.0946094609 0.0396039604
4 0.3954895490 0.3910891089 0.0759075908 0.0341034103
4 0.3993399340 0.4246424642 0.0770077008 0.0330033003
2 0.5517051705 0.4097909791 0.2079207921 0.0913091309
7 0.0522552255 0.4631463146 0.0935093509 0.0374037404
7 0.1864686469 0.4917491749 0.0297029703 0.0418041804
7 0.2117711771 0.4488448845 0.0231023102 0.0264026403
7 0.2134213421 0.4994499450 0.0220022002 0.0264026403
4 0.2953795380 0.4394939494 0.0935093509 0.0385038504
7 0.2117711771 0.4746974697 0.0231023102 0.0275027503
4 0.2981298130 0.4752475248 0.0946094609 0.0374037404
4 0.4031903190 0.4598459846 0.0803080308 0.0374037404
4 0.4059405941 0.4961496150 0.0748074807 0.0374037404
2 0.7717271727 0.4845984598 0.2343234323 0.1881188119
4 0.0495049505 0.5055005501 0.0946094609 0.0429042904
4 0.0533553355 0.5445544554 0.1067106711 0.0440044004
7 0.1875687569 0.5275027503 0.0319031903 0.0319031903
4 0.2970297030 0.5104510451 0.0968096810 0.0396039604
7 0.2200220022 0.5253025303 0.0352035204 0.0275027503
7 0.2194719472 0.5511551155 0.0363036304 0.0286028603
4 0.2970297030 0.5495049505 0.0946094609 0.0385038504
4 0.4097909791 0.5335533553 0.0737073707 0.0418041804
2 0.5660066007 0.5038503850 0.2167216722 0.1056105611
4 0.0539053905 0.5863586359 0.1078107811 0.0484048405
4 0.0533553355 0.6287128713 0.1067106711 0.0517051705
6 0.3168316832 0.5951595160 0.0462046205 0.0396039604
2 0.5858085809 0.5968096810 0.2365236524 0.1265126513
4 0.0533553355 0.6688668867 0.1067106711 0.0484048405
6 0.2695269527 0.6452145215 0.0902090209 0.0451045105
2 0.8151815182 0.6600660066 0.2420242024 0.2090209021
2 0.4383938394 0.7700770077 0.1485148515 0.2662266227
2 0.6193619362 0.7739273927 0.2618261826 0.2607260726
2 0.8388338834 0.8283828383 0.2145214521 0.1364136414
