1 0.1487236404 0.0516093230 0.1220865705 0.1032186459
1 0.2558268590 0.0527192009 0.1054384018 0.1054384018
1 0.3618201998 0.0532741398 0.1065482797 0.1065482797
1 0.4689234184 0.0510543840 0.1032186459 0.1021087680
1 0.5704772475 0.0455049945 0.1021087680 0.0910099889
1 0.6648168701 0.0532741398 0.0887902331 0.1065482797
1 0.7558268590 0.0510543840 0.0976692564 0.1021087680
1 0.1448390677 0.2463928968 0.0987791343 0.0799112098
1 0.2475027747 0.2452830189 0.0932297447 0.0843507214
1 0.3473917869 0.2486126526 0.0976692564 0.0710321865
1 0.4445061043 0.2530521643 0.0921198668 0.0732519423
1 0.5327413984 0.2524972253 0.0887902331 0.0743618202
1 0.6243063263 0.2541620422 0.0899001110 0.0776914539
1 0.7153163152 0.2508324084 0.0899001110 0.0821309656
1 0.8329633740 0.2031076582 0.1054384018 0.1687014428
1 0.1082130966 0.3496115427 0.0432852386 0.0976692564
1 0.1714761376 0.3485016648 0.0965593785 0.0954495006
6 0.7508324084 0.3634850166 0.2208657048 0.1320754717
6 0.3229744728 0.3634850166 0.2175360710 0.1298557159
6 0.5338512764 0.3651498335 0.2086570477 0.1309655938
6 0.9034406215 0.3945615982 0.1087680355 0.1786903441
7 0.3612652608 0.5244173141 0.1165371809 0.0765815760
7 0.4778024417 0.5260821310 0.1165371809 0.0799112098
7 0.6148723640 0.5344062153 0.1465038846 0.0832408435
1 0.8651498335 0.5377358491 0.1298557159 0.0943396226
7 0.1415094340 0.5876803552 0.1009988901 0.1942286349
7 0.2347391787 0.5887902331 0.0899001110 0.1964483907
7 0.3512763596 0.6043285239 0.1209766926 0.0921198668
7 0.4772475028 0.6109877913 0.1287458380 0.1009988901
7 0.6148723640 0.6254162042 0.1442841287 0.0921198668
7 0.7480577137 0.5843507214 0.1354051054 0.1942286349
1 0.8795782464 0.6370699223 0.1298557159 0.1087680355
7 0.9361820200 0.7419533851 0.1276359600 0.0654827969
0 0.0493895671 0.8041065483 0.0987791343 0.2075471698
0 0.1526082131 0.8046614872 0.1231964484 0.1975582686
0 0.2674805771 0.8174250832 0.1220865705 0.2164261931
0 0.3773584906 0.8140954495 0.1065482797 0.2164261931
0 0.4827968923 0.8063263041 0.0976692564 0.1986681465
7 0.5832408435 0.8157602664 0.1143174251 0.2130965594
7 0.6958934517 0.7896781354 0.1220865705 0.1653718091
3 0.8079911210 0.7425083241 0.1398446171 0.0665926748
3 0.8135405105 0.8085460599 0.1442841287 0.0677025527
7 0.9389567148 0.8057713651 0.1220865705 0.0643729190
