5 0.2896592244 0.0029377203 0.0857814336 0.0058754407
5 0.0305522914 0.0340775558 0.0611045828 0.0681551116
5 0.1063454759 0.0669800235 0.1022326675 0.1339600470
5 0.2121034078 0.0364277321 0.1045828437 0.0728554642
5 0.2931844888 0.0417156287 0.0669800235 0.0740305523
1 0.7367802585 0.0605170388 0.0940070505 0.1210340776
5 0.0299647474 0.1069330200 0.0599294947 0.0822561692
5 0.2256169213 0.1380728555 0.0799059929 0.0411280846
5 0.2256169213 0.1028202115 0.0752056404 0.0340775558
5 0.3002350176 0.1286721504 0.0669800235 0.0928319624
5 0.0052878966 0.1880141011 0.0105757932 0.0705052879
5 0.0558166863 0.2626321974 0.0975323149 0.0763807286
5 0.0569917744 0.1897767333 0.0904817861 0.0716803760
5 0.1339600470 0.1991774383 0.0846063455 0.0716803760
5 0.2197414806 0.1980023502 0.0846063455 0.0740305523
5 0.2972972973 0.2115158637 0.0658049354 0.0799059929
1 0.3895417156 0.1886016451 0.0857814336 0.1492361927
1 0.4782608696 0.1968272620 0.0940070505 0.1492361927
1 0.5705052879 0.1909518214 0.0904817861 0.1445358402
1 0.6645123384 0.1903642773 0.0904817861 0.1551116334
1 0.7508813161 0.1950646298 0.0940070505 0.1480611046
5 0.1504112808 0.2685076381 0.0869565217 0.0693301998
5 0.2843713278 0.2714453584 0.0728554642 0.0540540541
5 0.2232667450 0.2908343126 0.0446533490 0.0364277321
1 0.7514688602 0.3584018801 0.0763807286 0.0705052879
5 0.0240893067 0.3936545241 0.0481786134 0.1292596945
5 0.0828437133 0.3965922444 0.0740305523 0.1280846063
5 0.1580493537 0.3977673325 0.0834312573 0.1280846063
5 0.2497062280 0.3983548766 0.0951821387 0.1292596945
1 0.4347826087 0.4083431257 0.0822561692 0.1539365452
1 0.5141010576 0.4054054054 0.0787309048 0.1480611046
1 0.5922444183 0.4048178613 0.0752056404 0.1421856639
1 0.6727379553 0.4024676851 0.0834312573 0.1492361927
1 0.7579318449 0.4300822562 0.0799059929 0.0705052879
5 0.0135135135 0.5258519389 0.0270270270 0.0411280846
5 0.0722679201 0.5252643948 0.0928319624 0.0446533490
5 0.1415981199 0.5622796710 0.0434782609 0.1210340776
1 0.3895417156 0.5452408931 0.0975323149 0.0752056404
1 0.4829612221 0.5428907168 0.0916568743 0.0728554642
1 0.5746180964 0.5417156287 0.0893066980 0.0705052879
1 0.6680376028 0.5417156287 0.0857814336 0.0728554642
1 0.7514688602 0.5411280846 0.0881316099 0.0716803760
5 0.0105757932 0.6133960047 0.0211515864 0.0376028202
5 0.0117508813 0.5693301998 0.0235017626 0.0458284371
5 0.0710928320 0.5675675676 0.0928319624 0.0423031727
5 0.0722679201 0.6110458284 0.0857814336 0.0446533490
5 0.1909518214 0.5699177438 0.0575793184 0.1292596945
5 0.2467685076 0.5658049354 0.0540540541 0.1233842538
5 0.2990599295 0.5693301998 0.0575793184 0.1280846063
1 0.3895417156 0.6251468860 0.0998824912 0.0775558167
1 0.4829612221 0.6198589894 0.0916568743 0.0693301998
1 0.5752056404 0.6139835488 0.0881316099 0.0787309048
1 0.6662749706 0.6180963572 0.0846063455 0.0705052879
1 0.7532314924 0.6128084606 0.0846063455 0.0716803760
6 0.0223266745 0.7549941246 0.0446533490 0.1727379553
6 0.1991774383 0.7561692127 0.0810810811 0.1633372503
6 0.2784958872 0.7608695652 0.0822561692 0.1680376028
1 0.3819036428 0.7068155112 0.0799059929 0.0740305523
1 0.4571092832 0.7032902468 0.0799059929 0.0787309048
1 0.5346650999 0.6997649824 0.0775558167 0.0693301998
1 0.6098707403 0.6991774383 0.0728554642 0.0705052879
1 0.6886016451 0.7038777908 0.0846063455 0.0799059929
1 0.7696827262 0.7038777908 0.0775558167 0.0705052879
6 0.0887191539 0.7661574618 0.1116333725 0.1621621622
1 0.3819036428 0.7843713278 0.0822561692 0.0763807286
1 0.4594594595 0.7814336075 0.0775558167 0.0822561692
1 0.5370152761 0.7767332550 0.0775558167 0.0775558167
1 0.6110458284 0.7732079906 0.0752056404 0.0752056404
1 0.6956521739 0.7861339600 0.0869565217 0.0869565217
1 0.7737955347 0.7802585194 0.0763807286 0.0799059929
1 0.4353701528 0.8854289072 0.0575793184 0.1210340776
1 0.3760282021 0.8830787309 0.0587544066 0.1186839013
1 0.4900117509 0.8801410106 0.0564042303 0.1175088132
1 0.5505287897 0.8760282021 0.0575793184 0.1210340776
1 0.6556991774 0.8695652174 0.0446533490 0.1175088132
1 0.6086956522 0.8830787309 0.0587544066 0.1351351351
1 0.7097532315 0.8901292597 0.0587544066 0.1163337250
1 0.7732079906 0.8783783784 0.0564042303 0.1233842538
6 0.2209165687 0.9371327850 0.1292596945 0.1257344301
1 0.4030552291 0.9741480611 0.1034077556 0.0517038778
1 0.4806110458 0.9806110458 0.0540540541 0.0387779083
1 0.5352526439 0.9788484136 0.0552291422 0.0423031727
1 0.5987074031 0.9864864865 0.0622796710 0.0270270270
1 0.6598119859 0.9841363102 0.0599294947 0.0317273796
1 0.7074030552 0.9811985899 0.0399529965 0.0376028202
1 0.7708578143 0.9806110458 0.0587544066 0.0387779083
