1 0.3295148248 0.2048517520 0.1037735849 0.1617250674
1 0.4454177898 0.1967654987 0.1064690027 0.1725067385
1 0.5491913747 0.1987870620 0.1091644205 0.1657681941
1 0.6549865229 0.2048517520 0.0997304582 0.1509433962
1 0.7526954178 0.1792452830 0.1010781671 0.1590296496
1 0.8409703504 0.1933962264 0.0916442049 0.1657681941
1 0.9521563342 0.1859838275 0.0929919137 0.1563342318
1 0.9757412399 0.3584905660 0.0485175202 0.1671159030
1 0.3443396226 0.4238544474 0.0956873315 0.0822102426
1 0.4413746631 0.3995956873 0.0929919137 0.0417789757
1 0.6239892183 0.4238544474 0.0862533693 0.0741239892
1 0.7102425876 0.4184636119 0.0889487871 0.0795148248
1 0.7971698113 0.4144204852 0.0902964960 0.0849056604
1 0.8874663073 0.4103773585 0.0902964960 0.0822102426
1 0.3746630728 0.5215633423 0.0889487871 0.0943396226
1 0.3113207547 0.5256064690 0.0404312668 0.1024258760
6 0.5175202156 0.5323450135 0.2021563342 0.1320754717
6 0.7183288410 0.5276280323 0.1994609164 0.1361185984
6 0.9083557951 0.5215633423 0.1832884097 0.1374663073
7 0.5572776280 0.6819407008 0.1145552561 0.0727762803
7 0.6677897574 0.6846361186 0.1010781671 0.0646900270
7 0.7931266846 0.6873315364 0.1415094340 0.0862533693
1 0.9892183288 0.6832884097 0.0215633423 0.0862533693
7 0.3504043127 0.7432614555 0.0970350404 0.1819407008
7 0.4494609164 0.7432614555 0.0876010782 0.1792452830
7 0.5539083558 0.7560646900 0.1159029650 0.0862533693
7 0.6691374663 0.7587601078 0.0983827493 0.0781671159
7 0.7951482480 0.7729110512 0.1401617251 0.0902964960
7 0.9245283019 0.7318059299 0.1185983827 0.1752021563
0 0.2628032345 0.9278975741 0.1159029650 0.1442048518
0 0.3787061995 0.9252021563 0.1212938005 0.1495956873
0 0.4871967655 0.9252021563 0.1118598383 0.1495956873
0 0.5909703504 0.9231805930 0.0983827493 0.1536388140
0 0.6819407008 0.9225067385 0.0889487871 0.1549865229
0 0.7762803235 0.9231805930 0.1051212938 0.1536388140
7 0.8780323450 0.9225067385 0.1064690027 0.1522911051
3 0.9582210243 0.8753369272 0.0835579515 0.0579514825
3 0.9622641509 0.9353099730 0.0754716981 0.0566037736
