7 0.0414872798 0.1144814090 0.0829745597 0.0927592955
7 0.1275929550 0.1246575342 0.0978473581 0.0998043053
7 0.2227005871 0.1326810176 0.0954990215 0.1041095890
7 0.2919765166 0.1420743640 0.0493150685 0.0845401174
7 0.3405088063 0.1508806262 0.0446183953 0.0802348337
1 0.4164383562 0.1538160470 0.0923679061 0.1221135029
7 0.7528375734 0.1628180039 0.0262230920 0.0626223092
1 0.5062622309 0.1790606654 0.0911937378 0.0778864971
1 0.5904109589 0.1878669276 0.0880626223 0.0798434442
7 0.6743639922 0.1816046967 0.0313111546 0.0258317025
1 0.6436399217 0.2133072407 0.0277886497 0.0641878669
7 0.6990215264 0.2279843444 0.0258317025 0.0465753425
7 0.6747553816 0.2090019569 0.0273972603 0.0320939335
7 0.7001956947 0.1818003914 0.0266144814 0.0544031311
7 0.7178082192 0.1794520548 0.0227005871 0.0481409002
7 0.7489236791 0.2244618395 0.0277886497 0.0622309198
7 0.7244618395 0.2270058708 0.0281800391 0.0587084149
7 0.7733855186 0.2262230920 0.0289628180 0.0735812133
7 0.8839530333 0.2123287671 0.0324853229 0.0489236791
7 0.9031311155 0.2054794521 0.0293542074 0.0547945205
7 0.0348336595 0.2626223092 0.0696673190 0.0861056751
7 0.1162426614 0.2682974560 0.0970645793 0.0935420744
7 0.2121330724 0.2853228963 0.0782778865 0.0868884540
7 0.2929549902 0.2853228963 0.0904109589 0.0915851272
7 0.3600782779 0.2904109589 0.0469667319 0.0868884540
7 0.6739726027 0.2352250489 0.0297455969 0.0266144814
7 0.7943248532 0.2363992172 0.0277886497 0.0532289628
7 0.8166340509 0.2360078278 0.0285714286 0.0602739726
7 0.8816046967 0.2536203523 0.0270058708 0.0430528376
7 0.8397260274 0.2393346380 0.0254403131 0.0598825832
7 0.8602739726 0.2369863014 0.0289628180 0.0590998043
7 0.9039138943 0.2524461840 0.0277886497 0.0477495108
7 0.9254403131 0.2497064579 0.0270058708 0.0540117417
7 0.9414872798 0.2592954990 0.0160469667 0.0426614481
1 0.5465753425 0.3123287671 0.0371819961 0.0821917808
1 0.5136986301 0.3093933464 0.0379647750 0.0833659491
1 0.5831702544 0.3099804305 0.0375733855 0.0704500978
1 0.6158512720 0.3131115460 0.0332681018 0.0673189824
4 0.6876712329 0.3172211350 0.0461839530 0.0818003914
1 0.6518590998 0.3140900196 0.0395303327 0.0700587084
4 0.7641878669 0.3248532290 0.0410958904 0.0814090020
4 0.7279843444 0.3211350294 0.0438356164 0.0841487280
4 0.7958904110 0.3358121331 0.0371819961 0.0751467710
4 0.8277886497 0.3385518591 0.0352250489 0.0720156556
4 0.8808219178 0.3448140900 0.0324853229 0.0743639922
4 0.8565557730 0.3418786693 0.0363992172 0.0739726027
7 0.9052837573 0.3475538160 0.0320939335 0.0712328767
0 0.0162426614 0.3726027397 0.0324853229 0.0508806262
0 0.0146771037 0.4232876712 0.0293542074 0.0512720157
0 0.0641878669 0.3733855186 0.0657534247 0.0532289628
0 0.1299412916 0.4250489237 0.0704500978 0.0547945205
0 0.2594911937 0.3900195695 0.0563600783 0.0426614481
0 0.3178082192 0.4268101761 0.0587084149 0.0544031311
1 0.4295499022 0.4295499022 0.0528375734 0.0489236791
1 0.5326810176 0.4301369863 0.0532289628 0.0454011742
1 0.5864970646 0.4293542074 0.0551859100 0.0485322896
1 0.6847358121 0.4072407045 0.0528375734 0.0403131115
1 0.7344422701 0.4095890411 0.0544031311 0.0418786693
0 0.0166340509 0.4694716243 0.0332681018 0.0450097847
0 0.0622309198 0.4405088063 0.0743639922 0.0857142857
0 0.1301369863 0.4733855186 0.0724070450 0.0442270059
0 0.1958904110 0.4508806262 0.0661448141 0.0829745597
0 0.2577299413 0.4532289628 0.0653620352 0.0821917808
0 0.3193737769 0.4747553816 0.0579256360 0.0407045010
1 0.4264187867 0.4743639922 0.0528375734 0.0414872798
0 0.3759295499 0.4504892368 0.0551859100 0.0892367906
1 0.4778864971 0.4774951076 0.0493150685 0.0383561644
1 0.4804305284 0.4348336595 0.0512720157 0.0485322896
1 0.5299412916 0.4727984344 0.0547945205 0.0407045010
1 0.6315068493 0.4794520548 0.0418786693 0.0391389432
1 0.5833659491 0.4739726027 0.0536203523 0.0454011742
1 0.6767123288 0.4802348337 0.0485322896 0.0328767123
1 0.6819960861 0.4455968689 0.0504892368 0.0379647750
1 0.6362035225 0.4362035225 0.0473581213 0.0481409002
1 0.7303326810 0.4471624266 0.0477495108 0.0395303327
1 0.7240704501 0.4798434442 0.0477495108 0.0305283757
1 0.7800391389 0.4471624266 0.0508806262 0.0395303327
7 0.8168297456 0.4690802348 0.0328767123 0.0716242661
1 0.7735812133 0.4853228963 0.0512720157 0.0367906067
4 0.8448140900 0.4542074364 0.0379647750 0.0974559687
4 0.8720156556 0.4694716243 0.0438356164 0.0708414873
7 0.9048923679 0.4690802348 0.0422700587 0.0739726027
7 0.8203522505 0.5495107632 0.0407045010 0.0273972603
7 0.8636007828 0.5497064579 0.0442270059 0.0512720157
0 0.0252446184 0.5827788650 0.0504892368 0.0508806262
0 0.0279843444 0.6207436399 0.0559686888 0.0250489237
0 0.0956947162 0.5917808219 0.0677103718 0.0759295499
0 0.1442270059 0.6170254403 0.0637964775 0.0293542074
0 0.2019569472 0.5951076321 0.0673189824 0.0669275930
0 0.2679060665 0.5894324853 0.0692759295 0.0774951076
0 0.3330724070 0.6123287671 0.0602739726 0.0270058708
0 0.3336594912 0.5737769080 0.0630136986 0.0508806262
0 0.3888454012 0.6000000000 0.0528375734 0.0273972603
1 0.4886497065 0.5931506849 0.0497064579 0.0771037182
1 0.4387475538 0.5947162427 0.0532289628 0.0810176125
1 0.5342465753 0.5945205479 0.0493150685 0.0782778865
1 0.6264187867 0.5896281800 0.0536203523 0.0818003914
1 0.5780821918 0.5927592955 0.0493150685 0.0739726027
1 0.6731898239 0.5886497065 0.0563600783 0.0696673190
1 0.7602739726 0.5896281800 0.0544031311 0.0747553816
1 0.7181996086 0.5925636008 0.0579256360 0.0704500978
7 0.8048923679 0.5806262231 0.0395303327 0.0356164384
7 0.8273972603 0.6111545988 0.0313111546 0.0379647750
7 0.7994129159 0.6123287671 0.0356164384 0.0301369863
7 0.8630136986 0.6015655577 0.0414872798 0.0524461840
7 0.8528375734 0.6947162427 0.0305283757 0.0375733855
7 0.8495107632 0.6626223092 0.0246575342 0.0328767123
0 0.0371819961 0.7340508806 0.0649706458 0.0442270059
0 0.1649706458 0.7596868885 0.0544031311 0.0399217221
0 0.1634050881 0.7172211350 0.0575342466 0.0520547945
0 0.1039138943 0.7671232877 0.0645792564 0.0266144814
0 0.1029354207 0.7324853229 0.0649706458 0.0450097847
0 0.2197651663 0.7172211350 0.0544031311 0.0497064579
0 0.2209393346 0.7575342466 0.0567514677 0.0340508806
0 0.2761252446 0.7342465753 0.0559686888 0.0759295499
0 0.3317025440 0.7320939335 0.0551859100 0.0716242661
1 0.4279843444 0.7262230920 0.0457925636 0.0708414873
1 0.3819960861 0.7279843444 0.0469667319 0.0720156556
1 0.4722113503 0.7252446184 0.0410958904 0.0641878669
1 0.5111545988 0.7240704501 0.0407045010 0.0727984344
1 0.5499021526 0.7258317025 0.0469667319 0.0724070450
1 0.6054794521 0.7221135029 0.0782778865 0.0681017613
1 0.6958904110 0.7054794521 0.0438356164 0.0919765166
1 0.6587084149 0.7056751468 0.0399217221 0.0908023483
7 0.7373776908 0.7015655577 0.0555772994 0.0841487280
7 0.8160469667 0.7019569472 0.0477495108 0.0880626223
7 0.7761252446 0.7041095890 0.0500978474 0.0900195695
7 0.8491193738 0.7268101761 0.0371819961 0.0344422701
0 0.0393346380 0.7706457926 0.0614481409 0.0313111546
1 0.4023483366 0.2996086106 0.0383561644 0.0818003914
1 0.4391389432 0.3039138943 0.0383561644 0.0849315068
1 0.4776908023 0.3056751468 0.0403131115 0.0821917808
