1 0.0329067642 0.0265082267 0.0658135283 0.0530164534
1 0.7632541133 0.0255941499 0.1517367459 0.0511882998
1 0.9469835466 0.0265082267 0.1060329068 0.0530164534
1 0.2696526508 0.0594149909 0.1334552102 0.1188299817
1 0.4762340037 0.0621572212 0.1042047532 0.1243144424
1 0.5749542962 0.0658135283 0.1078610603 0.1316270567
1 0.7742230347 0.1005484461 0.1480804388 0.1133455210
1 0.9597806216 0.1106032907 0.0804387569 0.1334552102
1 0.0329067642 0.1343692870 0.0658135283 0.1407678245
1 0.2696526508 0.2001828154 0.1407678245 0.1590493601
1 0.4789762340 0.2010968921 0.1279707495 0.1425959781
1 0.5895795247 0.2093235832 0.1078610603 0.1407678245
1 0.7925045704 0.2175502742 0.1663619744 0.1279707495
1 0.9707495430 0.2321755027 0.0585009141 0.1133455210
6 0.0237659963 0.2787934186 0.0475319927 0.1371115174
1 0.4881170018 0.3510054845 0.1389396709 0.1755027422
1 0.6014625229 0.3537477148 0.1060329068 0.1663619744
7 0.8098720293 0.3336380256 0.1279707495 0.1151736746
1 0.9771480804 0.3455210238 0.0457038391 0.1206581353
6 0.0210237660 0.4113345521 0.0420475320 0.1389396709
1 0.2733089580 0.3647166362 0.1444241316 0.1736745887
7 0.8226691042 0.4515539305 0.1462522852 0.1316270567
7 0.9908592322 0.4606946984 0.0182815356 0.0914076782
5 0.0191956124 0.5831809872 0.0383912249 0.2084095064
5 0.2212065814 0.5630712980 0.2522851920 0.2120658135
1 0.4908592322 0.5265082267 0.1480804388 0.1864716636
1 0.6096892139 0.5210237660 0.1188299817 0.1828153565
7 0.8318098720 0.5795246801 0.1572212066 0.1352833638
5 0.5648994516 0.7065813528 0.2449725777 0.1992687386
5 0.0155393053 0.7861060329 0.0310786106 0.1828153565
5 0.2276051188 0.7486288848 0.2504570384 0.1919561243
6 0.8382084095 0.7486288848 0.1700182815 0.2102376600
5 0.0127970750 0.9341864717 0.0255941499 0.1316270567
5 0.2257769653 0.9104204753 0.2614259598 0.1791590494
5 0.5749542962 0.8674588665 0.2468007313 0.1846435101
6 0.8692870201 0.9250457038 0.1590493601 0.1499085923
6 0.4936014625 0.9734917733 0.1316270567 0.0530164534
6 0.6243144424 0.9680073126 0.1627056673 0.0639853748
