1 0.3895558223 0.0258103241 0.1260504202 0.0516206483
4 0.0960384154 0.0600240096 0.0408163265 0.1200480192
4 0.1416566627 0.0498199280 0.0552220888 0.0996398559
4 0.1830732293 0.0444177671 0.0348139256 0.0888355342
4 0.2304921969 0.0450180072 0.0504201681 0.0900360144
4 0.2905162065 0.0282112845 0.0864345738 0.0564225690
4 0.0612244898 0.0690276110 0.0360144058 0.1260504202
1 0.5126050420 0.1374549820 0.1080432173 0.2340936375
1 0.6272509004 0.1182472989 0.1308523409 0.2364945978
7 0.1320528211 0.2496998800 0.0456182473 0.0360144058
7 0.1602641056 0.2124849940 0.0228091236 0.0768307323
1 0.2262905162 0.2328931573 0.0516206483 0.1656662665
1 0.2695078031 0.2160864346 0.0516206483 0.1776710684
1 0.3385354142 0.2004801921 0.0840336134 0.2040816327
1 0.4189675870 0.1740696279 0.0960384154 0.2064825930
7 0.1002400960 0.2755102041 0.0324129652 0.0708283313
1 0.1788715486 0.3667466987 0.0696278511 0.0852340936
7 0.1644657863 0.2755102041 0.0144057623 0.0492196879
1 0.2557022809 0.3535414166 0.0864345738 0.0876350540
1 0.3307322929 0.3469387755 0.0732292917 0.0864345738
1 0.4087635054 0.3325330132 0.0828331333 0.0912364946
1 0.4933973589 0.3121248499 0.0936374550 0.1008403361
1 0.6080432173 0.3457382953 0.1380552221 0.2016806723
1 0.0696278511 0.3895558223 0.0456182473 0.0708283313
1 0.0672268908 0.4627851140 0.0504201681 0.0780312125
1 0.1212484994 0.3811524610 0.0480192077 0.0708283313
1 0.1164465786 0.4549819928 0.0480192077 0.0840336134
1 0.1818727491 0.4513805522 0.0588235294 0.0912364946
1 0.2533013205 0.4369747899 0.0816326531 0.1008403361
1 0.3289315726 0.4297719088 0.0792316927 0.0960384154
1 0.4075630252 0.4201680672 0.0804321729 0.0984393758
1 0.4921968788 0.4093637455 0.0888355342 0.0936374550
1 0.0966386555 0.5744297719 0.0444177671 0.1380552221
1 0.2142857143 0.5714285714 0.0540216086 0.1512605042
1 0.1722689076 0.5732292917 0.0444177671 0.1452581032
1 0.2647058824 0.5666266507 0.0468187275 0.1512605042
1 0.3139255702 0.5648259304 0.0564225690 0.1620648259
1 0.3835534214 0.5618247299 0.0636254502 0.1632653061
1 0.4495798319 0.5576230492 0.0756302521 0.1572629052
1 0.5210084034 0.5600240096 0.0672268908 0.1764705882
1 0.5948379352 0.5582232893 0.0756302521 0.1848739496
1 0.6662665066 0.5546218487 0.0816326531 0.1872749100
1 0.0564225690 0.5780312125 0.0408163265 0.1308523409
1 0.1344537815 0.5750300120 0.0432172869 0.1416566627
7 0.0432172869 0.7418967587 0.0864345738 0.1344537815
7 0.1482593037 0.7430972389 0.0636254502 0.1368547419
1 0.2208883553 0.7460984394 0.0840336134 0.1332533013
1 0.3271308523 0.7725090036 0.1308523409 0.1788715486
1 0.4585834334 0.7881152461 0.1536614646 0.2028811525
1 0.6206482593 0.8007202881 0.1752701080 0.2136854742
7 0.0366146459 0.9093637455 0.0732292917 0.1548619448
0 0.1686674670 0.9309723890 0.0756302521 0.1380552221
0 0.2743097239 0.9441776711 0.1020408163 0.1116446579
0 0.3883553421 0.9543817527 0.1476590636 0.0912364946
0 0.5402160864 0.9699879952 0.1128451381 0.0600240096
0 0.6566626651 0.9735894358 0.1344537815 0.0528211285
