1 0.0889748549 0.0348162476 0.1160541586 0.0696324952
1 0.3297872340 0.0377176015 0.1063829787 0.0754352031
1 0.1943907157 0.0396518375 0.1025145068 0.0793036750
1 0.4332688588 0.0367504836 0.0967117988 0.0735009671
1 0.6682785300 0.0212765957 0.0909090909 0.0425531915
1 0.5744680851 0.0212765957 0.0967117988 0.0425531915
1 0.6702127660 0.0947775629 0.0870406190 0.1160541586
1 0.5773694391 0.0957446809 0.0947775629 0.1102514507
1 0.0812379110 0.1257253385 0.1199226306 0.1160541586
1 0.3307543520 0.1286266925 0.1044487427 0.1102514507
1 0.1934235977 0.1373307544 0.1044487427 0.1121856867
1 0.4342359768 0.1344294004 0.0986460348 0.1102514507
1 0.5580270793 0.2127659574 0.1063829787 0.1199226306
1 0.6615087041 0.2147001934 0.1005802708 0.1160541586
1 0.7785299807 0.1760154739 0.0986460348 0.1121856867
1 0.0764023211 0.2437137331 0.1141199226 0.1121856867
1 0.3288201161 0.2388781431 0.1044487427 0.1063829787
1 0.1876208897 0.2466150870 0.1044487427 0.1102514507
1 0.3268858801 0.3500967118 0.1044487427 0.1121856867
1 0.4313346228 0.2417794971 0.1005802708 0.1083172147
1 0.5725338491 0.3326885880 0.0967117988 0.1199226306
1 0.6673114120 0.3326885880 0.0967117988 0.1237911025
1 0.7862669246 0.3036750484 0.1102514507 0.1121856867
1 0.0657640232 0.3578336557 0.1160541586 0.1160541586
1 0.1789168279 0.3549323017 0.1179883946 0.1102514507
1 0.1731141199 0.4661508704 0.1218568665 0.1121856867
1 0.3239845261 0.4642166344 0.1063829787 0.1160541586
1 0.4274661509 0.4642166344 0.1044487427 0.1160541586
1 0.4303675048 0.3520309478 0.1025145068 0.1083172147
1 0.6624758221 0.4555125725 0.0986460348 0.1179883946
1 0.5589941973 0.4564796905 0.1044487427 0.1199226306
1 0.7804642166 0.4313346228 0.1025145068 0.1199226306
1 0.8878143133 0.4477756286 0.0928433269 0.0986460348
5 0.1247582205 0.6992263056 0.0715667311 0.1141199226
5 0.1499032882 0.6005802708 0.1450676983 0.0754352031
5 0.0473887814 0.7001934236 0.0793036750 0.1160541586
5 0.3172147002 0.6218568665 0.1121856867 0.1334622824
5 0.4177949710 0.6218568665 0.1005802708 0.1257253385
5 0.5744680851 0.6150870406 0.0812379110 0.1160541586
5 0.6634429400 0.6121856867 0.0928433269 0.1141199226
5 0.8588007737 0.6257253385 0.0580270793 0.1334622824
5 0.9777562863 0.6189555126 0.0444874275 0.1315280464
5 0.1392649903 0.8036750484 0.0618955513 0.0986460348
5 0.0560928433 0.8094777563 0.1005802708 0.0986460348
5 0.3143133462 0.7524177950 0.1063829787 0.1353965184
5 0.4139264990 0.7485493230 0.0967117988 0.1315280464
5 0.5647969052 0.7340425532 0.0889748549 0.1218568665
5 0.6566731141 0.7311411992 0.0909090909 0.1160541586
5 0.7775628627 0.7611218569 0.0967117988 0.1411992263
5 0.8588007737 0.7649903288 0.0696324952 0.1373307544
5 0.9796905222 0.7620889749 0.0406189555 0.1470019342
5 0.0512572534 0.9110251451 0.0947775629 0.1044487427
5 0.1353965184 0.9081237911 0.0657640232 0.1063829787
5 0.4129593810 0.8742746615 0.0947775629 0.1199226306
5 0.5551257253 0.9545454545 0.0889748549 0.0909090909
5 0.6382978723 0.8539651838 0.0657640232 0.1218568665
5 0.5541586074 0.8491295938 0.0870406190 0.1121856867
5 0.7804642166 0.9168278530 0.1025145068 0.1547388781
5 0.8617021277 0.9090909091 0.0676982592 0.1470019342
5 0.9806576402 0.9100580271 0.0386847195 0.1528046422
5 0.3162475822 0.9622823985 0.0986460348 0.0754352031
5 0.4129593810 0.9661508704 0.0947775629 0.0676982592
5 0.6373307544 0.9555125725 0.0638297872 0.0889748549
