1 0.2422857143 0.0588571429 0.1325714286 0.0674285714
1 0.3748571429 0.0628571429 0.1302857143 0.0640000000
1 0.5102857143 0.0925714286 0.1428571429 0.1485714286
1 0.1840000000 0.1171428571 0.1462857143 0.0742857143
1 0.2994285714 0.1234285714 0.0891428571 0.0685714286
1 0.4034285714 0.1280000000 0.1142857143 0.0708571429
1 0.1051428571 0.2245714286 0.0777142857 0.1542857143
1 0.3657142857 0.2360000000 0.1508571429 0.1565714286
1 0.5142857143 0.2434285714 0.1462857143 0.1531428571
1 0.6154285714 0.2434285714 0.0628571429 0.1485714286
7 0.8205714286 0.2062857143 0.1462857143 0.1314285714
7 0.9365714286 0.2102857143 0.1268571429 0.1257142857
7 0.6977142857 0.3240000000 0.1314285714 0.1222857143
7 0.8468571429 0.3308571429 0.1737142857 0.1200000000
7 0.9611428571 0.3314285714 0.0662857143 0.1211428571
7 0.9851428571 0.3308571429 0.0297142857 0.1245714286
1 0.1257142857 0.4600000000 0.0777142857 0.1451428571
1 0.2485714286 0.4645714286 0.0697142857 0.1405714286
1 0.1862857143 0.4657142857 0.0731428571 0.1382857143
1 0.3217142857 0.4588571429 0.0902857143 0.1542857143
1 0.4028571429 0.4594285714 0.0834285714 0.1508571429
1 0.4862857143 0.4611428571 0.0857142857 0.1474285714
1 0.5737142857 0.4542857143 0.1074285714 0.1520000000
7 0.6902857143 0.4697142857 0.1257142857 0.1188571429
7 0.8022857143 0.4702857143 0.1234285714 0.1177142857
7 0.8994285714 0.4365714286 0.0800000000 0.0594285714
7 0.8902857143 0.4965714286 0.0800000000 0.0605714286
7 0.9651428571 0.4382857143 0.0697142857 0.0628571429
7 0.9594285714 0.4971428571 0.0811428571 0.0594285714
7 0.7354285714 0.5674285714 0.1725714286 0.0628571429
1 0.1640000000 0.6645714286 0.0994285714 0.1360000000
1 0.2525714286 0.6640000000 0.0982857143 0.1280000000
1 0.3417142857 0.6640000000 0.0800000000 0.1165714286
1 0.5102857143 0.6137142857 0.0834285714 0.0617142857
1 0.5114285714 0.6817142857 0.0857142857 0.0628571429
7 0.7228571429 0.6285714286 0.1702857143 0.0685714286
7 0.8908571429 0.6342857143 0.1657142857 0.0594285714
1 0.1777142857 0.7645714286 0.0925714286 0.0685714286
1 0.2651428571 0.7600000000 0.0754285714 0.0617142857
1 0.3360000000 0.7662857143 0.0685714286 0.0560000000
1 0.4137142857 0.7594285714 0.0845714286 0.0742857143
1 0.4994285714 0.7588571429 0.0845714286 0.0800000000
7 0.6474285714 0.7394285714 0.0720000000 0.1600000000
7 0.7040000000 0.7400000000 0.0708571429 0.1611428571
7 0.7628571429 0.7422857143 0.0720000000 0.1588571429
7 0.8200000000 0.7400000000 0.0765714286 0.1588571429
7 0.8782857143 0.7417142857 0.0788571429 0.1554285714
7 0.9365714286 0.7382857143 0.0834285714 0.1531428571
1 0.1731428571 0.8371428571 0.0811428571 0.0811428571
1 0.2560000000 0.8365714286 0.0845714286 0.0868571429
1 0.3405714286 0.8354285714 0.0868571429 0.0845714286
1 0.4188571429 0.8337142857 0.0765714286 0.0742857143
1 0.4977142857 0.8337142857 0.0857142857 0.0742857143
7 0.6885714286 0.8925714286 0.1405714286 0.1005714286
7 0.8537142857 0.9148571429 0.1691428571 0.1062857143
1 0.1788571429 0.9611428571 0.1017142857 0.0777142857
1 0.2537142857 0.9605714286 0.0868571429 0.0788571429
1 0.3314285714 0.9588571429 0.0800000000 0.0822857143
1 0.4022857143 0.9565714286 0.0777142857 0.0868571429
1 0.4771428571 0.9565714286 0.0742857143 0.0868571429
1 0.5537142857 0.9571428571 0.0857142857 0.0857142857
7 0.6748571429 0.9788571429 0.1291428571 0.0422857143
7 0.8394285714 0.9857142857 0.1405714286 0.0285714286
1 0.2160000000 0.2308571429 0.1531428571 0.1600000000
1 0.4240000000 0.6611428571 0.0731428571 0.1154285714
