6 0.0873983740 0.0501355014 0.1260162602 0.1002710027
5 0.5399728997 0.0467479675 0.1856368564 0.0934959350
5 0.7418699187 0.0311653117 0.1124661247 0.0623306233
5 0.9749322493 0.0630081301 0.0501355014 0.1260162602
5 0.2899728997 0.0636856369 0.1815718157 0.1273712737
5 0.8373983740 0.1355013550 0.1355013550 0.1707317073
7 0.0921409214 0.1476964770 0.1165311653 0.1002710027
1 0.2567750678 0.1910569106 0.0880758808 0.1355013550
1 0.3448509485 0.1869918699 0.1097560976 0.1382113821
5 0.5447154472 0.1598915989 0.1869918699 0.1571815718
5 0.7344173442 0.1449864499 0.1084010840 0.1544715447
6 0.9688346883 0.1917344173 0.0623306233 0.1124661247
7 0.0989159892 0.2425474255 0.1084010840 0.0975609756
1 0.5060975610 0.3069105691 0.1070460705 0.1287262873
6 0.7845528455 0.2723577236 0.2140921409 0.1029810298
6 0.9620596206 0.3028455285 0.0758807588 0.1124661247
7 0.1084010840 0.3299457995 0.0948509485 0.0853658537
1 0.2628726287 0.3150406504 0.0785907859 0.1233062331
1 0.3468834688 0.3170731707 0.1029810298 0.1300813008
6 0.7777777778 0.3705962060 0.2086720867 0.1016260163
1 0.0054200542 0.4051490515 0.0108401084 0.0840108401
1 0.1212737127 0.4159891599 0.1233062331 0.0948509485
1 0.2716802168 0.4220867209 0.0799457995 0.1043360434
1 0.3536585366 0.4281842818 0.0948509485 0.1056910569
1 0.5088075881 0.4288617886 0.1043360434 0.1178861789
1 0.7140921409 0.4776422764 0.1084010840 0.1043360434
6 0.9552845528 0.4126016260 0.0894308943 0.1070460705
1 0.0135501355 0.4952574526 0.0271002710 0.0989159892
1 0.1355013550 0.5027100271 0.1111111111 0.0840108401
1 0.2825203252 0.5284552846 0.0799457995 0.0975609756
1 0.3556910569 0.5338753388 0.0772357724 0.0975609756
1 0.5088075881 0.5379403794 0.0989159892 0.0975609756
1 0.9498644986 0.5169376694 0.1002710027 0.1043360434
1 0.0230352304 0.5880758808 0.0460704607 0.1002710027
1 0.1429539295 0.5914634146 0.1124661247 0.1043360434
1 0.2859078591 0.6151761518 0.0704607046 0.0867208672
1 0.3570460705 0.6300813008 0.0772357724 0.0921409214
1 0.5067750678 0.6341463415 0.0948509485 0.0921409214
1 0.7113821138 0.5867208672 0.1029810298 0.0975609756
1 0.9451219512 0.6131436314 0.1097560976 0.0934959350
1 0.7066395664 0.6802168022 0.1070460705 0.0921409214
1 0.9315718157 0.7086720867 0.1124661247 0.1029810298
