7 0.7736093144 0.0271668823 0.0336351876 0.0284605433
7 0.7761966365 0.0730918499 0.0388098318 0.0608020699
7 0.7451487710 0.1397153946 0.0388098318 0.0569210867
1 0.0485122898 0.7943078913 0.0970245796 0.1164294955
3 0.1435963777 0.7315653299 0.0413971539 0.0271668823
1 0.1435963777 0.7813712807 0.0595084088 0.0724450194
1 0.1862871928 0.7839586028 0.0310478655 0.0750323415
3 0.1824062096 0.7315653299 0.0388098318 0.0297542044
3 0.2212160414 0.7309184994 0.0388098318 0.0336351876
1 0.3169469599 0.7503234153 0.0595084088 0.0776196636
1 0.4799482536 0.7723156533 0.1138421734 0.0646830530
1 0.3783958603 0.7503234153 0.0685640362 0.0776196636
1 0.5827943079 0.7406209573 0.0659767141 0.0633893920
2 0.6733505821 0.7412677878 0.1203104787 0.0620957309
1 0.0472186287 0.8751617076 0.0944372574 0.0582147477
1 0.1448900388 0.8551099612 0.0569210867 0.0750323415
1 0.1862871928 0.8576972833 0.0284605433 0.0750323415
1 0.3324708926 0.8796895213 0.0802069858 0.0620957309
1 0.3473479948 0.8195342820 0.1177231565 0.0633893920
1 0.4618369987 0.8318240621 0.0802069858 0.0620957309
2 0.6384217335 0.8098318241 0.1746442432 0.0802069858
8 0.7865459250 0.8040103493 0.0776196636 0.0633893920
1 0.0452781371 0.9282018111 0.0905562743 0.0608020699
1 0.1429495472 0.9307891332 0.0633893920 0.0763260026
1 0.2043984476 0.9282018111 0.0620957309 0.0659767141
1 0.3357050453 0.9398447607 0.0711513583 0.0608020699
1 0.2742561449 0.9592496766 0.0517464424 0.0737386805
1 0.4592496766 0.9637774903 0.0827943079 0.0724450194
1 0.4611901682 0.8965071151 0.0789133247 0.0698576973
1 0.5756791721 0.9579560155 0.0569210867 0.0608020699
1 0.5815006468 0.8913324709 0.0659767141 0.0724450194
1 0.6720569211 0.8919793014 0.1177231565 0.1021992238
8 0.7871927555 0.8971539457 0.0815006468 0.0556274256
1 0.0452781371 0.9754204398 0.0905562743 0.0491591203
1 0.1429495472 0.9838292367 0.0582147477 0.0323415265
1 0.2037516171 0.9786545925 0.0659767141 0.0426908150
1 0.3324708926 0.9851228978 0.0724450194 0.0297542044
1 0.6959896507 0.9683053040 0.0646830530 0.0556274256
1 0.6326002587 0.9663648124 0.0569210867 0.0517464424
8 0.7878395860 0.9767141009 0.0827943079 0.0465717982
