4 0.5654796094 0.0763928777 0.0936243538 0.1527857553
0 0.9629523262 0.0249856404 0.0740953475 0.0499712809
7 0.0364732912 0.0824238943 0.0729465824 0.1648477886
7 0.1507754164 0.0835726594 0.1407237220 0.1671453188
7 0.2544514647 0.0778288340 0.0735209650 0.1556576680
7 0.3271108558 0.0795519816 0.0855829983 0.1591039632
7 0.4035037335 0.0778288340 0.0959218840 0.1556576680
4 0.4853532453 0.0795519816 0.0953475014 0.1591039632
5 0.6605399196 0.0763928777 0.1137277427 0.1527857553
5 0.7670878805 0.0755313038 0.1154508903 0.1510626077
0 0.9612291786 0.0999425617 0.0775416427 0.1045376221
0 0.9979896611 0.3230901781 0.0040206778 0.1223434808
0 0.0554279150 0.3543940264 0.1108558300 0.1906950029
0 0.1346927053 0.3558299828 0.1062607697 0.1889718553
0 0.2107983917 0.3538196439 0.1045376221 0.1849511775
7 0.3256748995 0.3655944859 0.1585295807 0.1705916140
7 0.4316484779 0.3664560597 0.0821367030 0.1619758759
7 0.5077541643 0.3670304423 0.0815623205 0.1665709362
4 0.6430212522 0.3635841470 0.0729465824 0.1780585870
4 0.5746697300 0.3650201034 0.0603101666 0.1705916140
4 0.7130959219 0.3647329121 0.0763928777 0.1734635267
4 0.7805858702 0.3644457209 0.0723721999 0.1751866743
5 0.9517518667 0.3618609994 0.0964962665 0.1792073521
1 0.0706490523 0.6217690982 0.1412981045 0.1395749569
1 0.1700172315 0.6260769673 0.0919012062 0.1412981045
1 0.2311889719 0.6255025847 0.0890292935 0.1401493395
1 0.2937966686 0.6252153935 0.0832854681 0.1407237220
1 0.3564043653 0.6266513498 0.0798391729 0.1412981045
1 0.4195864446 0.6263641585 0.0809879380 0.1395749569
4 0.6858127513 0.6263641585 0.0620333142 0.1395749569
1 0.5140723722 0.6415852958 0.1229178633 0.1114302125
4 0.6165996554 0.6298104538 0.0924755887 0.1453187823
4 0.7578977599 0.6298104538 0.0832854681 0.1499138426
4 0.8317059161 0.6367030442 0.0723721999 0.1361286617
6 0.8997702470 0.6323951752 0.0729465824 0.1470419299
6 0.9669730040 0.6335439403 0.0660539920 0.1470419299
0 0.9681217691 0.8242389431 0.0637564618 0.0873061459
1 0.1097070649 0.8518093050 0.1608271109 0.1298104538
1 0.2125215393 0.8506605399 0.0815623205 0.1298104538
1 0.3365881677 0.8518093050 0.0804135554 0.1171740379
1 0.2754164273 0.8523836875 0.0809879380 0.1206203331
1 0.3991958644 0.8523836875 0.0723721999 0.1206203331
1 0.4623779437 0.8529580701 0.0746697300 0.1252153935
7 0.5264215968 0.8529580701 0.0729465824 0.1298104538
7 0.5867317634 0.8546812177 0.0695002872 0.1321079839
7 0.6481906950 0.8546812177 0.0660539920 0.1298104538
7 0.7113727743 0.8592762780 0.0683515221 0.1309592188
7 0.7739804710 0.8595634693 0.0660539920 0.1269385411
7 0.8397472717 0.8612866169 0.0689259047 0.1326823665
7 0.9052268811 0.8618609994 0.0677771396 0.1361286617
0 0.9666858128 0.8963239518 0.0666283745 0.0706490523
7 0.7222860425 0.9948305572 0.0717978173 0.0103388857
7 0.6605399196 0.9951177484 0.0781160253 0.0097645032
7 0.8532452613 0.9965537048 0.0729465824 0.0068925905
7 0.7869040781 0.9954049397 0.0677771396 0.0091901206
7 0.9152785755 0.9977024698 0.0786904078 0.0045950603
