2 0.0155412647 0.1039657020 0.0310825295 0.1157556270
3 0.1457663451 0.1409431940 0.0342979636 0.0418006431
3 0.1939978564 0.1430868167 0.0685959271 0.0418006431
1 0.4989281886 0.1264737406 0.0503751340 0.0771704180
1 0.5959271168 0.1302250804 0.0578778135 0.0718113612
1 0.5498392283 0.1286173633 0.0557341908 0.0793140407
1 0.7336548767 0.1323687031 0.0996784566 0.0675241158
2 0.8928188639 0.1468381565 0.1757770632 0.0814576635
1 0.0171489818 0.2063236870 0.0342979636 0.1039657020
3 0.1441586281 0.1789924973 0.0332261522 0.0364415863
3 0.2100750268 0.1822079314 0.0321543408 0.0407288317
1 0.1811361200 0.2224008574 0.0878885316 0.0503751340
3 0.1784565916 0.1811361200 0.0353697749 0.0364415863
1 0.2808145766 0.2256162915 0.0535905681 0.0653804930
1 0.2867095391 0.1634512326 0.0589496249 0.0718113612
1 0.3381564845 0.1709539121 0.0525187567 0.0760986066
1 0.3885316184 0.1757770632 0.0546623794 0.0685959271
1 0.4935691318 0.2025723473 0.0546623794 0.0750267953
1 0.5884244373 0.2009646302 0.0471596999 0.0739549839
1 0.5418006431 0.2036441586 0.0546623794 0.0750267953
1 0.7282958199 0.1982851018 0.0996784566 0.0621650589
1 0.1800643087 0.2652733119 0.0900321543 0.0482315113
1 0.3338692390 0.2304394427 0.0525187567 0.0664523044
1 0.2808145766 0.2824222937 0.0557341908 0.0589496249
1 0.3285101822 0.2851018221 0.0525187567 0.0535905681
1 0.3847802787 0.2363344051 0.0557341908 0.0610932476
1 0.3788853162 0.2926045016 0.0503751340 0.0535905681
1 0.4855305466 0.2717041801 0.0621650589 0.0653804930
1 0.5803858521 0.2690246517 0.0482315113 0.0664523044
1 0.5359056806 0.2711682744 0.0493033226 0.0664523044
1 0.7213290461 0.2572347267 0.0900321543 0.0514469453
1 0.9040728832 0.2309753483 0.1039657020 0.0911039657
1 0.0176848875 0.3038585209 0.0353697749 0.0975348339
1 0.1784565916 0.3054662379 0.0889603430 0.0471596999
1 0.1779206860 0.3445873526 0.0878885316 0.0439442658
1 0.3263665595 0.3461950697 0.0503751340 0.0578778135
1 0.3772775991 0.3494105038 0.0471596999 0.0600214362
1 0.4753483387 0.3349410504 0.0568060021 0.0589496249
1 0.5273311897 0.3365487674 0.0514469453 0.0600214362
1 0.5707395498 0.3327974277 0.0482315113 0.0653804930
1 0.7031082529 0.3617363344 0.0857449089 0.0482315113
1 0.7090032154 0.3113612004 0.0911039657 0.0546623794
1 0.8767416935 0.3017148982 0.1371918542 0.0568060021
1 0.8665594855 0.3553054662 0.1382636656 0.0589496249
1 0.0187566988 0.3949624866 0.0375133976 0.0932475884
1 0.1779206860 0.4201500536 0.0857449089 0.0364415863
1 0.1784565916 0.3831725616 0.0868167203 0.0396570204
1 0.3188638800 0.4051446945 0.0525187567 0.0600214362
1 0.3713826367 0.4083601286 0.0482315113 0.0600214362
1 0.5128617363 0.3906752412 0.0482315113 0.0525187567
1 0.4662379421 0.3896034298 0.0557341908 0.0525187567
1 0.5594855305 0.3949624866 0.0493033226 0.0589496249
1 0.6934619507 0.4126473741 0.0878885316 0.0514469453
1 0.8563772776 0.4078242229 0.1350482315 0.0503751340
1 0.0203644159 0.4817792069 0.0407288317 0.0889603430
1 0.1757770632 0.4941050375 0.0857449089 0.0385852090
1 0.1779206860 0.4560557342 0.0836012862 0.0353697749
1 0.3188638800 0.4673097535 0.0503751340 0.0578778135
1 0.3697749196 0.4683815648 0.0450160772 0.0578778135
1 0.4565916399 0.4394426581 0.0557341908 0.0514469453
1 0.4576634512 0.4930332262 0.0450160772 0.0493033226
1 0.5037513398 0.4930332262 0.0493033226 0.0514469453
1 0.5080385852 0.4431939979 0.0535905681 0.0525187567
1 0.5541264737 0.4474812433 0.0471596999 0.0503751340
1 0.5503751340 0.4957127546 0.0503751340 0.0525187567
1 0.6843515541 0.4581993569 0.0932475884 0.0418006431
1 0.8494105038 0.4571275456 0.1275455520 0.0503751340
1 0.0209003215 0.5573419078 0.0418006431 0.0664523044
1 0.1757770632 0.5616291533 0.0814576635 0.0321543408
1 0.1757770632 0.5294748124 0.0836012862 0.0342979636
1 0.3172561629 0.5241157556 0.0493033226 0.0535905681
1 0.3654876742 0.5246516613 0.0471596999 0.0546623794
1 0.5005359057 0.5439442658 0.0514469453 0.0503751340
1 0.4490889603 0.5385852090 0.0493033226 0.0525187567
1 0.5439442658 0.5450160772 0.0418006431 0.0503751340
1 0.6822079314 0.5503751340 0.0739549839 0.0546623794
1 0.6763129689 0.5021436227 0.0900321543 0.0418006431
7 0.8327974277 0.5685959271 0.1157556270 0.0332261522
2 0.8478027867 0.5085744909 0.1071811361 0.0589496249
2 0.0209003215 0.6125401929 0.0418006431 0.0460878885
5 0.1189710611 0.6103965702 0.0278670954 0.0289389068
5 0.1473740622 0.6120042872 0.0267952840 0.0257234727
5 0.1195069668 0.6382636656 0.0267952840 0.0246516613
5 0.1548767417 0.5878885316 0.0246516613 0.0225080386
5 0.1473740622 0.6393354770 0.0267952840 0.0246516613
5 0.2041800643 0.6125401929 0.0225080386 0.0246516613
5 0.1763129689 0.6398713826 0.0246516613 0.0235798499
5 0.1773847803 0.6136120043 0.0310825295 0.0267952840
5 0.2052518757 0.5889603430 0.0182207931 0.0225080386
5 0.1822079314 0.5878885316 0.0257234727 0.0225080386
5 0.3210075027 0.6184351554 0.0396570204 0.0450160772
5 0.3210075027 0.5760986066 0.0396570204 0.0460878885
5 0.3612004287 0.6195069668 0.0407288317 0.0428724544
5 0.3622722401 0.5744908896 0.0450160772 0.0450160772
5 0.5144694534 0.5986066452 0.0878885316 0.0589496249
5 0.4517684887 0.5953912111 0.0439442658 0.0675241158
5 0.6666666667 0.6007502680 0.0878885316 0.0503751340
7 0.0225080386 0.6521972133 0.0450160772 0.0332261522
7 0.0219721329 0.6864951768 0.0439442658 0.0332261522
5 0.1463022508 0.7009646302 0.0267952840 0.0471596999
5 0.1200428725 0.6623794212 0.0257234727 0.0235798499
5 0.1473740622 0.6645230439 0.0267952840 0.0257234727
5 0.2031082529 0.6409431940 0.0225080386 0.0257234727
5 0.1757770632 0.6645230439 0.0257234727 0.0257234727
5 0.1757770632 0.7031082529 0.0300107181 0.0471596999
5 0.2009646302 0.7031082529 0.0225080386 0.0450160772
5 0.2025723473 0.6682743837 0.0214362272 0.0246516613
5 0.2743837085 0.7036441586 0.0471596999 0.0460878885
5 0.3183279743 0.7041800643 0.0385852090 0.0428724544
5 0.2765273312 0.6425509110 0.0514469453 0.0739549839
5 0.3204715970 0.6613076099 0.0385852090 0.0428724544
5 0.3595927117 0.6618435155 0.0396570204 0.0418006431
5 0.4356913183 0.6554126474 0.0610932476 0.0568060021
5 0.3569131833 0.7031082529 0.0364415863 0.0428724544
5 0.5058949625 0.6564844587 0.0836012862 0.0568060021
5 0.6548767417 0.6966773848 0.0793140407 0.0450160772
5 0.6564844587 0.6495176849 0.0760986066 0.0493033226
7 0.0225080386 0.7234726688 0.0450160772 0.0364415863
7 0.0241157556 0.7754555198 0.0482315113 0.0718113612
5 0.1189710611 0.7465166131 0.0278670954 0.0482315113
5 0.1457663451 0.7513397642 0.0278670954 0.0514469453
5 0.1725616292 0.7518756699 0.0257234727 0.0503751340
5 0.2004287245 0.7513397642 0.0214362272 0.0493033226
5 0.3156484459 0.7481243301 0.0396570204 0.0450160772
5 0.2749196141 0.7502679528 0.0418006431 0.0450160772
5 0.3547695606 0.7475884244 0.0342979636 0.0418006431
5 0.4330117899 0.7132904609 0.0535905681 0.0546623794
5 0.4935691318 0.7679528403 0.0911039657 0.0546623794
5 0.5032154341 0.7132904609 0.0846730975 0.0546623794
5 0.6489817792 0.7427652733 0.0825294748 0.0493033226
7 0.7599142551 0.7550911040 0.0364415863 0.0289389068
7 0.7759914255 0.7197213290 0.0471596999 0.0396570204
7 0.8370846731 0.7400857449 0.0493033226 0.0439442658
4 0.0235798499 0.8322615220 0.0471596999 0.0418006431
5 0.1693461951 0.8322615220 0.0771704180 0.0396570204
5 0.1714898178 0.7952840300 0.0793140407 0.0342979636
5 0.2995712755 0.8269024652 0.0460878885 0.0375133976
5 0.2690246517 0.7899249732 0.0493033226 0.0450160772
5 0.3445873526 0.8274383708 0.0439442658 0.0364415863
5 0.3145766345 0.7893890675 0.0418006431 0.0418006431
5 0.3520900322 0.7888531618 0.0353697749 0.0385852090
0 0.4967845659 0.8290460879 0.0332261522 0.0246516613
5 0.6436227224 0.7893890675 0.0760986066 0.0439442658
5 0.6259378349 0.8301178992 0.0857449089 0.0375133976
7 0.7647374062 0.8108252947 0.0439442658 0.0439442658
7 0.8290460879 0.7851018221 0.0418006431 0.0439442658
7 0.8199356913 0.8279742765 0.0471596999 0.0460878885
4 0.0235798499 0.9105037513 0.0471596999 0.0482315113
4 0.0235798499 0.8697749196 0.0471596999 0.0396570204
7 0.1634512326 0.8751339764 0.0868167203 0.0503751340
0 0.2550911040 0.9062165059 0.0471596999 0.0396570204
0 0.3199356913 0.9062165059 0.0846730975 0.0418006431
0 0.3269024652 0.8644158628 0.0771704180 0.0439442658
0 0.5016077170 0.9153269025 0.0471596999 0.0385852090
0 0.4844587353 0.8713826367 0.0836012862 0.0664523044
5 0.6195069668 0.8638799571 0.0836012862 0.0342979636
0 0.6168274384 0.9051446945 0.0846730975 0.0503751340
7 0.7674169346 0.8692390139 0.0514469453 0.0428724544
7 0.7711682744 0.9147909968 0.1082529475 0.0482315113
7 0.8145766345 0.8687031083 0.0385852090 0.0460878885
4 0.0235798499 0.9464094319 0.0471596999 0.0300107181
4 0.0241157556 0.9732047160 0.0482315113 0.0300107181
7 0.1243301179 0.9699892819 0.0493033226 0.0214362272
7 0.1650589496 0.9185423365 0.0771704180 0.0385852090
7 0.1714898178 0.9474812433 0.0621650589 0.0192926045
7 0.1768488746 0.9683815648 0.0514469453 0.0203644159
0 0.3349410504 0.9480171490 0.0439442658 0.0460878885
0 0.4469453376 0.9405144695 0.0321543408 0.0675241158
0 0.4978563773 0.9555198285 0.0460878885 0.0439442658
0 0.6125401929 0.9603429796 0.0803858521 0.0493033226
7 0.0096463023 0.9935691318 0.0192926045 0.0128617363
7 0.1655948553 0.9892818864 0.0739549839 0.0214362272
0 0.2668810289 0.9790996785 0.0342979636 0.0418006431
0 0.3338692390 0.9860664523 0.0439442658 0.0278670954
0 0.4962486602 0.9876741693 0.0428724544 0.0246516613
0 0.6055734191 0.9914255091 0.0793140407 0.0171489818
0 0.6055734191 0.9914255091 0.0793140407 0.0171489818
