1 0.7560594214 0.0261923378 0.1250977326 0.0523846755
6 0.0351837373 0.0926505082 0.0703674746 0.1853010164
6 0.1239249414 0.0942142299 0.1321344801 0.1884284597
1 0.2689601251 0.0340109461 0.1297888976 0.0680218921
1 0.2673964034 0.1250977326 0.1313526192 0.1141516810
1 0.3901485536 0.0363565285 0.1235340109 0.0727130571
1 0.5136825645 0.0367474590 0.1250977326 0.0734949179
1 0.6438623925 0.1180609851 0.1258795934 0.1297888976
1 0.5234558249 0.1258795934 0.1243158718 0.0969507428
1 0.6348709930 0.0293197811 0.1219702893 0.0586395622
1 0.7709147772 0.1133698202 0.1282251759 0.1313526192
1 0.8909304144 0.0340109461 0.1243158718 0.0680218921
1 0.8928850665 0.1196247068 0.1157154027 0.1063330727
1 0.9741985927 0.1098514464 0.0516028147 0.1164972635
1 0.9730258014 0.0281469898 0.0539483972 0.0562939797
1 0.3964034402 0.1325254105 0.1344800625 0.1149335418
6 0.0308835027 0.3584831900 0.0617670055 0.1305707584
6 0.1121970289 0.3565285379 0.1290070367 0.1250977326
1 0.2458952306 0.3846755278 0.1383893667 0.1141516810
1 0.3866301798 0.3827208757 0.1493354183 0.1133698202
1 0.5285379203 0.3799843628 0.1485535575 0.1204065676
1 0.6641907740 0.3745113370 0.1243158718 0.1172791243
1 0.8037529320 0.3565285379 0.1266614543 0.1032056294
1 0.9280688038 0.3561376075 0.1219702893 0.1118060985
6 0.0433932760 0.4827990618 0.0867865520 0.1196247068
6 0.1317435496 0.4769351056 0.1164972635 0.1282251759
1 0.2509773260 0.4867083659 0.1282251759 0.1086786552
1 0.3835027365 0.4859265051 0.1383893667 0.0977326036
1 0.5226739640 0.4835809226 0.1383893667 0.0961688819
1 0.6602814699 0.4796716185 0.1508991400 0.0961688819
1 0.6587177482 0.4796716185 0.1446442533 0.0992963253
1 0.8037529320 0.4632525410 0.1329163409 0.1196247068
1 0.9245504300 0.4628616106 0.1149335418 0.1078967944
1 0.3983580923 0.7501954652 0.1227521501 0.1993745113
1 0.6223612197 0.6958561376 0.1188428460 0.0938232995
1 0.6227521501 0.7931978108 0.1086786552 0.0977326036
1 0.7314308053 0.7896794371 0.1086786552 0.0906958561
1 0.7329945270 0.6919468335 0.1086786552 0.1063330727
1 0.8420641126 0.7885066458 0.1094605160 0.0899139953
1 0.8436278342 0.6888193901 0.1094605160 0.1063330727
1 0.9480062549 0.7873338546 0.1039874902 0.0891321345
1 0.9460516028 0.6880375293 0.1063330727 0.1032056294
6 0.0598123534 0.7939796716 0.1196247068 0.1211884285
6 0.1724003127 0.7943706020 0.1290070367 0.1172791243
6 0.2920250195 0.7947615324 0.1336982017 0.1086786552
1 0.5129007037 0.8119624707 0.1094605160 0.0774042220
5 0.0637216575 0.9659890539 0.1274433151 0.0680218921
5 0.1876465989 0.9566067240 0.1250977326 0.0867865520
6 0.2900703675 0.9691164973 0.1313526192 0.0617670055
6 0.4065676310 0.9663799844 0.1235340109 0.0672400313
6 0.5148553557 0.9687255668 0.1243158718 0.0625488663
1 0.6372165754 0.9679437060 0.1344800625 0.0641125880
1 0.7787333855 0.9632525410 0.1297888976 0.0734949179
1 0.9073494918 0.9612978890 0.1290070367 0.0774042220
1 0.9890539484 0.9605160281 0.0218921032 0.0789679437
