7 0.0268404908 0.0352760736 0.0536809816 0.0705521472
7 0.1671779141 0.0383435583 0.1595092025 0.0766871166
7 0.2983128834 0.0237730061 0.0843558282 0.0475460123
7 0.3803680982 0.0314417178 0.0920245399 0.0628834356
7 0.5299079755 0.0107361963 0.2162576687 0.0214723926
7 0.5291411043 0.0498466258 0.2147239264 0.0966257669
7 0.7346625767 0.0444785276 0.1349693252 0.0889570552
7 0.8880368098 0.0498466258 0.1319018405 0.0996932515
1 0.1464723926 0.1487730061 0.2039877301 0.1441717791
1 0.8657975460 0.1756134969 0.2039877301 0.1150306748
1 0.1556748466 0.2661042945 0.1978527607 0.1150306748
1 0.3604294479 0.2338957055 0.0828220859 0.1119631902
1 0.4516871166 0.2323619632 0.0843558282 0.1150306748
1 0.5552147239 0.2484662577 0.1073619632 0.1134969325
1 0.6556748466 0.2507668712 0.0996932515 0.1150306748
1 0.8688650307 0.2783742331 0.2131901840 0.0996932515
1 0.1533742331 0.3780674847 0.2024539877 0.1119631902
1 0.4240797546 0.3496932515 0.1549079755 0.0981595092
1 0.5559815951 0.3634969325 0.0996932515 0.1134969325
1 0.6556748466 0.3565950920 0.0996932515 0.1027607362
1 0.8750000000 0.3788343558 0.2254601227 0.1042944785
1 0.4279141104 0.4601226994 0.1564417178 0.1073619632
1 0.5651840491 0.4677914110 0.0751533742 0.0920245399
1 0.6579754601 0.4616564417 0.1134969325 0.1165644172
1 0.8834355828 0.4739263804 0.2300613497 0.1073619632
1 0.1526073620 0.4869631902 0.2070552147 0.1211656442
1 0.4279141104 0.5797546012 0.1717791411 0.1319018405
1 0.5567484663 0.5628834356 0.0828220859 0.1012269939
1 0.6595092025 0.5751533742 0.1165644172 0.1134969325
1 0.8842024540 0.5782208589 0.2223926380 0.1165644172
1 0.1618098160 0.6687116564 0.1855828221 0.0981595092
1 0.1602760736 0.5851226994 0.1886503067 0.0935582822
1 0.8849693252 0.6786809816 0.2208588957 0.1365030675
1 0.1541411043 0.7500000000 0.1947852761 0.1042944785
1 0.4286809816 0.6986196319 0.1825153374 0.1334355828
1 0.5628834356 0.6802147239 0.0920245399 0.1242331288
1 0.6602760736 0.6863496933 0.1088957055 0.1088957055
