1 0.0796545106 0.0479846449 0.1094049904 0.0959692898
1 0.1967370441 0.0431861804 0.1094049904 0.0863723608
0 0.5614203455 0.0777351248 0.0863723608 0.1554702495
0 0.4904030710 0.0719769674 0.0786948177 0.1439539347
0 0.6679462572 0.0758157390 0.1228406910 0.1516314779
0 0.7715930902 0.0681381958 0.0882917466 0.1362763916
7 0.8550863724 0.0614203455 0.0978886756 0.1228406910
7 0.9500959693 0.0604606526 0.0998080614 0.1209213052
1 0.0710172745 0.2226487524 0.1381957774 0.1036468330
1 0.0681381958 0.1285988484 0.1285988484 0.0921305182
1 0.1909788868 0.1324376200 0.1017274472 0.0921305182
1 0.2034548944 0.2092130518 0.1151631478 0.0844529750
1 0.3973128599 0.0882917466 0.1074856046 0.1765834933
0 0.4827255278 0.1698656430 0.0671785029 0.0556621881
0 0.6717850288 0.1765834933 0.1113243762 0.0537428023
0 0.7677543186 0.1641074856 0.0767754319 0.0633397313
7 0.8541266795 0.1449136276 0.0998080614 0.0441458733
7 0.9520153551 0.1506717850 0.0959692898 0.0633397313
1 0.0431861804 0.3435700576 0.0863723608 0.1113243762
1 0.1516314779 0.3243761996 0.0882917466 0.0998080614
1 0.2514395393 0.3138195777 0.1228406910 0.1094049904
1 0.3733205374 0.3090211132 0.1285988484 0.1074856046
1 0.4779270633 0.2859884837 0.0882917466 0.0882917466
1 0.5892514395 0.3224568138 0.1190019194 0.1880998081
6 0.7984644914 0.3704414587 0.1036468330 0.1113243762
1 0.6976967370 0.3205374280 0.1055662188 0.1842610365
6 0.7936660269 0.2639155470 0.0902111324 0.0978886756
5 0.8800383877 0.2523992322 0.0671785029 0.0940499040
5 0.8848368522 0.3358925144 0.0767754319 0.0729366603
5 0.8867562380 0.4011516315 0.0690978887 0.0614203455
5 0.9462571977 0.2821497121 0.0537428023 0.1458733205
5 0.9904030710 0.2754318618 0.0191938580 0.1439539347
1 0.0393474088 0.4500959693 0.0786948177 0.1132437620
1 0.1343570058 0.4347408829 0.1151631478 0.1209213052
1 0.2504798464 0.4136276392 0.1170825336 0.0902111324
1 0.4395393474 0.5508637236 0.1074856046 0.0959692898
0 0.6545105566 0.5652591171 0.0844529750 0.1708253359
0 0.7399232246 0.5499040307 0.0940499040 0.1708253359
5 0.8742802303 0.5028790787 0.0710172745 0.1458733205
5 0.8128598848 0.5191938580 0.0595009597 0.1516314779
5 0.9644913628 0.4942418426 0.0671785029 0.1477927063
1 0.0374280230 0.6785028791 0.0748560461 0.2130518234
1 0.1238003839 0.6650671785 0.1094049904 0.2015355086
1 0.2293666027 0.6343570058 0.1017274472 0.2130518234
1 0.4414587332 0.6477927063 0.1113243762 0.0940499040
1 0.3320537428 0.6218809981 0.1036468330 0.2072936660
0 0.5556621881 0.5834932821 0.1170825336 0.1919385797
5 0.8608445298 0.6055662188 0.1055662188 0.0786948177
0 0.9165067179 0.7255278311 0.1132437620 0.1612284069
5 0.9577735125 0.5950095969 0.0844529750 0.0844529750
2 0.3243761996 0.8829174664 0.1689059501 0.2341650672
2 0.4865642994 0.8512476008 0.1746641075 0.2284069098
0 0.6247600768 0.7936660269 0.1017274472 0.1861804223
0 0.7303262956 0.7351247601 0.1094049904 0.0921305182
7 0.7380038388 0.8234165067 0.1017274472 0.1113243762
0 0.8272552783 0.7533589251 0.0882917466 0.1746641075
1 0.0642994242 0.9174664107 0.1285988484 0.1650671785
2 0.1880998081 0.9117082534 0.1343570058 0.1765834933
1 0.4894433781 0.9750479846 0.1497120921 0.0499040307
1 0.6276391555 0.9539347409 0.1343570058 0.0921305182
1 0.7581573896 0.9347408829 0.1266794626 0.1305182342
8 0.8522072937 0.9318618042 0.0844529750 0.1362763916
8 0.9328214971 0.9088291747 0.0844529750 0.1516314779
