0 0.9160682226 0.0089766607 0.1409335727 0.0179533214
1 0.1301615799 0.0812387792 0.1077199282 0.1624775583
1 0.0385996409 0.0839317774 0.0771992819 0.1624775583
0 0.2459605027 0.0763016158 0.1274685817 0.1526032316
0 0.3729802513 0.0763016158 0.1283662478 0.1526032316
0 0.4995511670 0.0255834829 0.1301615799 0.0511669659
0 0.5022441652 0.1045780969 0.1247755835 0.1140035907
0 0.7701974865 0.0695691203 0.1490125673 0.1032315978
0 0.7679533214 0.0103231598 0.1481149013 0.0206463196
0 0.6315080790 0.1045780969 0.1319569120 0.1193895871
0 0.6279174147 0.0264811490 0.1247755835 0.0529622980
0 0.9210053860 0.0659784560 0.1490125673 0.1014362657
1 0.0305206463 0.3855475763 0.0610412926 0.1858168761
0 0.1144524237 0.3734290844 0.1211849192 0.0628366248
0 0.2423698384 0.3451526032 0.1382405745 0.0619389587
0 0.2410233393 0.4335727110 0.1445242370 0.1166965889
0 0.3918312388 0.3976660682 0.1588868941 0.1777378815
0 0.5430879713 0.3846499102 0.1543985637 0.1535008977
0 0.6754937163 0.3343806104 0.1463195691 0.0673249551
0 0.7868043088 0.3922800718 0.1552962298 0.1741472172
0 0.9452423698 0.4129263914 0.1095152603 0.1166965889
0 0.9389587074 0.3258527828 0.1220825853 0.0574506284
1 0.0444344704 0.6615798923 0.0888689408 0.0951526032
0 0.1440754039 0.7163375224 0.1265709156 0.2046678636
0 0.2737881508 0.6606822262 0.1328545781 0.0933572711
0 0.4151705566 0.7100538600 0.1499102334 0.1885098743
0 0.5570017953 0.7154398564 0.1517055655 0.1903052065
0 0.7078096948 0.6638240575 0.1660682226 0.1014362657
0 0.8635547576 0.7392280072 0.1705565530 0.1965888689
0 0.9649910233 0.6728007181 0.0700179533 0.1032315978
1 0.0408438061 0.7643626571 0.0816876122 0.1122082585
0 0.2773788151 0.7706463196 0.1346499102 0.1247755835
0 0.4111310592 0.8550269300 0.1292639138 0.0978456014
0 0.7082585278 0.7746858169 0.1615798923 0.1256732496
0 0.8590664273 0.8931777379 0.1508078995 0.1220825853
0 0.9658886894 0.8949730700 0.0682226212 0.1166965889
0 0.9694793537 0.7787253142 0.0610412926 0.1175942549
1 0.0215439856 0.9775583483 0.0430879713 0.0448833034
1 0.0839317774 0.9842908438 0.0888689408 0.0314183124
7 0.1804308797 0.9919210054 0.1077199282 0.0161579892
7 0.3343806104 0.9950628366 0.2073608618 0.0098743268
7 0.5197486535 0.9977558348 0.1795332136 0.0044883303
