5 0.0114155251 0.0722983257 0.0228310502 0.1445966514
2 0.2770167428 0.0464231355 0.2283105023 0.0928462709
1 0.7960426180 0.1057838661 0.2374429224 0.2115677321
5 0.0136986301 0.2313546423 0.0273972603 0.1461187215
2 0.2937595129 0.1773211568 0.2343987823 0.1750380518
5 0.0205479452 0.3759512938 0.0410958904 0.1491628615
5 0.0251141553 0.5312024353 0.0502283105 0.1491628615
1 0.1514459665 0.4984779300 0.1780821918 0.2968036530
1 0.3112633181 0.4984779300 0.1841704718 0.2907153729
1 0.4771689498 0.4786910198 0.1780821918 0.2998477930
1 0.6506849315 0.4741248097 0.1780821918 0.3028919330
1 0.8280060883 0.4748858447 0.1826484018 0.2952815830
5 0.0243531202 0.6506849315 0.0487062405 0.0989345510
1 0.8287671233 0.7777777778 0.1689497717 0.1339421613
5 0.0091324201 0.8729071537 0.0182648402 0.2207001522
1 0.2579908676 0.8744292237 0.1415525114 0.2511415525
1 0.3949771689 0.8706240487 0.1445966514 0.2587519026
1 0.5312024353 0.8660578387 0.1491628615 0.2678843227
1 0.6750380518 0.8630136986 0.1567732116 0.2739726027
1 0.8325722983 0.9056316591 0.1735159817 0.1369863014
