7 0.0176767677 0.0387205387 0.0353535354 0.0774410774
1 0.1675084175 0.0488215488 0.3013468013 0.0976430976
1 0.6094276094 0.0159932660 0.3265993266 0.0319865320
1 0.9351851852 0.0117845118 0.1296296296 0.0235690236
1 0.9436026936 0.1001683502 0.1127946128 0.1734006734
1 0.6085858586 0.1271043771 0.3350168350 0.1969696970
1 0.6136363636 0.3190235690 0.3316498316 0.1969696970
1 0.9469696970 0.2592592593 0.1060606061 0.1649831650
7 0.0067340067 0.3973063973 0.0134680135 0.2188552189
1 0.9520202020 0.4099326599 0.0959595960 0.1599326599
2 0.0934343434 0.5404040404 0.1868686869 0.2525252525
2 0.2803030303 0.5218855219 0.1936026936 0.2592592593
1 0.6355218855 0.5025252525 0.3215488215 0.2037037037
1 0.9562289562 0.5614478114 0.0875420875 0.1565656566
1 0.6355218855 0.6792929293 0.3282828283 0.1969696970
5 0.5000000000 0.8720538721 0.1649831650 0.1414141414
5 0.6717171717 0.8636363636 0.1649831650 0.1447811448
5 0.8038720539 0.8678451178 0.1094276094 0.1498316498
5 0.9638047138 0.8686868687 0.0723905724 0.0841750842
5 0.1220538721 0.9090909091 0.2441077441 0.1750841751
5 0.3400673401 0.8829966330 0.1616161616 0.1329966330
5 0.9638047138 0.9545454545 0.0723905724 0.0909090909
5 0.1203703704 0.9932659933 0.2407407407 0.0134680135
5 0.3232323232 0.9789562290 0.1515151515 0.0420875421
5 0.5303030303 0.9638047138 0.0841750842 0.0723905724
5 0.4612794613 0.9688552189 0.0639730640 0.0622895623
5 0.6658249158 0.9587542088 0.1498316498 0.0824915825
5 0.8308080808 0.9705387205 0.0791245791 0.0589225589
