5 0.2038724374 0.0113895216 0.1435079727 0.0227790433
5 0.0170842825 0.0449886105 0.0341685649 0.0899772210
5 0.0854214123 0.0466970387 0.1138952164 0.0933940774
5 0.2118451025 0.0523917995 0.1298405467 0.0911161731
6 0.3189066059 0.0501138952 0.0865603645 0.1002277904
6 0.4014806378 0.0518223235 0.0854214123 0.1036446469
1 0.4914578588 0.0694760820 0.0876993166 0.0911161731
1 0.5831435080 0.0717539863 0.0820045558 0.0865603645
1 0.6617312073 0.0757403189 0.0774487472 0.0899772210
5 0.0318906606 0.2146924829 0.0637813212 0.1628701595
5 0.1087699317 0.2158314351 0.1195899772 0.1560364465
5 0.2243735763 0.2118451025 0.1321184510 0.1571753986
1 0.3479498861 0.2443052392 0.1082004556 0.0899772210
1 0.4504555809 0.2420273349 0.0990888383 0.0876993166
1 0.5421412301 0.2420273349 0.0820045558 0.0831435080
1 0.6230068337 0.2437357631 0.0774487472 0.0797266515
1 0.2471526196 0.3798405467 0.1161731207 0.0922551253
1 0.3564920273 0.3781321185 0.1093394077 0.0865603645
1 0.4498861048 0.3724373576 0.0888382688 0.0797266515
1 0.5387243736 0.3707289294 0.0820045558 0.0649202733
1 0.6195899772 0.3695899772 0.0774487472 0.0649202733
5 0.0461275626 0.4322323462 0.0922551253 0.1537585421
5 0.1349658314 0.4259681093 0.1241457859 0.1526195900
1 0.2505694761 0.4538724374 0.1138952164 0.0740318907
1 0.3547835991 0.4487471526 0.1036446469 0.0660592255
1 0.4447608200 0.4413439636 0.0876993166 0.0671981777
1 0.5341685649 0.4322323462 0.0820045558 0.0671981777
1 0.6070615034 0.4293849658 0.0728929385 0.0592255125
7 0.2938496583 0.5865603645 0.0820045558 0.0911161731
7 0.3673120729 0.5785876993 0.0717539863 0.0797266515
1 0.4396355353 0.5677676538 0.0797266515 0.1036446469
1 0.5125284738 0.5563781321 0.0706150342 0.0922551253
1 0.5871298405 0.5495444191 0.0876993166 0.0945330296
6 0.0227790433 0.6156036446 0.0455580866 0.0990888383
6 0.1087699317 0.5962414579 0.1309794989 0.1059225513
7 0.2141230068 0.5922551253 0.0842824601 0.0979498861
1 0.5842824601 0.6782460137 0.0842824601 0.0945330296
7 0.0444191344 0.7636674260 0.0888382688 0.0854214123
7 0.1304100228 0.7722095672 0.0831435080 0.0569476082
7 0.2146924829 0.7545558087 0.0717539863 0.0671981777
7 0.2881548975 0.7238041002 0.0569476082 0.0763097950
1 0.3599088838 0.7129840547 0.0751708428 0.0888382688
1 0.4305239180 0.7044419134 0.0706150342 0.0876993166
1 0.5062642369 0.6907744875 0.0831435080 0.0876993166
1 0.2813211845 0.8741457859 0.0797266515 0.1127562642
7 0.4948747153 0.8730068337 0.0763097950 0.0603644647
7 0.5763097950 0.8513667426 0.0728929385 0.0558086560
1 0.0370159453 0.9054669704 0.0740318907 0.0933940774
1 0.1133257403 0.9014806378 0.0854214123 0.0968109339
1 0.1998861048 0.8861047836 0.0876993166 0.1070615034
1 0.3849658314 0.8838268793 0.1366742597 0.0683371298
