6 0.6428571429 0.1690051020 0.1709183673 0.0982142857
7 0.9910714286 0.1250000000 0.0178571429 0.1301020408
7 0.9508928571 0.1294642857 0.0522959184 0.1288265306
1 0.4668367347 0.2334183673 0.1581632653 0.0994897959
1 0.7742346939 0.2021683673 0.0816326531 0.1109693878
1 0.8673469388 0.1862244898 0.0867346939 0.1096938776
3 0.9929846939 0.2487244898 0.0140306122 0.1198979592
1 0.3035714286 0.2825255102 0.1479591837 0.0880102041
6 0.6211734694 0.3112244898 0.1301020408 0.1989795918
7 0.8201530612 0.3086734694 0.1658163265 0.1122448980
3 0.9559948980 0.2563775510 0.0548469388 0.1198979592
1 0.3105867347 0.3877551020 0.1568877551 0.0867346939
1 0.5159438776 0.3437500000 0.0778061224 0.0854591837
7 0.9642857143 0.3526785714 0.0714285714 0.1007653061
7 0.0567602041 0.4968112245 0.1135204082 0.1875000000
1 0.2971938776 0.4713010204 0.1505102041 0.0956632653
1 0.5197704082 0.4292091837 0.0803571429 0.0854591837
7 0.7780612245 0.4330357143 0.0816326531 0.1339285714
7 0.8590561224 0.4311224490 0.0854591837 0.1326530612
0 0.9642857143 0.4489795918 0.0714285714 0.0994897959
1 0.3214285714 0.5637755102 0.1428571429 0.0943877551
1 0.5235969388 0.5114795918 0.0752551020 0.0841836735
6 0.6269132653 0.5038265306 0.1288265306 0.1887755102
7 0.7755102041 0.5516581633 0.0612244898 0.0956632653
7 0.8456632653 0.5503826531 0.0739795918 0.0931122449
0 0.9636479592 0.5382653061 0.0727040816 0.0841836735
7 0.0605867347 0.6198979592 0.0880102041 0.0714285714
1 0.5286989796 0.5931122449 0.0701530612 0.0816326531
7 0.7729591837 0.6562500000 0.0688775510 0.1084183673
7 0.8431122449 0.6594387755 0.0816326531 0.1096938776
0 0.9642857143 0.6243622449 0.0714285714 0.0931122449
1 0.3156887755 0.6639030612 0.1568877551 0.1033163265
6 0.6313775510 0.6938775510 0.1250000000 0.1913265306
0 0.9661989796 0.7225765306 0.0676020408 0.1058673469
7 0.0350765306 0.7589285714 0.0701530612 0.0841836735
1 0.3137755102 0.7621173469 0.1632653061 0.1007653061
1 0.5057397959 0.7659438776 0.0395408163 0.0880102041
7 0.8309948980 0.7582908163 0.1696428571 0.0829081633
1 0.3214285714 0.8718112245 0.1530612245 0.0982142857
1 0.5286989796 0.8577806122 0.0778061224 0.0905612245
1 0.6211734694 0.8290816327 0.0892857143 0.0841836735
1 0.6250000000 0.8890306122 0.0969387755 0.0382653061
7 0.8309948980 0.8520408163 0.1721938776 0.0918367347
0 0.9661989796 0.8252551020 0.0676020408 0.1147959184
0 0.9687500000 0.9349489796 0.0625000000 0.1096938776
