0 0.1876332623 0.0938166311 0.0682302772 0.1066098081
2 0.1268656716 0.1023454158 0.0874200426 0.1663113006
0 0.2835820896 0.1396588486 0.0447761194 0.0447761194
0 0.3267590618 0.1412579957 0.0543710021 0.0501066098
4 0.4275053305 0.1524520256 0.1130063966 0.0383795309
7 0.5063965885 0.1572494670 0.0277185501 0.0266524520
7 0.5175906183 0.1396588486 0.0479744136 0.0213219616
7 0.5602345416 0.1615138593 0.0287846482 0.0245202559
7 0.6577825160 0.1524520256 0.0831556503 0.0618336887
7 0.7158848614 0.1508528785 0.0351812367 0.0607675906
5 0.7851812367 0.1226012793 0.0799573561 0.0319829424
5 0.7889125800 0.1577825160 0.0810234542 0.0298507463
5 0.9067164179 0.1476545842 0.0820895522 0.0373134328
5 0.9626865672 0.1401918977 0.0469083156 0.0692963753
0 0.2270788913 0.1737739872 0.0383795309 0.0405117271
0 0.2761194030 0.1807036247 0.0490405117 0.0458422175
0 0.2937100213 0.2265458422 0.0927505330 0.0458422175
0 0.3240938166 0.1849680171 0.0511727079 0.0479744136
4 0.4109808102 0.2105543710 0.0884861407 0.0309168443
4 0.4136460554 0.1796375267 0.0959488273 0.0351812367
7 0.5223880597 0.2217484009 0.0660980810 0.0234541578
7 0.5213219616 0.1998933902 0.0639658849 0.0245202559
7 0.5181236674 0.1807036247 0.0554371002 0.0181236674
7 0.5831556503 0.2116204691 0.0319829424 0.0415778252
7 0.6588486141 0.2084221748 0.0831556503 0.0543710021
7 0.7126865672 0.2089552239 0.0245202559 0.0554371002
5 0.7723880597 0.1945628998 0.0522388060 0.0373134328
5 0.8187633262 0.1918976546 0.0405117271 0.0426439232
5 0.8550106610 0.1908315565 0.0341151386 0.0383795309
5 0.9115138593 0.1977611940 0.0810234542 0.0394456290
5 0.9205756930 0.2318763326 0.0842217484 0.0330490405
5 0.9685501066 0.2052238806 0.0437100213 0.0586353945
0 0.9952025586 0.1743070362 0.0095948827 0.0628997868
1 0.1311300640 0.2638592751 0.0447761194 0.0906183369
7 0.1908315565 0.2446695096 0.0511727079 0.0501066098
0 0.2963752665 0.2766524520 0.1087420043 0.0543710021
6 0.3827292111 0.2750533049 0.0618336887 0.0554371002
4 0.4072494670 0.2361407249 0.0895522388 0.0309168443
6 0.4413646055 0.2766524520 0.0618336887 0.0586353945
7 0.5229211087 0.2414712154 0.0692963753 0.0202558635
4 0.5346481876 0.2745202559 0.1055437100 0.0501066098
0 0.6620469083 0.2547974414 0.0916844350 0.0490405117
0 0.7233475480 0.2569296375 0.0351812367 0.0426439232
6 0.8379530917 0.2398720682 0.0618336887 0.0575692964
1 0.8102345416 0.2958422175 0.1023454158 0.0586353945
6 0.7787846482 0.2425373134 0.0543710021 0.0501066098
0 0.9376332623 0.2723880597 0.0948827292 0.0522388060
1 0.1194029851 0.3219616205 0.0511727079 0.0959488273
2 0.1668443497 0.3203624733 0.0628997868 0.1119402985
0 0.2835820896 0.3267590618 0.1087420043 0.0586353945
1 0.3901918977 0.3416844350 0.0938166311 0.0778251599
0 0.5261194030 0.3342217484 0.0906183369 0.0735607676
0 0.6663113006 0.3123667377 0.1002132196 0.0682302772
0 0.7302771855 0.3102345416 0.0298507463 0.0618336887
1 0.8113006397 0.3560767591 0.1044776119 0.0660980810
0 0.9461620469 0.3198294243 0.0948827292 0.0469083156
7 0.0799573561 0.3992537313 0.0703624733 0.1439232409
0 0.2531982942 0.3789978678 0.0692963753 0.0522388060
1 0.3827292111 0.4264392324 0.0959488273 0.0852878465
7 0.5170575693 0.4093816631 0.0746268657 0.0788912580
0 0.6652452026 0.4109808102 0.0938166311 0.0437100213
0 0.6673773987 0.3715351812 0.1023454158 0.0479744136
0 0.7265458422 0.4152452026 0.0309168443 0.0373134328
1 0.7910447761 0.4179104478 0.0490405117 0.0490405117
0 0.9514925373 0.3747334755 0.0970149254 0.0650319829
1 0.0303837953 0.4850746269 0.0607675906 0.1044776119
1 0.0831556503 0.4776119403 0.0639658849 0.0426439232
1 0.2590618337 0.4989339019 0.1300639659 0.0916844350
7 0.5271855011 0.4658848614 0.1034115139 0.0405117271
1 0.6753731343 0.4626865672 0.1098081023 0.0597014925
1 0.8038379531 0.4760127932 0.0597014925 0.0714285714
1 0.9381663113 0.4392324094 0.0533049041 0.0597014925
1 0.9600213220 0.4989339019 0.0799573561 0.0575692964
1 0.9829424307 0.4381663113 0.0341151386 0.0618336887
1 0.0143923241 0.5405117271 0.0287846482 0.1087420043
1 0.0783582090 0.5287846482 0.0842217484 0.0533049041
1 0.3805970149 0.5079957356 0.1002132196 0.0906183369
1 0.5261194030 0.5474413646 0.0970149254 0.0415778252
1 0.5266524520 0.5069296375 0.0959488273 0.0373134328
1 0.6519189765 0.5740938166 0.0565031983 0.0607675906
1 0.7484008529 0.5703624733 0.0469083156 0.0639658849
1 0.8065031983 0.5437100213 0.0607675906 0.0682302772
1 0.8619402985 0.5442430704 0.0501066098 0.0650319829
1 0.9626865672 0.5559701493 0.0746268657 0.0565031983
1 0.0501066098 0.6284648188 0.0874200426 0.0522388060
1 0.0581023454 0.5778251599 0.0991471215 0.0511727079
1 0.2510660981 0.5975479744 0.1353944563 0.0970149254
1 0.3694029851 0.6018123667 0.1055437100 0.0991471215
1 0.5255863539 0.5874200426 0.0980810235 0.0426439232
1 0.5255863539 0.6279317697 0.1044776119 0.0447761194
1 0.6561833689 0.6391257996 0.0586353945 0.0607675906
1 0.7057569296 0.5772921109 0.0511727079 0.0565031983
1 0.8123667377 0.5991471215 0.0554371002 0.0490405117
1 0.8736673774 0.6087420043 0.0671641791 0.0639658849
1 0.9728144989 0.6146055437 0.0543710021 0.0607675906
1 0.0079957356 0.6551172708 0.0159914712 0.1140724947
1 0.0458422175 0.6839019190 0.0916844350 0.0543710021
1 0.2425373134 0.6769722814 0.1289978678 0.0575692964
1 0.3646055437 0.7009594883 0.1087420043 0.0991471215
1 0.5255863539 0.6769722814 0.1044776119 0.0511727079
1 0.7036247335 0.6455223881 0.0511727079 0.0714285714
1 0.7558635394 0.6439232409 0.0575692964 0.0767590618
1 0.8230277186 0.6668443497 0.0618336887 0.0628997868
1 0.8821961620 0.6705756930 0.0628997868 0.0618336887
1 0.9749466951 0.6743070362 0.0501066098 0.0650319829
1 0.0415778252 0.7377398721 0.0831556503 0.0469083156
1 0.2361407249 0.7340085288 0.1289978678 0.0607675906
1 0.5239872068 0.7270788913 0.1076759062 0.0511727079
1 0.6588486141 0.7158848614 0.0575692964 0.0671641791
1 0.7132196162 0.7190831557 0.0511727079 0.0714285714
1 0.7686567164 0.7132196162 0.0639658849 0.0660980810
1 0.8363539446 0.7276119403 0.0607675906 0.0543710021
1 0.8923240938 0.7318763326 0.0618336887 0.0565031983
1 0.9834754797 0.7366737740 0.0330490405 0.0618336887
