6 0.5400421496 0.0252897787 0.0600632244 0.0505795574
6 0.4910432034 0.0247629083 0.0526870390 0.0495258166
6 0.7002107482 0.0121180190 0.1085353003 0.0242360379
6 0.8424657534 0.0126448894 0.0389884089 0.0252897787
6 0.8788198103 0.0173867229 0.0379346681 0.0347734457
6 0.9815595364 0.0079030558 0.0368809273 0.0158061117
7 0.0985247629 0.0769230769 0.0684931507 0.1538461538
7 0.0453108535 0.0669125395 0.0526870390 0.1338250790
7 0.1696522655 0.0806111697 0.0273972603 0.1612223393
4 0.3140147524 0.0300316122 0.0990516333 0.0600632244
4 0.3119072708 0.1069546891 0.1011591149 0.0916754478
7 0.4757639621 0.0864067439 0.0347734457 0.0653319283
7 0.5094836670 0.0869336143 0.0326659642 0.0663856691
7 0.5437302424 0.0816649104 0.0358271865 0.0663856691
7 0.6986301370 0.0358271865 0.0316122234 0.0400421496
7 0.6986301370 0.0758693361 0.0358271865 0.0421496312
7 0.8556375132 0.0806111697 0.0337197050 0.0347734457
7 0.8551106428 0.0458377239 0.0326659642 0.0347734457
7 0.9794520548 0.0869336143 0.0347734457 0.0284510011
7 0.9968387777 0.1143308746 0.0063224447 0.0326659642
7 0.9778714436 0.1148577450 0.0316122234 0.0316122234
7 0.1649104320 0.1991570074 0.0495258166 0.0737618546
4 0.3103266596 0.1991570074 0.1001053741 0.0948366702
7 0.4805057956 0.1517386723 0.0442571128 0.0695468915
7 0.4762908325 0.2218124341 0.0379346681 0.0769230769
7 0.5453108535 0.1512118019 0.0432033720 0.0684931507
7 0.5389884089 0.2265542677 0.0389884089 0.0821917808
7 0.5068493151 0.2249736565 0.0379346681 0.0790305585
7 0.6575342466 0.1301369863 0.0442571128 0.0684931507
7 0.7270811380 0.2107481560 0.0316122234 0.0779768177
7 0.6944151739 0.1311907271 0.0421496312 0.0727081138
7 0.6912539515 0.2102212856 0.0442571128 0.0790305585
7 0.7270811380 0.1354056902 0.0337197050 0.0769230769
7 0.8145416228 0.1348788198 0.0358271865 0.0674394099
7 0.8134878820 0.2017913593 0.0358271865 0.0684931507
7 0.8493150685 0.1343519494 0.0358271865 0.0684931507
7 0.8477344573 0.2023182297 0.0347734457 0.0695468915
7 0.9757639621 0.1891464700 0.0337197050 0.0600632244
7 0.9968387777 0.1443624868 0.0063224447 0.0316122234
7 0.9947312961 0.1891464700 0.0105374078 0.0600632244
7 0.9773445732 0.1443624868 0.0326659642 0.0316122234
4 0.3219178082 0.2955742887 0.0979978925 0.0937829294
7 0.4747102213 0.2929399368 0.0389884089 0.0737618546
7 0.5073761855 0.2945205479 0.0410958904 0.0706006322
7 0.6559536354 0.2845100105 0.0389884089 0.0864067439
7 0.7239199157 0.2866174921 0.0358271865 0.0779768177
7 0.6902002107 0.2881981033 0.0400421496 0.0853530032
7 0.8108535300 0.3366701791 0.0347734457 0.0663856691
7 0.8466807165 0.2729188620 0.0410958904 0.0716543730
7 0.8140147524 0.2676501581 0.0410958904 0.0695468915
7 0.8451001054 0.3371970495 0.0379346681 0.0653319283
7 0.9747102213 0.2476290832 0.0358271865 0.0590094837
7 0.9947312961 0.2481559536 0.0105374078 0.0600632244
7 0.9731296101 0.3061116965 0.0347734457 0.0579557429
7 0.9942044257 0.3066385669 0.0115911486 0.0590094837
4 0.3092729189 0.3867228662 0.1001053741 0.0948366702
7 0.4715489989 0.3793466807 0.0410958904 0.0779768177
7 0.5384615385 0.3767123288 0.0400421496 0.0895679663
4 0.5036880927 0.4415173867 0.1011591149 0.0463645943
7 0.5036880927 0.3782929399 0.0316122234 0.0864067439
7 0.6548998946 0.3656480506 0.0389884089 0.0821917808
7 0.6865121180 0.3724973656 0.0410958904 0.0895679663
7 0.7239199157 0.3661749210 0.0358271865 0.0811380400
4 0.7002107482 0.4246575342 0.0748155954 0.0421496312
7 0.8103266596 0.4035827187 0.0337197050 0.0653319283
7 0.8440463646 0.4030558483 0.0358271865 0.0642781876
7 0.9710221286 0.3645943098 0.0347734457 0.0590094837
7 0.9926238145 0.3645943098 0.0147523709 0.0590094837
4 0.9773445732 0.4188619600 0.0453108535 0.0516332982
1 0.3187565859 0.4789251844 0.0769230769 0.0516332982
1 0.3219178082 0.5305584826 0.0832455216 0.0600632244
4 0.5068493151 0.5231822972 0.1011591149 0.0389884089
4 0.5052687039 0.4841938883 0.1064278188 0.0410958904
1 0.6638566913 0.5558482613 0.0569020021 0.0684931507
4 0.6996838778 0.5052687039 0.0779768177 0.0410958904
4 0.6986301370 0.4646996839 0.0758693361 0.0379346681
4 0.8445732350 0.5416227608 0.1001053741 0.0484720759
4 0.8435194942 0.4984193888 0.1001053741 0.0442571128
4 0.8435194942 0.4567966280 0.1001053741 0.0432033720
4 0.9783983140 0.4710221286 0.0432033720 0.0505795574
4 0.9773445732 0.5216016860 0.0453108535 0.0505795574
1 0.9920969442 0.5621707060 0.0158061117 0.0347734457
1 0.2834562698 0.6448893572 0.0569020021 0.0611169652
1 0.3224446786 0.5853530032 0.0821917808 0.0621707060
1 0.3371970495 0.6480505796 0.0526870390 0.0632244468
1 0.4794520548 0.6512118019 0.0547945205 0.0737618546
1 0.4836670179 0.5758693361 0.0569020021 0.0684931507
1 0.5400421496 0.5790305585 0.0558482613 0.0727081138
1 0.5405690200 0.6538461538 0.0526870390 0.0727081138
1 0.8187565859 0.6512118019 0.0547945205 0.0632244468
1 0.8187565859 0.5895679663 0.0569020021 0.0621707060
1 0.8714436249 0.6585879874 0.0526870390 0.0590094837
1 0.8719704953 0.5964172813 0.0495258166 0.0632244468
1 0.9910432034 0.6659641728 0.0179135933 0.0463645943
1 0.9915700738 0.6053740780 0.0168598525 0.0453108535
1 0.2792413066 0.7671232877 0.0547945205 0.0632244468
1 0.2834562698 0.7054794521 0.0547945205 0.0642781876
1 0.3345626976 0.7096944152 0.0537407798 0.0642781876
1 0.3350895680 0.7692307692 0.0547945205 0.0611169652
1 0.4873551106 0.7792413066 0.0305584826 0.0600632244
1 0.5284510011 0.7797681770 0.0495258166 0.0590094837
1 0.4873551106 0.7323498419 0.0284510011 0.0358271865
1 0.5284510011 0.7202318230 0.0558482613 0.0558482613
1 0.7160168599 0.7249736565 0.0558482613 0.0505795574
1 0.6733403583 0.7265542677 0.0295047418 0.0453108535
1 0.7175974710 0.7913593256 0.0547945205 0.0674394099
1 0.6728134879 0.7829293994 0.0263435195 0.0569020021
1 0.8213909378 0.7887249737 0.0558482613 0.0642781876
1 0.8171759747 0.7191780822 0.0516332982 0.0663856691
1 0.8693361433 0.7212855638 0.0569020021 0.0663856691
1 0.9910432034 0.7560590095 0.0179135933 0.0474183351
1 0.9915700738 0.7112750263 0.0168598525 0.0463645943
1 0.3055848261 0.8329820864 0.1074815595 0.0684931507
1 0.5305584826 0.8998946259 0.0600632244 0.0653319283
1 0.5326659642 0.8361433087 0.0600632244 0.0600632244
1 0.4889357218 0.8287671233 0.0379346681 0.0389884089
1 0.6554267650 0.8693361433 0.0526870390 0.0716543730
1 0.7091675448 0.8682824025 0.0569020021 0.0737618546
1 0.8566912540 0.8440463646 0.0716543730 0.0505795574
1 0.8551106428 0.8930453109 0.0727081138 0.0495258166
1 0.9905163330 0.8856691254 0.0189673340 0.0495258166
1 0.1622760801 0.9483667018 0.0526870390 0.1032665964
1 0.3082191781 0.9072708114 0.1001053741 0.0990516333
1 0.5358271865 0.9446786091 0.0558482613 0.0347734457
1 0.5305584826 0.9905163330 0.0537407798 0.0189673340
1 0.4884088514 0.9541622761 0.0389884089 0.0558482613
1 0.6559536354 0.9420442571 0.0558482613 0.0758693361
1 0.7086406744 0.9446786091 0.0579557429 0.0790305585
1 0.8556375132 0.9399367756 0.0737618546 0.0505795574
1 0.8514225501 0.9799789252 0.0653319283 0.0379346681
1 0.9731296101 0.9499473130 0.0474183351 0.0453108535
1 0.9726027397 0.9857744995 0.0505795574 0.0284510011
1 0.0179135933 0.9752370917 0.0358271865 0.0495258166
1 0.1022128556 0.9683877766 0.0231822972 0.0632244468
1 0.3003161222 0.9905163330 0.1053740780 0.0189673340
1 0.7107481560 0.9952581665 0.0537407798 0.0094836670
