7 0.5612864078 0.0546116505 0.1419902913 0.0655339806
4 0.0461165049 0.0770631068 0.0922330097 0.1152912621
4 0.1425970874 0.0916262136 0.1080097087 0.1128640777
4 0.2536407767 0.0782766990 0.1092233010 0.1152912621
4 0.3598300971 0.0800970874 0.1055825243 0.1165048544
4 0.4666262136 0.0825242718 0.1055825243 0.1140776699
6 0.5667475728 0.0964805825 0.0995145631 0.0594660194
6 0.7148058252 0.0722087379 0.0898058252 0.1055825243
6 0.8373786408 0.0952669903 0.0582524272 0.0910194175
6 0.7833737864 0.0952669903 0.0521844660 0.0861650485
7 0.0461165049 0.2639563107 0.0898058252 0.0473300971
7 0.1456310680 0.2675970874 0.0849514563 0.0449029126
7 0.2275485437 0.2694174757 0.0885922330 0.0436893204
7 0.3082524272 0.2742718447 0.0800970874 0.0509708738
7 0.3834951456 0.2688106796 0.0752427184 0.0400485437
6 0.6122572816 0.2779126214 0.0667475728 0.0655339806
7 0.0485436893 0.3009708738 0.0970873786 0.0364077670
7 0.0503640777 0.3410194175 0.1007281553 0.0461165049
7 0.1438106796 0.3052184466 0.0813106796 0.0473300971
7 0.2220873786 0.3416262136 0.0946601942 0.0449029126
7 0.2239077670 0.3046116505 0.0910194175 0.0436893204
7 0.3088592233 0.3489077670 0.0788834951 0.0497572816
7 0.3889563107 0.3470873786 0.0764563107 0.0412621359
7 0.3828883495 0.3076456311 0.0764563107 0.0376213592
6 0.4890776699 0.3428398058 0.1286407767 0.0691747573
6 0.4915048544 0.2864077670 0.1310679612 0.0606796117
6 0.5952669903 0.3458737864 0.0643203883 0.0631067961
6 0.6759708738 0.3404126214 0.0752427184 0.0618932039
6 0.6820388350 0.2803398058 0.0679611650 0.0631067961
7 0.8507281553 0.3313106796 0.0509708738 0.0849514563
6 0.7657766990 0.3076456311 0.1019417476 0.1080097087
7 0.9023058252 0.3313106796 0.0546116505 0.0849514563
7 0.0618932039 0.4751213592 0.0946601942 0.0449029126
7 0.1553398058 0.4763349515 0.0995145631 0.0449029126
7 0.3331310680 0.4781553398 0.0788834951 0.0509708738
7 0.0612864078 0.5546116505 0.0934466019 0.0412621359
4 0.0091019417 0.5273058252 0.0182038835 0.0861650485
7 0.0540048544 0.5115291262 0.1031553398 0.0473300971
7 0.1510922330 0.5157766990 0.0983009709 0.0461165049
7 0.1529126214 0.5546116505 0.0898058252 0.0412621359
7 0.2402912621 0.5582524272 0.0898058252 0.0364077670
7 0.3270631068 0.5582524272 0.0885922330 0.0388349515
7 0.2408980583 0.5169902913 0.0910194175 0.0509708738
7 0.3319174757 0.5206310680 0.0837378641 0.0485436893
7 0.4417475728 0.5254854369 0.0461165049 0.0364077670
7 0.3956310680 0.5254854369 0.0485436893 0.0412621359
6 0.5764563107 0.5230582524 0.0849514563 0.1165048544
6 0.4939320388 0.5273058252 0.0776699029 0.1250000000
6 0.6814320388 0.5794902913 0.0497572816 0.0424757282
6 0.6777912621 0.5121359223 0.0570388350 0.0412621359
6 0.8118932039 0.5218446602 0.0655339806 0.1116504854
6 0.7366504854 0.5127427184 0.0558252427 0.0424757282
6 0.7378640777 0.5819174757 0.0558252427 0.0424757282
7 0.9496359223 0.4945388350 0.1007281553 0.0594660194
6 0.8750000000 0.5224514563 0.0631067961 0.1104368932
0 0.9957524272 0.5321601942 0.0084951456 0.1371359223
7 0.0279126214 0.6929611650 0.0558252427 0.0412621359
7 0.0279126214 0.6541262136 0.0558252427 0.0388349515
7 0.0958737864 0.6547330097 0.0776699029 0.0400485437
7 0.0946601942 0.6941747573 0.0752427184 0.0436893204
7 0.1747572816 0.6583737864 0.0800970874 0.0473300971
7 0.1686893204 0.6959951456 0.0825242718 0.0473300971
7 0.2506067961 0.6577669903 0.0788834951 0.0412621359
7 0.3276699029 0.6589805825 0.0776699029 0.0412621359
6 0.5242718447 0.6911407767 0.1407766990 0.0449029126
6 0.6996359223 0.6935679612 0.0618932039 0.0424757282
6 0.6310679612 0.6905339806 0.0655339806 0.0412621359
7 0.3282766990 0.6990291262 0.0788834951 0.0412621359
7 0.2500000000 0.6972087379 0.0800970874 0.0400485437
7 0.4302184466 0.7057038835 0.0400485437 0.0376213592
7 0.3907766990 0.7063106796 0.0412621359 0.0388349515
6 0.5012135922 0.7330097087 0.1165048544 0.0436893204
6 0.6347087379 0.7415048544 0.0412621359 0.0606796117
6 0.7032766990 0.7445388350 0.0643203883 0.0594660194
6 0.8367718447 0.7069174757 0.0618932039 0.1225728155
6 0.7773058252 0.7069174757 0.0691747573 0.1250000000
0 0.9672330097 0.7105582524 0.0606796117 0.1152912621
7 0.0631067961 0.8391990291 0.0679611650 0.0400485437
7 0.0631067961 0.8756067961 0.0679611650 0.0400485437
4 0.0151699029 0.8895631068 0.0303398058 0.1383495146
7 0.1304611650 0.8416262136 0.0667475728 0.0400485437
7 0.1978155340 0.8434466019 0.0679611650 0.0412621359
7 0.1978155340 0.8792475728 0.0703883495 0.0376213592
7 0.1298543689 0.8780339806 0.0679611650 0.0376213592
7 0.2651699029 0.8804611650 0.0691747573 0.0400485437
7 0.3167475728 0.8865291262 0.0364077670 0.0424757282
7 0.2651699029 0.8446601942 0.0691747573 0.0388349515
7 0.3167475728 0.8464805825 0.0364077670 0.0376213592
7 0.3828883495 0.8489077670 0.0327669903 0.0400485437
7 0.3513349515 0.8925970874 0.0376213592 0.0546116505
7 0.3507281553 0.8470873786 0.0364077670 0.0364077670
6 0.5145631068 0.9047330097 0.0995145631 0.1492718447
6 0.7299757282 0.8780339806 0.0400485437 0.0400485437
6 0.7821601942 0.8768203883 0.0594660194 0.0424757282
6 0.9235436893 0.8859223301 0.0582524272 0.0436893204
6 0.8731796117 0.8853155340 0.0449029126 0.0449029126
0 0.9969660194 0.8695388350 0.0060679612 0.0497572816
6 0.4156553398 0.9429611650 0.0691747573 0.0776699029
6 0.5995145631 0.9277912621 0.0849514563 0.0594660194
6 0.7609223301 0.9326456311 0.0655339806 0.0691747573
6 0.8719660194 0.9399271845 0.0618932039 0.0667475728
6 0.9320388350 0.9387135922 0.0606796117 0.0691747573
0 0.9969660194 0.9180825243 0.0060679612 0.0497572816
