5 0.4479665072 0.0107655502 0.0777511962 0.0215311005
5 0.5221291866 0.0095693780 0.0729665072 0.0191387560
6 0.0095693780 0.0311004785 0.0191387560 0.0622009569
5 0.0933014354 0.0161483254 0.0454545455 0.0322966507
5 0.1375598086 0.0173444976 0.0430622010 0.0346889952
5 0.1806220096 0.0179425837 0.0454545455 0.0358851675
5 0.3116028708 0.0185406699 0.1303827751 0.0370813397
5 0.5125598086 0.0514354067 0.0729665072 0.0861244019
5 0.6596889952 0.0376794258 0.1614832536 0.0753588517
5 0.8169856459 0.0358851675 0.1483253589 0.0717703349
5 0.9611244019 0.0358851675 0.0777511962 0.0717703349
6 0.0143540670 0.1178229665 0.0287081340 0.0825358852
5 0.1351674641 0.1094497608 0.1315789474 0.0586124402
5 0.1429425837 0.0592105263 0.1232057416 0.0442583732
5 0.3104066986 0.0759569378 0.1303827751 0.0849282297
5 0.4419856459 0.0681818182 0.0705741627 0.0885167464
5 0.6860047847 0.1309808612 0.0897129187 0.1064593301
5 0.8157894737 0.1214114833 0.1555023923 0.1040669856
6 0.0131578947 0.1985645933 0.0263157895 0.0837320574
5 0.1393540670 0.1662679426 0.1255980861 0.0550239234
5 0.3098086124 0.1692583732 0.1315789474 0.0968899522
5 0.4389952153 0.2045454545 0.0550239234 0.0741626794
5 0.4192583732 0.1423444976 0.0370813397 0.0454545455
5 0.5137559809 0.1387559809 0.0753588517 0.0861244019
5 0.6106459330 0.1447368421 0.0346889952 0.0765550239
5 0.5747607656 0.1447368421 0.0418660287 0.0813397129
5 0.7888755981 0.2099282297 0.1590909091 0.0873205742
5 0.8803827751 0.2117224880 0.0311004785 0.0693779904
5 0.9473684211 0.2039473684 0.1052631579 0.0944976077
5 0.1357655502 0.2194976077 0.1303827751 0.0586124402
5 0.5000000000 0.2177033493 0.0813397129 0.0669856459
5 0.5843301435 0.2206937799 0.0944976077 0.0681818182
5 0.6728468900 0.2135167464 0.0753588517 0.0681818182
1 0.0167464115 0.3038277512 0.0334928230 0.0813397129
1 0.0789473684 0.3116028708 0.0789473684 0.1016746411
1 0.1602870813 0.3116028708 0.0765550239 0.0992822967
1 0.2996411483 0.3576555024 0.1566985646 0.0837320574
1 0.5233253589 0.3116028708 0.1519138756 0.0873205742
3 0.8971291866 0.3540669856 0.0478468900 0.0909090909
1 0.0197368421 0.3803827751 0.0394736842 0.0813397129
1 0.0843301435 0.4066985646 0.0705741627 0.0933014354
1 0.1626794258 0.4066985646 0.0741626794 0.0933014354
1 0.3026315789 0.4383971292 0.1507177033 0.0801435407
1 0.5149521531 0.4019138756 0.1519138756 0.0956937799
0 0.9617224880 0.3827751196 0.0765550239 0.0885167464
1 0.0191387560 0.4593301435 0.0382775120 0.0789473684
1 0.0903110048 0.5005980861 0.0801435407 0.0897129187
1 0.1638755981 0.5000000000 0.0717703349 0.0909090909
1 0.3032296651 0.5179425837 0.1447368421 0.0765550239
1 0.5209330144 0.4958133971 0.1471291866 0.0921052632
7 0.8450956938 0.4527511962 0.0418660287 0.1064593301
7 0.8869617225 0.4491626794 0.0370813397 0.1064593301
1 0.0197368421 0.5358851675 0.0394736842 0.0741626794
1 0.0861244019 0.5933014354 0.0717703349 0.0861244019
1 0.1638755981 0.5950956938 0.0741626794 0.0873205742
1 0.5215311005 0.5915071770 0.1578947368 0.0921052632
7 0.8325358852 0.5592105263 0.0478468900 0.0921052632
7 0.8684210526 0.5520334928 0.0406698565 0.1040669856
0 0.9778708134 0.5586124402 0.0442583732 0.0885167464
1 0.0197368421 0.6160287081 0.0394736842 0.0861244019
1 0.3062200957 0.5998803828 0.1531100478 0.0849282297
1 0.6788277512 0.6650717703 0.1734449761 0.0956937799
7 0.8247607656 0.6537081340 0.0514354067 0.0921052632
7 0.8863636364 0.6572966507 0.0622009569 0.1136363636
0 0.9575358852 0.6244019139 0.0849282297 0.0861244019
1 0.0173444976 0.6985645933 0.0346889952 0.0789473684
1 0.0915071770 0.6818181818 0.0729665072 0.0861244019
1 0.1644736842 0.6800239234 0.0729665072 0.0897129187
1 0.2775119617 0.6866028708 0.0717703349 0.0813397129
1 0.3504784689 0.6800239234 0.0717703349 0.0777511962
1 0.5167464115 0.6794258373 0.1507177033 0.0956937799
