3 0.0774907749 0.1356088561 0.1549815498 0.1125461255
3 0.0802583026 0.2453874539 0.1605166052 0.1107011070
7 0.2306273063 0.1669741697 0.2029520295 0.2749077491
7 0.4188191882 0.1503690037 0.1918819188 0.3007380074
0 0.5848708487 0.1522140221 0.1623616236 0.3044280443
0 0.7601476015 0.1531365314 0.1771217712 0.3062730627
0 0.9206642066 0.1503690037 0.1586715867 0.3007380074
1 0.0166051661 0.4206642066 0.0332103321 0.1808118081
7 0.1439114391 0.5092250923 0.2250922509 0.3210332103
7 0.3653136531 0.4400369004 0.2398523985 0.1531365314
7 0.5940959410 0.4640221402 0.2140221402 0.1678966790
7 0.8035055351 0.4750922509 0.2011070111 0.1531365314
7 0.9612546125 0.5009225092 0.0774907749 0.3265682657
1 0.0285977860 0.5857933579 0.0571955720 0.1568265683
7 0.3653136531 0.5913284133 0.2435424354 0.1383763838
7 0.5931734317 0.6051660517 0.1937269373 0.1328413284
7 0.7869003690 0.6079335793 0.1937269373 0.1273062731
6 0.5000000000 0.8726937269 0.3468634686 0.2177121771
6 0.8348708487 0.8754612546 0.3302583026 0.2158671587
6 0.1614391144 0.8754612546 0.3228782288 0.2195571956
