6 0.0310199790 0.0057833859 0.0620399579 0.0115667718
6 0.0922712934 0.0055205047 0.0888538381 0.0110410095
6 0.1706098843 0.0039432177 0.0867507886 0.0078864353
1 0.2605152471 0.0115667718 0.0930599369 0.0231335436
1 0.3551524711 0.0107781283 0.1004206099 0.0215562566
1 0.4505783386 0.0110410095 0.0998948475 0.0220820189
1 0.5417981073 0.0086750789 0.0835962145 0.0173501577
1 0.7192429022 0.0015772871 0.0820189274 0.0031545741
6 0.0407465825 0.0517875920 0.0814931651 0.0814931651
6 0.1122502629 0.0507360673 0.0825446898 0.0804416404
6 0.1837539432 0.0467928496 0.0783385910 0.0862250263
1 0.2639327024 0.0533648791 0.0862250263 0.0730809674
1 0.3530494217 0.0528391167 0.0930599369 0.0657202944
1 0.4466351209 0.0512618297 0.0930599369 0.0646687697
1 0.5391692955 0.0486330179 0.1014721346 0.0646687697
1 0.5381177708 0.0486330179 0.0972660358 0.0667718191
1 0.6356466877 0.0389064143 0.0893796004 0.0778128286
5 0.7996845426 0.0360147213 0.0431125131 0.0720294427
1 0.7168769716 0.0373291272 0.0772870662 0.0725552050
5 0.8422712934 0.0370662461 0.0420609884 0.0741324921
5 0.8851209253 0.0496845426 0.0478443743 0.0467928496
5 0.9295478444 0.0481072555 0.0441640379 0.0425867508
5 0.9813354364 0.0160357518 0.0362776025 0.0320715037
5 0.9271819138 0.0128811777 0.0299684543 0.0257623554
5 0.9689800210 0.0481072555 0.0410094637 0.0373291272
7 0.9986855941 0.0336487907 0.0026288118 0.0672975815
7 0.9676656151 0.1306519453 0.0646687697 0.0499474238
5 0.0149842271 0.1963722397 0.0299684543 0.0688748686
5 0.0573080967 0.1961093586 0.0704521556 0.0704521556
1 0.3630389064 0.2305467928 0.0825446898 0.1340694006
1 0.5136698212 0.1940063091 0.0799158780 0.0630914826
1 0.5139327024 0.2594637224 0.0730809674 0.0657202944
1 0.5870136698 0.2570977918 0.0730809674 0.0609884332
1 0.5880651945 0.1913774974 0.0730809674 0.0715036803
1 0.6614090431 0.2563091483 0.0736067298 0.0604626709
1 0.6624605678 0.1892744479 0.0736067298 0.0715036803
1 0.7331756046 0.2555205047 0.0709779180 0.0599369085
1 0.7313354364 0.1887486856 0.0715036803 0.0694006309
1 0.8078338591 0.2523659306 0.0793901157 0.0672975815
1 0.8890641430 0.2473711882 0.0841219769 0.0762355415
1 0.8885383807 0.1719242902 0.0841219769 0.0767613039
1 0.8086225026 0.1727129338 0.0715036803 0.0751840168
7 0.9650368034 0.1858569926 0.0699263933 0.0657202944
7 0.9642481598 0.2486855941 0.0715036803 0.0630914826
5 0.0620399579 0.2702418507 0.0641430074 0.0757097792
5 0.0173501577 0.2639327024 0.0347003155 0.0620399579
6 0.1314405889 0.2599894848 0.0883280757 0.0814931651
6 0.2110935857 0.2602523659 0.0867507886 0.0788643533
6 0.2915352261 0.2605152471 0.0899053628 0.0730809674
1 0.4400630915 0.2720820189 0.0736067298 0.0520504732
5 0.0394321767 0.3948475289 0.0788643533 0.0672975815
5 0.1264458465 0.3914300736 0.1088328076 0.0772870662
5 0.2213459516 0.3788117771 0.0841219769 0.0772870662
6 0.2902208202 0.4253417455 0.0883280757 0.1366982124
6 0.3685594111 0.4211356467 0.0830704522 0.1356466877
6 0.4413774974 0.4206098843 0.0835962145 0.1282860147
1 0.5236593060 0.3888012618 0.0904311251 0.0667718191
1 0.6188222923 0.3798633018 0.0872765510 0.0615141956
1 0.7053101998 0.3748685594 0.0867507886 0.0567823344
1 0.7954784437 0.4106203996 0.0851735016 0.1303890641
7 0.8740799159 0.3798633018 0.0762355415 0.0657202944
7 0.9518927445 0.3785488959 0.0783385910 0.0662460568
7 0.9947423764 0.4361198738 0.0105152471 0.0604626709
7 0.9960567823 0.3767087277 0.0078864353 0.0646687697
5 0.0399579390 0.4642481598 0.0799158780 0.0672975815
5 0.1217139853 0.4613564669 0.0983175605 0.0667718191
5 0.2118822292 0.4566246057 0.0946372240 0.0793901157
1 0.5262881178 0.4508412198 0.0893796004 0.0709779180
1 0.6111987382 0.4479495268 0.0899053628 0.0651945321
1 0.7071503680 0.4455835962 0.0925341746 0.0636172450
7 0.8727655100 0.4424290221 0.0746582545 0.0604626709
7 0.8937960042 0.5276025237 0.0715036803 0.0415352261
7 0.9497896951 0.4408517350 0.0762355415 0.0615141956
7 0.9647739222 0.5191903260 0.0704521556 0.0446898002
5 0.0057833859 0.5835962145 0.0115667718 0.0725552050
5 0.0570452156 0.5846477392 0.0993690852 0.0704521556
6 0.1550998948 0.5704521556 0.1062039958 0.0694006309
6 0.2599894848 0.5578338591 0.0709779180 0.0515247108
6 0.3414826498 0.5633543638 0.0951629863 0.0720294427
1 0.4203470032 0.6014721346 0.0667718191 0.1272344900
1 0.4834384858 0.6051524711 0.0615141956 0.1219768665
1 0.5404837014 0.5988433228 0.0588853838 0.1188222923
1 0.7523659306 0.5778128286 0.0746582545 0.0599369085
1 0.8217665615 0.5754468980 0.0694006309 0.0636172450
7 0.9639852787 0.5672975815 0.0657202944 0.0494216614
7 0.8930073607 0.5699263933 0.0720294427 0.0536277603
7 0.9960567823 0.6154048370 0.0078864353 0.0509989485
5 0.0073606730 0.6519453207 0.0147213460 0.0694006309
5 0.0620399579 0.6508937960 0.1051524711 0.0651945321
6 0.1572029443 0.6393270242 0.0988433228 0.0704521556
6 0.2526288118 0.6290746583 0.1067297581 0.0867507886
6 0.3464773922 0.6285488959 0.0988433228 0.0657202944
1 0.6075184017 0.6317034700 0.0814931651 0.0573080967
1 0.6850683491 0.6251314406 0.0799158780 0.0578338591
1 0.7573606730 0.6301261830 0.0709779180 0.0499474238
1 0.8243953733 0.6277602524 0.0694006309 0.0483701367
7 0.8911671924 0.6235541535 0.0736067298 0.0588853838
7 0.9592534175 0.6188222923 0.0741324921 0.0588853838
0 0.0136698212 0.7431650894 0.0273396425 0.0467928496
8 0.3199263933 0.7360672976 0.1940063091 0.0536277603
2 0.0762355415 0.8335962145 0.1114616193 0.1813880126
0 0.0231335436 0.8722397476 0.0462670873 0.1093585699
2 0.1729758149 0.8283385910 0.1083070452 0.1845425868
8 0.3259726604 0.8635646688 0.1966351209 0.0951629863
1 0.4626708728 0.8362250263 0.0683491062 0.1487907466
1 0.6017350158 0.8280757098 0.0657202944 0.1587802313
1 0.5357518402 0.8322818086 0.0715036803 0.1514195584
1 0.6682439537 0.8238696109 0.0662460568 0.1514195584
1 0.7589379600 0.8286014721 0.1161934805 0.1345951630
7 0.8554153523 0.8141430074 0.0683491062 0.1445846477
7 0.9250788644 0.8128286015 0.0636172450 0.1461619348
7 0.9768664564 0.7994216614 0.0462670873 0.1614090431
1 0.6019978970 0.5686119874 0.0809674027 0.0657202944
1 0.6777076761 0.5665089380 0.0757097792 0.0636172450
