6 0.4108352144 0.0135440181 0.0993227991 0.0270880361
0 0.5118510158 0.0158013544 0.1094808126 0.0316027088
1 0.2957110609 0.0795711061 0.1331828442 0.1591422122
1 0.4379232506 0.0575620767 0.0880361174 0.0406320542
6 0.6416478555 0.0750564334 0.1297968397 0.1297968397
4 0.7415349887 0.0852144470 0.0925507901 0.1704288939
4 0.8064334086 0.0756207675 0.1027088036 0.1512415350
4 0.8826185102 0.0750564334 0.1060948081 0.1501128668
4 0.9571106095 0.0835214447 0.0857787810 0.1670428894
1 0.1501128668 0.1281038375 0.0609480813 0.1410835214
1 0.1094808126 0.1512415350 0.0632054176 0.1467268623
1 0.2042889391 0.1021444695 0.1015801354 0.1704288939
1 0.4023702032 0.1794582393 0.1252821670 0.1693002257
1 0.5174943567 0.1382618510 0.1455981941 0.1907449210
1 0.1433408578 0.2742663657 0.0993227991 0.1331828442
1 0.2138826185 0.2494356659 0.0959367946 0.1489841986
1 0.3092550790 0.2138826185 0.1241534989 0.1591422122
7 0.9362302483 0.2206546275 0.0575620767 0.0688487585
7 0.8888261851 0.2635440181 0.0688487585 0.1162528217
7 0.9892776524 0.2313769752 0.0214446953 0.1106094808
7 0.4492099323 0.3617381490 0.0993227991 0.1072234763
0 0.5468397291 0.3532731377 0.1275395034 0.1534988713
4 0.6388261851 0.3442437923 0.1106094808 0.1851015801
7 0.7206546275 0.3132054176 0.0688487585 0.1433408578
7 0.7737020316 0.2928893905 0.0665914221 0.1320541761
7 0.8284424379 0.2816027088 0.0699774266 0.1343115124
7 0.9588036117 0.3374717833 0.0688487585 0.0654627540
7 0.9949209932 0.3143340858 0.0101580135 0.0643340858
1 0.1405191874 0.4424379233 0.0485327314 0.1060948081
1 0.2144469526 0.4249435666 0.0609480813 0.1162528217
1 0.1760722348 0.4356659142 0.0586907449 0.1083521445
1 0.2985327314 0.4125282167 0.0598194131 0.1162528217
1 0.2635440181 0.4193002257 0.0575620767 0.1117381490
1 0.3775395034 0.3939051919 0.0620767494 0.1264108352
1 0.3363431151 0.4023702032 0.0586907449 0.1207674944
7 0.8493227991 0.4012415350 0.1162528217 0.0665914221
1 0.2432279910 0.5632054176 0.0620767494 0.0541760722
1 0.2979683973 0.5654627540 0.0519187359 0.0586907449
0 0.4960496614 0.5395033860 0.0665914221 0.0654627540
0 0.5417607223 0.5400677201 0.0406320542 0.0756207675
0 0.7104966140 0.5519187359 0.1139954853 0.1625282167
7 0.8346501129 0.5468397291 0.1613995485 0.1659142212
7 0.9537246050 0.5344243792 0.0925507901 0.1794582393
1 0.1952595937 0.6309255079 0.0541760722 0.0451467269
1 0.1862302483 0.5801354402 0.0632054176 0.0586907449
1 0.2624153499 0.6213318284 0.0665914221 0.0485327314
1 0.3109480813 0.6241534989 0.0507900677 0.0474040632
1 0.3735891648 0.5953724605 0.0835214447 0.1252821670
0 0.5084650113 0.5970654628 0.0462753950 0.0586907449
0 0.5474040632 0.6089164786 0.0338600451 0.0598194131
0 0.6038374718 0.5699774266 0.0970654628 0.1534988713
7 0.8369074492 0.6461625282 0.1501128668 0.0440180587
7 0.9520316027 0.6563205418 0.0959367946 0.0688487585
1 0.2059819413 0.7409706546 0.0417607223 0.0598194131
1 0.2065462754 0.6794582393 0.0609480813 0.0519187359
1 0.2680586907 0.6715575621 0.0620767494 0.0519187359
1 0.3098194131 0.7392776524 0.0462753950 0.0564334086
1 0.2573363431 0.7381489842 0.0586907449 0.0564334086
1 0.3594808126 0.7387133183 0.0665914221 0.0665914221
1 0.3182844244 0.6743792325 0.0564334086 0.0462753950
1 0.4328442438 0.7370203160 0.0778781038 0.0722347630
1 0.5073363431 0.7460496614 0.0665914221 0.0767494357
1 0.5818284424 0.7398419865 0.0801354402 0.0801354402
1 0.6613995485 0.7477426637 0.1173814898 0.0823927765
6 0.7748306998 0.7567720090 0.1185101580 0.0936794582
5 0.8781038375 0.7562076749 0.0925507901 0.0925507901
1 0.2189616253 0.7951467269 0.0474040632 0.0530474041
1 0.2680586907 0.7968397291 0.0553047404 0.0586907449
1 0.3758465011 0.8041760722 0.0609480813 0.0643340858
1 0.3177200903 0.7979683973 0.0575620767 0.0677200903
1 0.4407449210 0.8053047404 0.0733634312 0.0711060948
1 0.5124153499 0.8126410835 0.0790067720 0.0767494357
1 0.5880361174 0.8154627540 0.0790067720 0.0688487585
1 0.6698645598 0.8239277652 0.0981941309 0.0812641084
6 0.7765237020 0.8465011287 0.1196388262 0.1128668172
5 0.8831828442 0.8369074492 0.1072234763 0.0823927765
5 0.9971783296 0.8013544018 0.0056433409 0.1670428894
5 0.9593679458 0.7957110609 0.0812641084 0.1760722348
1 0.2866817156 0.8871331828 0.0451467269 0.0496613995
1 0.2392776524 0.8893905192 0.0496613995 0.0564334086
1 0.3007900677 0.9424379233 0.0485327314 0.0496613995
1 0.2539503386 0.9424379233 0.0519187359 0.0541760722
1 0.3346501129 0.8944695260 0.0507900677 0.0507900677
1 0.3442437923 0.9503386005 0.0451467269 0.0541760722
1 0.3882618510 0.8995485327 0.0632054176 0.0632054176
1 0.4503386005 0.9130925508 0.0654627540 0.0677200903
1 0.5101580135 0.9159142212 0.0632054176 0.0643340858
5 0.8955981941 0.9034988713 0.0981941309 0.0643340858
1 0.3939051919 0.9565462754 0.0564334086 0.0507900677
1 0.5174943567 0.9740406321 0.0598194131 0.0519187359
1 0.4571106095 0.9729119639 0.0677200903 0.0541760722
0 0.5919864560 0.9492099323 0.1094808126 0.1015801354
0 0.6709932280 0.9520316027 0.1004514673 0.0959367946
0 0.7533860045 0.9593679458 0.1185101580 0.0812641084
5 0.8465011287 0.9588036117 0.0925507901 0.0823927765
5 0.9424379233 0.9667042889 0.1015801354 0.0665914221
5 0.9932279910 0.9695259594 0.0135440181 0.0609480813
