7 0.0260707635 0.0763500931 0.0521415270 0.1527001862
7 0.1396648045 0.0810055866 0.1973929236 0.1620111732
3 0.2756052142 0.0242085661 0.0782122905 0.0484171322
3 0.2709497207 0.0782122905 0.0800744879 0.0670391061
3 0.3445065177 0.0242085661 0.0670391061 0.0484171322
3 0.3426443203 0.0837988827 0.0707635009 0.0707635009
3 0.4078212291 0.0661080074 0.0744878957 0.1322160149
8 0.5959031657 0.0865921788 0.2979515829 0.1731843575
8 0.8230912477 0.0931098696 0.1527001862 0.1787709497
1 0.0055865922 0.3258845438 0.0111731844 0.2197392924
1 0.0623836127 0.3314711359 0.0949720670 0.2197392924
1 0.1685288641 0.3342644320 0.1061452514 0.2216014898
1 0.2783985102 0.3389199255 0.1024208566 0.2122905028
1 0.4236499069 0.3389199255 0.1843575419 0.2122905028
1 0.6145251397 0.3491620112 0.1899441341 0.2104283054
1 0.8026070764 0.3640595903 0.1899441341 0.2104283054
1 0.0437616387 0.5884543762 0.0875232775 0.1750465549
1 0.1396648045 0.5949720670 0.1042830540 0.1731843575
1 0.2672253259 0.5595903166 0.1471135940 0.0986964618
1 0.4180633147 0.5661080074 0.1471135940 0.0968342644
1 0.5633147114 0.5716945996 0.1359404097 0.1042830540
1 0.7011173184 0.5735567970 0.1359404097 0.1005586592
1 0.8324022346 0.5800744879 0.1378026071 0.0949720670
1 0.2672253259 0.6508379888 0.1433891993 0.0763500931
1 0.4124767225 0.6545623836 0.1396648045 0.0726256983
1 0.5614525140 0.6601489758 0.1322160149 0.0763500931
1 0.6945996276 0.6620111732 0.1303538175 0.0837988827
1 0.8351955307 0.6666666667 0.1396648045 0.0893854749
1 0.0195530726 0.8417132216 0.0391061453 0.2160148976
1 0.0903165736 0.8435754190 0.1322160149 0.2085661080
1 0.2169459963 0.8556797020 0.1247672253 0.2141527002
1 0.3398510242 0.9162011173 0.1210428305 0.1117318436
1 0.3435754190 0.8035381750 0.1173184358 0.1098696462
1 0.4720670391 0.8044692737 0.1135940410 0.1042830540
1 0.5912476723 0.8091247672 0.1173184358 0.1098696462
1 0.7141527002 0.8175046555 0.1322160149 0.1080074488
1 0.8454376164 0.8221601490 0.1191806331 0.1098696462
1 0.4608938547 0.9199255121 0.1210428305 0.1117318436
1 0.5837988827 0.9217877095 0.1322160149 0.1154562384
1 0.7169459963 0.9301675978 0.1303538175 0.1098696462
1 0.8491620112 0.9376163873 0.1266294227 0.1135940410
