1 0.2787794730 0.0270457698 0.0693481276 0.0540915395
1 0.4195561720 0.0277392510 0.1456310680 0.0554785021
1 0.5568654646 0.0319001387 0.1345353675 0.0638002774
1 0.6699029126 0.0312066574 0.0887656033 0.0624133148
7 0.7434119279 0.0332871012 0.0665742025 0.0665742025
7 0.8543689320 0.0325936200 0.0832177531 0.0651872399
1 0.3654646325 0.1782246879 0.0679611650 0.1678224688
1 0.4410540915 0.1789181692 0.0721220527 0.1442441054
1 0.5055478502 0.1768377254 0.0596393897 0.1539528433
1 0.5748959778 0.1733703190 0.0540915395 0.1470180305
1 0.6213592233 0.1705963939 0.0527045770 0.1470180305
1 0.7128987517 0.1581137309 0.0443828017 0.1303744799
1 0.6719833564 0.1629680999 0.0540915395 0.1400832178
1 0.7558945908 0.1567267684 0.0443828017 0.1331484050
1 0.7947295423 0.1601941748 0.0471567268 0.1289875173
1 0.8370319001 0.1553398058 0.0402219140 0.1248266297
1 0.2309292649 0.1858529820 0.0762829404 0.1747572816
1 0.3016643551 0.1809986130 0.0707350902 0.1733703190
1 0.6407766990 0.2947295423 0.0832177531 0.0846047157
1 0.7122052705 0.2829403606 0.0651872399 0.0915395284
1 0.7808599168 0.2780859917 0.0471567268 0.0762829404
1 0.8314840499 0.2718446602 0.0457697642 0.0693481276
1 0.2857142857 0.3710124827 0.1497919556 0.1983356449
1 0.3994452150 0.4070735090 0.0915395284 0.0929264910
1 0.3987517337 0.3148404993 0.0873786408 0.0943134535
1 0.4833564494 0.3945908460 0.0790568655 0.0929264910
1 0.4833564494 0.3065187240 0.0818307906 0.0998613037
1 0.5624133148 0.3030513176 0.0818307906 0.0957004161
1 0.6380027739 0.3744798890 0.0804438280 0.0859916782
1 0.7156726768 0.3606102635 0.0693481276 0.0887656033
1 0.7746185853 0.3488210818 0.0568654646 0.0679611650
1 0.8300970874 0.3418862691 0.0568654646 0.0707350902
1 0.6213592233 0.5034674064 0.0554785021 0.1692094313
1 0.5561719834 0.5173370319 0.0859916782 0.1775312067
1 0.6678224688 0.4882108183 0.0540915395 0.1553398058
7 0.7683772538 0.4743411928 0.0416088766 0.0360610264
7 0.8002773925 0.4514563107 0.0332871012 0.0624133148
7 0.7343966713 0.4486823856 0.0152565881 0.0485436893
7 0.7378640777 0.5083217753 0.0277392510 0.0790568655
1 0.2739251040 0.5991678225 0.1206657420 0.2135922330
1 0.3807212205 0.5665742025 0.0984743412 0.2094313454
1 0.4729542302 0.5464632455 0.0998613037 0.1858529820
1 0.5020804438 0.7697642164 0.1248266297 0.2274618585
4 0.6061026352 0.7420249653 0.0776699029 0.1775312067
4 0.6664355062 0.7122052705 0.0513176144 0.1650485437
4 0.7087378641 0.6976421637 0.0499306519 0.1470180305
4 0.7635228849 0.6782246879 0.0568654646 0.1386962552
4 0.8085991678 0.6664355062 0.0471567268 0.1317614424
4 0.8453536755 0.6567267684 0.0429958391 0.1317614424
1 0.3828016644 0.8148404993 0.0970873786 0.1983356449
8 0.3266296810 0.9618585298 0.1844660194 0.0762829404
8 0.4611650485 0.9257975035 0.1289875173 0.0873786408
1 0.2981969487 0.8411927878 0.0610263523 0.1650485437
