1 0.5156006240 0.0179407176 0.1419656786 0.0358814353
1 0.6248049922 0.0093603744 0.0795631825 0.0187207488
1 0.7698907956 0.0054602184 0.0951638066 0.0109204368
8 0.3775351014 0.0803432137 0.0936037441 0.0764430577
2 0.5561622465 0.0733229329 0.2106084243 0.0967238690
1 0.7691107644 0.0468018721 0.0967238690 0.0748829953
1 0.9251170047 0.0132605304 0.0967238690 0.0265210608
1 0.9071762871 0.0616224649 0.1419656786 0.0764430577
2 0.5140405616 0.1560062402 0.1450858034 0.0748829953
1 0.6232449298 0.1567862715 0.0795631825 0.0764430577
1 0.7472698908 0.1185647426 0.1372854914 0.0780031201
1 0.8697347894 0.1450858034 0.0826833073 0.0936037441
1 0.9438377535 0.1450858034 0.0717628705 0.0936037441
7 0.4274570983 0.8814352574 0.0468018721 0.0686427457
7 0.3900156006 0.9617784711 0.0468018721 0.0733229329
