1 0.0936692506 0.0310077519 0.0736434109 0.0620155039
1 0.2273901809 0.0322997416 0.0671834625 0.0645994832
1 0.1608527132 0.0310077519 0.0658914729 0.0620155039
1 0.2945736434 0.0355297158 0.0723514212 0.0710594315
1 0.3630490956 0.0335917313 0.0749354005 0.0671834625
3 0.4257105943 0.0051679587 0.0581395349 0.0103359173
3 0.4521963824 0.0400516796 0.1162790698 0.0594315245
3 0.5426356589 0.0064599483 0.0645994832 0.0129198966
3 0.6046511628 0.0064599483 0.0671834625 0.0129198966
3 0.5723514212 0.0381136951 0.1266149871 0.0633074935
1 0.1027131783 0.1750645995 0.0917312661 0.0865633075
1 0.1027131783 0.2616279070 0.0917312661 0.0865633075
1 0.1957364341 0.2596899225 0.0891472868 0.0852713178
1 0.1918604651 0.1750645995 0.0865633075 0.0865633075
1 0.2906976744 0.2648578811 0.1033591731 0.0904392765
1 0.2842377261 0.1763565891 0.1007751938 0.0865633075
1 0.3927648579 0.2713178295 0.1007751938 0.1007751938
1 0.3908268734 0.1679586563 0.1098191214 0.0826873385
1 0.4916020672 0.2693798450 0.0943152455 0.0865633075
1 0.4935400517 0.1763565891 0.0956072351 0.0813953488
1 0.5865633075 0.2648578811 0.0981912145 0.0981912145
1 0.5103359173 0.3843669251 0.1963824289 0.1124031008
1 0.1459948320 0.4192506460 0.1653746770 0.0943152455
1 0.3184754522 0.3927648579 0.1770025840 0.1085271318
1 0.5122739018 0.4928940568 0.1847545220 0.1124031008
1 0.1485788114 0.5103359173 0.1782945736 0.0904392765
1 0.3275193798 0.4993540052 0.1770025840 0.1072351421
1 0.0956072351 0.6686046512 0.0826873385 0.2183462532
1 0.1718346253 0.6686046512 0.0826873385 0.2235142119
1 0.2474160207 0.6686046512 0.0762273902 0.2157622739
1 0.3811369509 0.6866925065 0.0697674419 0.1770025840
1 0.3152454780 0.6834625323 0.0645994832 0.1860465116
1 0.4496124031 0.6789405685 0.0723514212 0.1821705426
1 0.5200258398 0.6789405685 0.0710594315 0.1873385013
1 0.5930232558 0.6789405685 0.0775193798 0.1899224806
1 0.1395348837 0.8921188630 0.1550387597 0.1459948320
1 0.2532299742 0.8908268734 0.0723514212 0.1485788114
1 0.3953488372 0.8888888889 0.0671834625 0.1472868217
1 0.3262273902 0.8921188630 0.0762273902 0.1459948320
1 0.4599483204 0.8875968992 0.0645994832 0.1498708010
1 0.5536175711 0.8972868217 0.1253229974 0.1279069767
1 0.1556847545 0.9832041344 0.1847545220 0.0335917313
1 0.3236434109 0.9819121447 0.1563307494 0.0361757106
1 0.4741602067 0.9806201550 0.1550387597 0.0387596899
1 0.5859173127 0.9806201550 0.0736434109 0.0387596899
1 0.5885012920 0.1724806202 0.0994832041 0.0943152455
