7 0.6941544885 0.1576200418 0.1210855950 0.0605427975
7 0.8188935282 0.1518789144 0.1221294363 0.0511482255
7 0.9269311065 0.1435281837 0.0918580376 0.0594989562
5 0.1576200418 0.2202505219 0.0396659708 0.0438413361
3 0.2004175365 0.2176409186 0.0438413361 0.0448851775
3 0.2442588727 0.1852818372 0.0417536534 0.1012526096
3 0.2886221294 0.1790187891 0.0574112735 0.1179540710
7 0.3345511482 0.1758872651 0.0511482255 0.1221294363
7 0.3820459290 0.1795407098 0.0501043841 0.1085594990
7 0.4284968685 0.1790187891 0.0490605428 0.1096033403
7 0.4759916493 0.1863256785 0.0480167015 0.0949895616
7 0.5631524008 0.1837160752 0.0490605428 0.0981210856
7 0.5193110647 0.1941544885 0.0469728601 0.0793319415
7 0.6122129436 0.1753653445 0.0511482255 0.1169102296
7 0.6936325678 0.2040709812 0.1179540710 0.0553235908
7 0.8168058455 0.2004175365 0.1283924843 0.0459290188
7 0.9342379958 0.1972860125 0.1043841336 0.0542797495
5 0.0845511482 0.3502087683 0.0375782881 0.0386221294
1 0.2604384134 0.3444676409 0.0594989562 0.1252609603
1 0.3637787056 0.3439457203 0.0532359081 0.1263048017
1 0.3115866388 0.3439457203 0.0511482255 0.1242171190
1 0.4191022965 0.3460334029 0.0532359081 0.1325678497
4 0.5459290188 0.3366388309 0.0835073069 0.1513569937
4 0.6216075157 0.3355949896 0.0657620042 0.1492693111
4 0.6831941545 0.3366388309 0.0678496868 0.1534446764
4 0.7541753653 0.3340292276 0.0720250522 0.1544885177
0 0.8162839248 0.3366388309 0.0688935282 0.1534446764
0 0.8846555324 0.3355949896 0.0782881002 0.1555323591
0 0.9572025052 0.3361169102 0.0772442589 0.1586638831
5 0.0871607516 0.3903966597 0.0386221294 0.0375782881
5 0.1242171190 0.3689979123 0.0480167015 0.0845511482
5 0.1670146138 0.3695198330 0.0396659708 0.0835073069
5 0.2061586639 0.3637787056 0.0427974948 0.0908141962
5 0.1503131524 0.5297494781 0.0542797495 0.1137787056
5 0.1054279749 0.5287056367 0.0563674322 0.1116910230
5 0.1998956159 0.5323590814 0.0469728601 0.1085594990
5 0.2479123173 0.5354906054 0.0532359081 0.1085594990
1 0.3303757829 0.5318371608 0.1221294363 0.1221294363
1 0.4514613779 0.5344467641 0.1242171190 0.1210855950
7 0.7839248434 0.5469728601 0.0668058455 0.1336116910
7 0.9050104384 0.5480167015 0.1899791232 0.1336116910
5 0.1654488518 0.6868475992 0.0511482255 0.1043841336
5 0.2098121086 0.6884133612 0.0501043841 0.1033402923
1 0.2740083507 0.6983298539 0.0887265136 0.0918580376
1 0.3402922756 0.6915448852 0.0480167015 0.1096033403
1 0.3872651357 0.6946764092 0.0480167015 0.1096033403
1 0.4848643006 0.7030271399 0.0490605428 0.1116910230
1 0.4347599165 0.6978079332 0.0490605428 0.1116910230
1 0.5678496868 0.7056367432 0.1169102296 0.1085594990
7 0.6831941545 0.7155532359 0.1158663883 0.1137787056
5 0.7922755741 0.7192066806 0.1231732777 0.1169102296
7 0.9081419624 0.7218162839 0.1273486430 0.1137787056
0 0.9801670146 0.7239039666 0.0396659708 0.1263048017
5 0.3475991649 0.8282881002 0.0605427975 0.0803757829
6 0.5615866388 0.8481210856 0.1043841336 0.0991649269
7 0.6654488518 0.8549060543 0.1096033403 0.0918580376
7 0.7703549061 0.8622129436 0.1127348643 0.0960334029
7 0.8783924843 0.8669102296 0.1200417537 0.0887265136
0 0.9655532359 0.8752609603 0.0688935282 0.0887265136
2 0.1920668058 0.9326722338 0.1106471816 0.0553235908
2 0.3778705637 0.9645093946 0.1336116910 0.0709812109
7 0.4728601253 0.9624217119 0.0542797495 0.0688935282
7 0.5506263048 0.9650313152 0.0845511482 0.0699373695
7 0.6393528184 0.9681628392 0.0991649269 0.0636743215
7 0.7259916493 0.9692066806 0.0720250522 0.0615866388
7 0.8131524008 0.9780793319 0.0626304802 0.0438413361
7 0.8663883090 0.9801670146 0.0605427975 0.0396659708
3 0.1988517745 0.1659707724 0.0448851775 0.0501043841
5 0.1550104384 0.1764091858 0.0344467641 0.0438413361
5 0.1101252610 0.1957202505 0.0553235908 0.0887265136
5 0.0704592902 0.2056367432 0.0386221294 0.0730688935
4 0.5459290188 0.5334029228 0.0688935282 0.1231732777
5 0.1617954071 0.8199373695 0.0626304802 0.0824634656
5 0.2265135699 0.8220250522 0.0688935282 0.0782881002
5 0.2896659708 0.8241127349 0.0615866388 0.0782881002
6 0.4373695198 0.8496868476 0.1252609603 0.0563674322
6 0.4394572025 0.8131524008 0.1336116910 0.0396659708
4 0.7254697286 0.5386221294 0.0605427975 0.1231732777
4 0.6732776618 0.5375782881 0.0563674322 0.1231732777
4 0.6158663883 0.5360125261 0.0709812109 0.1242171190
