2 0.5578703704 0.7106481481 0.2638888889 0.3287037037
2 0.8040123457 0.6496913580 0.2932098765 0.3395061728
2 0.9722222222 0.6165123457 0.0555555556 0.3009259259
0 0.0046296296 0.8171296296 0.0092592593 0.0817901235
2 0.1257716049 0.8287037037 0.1990740741 0.2716049383
2 0.3287037037 0.7800925926 0.2345679012 0.2885802469
0 0.0185185185 0.9498456790 0.0370370370 0.1003086420
2 0.7152777778 0.9027777778 0.1774691358 0.1944444444
2 0.8904320988 0.8703703704 0.2191358025 0.2592592593
2 0.1095679012 0.9683641975 0.1234567901 0.0632716049
2 0.2067901235 0.9591049383 0.1141975309 0.0817901235
2 0.3240740741 0.9483024691 0.1234567901 0.1033950617
2 0.4529320988 0.9367283951 0.1280864198 0.1265432099
2 0.5848765432 0.9236111111 0.1481481481 0.1527777778
