1 0.0146262189 0.3039003250 0.0292524377 0.1289274106
1 0.1365113759 0.3326110509 0.0628385699 0.0498374865
1 0.2091007584 0.2822318527 0.0823401950 0.0747562297
1 0.3320693391 0.3071505959 0.0682556880 0.0855904659
1 0.3997833153 0.3055254605 0.0671722644 0.0888407367
1 0.5693391116 0.3234019502 0.1289274106 0.0725893824
8 0.7914409534 0.3055254605 0.1267605634 0.0693391116
8 0.9756229686 0.3412784399 0.0487540628 0.1321776815
1 0.0140845070 0.3965330444 0.0281690141 0.0628385699
1 0.1316359697 0.3932827736 0.0725893824 0.0520043337
1 0.2128927411 0.3596966414 0.0790899242 0.0780065005
1 0.3434452871 0.3921993499 0.0845070423 0.0888407367
1 0.4182015168 0.3938244854 0.0715059588 0.0877573131
1 0.5780065005 0.4019501625 0.1419284940 0.0736728061
8 0.8174431203 0.4057421452 0.1527627302 0.1289274106
1 0.0124593716 0.4572047671 0.0249187432 0.0693391116
1 0.2069339112 0.4344528711 0.0845070423 0.0780065005
1 0.5942578548 0.4810400867 0.1440953413 0.0845070423
1 0.0130010834 0.5227518960 0.0260021668 0.0725893824
1 0.1289274106 0.5249187432 0.0671722644 0.0660888407
1 0.2123510293 0.5173347779 0.0866738895 0.0855904659
1 0.3342361863 0.4902491874 0.0899241603 0.0942578548
1 0.4144095341 0.4897074756 0.0769230769 0.0953412784
1 0.8326110509 0.5075839653 0.1679306609 0.0834236186
1 0.0092091008 0.5899241603 0.0184182015 0.0769230769
1 0.1798483207 0.5834236186 0.1451787649 0.0552546046
1 0.3396533044 0.5877573131 0.0769230769 0.0920910076
1 0.4198266522 0.5769230769 0.0855904659 0.0899241603
1 0.6045503792 0.5769230769 0.1538461538 0.0920910076
1 0.8494041170 0.5915492958 0.1625135428 0.0931744312
1 0.0070422535 0.6576381365 0.0140845070 0.0736728061
1 0.1722643554 0.6419284940 0.1516793066 0.0660888407
1 0.3358613218 0.6798483207 0.0671722644 0.0855904659
1 0.4209100758 0.6771397616 0.0855904659 0.1105092091
1 0.6202600217 0.6787648971 0.1419284940 0.1115926327
1 0.8672806067 0.6771397616 0.1830985915 0.1148429036
1 0.0059588299 0.7253521127 0.0119176598 0.0769230769
1 0.1706392199 0.7085590466 0.1570964247 0.0715059588
