1 0.0389048991 0.0072046110 0.0778097983 0.0144092219
7 0.1894812680 0.0036023055 0.0763688761 0.0072046110
1 0.0461095101 0.0561959654 0.0922190202 0.0979827089
7 0.2125360231 0.0641210375 0.1080691643 0.1195965418
6 0.3998559078 0.0345821326 0.1253602305 0.0691642651
5 0.6318443804 0.0641210375 0.1945244957 0.1282420749
5 0.9020172911 0.0461095101 0.1959654179 0.0922190202
1 0.0497118156 0.1548991354 0.0994236311 0.1080691643
7 0.2017291066 0.1757925072 0.0720461095 0.1037463977
6 0.4243515850 0.1491354467 0.1340057637 0.1657060519
5 0.9034582133 0.1491354467 0.1930835735 0.1512968300
1 0.0626801153 0.2644092219 0.1253602305 0.1109510086
5 0.6397694524 0.1822766571 0.1930835735 0.1570605187
7 0.2240634006 0.2831412104 0.0850144092 0.0907780980
7 0.4293948127 0.2824207493 0.1239193084 0.1066282421
1 0.6044668588 0.3285302594 0.0936599424 0.1440922190
1 0.6981268012 0.3242074928 0.1167146974 0.1469740634
5 0.9056195965 0.2953890490 0.1887608069 0.1671469741
1 0.0727665706 0.3674351585 0.1426512968 0.1008645533
7 0.2629682997 0.3760806916 0.0965417867 0.0720461095
7 0.4365994236 0.3832853026 0.1152737752 0.1037463977
1 0.8695965418 0.4517291066 0.1138328530 0.1368876081
1 0.0605187320 0.4985590778 0.0864553314 0.1729106628
1 0.2766570605 0.4668587896 0.1123919308 0.0951008646
7 0.4466858790 0.4762247839 0.1008645533 0.0907780980
1 0.6109510086 0.4603746398 0.0835734870 0.1311239193
1 0.7002881844 0.4625360231 0.1095100865 0.1383285303
7 0.0742074928 0.6376080692 0.0763688761 0.0965417867
1 0.2874639769 0.5561959654 0.1109510086 0.0893371758
1 0.4603746398 0.5677233429 0.1311239193 0.1008645533
1 0.6203170029 0.5742074928 0.0850144092 0.1109510086
1 0.7074927954 0.5806916427 0.1008645533 0.1123919308
1 0.8724783862 0.5814121037 0.1109510086 0.1253602305
1 0.3047550432 0.6520172911 0.1109510086 0.1051873199
1 0.4755043228 0.6599423631 0.1181556196 0.0893371758
1 0.6318443804 0.6873198847 0.0850144092 0.1037463977
1 0.7096541787 0.6930835735 0.0821325648 0.1037463977
1 0.8724783862 0.6974063401 0.1051873199 0.1037463977
7 0.1015850144 0.7406340058 0.0706051873 0.0922190202
1 0.3206051873 0.7507204611 0.1195965418 0.1066282421
1 0.4834293948 0.7543227666 0.1195965418 0.1109510086
1 0.6354466859 0.7795389049 0.0749279539 0.0922190202
1 0.7110951009 0.7953890490 0.0821325648 0.0979827089
1 0.8703170029 0.7997118156 0.1008645533 0.0979827089
