0 0.0257234727 0.0080385852 0.0514469453 0.0160771704
0 0.1109324759 0.0273311897 0.1061093248 0.0546623794
0 0.2162379421 0.0321543408 0.1077170418 0.0643086817
0 0.3070739550 0.0514469453 0.1061093248 0.1028938907
0 0.4011254019 0.0618971061 0.0916398714 0.1237942122
0 0.4847266881 0.0707395498 0.0884244373 0.1414790997
0 0.6463022508 0.0401929260 0.0739549839 0.0803858521
0 0.6422829582 0.1197749196 0.0787781350 0.1109324759
0 0.7130225080 0.1430868167 0.0691318328 0.1093247588
0 0.7154340836 0.0562700965 0.0546623794 0.1028938907
0 0.0233118971 0.1832797428 0.0466237942 0.2379421222
0 0.1053054662 0.1985530547 0.1270096463 0.2299035370
0 0.2733118971 0.2202572347 0.1575562701 0.2411575563
0 0.4035369775 0.2467845659 0.1157556270 0.2073954984
0 0.5393890675 0.2700964630 0.0787781350 0.1961414791
7 0.7138263666 0.3078778135 0.0996784566 0.1688102894
1 0.0385852090 0.4598070740 0.0771704180 0.2025723473
1 0.2001607717 0.4590032154 0.1688102894 0.2073954984
1 0.3593247588 0.4758842444 0.1559485531 0.1929260450
1 0.4903536977 0.4991961415 0.1028938907 0.1430868167
7 0.5755627010 0.4983922830 0.0771704180 0.1543408360
7 0.7041800643 0.4967845659 0.0964630225 0.1543408360
1 0.1374598071 0.7049839228 0.0787781350 0.1945337621
1 0.2250803859 0.7057877814 0.0836012862 0.1672025723
1 0.2998392283 0.7033762058 0.0691318328 0.1784565916
1 0.3802250804 0.6993569132 0.0627009646 0.1704180064
1 0.4340836013 0.6961414791 0.0610932476 0.1704180064
1 0.5401929260 0.6816720257 0.0514469453 0.1511254019
1 0.4927652733 0.6872990354 0.0627009646 0.1623794212
1 0.5900321543 0.6800643087 0.0514469453 0.1543408360
1 0.6350482315 0.6840836013 0.0546623794 0.1495176849
1 0.6840836013 0.6784565916 0.0466237942 0.1446945338
1 0.0128617363 0.7138263666 0.0257234727 0.2025723473
1 0.0635048232 0.7081993569 0.0819935691 0.2009646302
1 0.4565916399 0.8400321543 0.0964630225 0.0980707395
1 0.5393890675 0.8263665595 0.0755627010 0.1061093248
1 0.6189710611 0.8207395498 0.0546623794 0.0884244373
1 0.6776527331 0.8135048232 0.0530546624 0.0803858521
1 0.0659163987 0.9067524116 0.1318327974 0.1864951768
1 0.1768488746 0.9581993569 0.1061093248 0.0836012862
1 0.1760450161 0.8633440514 0.1012861736 0.1093247588
1 0.2741157556 0.9509646302 0.0916398714 0.0980707395
1 0.2741157556 0.8536977492 0.0948553055 0.1157556270
1 0.3657556270 0.8496784566 0.0948553055 0.1109324759
1 0.4533762058 0.9324758842 0.0932475884 0.0996784566
1 0.5434083601 0.9163987138 0.0803858521 0.1028938907
1 0.6117363344 0.9027331190 0.0659163987 0.0787781350
1 0.6760450161 0.8946945338 0.0659163987 0.0819935691
1 0.4340836013 0.9919614148 0.0643086817 0.0160771704
1 0.4879421222 0.9871382637 0.0627009646 0.0257234727
7 0.6414790997 0.9927652733 0.0385852090 0.0144694534
7 0.5651125402 0.9951768489 0.0176848875 0.0096463023
