1 0.8164400494 0.2688504326 0.0754017305 0.0754017305
1 0.8961681088 0.2601977750 0.0914709518 0.0754017305
1 0.9690976514 0.2496909765 0.0618046972 0.0791100124
1 0.2503090235 0.3491965389 0.0877626700 0.0877626700
1 0.3071693449 0.3448702101 0.0902348578 0.0914709518
1 0.3689740420 0.3380716934 0.1001236094 0.1001236094
1 0.5531520396 0.3238566131 0.1075401731 0.1038318912
1 0.4703337454 0.3325092707 0.0951792336 0.0988875155
1 0.6489493201 0.3436341162 0.0618046972 0.0667490729
1 0.6557478368 0.2787391842 0.0556242274 0.0679851669
1 0.7657601978 0.3411619283 0.0729295426 0.0618046972
1 0.7002472188 0.3423980222 0.0655129790 0.0642768850
1 0.7453646477 0.2775030902 0.0692212608 0.0704573548
1 0.6977750309 0.2775030902 0.0407911001 0.0655129790
1 0.8288009889 0.3374536465 0.0729295426 0.0692212608
1 0.9734239802 0.3201483313 0.0531520396 0.0716934487
1 0.9017305315 0.3325092707 0.0877626700 0.0716934487
2 0.4808405439 0.4122373300 0.0568603214 0.0506798517
1 0.9666254635 0.4221260816 0.0667490729 0.0605686032
2 0.2911001236 0.4771322621 0.0902348578 0.1483312732
2 0.3337453646 0.4771322621 0.0889987639 0.1508034611
2 0.4610630408 0.5000000000 0.0741656366 0.1075401731
2 0.4060568603 0.5043263288 0.0976514215 0.0988875155
1 0.6798516687 0.5074165637 0.0667490729 0.0531520396
1 0.6915945612 0.4400494438 0.0679851669 0.0568603214
1 0.7447466007 0.5055624227 0.0679851669 0.0568603214
1 0.7583436341 0.4375772559 0.0605686032 0.0618046972
1 0.8794808405 0.4351050680 0.0778739184 0.0593325093
1 0.8158220025 0.4406674907 0.0642768850 0.0580964153
1 0.9295426452 0.4956736712 0.0667490729 0.0766378245
1 0.6897404203 0.5605686032 0.0667490729 0.0531520396
1 0.7533992583 0.5587144623 0.0704573548 0.0519159456
1 0.8720642769 0.5228677379 0.0704573548 0.1161928307
1 0.8145859085 0.5284301607 0.0791100124 0.1075401731
1 0.9326328801 0.5543881335 0.0605686032 0.0506798517
1 0.9765142151 0.5284301607 0.0469715698 0.1100123609
1 0.7707045735 0.6446229913 0.0729295426 0.0605686032
1 0.7051915946 0.6402966625 0.0605686032 0.0593325093
1 0.8430160692 0.6421508035 0.0716934487 0.0605686032
1 0.9740420272 0.6446229913 0.0519159456 0.0482076638
1 0.9110012361 0.6421508035 0.0667490729 0.0457354759
1 0.4388133498 0.6674907293 0.0667490729 0.1137206428
1 0.5049443758 0.6736711990 0.0605686032 0.1137206428
1 0.5426452410 0.6724351051 0.0618046972 0.1137206428
1 0.4728059333 0.6693448702 0.0580964153 0.1149567367
1 0.6143386897 0.6823238566 0.0494437577 0.1236093943
1 0.6569839308 0.6854140915 0.0605686032 0.1248454883
1 0.5828182942 0.6792336218 0.0679851669 0.1199011125
1 0.7768850433 0.7206427689 0.0704573548 0.0914709518
1 0.7163164400 0.7144622991 0.0704573548 0.0939431397
1 0.8411619283 0.7237330037 0.0679851669 0.1001236094
1 0.8980222497 0.7095179234 0.0655129790 0.0543881335
1 0.8479604450 0.7546353523 0.0618046972 0.0457354759
1 0.9079110012 0.7614338690 0.0704573548 0.0519159456
1 0.9666254635 0.7262051916 0.0667490729 0.0580964153
1 0.9709517923 0.7725587145 0.0580964153 0.0543881335
