5 0.0420168067 0.0595238095 0.0504201681 0.0518207283
1 0.2780112045 0.0679271709 0.0798319328 0.1358543417
1 0.4166666667 0.0679271709 0.0714285714 0.1358543417
1 0.3466386555 0.0672268908 0.0686274510 0.1344537815
1 0.4908963585 0.0714285714 0.0714285714 0.1428571429
4 0.6610644258 0.0714285714 0.1120448179 0.1428571429
4 0.7626050420 0.0700280112 0.0882352941 0.1400560224
4 0.8452380952 0.0721288515 0.0910364146 0.1442577031
4 0.9404761905 0.0707282913 0.0966386555 0.1414565826
0 0.9887955182 0.0721288515 0.0224089636 0.1442577031
5 0.0455182073 0.1134453782 0.0518207283 0.0504201681
5 0.0952380952 0.0847338936 0.0644257703 0.1134453782
5 0.1526610644 0.0854341737 0.0532212885 0.1120448179
5 0.2051820728 0.0777310924 0.0574229692 0.1218487395
5 0.1302521008 0.3004201681 0.0728291317 0.1526610644
5 0.0700280112 0.2990196078 0.0756302521 0.1498599440
5 0.1967787115 0.3039215686 0.0630252101 0.1456582633
5 0.2612044818 0.3081232493 0.0714285714 0.1456582633
1 0.3718487395 0.3032212885 0.1638655462 0.1638655462
1 0.5343137255 0.3067226891 0.1666666667 0.1624649860
7 0.9677871148 0.3235294118 0.0644257703 0.1792717087
5 0.1505602241 0.5112044818 0.0686274510 0.1400560224
5 0.2100840336 0.5133053221 0.0672268908 0.1386554622
1 0.2962184874 0.5266106443 0.1190476190 0.1232492997
1 0.3851540616 0.5175070028 0.0644257703 0.1470588235
1 0.4481792717 0.5217086835 0.0644257703 0.1470588235
1 0.5791316527 0.5329131653 0.0658263305 0.1498599440
1 0.5119047619 0.5259103641 0.0658263305 0.1498599440
1 0.6904761905 0.5364145658 0.1568627451 0.1456582633
7 0.8452380952 0.5497198880 0.1554621849 0.1526610644
5 0.9544817927 0.5546218487 0.0910364146 0.1568627451
5 0.3949579832 0.7009803922 0.0812324930 0.1078431373
6 0.6820728291 0.7275910364 0.1400560224 0.1330532213
7 0.8214285714 0.7366946779 0.1470588235 0.1232492997
7 0.9432773109 0.7464985994 0.1134453782 0.1288515406
2 0.1862745098 0.8410364146 0.1484593838 0.0742296919
2 0.4355742297 0.8844537815 0.1792717087 0.0966386555
7 0.5630252101 0.8809523810 0.0728291317 0.0924369748
7 0.6673669468 0.8907563025 0.1134453782 0.1064425770
7 0.7864145658 0.8984593838 0.1330532213 0.1050420168
7 0.9026610644 0.9089635854 0.0966386555 0.1204481793
7 0.9887955182 0.9285714286 0.0224089636 0.1120448179
2 0.2296918768 0.9803921569 0.1736694678 0.0392156863
4 0.6610644258 0.3053221289 0.0924369748 0.1652661064
5 0.1456582633 0.6897759104 0.0840336134 0.1106442577
5 0.2324929972 0.6925770308 0.0924369748 0.1050420168
5 0.3172268908 0.6953781513 0.0826330532 0.1050420168
6 0.5154061625 0.7296918768 0.1680672269 0.0756302521
6 0.5182072829 0.6806722689 0.1792717087 0.0532212885
4 0.9019607843 0.3123249300 0.0812324930 0.1652661064
4 0.8319327731 0.3109243697 0.0756302521 0.1652661064
4 0.7549019608 0.3088235294 0.0952380952 0.1666666667
