7 0.0255009107 0.0209471767 0.0510018215 0.0418943534
7 0.2094717668 0.0382513661 0.1785063752 0.0765027322
0 0.4034608379 0.0300546448 0.1803278689 0.0601092896
0 0.8041894353 0.0309653916 0.1511839709 0.0619307832
0 0.9663023679 0.0054644809 0.0673952641 0.0109289617
7 0.0391621129 0.0901639344 0.0783242259 0.1074681239
7 0.2267759563 0.1247723133 0.1584699454 0.1038251366
0 0.3998178506 0.0801457195 0.1730418944 0.0801457195
0 0.3989071038 0.1384335155 0.1639344262 0.0765027322
0 0.6010928962 0.0919854281 0.1530054645 0.0783242259
0 0.6111111111 0.0309653916 0.1621129326 0.0619307832
0 0.7832422587 0.0901639344 0.1530054645 0.0783242259
0 0.9417122040 0.1029143898 0.1165755920 0.0673952641
0 0.9526411658 0.0373406193 0.0947176685 0.0673952641
7 0.0482695811 0.1848816029 0.0965391621 0.0965391621
7 0.2367941712 0.2176684882 0.1639344262 0.1111111111
0 0.4043715847 0.1976320583 0.1530054645 0.0637522769
0 0.5819672131 0.2240437158 0.1366120219 0.0728597450
0 0.5938069217 0.1602914390 0.1530054645 0.0655737705
0 0.9353369763 0.1657559199 0.1293260474 0.0546448087
4 0.0564663024 0.3597449909 0.1129326047 0.0637522769
7 0.2786885246 0.3315118397 0.0364298725 0.0910746812
4 0.4134790528 0.3260473588 0.1275045537 0.0473588342
0 0.4061930783 0.2595628415 0.1420765027 0.0746812386
4 0.5591985428 0.3387978142 0.1092896175 0.0510018215
2 0.7941712204 0.2786885246 0.3242258652 0.1457194900
2 0.9617486339 0.2978142077 0.0765027322 0.2349726776
4 0.0537340619 0.4143897996 0.1074681239 0.0601092896
4 0.0546448087 0.4735883424 0.1092896175 0.0619307832
7 0.2422586521 0.4408014572 0.0546448087 0.0765027322
7 0.2431693989 0.3724954463 0.0418943534 0.0673952641
7 0.2832422587 0.4253187614 0.0382513661 0.1001821494
4 0.4162112933 0.3770491803 0.1293260474 0.0582877960
4 0.4198542805 0.4353369763 0.1329690346 0.0655737705
4 0.5746812386 0.4380692168 0.1074681239 0.0528233151
4 0.5664845173 0.3870673953 0.1056466302 0.0491803279
2 0.8114754098 0.3934426230 0.3369763206 0.1347905282
4 0.0537340619 0.5318761384 0.1074681239 0.0582877960
4 0.0537340619 0.5901639344 0.1074681239 0.0619307832
7 0.2859744991 0.5173041894 0.0400728597 0.0910746812
7 0.2486338798 0.6047358834 0.0564663024 0.0910746812
7 0.2459016393 0.5191256831 0.0510018215 0.0874316940
7 0.2896174863 0.6029143898 0.0437158470 0.0910746812
4 0.4289617486 0.5546448087 0.1329690346 0.0637522769
4 0.4253187614 0.4954462659 0.1293260474 0.0619307832
4 0.5792349727 0.4890710383 0.1129326047 0.0528233151
4 0.5938069217 0.5992714026 0.1238615665 0.0582877960
4 0.5892531876 0.5437158470 0.1220400729 0.0528233151
2 0.8315118397 0.5318761384 0.3369763206 0.1457194900
2 0.9854280510 0.5373406193 0.0291438980 0.2768670310
4 0.0537340619 0.7112932605 0.1074681239 0.0637522769
4 0.0555555556 0.6511839709 0.1111111111 0.0637522769
7 0.2495446266 0.6912568306 0.0510018215 0.0819672131
7 0.2021857923 0.6584699454 0.0510018215 0.0819672131
7 0.2932604736 0.6867030965 0.0437158470 0.0801457195
4 0.4244080146 0.6138433515 0.1457194900 0.0619307832
4 0.4298724954 0.6721311475 0.1566484517 0.0655737705
4 0.6001821494 0.6530054645 0.1256830601 0.0564663024
4 0.6065573770 0.7085610200 0.1275045537 0.0546448087
2 0.8433515483 0.6839708561 0.3132969035 0.1511839709
7 0.0546448087 0.7723132969 0.1092896175 0.0619307832
7 0.2540983607 0.8196721311 0.0491803279 0.0692167577
7 0.2959927140 0.7486338798 0.0382513661 0.0437158470
7 0.2987249545 0.8324225865 0.0364298725 0.0437158470
4 0.4344262295 0.7331511840 0.1548269581 0.0637522769
7 0.2959927140 0.7914389800 0.0382513661 0.0455373406
4 0.4389799636 0.7923497268 0.1566484517 0.0619307832
4 0.6129326047 0.7668488160 0.1329690346 0.0619307832
4 0.6174863388 0.8269581056 0.1238615665 0.0619307832
4 0.0528233151 0.8424408015 0.1056466302 0.0710382514
4 0.0610200364 0.9071038251 0.1220400729 0.0728597450
7 0.2559198543 0.8788706740 0.0528233151 0.0528233151
4 0.4371584699 0.8506375228 0.1602914390 0.0655737705
7 0.3096539162 0.8752276867 0.0582877960 0.0455373406
7 0.3087431694 0.9180327869 0.0601092896 0.0473588342
4 0.4371584699 0.9153005464 0.1566484517 0.0637522769
4 0.6238615665 0.8888888889 0.1220400729 0.0692167577
2 0.8515482696 0.8397085610 0.2969034608 0.1748633880
4 0.0619307832 0.9681238616 0.1238615665 0.0637522769
6 0.4699453552 0.9790528233 0.0765027322 0.0418943534
2 0.8597449909 0.9444444444 0.2805100182 0.1111111111
