7 0.5624142661 0.0034293553 0.0877914952 0.0068587106
1 0.9176954733 0.0068587106 0.0960219479 0.0137174211
1 0.6467764060 0.1666666667 0.1001371742 0.1056241427
1 0.7379972565 0.1502057613 0.0850480110 0.1056241427
1 0.8230452675 0.1399176955 0.0905349794 0.1069958848
7 0.9094650206 0.1268861454 0.0685871056 0.0919067215
7 0.9773662551 0.0898491084 0.0452674897 0.0809327846
1 0.5528120713 0.1817558299 0.1015089163 0.1138545953
7 0.9739368999 0.2853223594 0.0521262003 0.1179698217
1 0.5493827160 0.3367626886 0.1056241427 0.1138545953
1 0.6392318244 0.3292181070 0.0850480110 0.1124828532
1 0.7270233196 0.3148148148 0.0960219479 0.1248285322
7 0.8141289438 0.3017832647 0.0864197531 0.0960219479
7 0.9026063100 0.2921810700 0.0987654321 0.1097393690
1 0.5253772291 0.4814814815 0.0877914952 0.0713305898
1 0.6131687243 0.4780521262 0.0987654321 0.0809327846
1 0.7208504801 0.4670781893 0.1056241427 0.0809327846
1 0.8292181070 0.4581618656 0.1248285322 0.0795610425
1 0.9430727023 0.4519890261 0.1138545953 0.0891632373
1 0.5102880658 0.5534979424 0.0932784636 0.0781893004
1 0.6076817558 0.5521262003 0.0987654321 0.0781893004
1 0.7146776406 0.5500685871 0.1069958848 0.0960219479
1 0.8271604938 0.5432098765 0.1316872428 0.1042524005
1 0.9444444444 0.5411522634 0.1111111111 0.1111111111
1 0.5061728395 0.7050754458 0.0932784636 0.0960219479
1 0.6035665295 0.7071330590 0.0987654321 0.1001371742
1 0.7139917695 0.7071330590 0.1193415638 0.1056241427
1 0.8374485597 0.7043895748 0.1303155007 0.1083676269
5 0.9533607682 0.7434842250 0.0932784636 0.1893004115
1 0.4595336077 0.9074074074 0.0932784636 0.1083676269
1 0.5541838134 0.9122085048 0.0987654321 0.1042524005
1 0.6646090535 0.9149519890 0.1056241427 0.1097393690
6 0.7729766804 0.9368998628 0.1028806584 0.1262002743
6 0.8724279835 0.9389574760 0.1042524005 0.1220850480
5 0.9615912209 0.9355281207 0.0768175583 0.1097393690
5 0.9622770919 0.9855967078 0.0754458162 0.0288065844
