1 0.3704710145 0.0338164251 0.1467391304 0.0676328502
0 0.6515700483 0.0178140097 0.2004830918 0.0356280193
1 0.1286231884 0.0594806763 0.1364734300 0.1189613527
0 0.6500603865 0.0606884058 0.1986714976 0.1117149758
7 0.9242149758 0.0775966184 0.1515700483 0.1479468599
1 0.1298309179 0.1425120773 0.1364734300 0.0857487923
1 0.3665458937 0.1621376812 0.1473429952 0.0935990338
1 0.3659420290 0.0978260870 0.1485507246 0.0966183575
0 0.6521739130 0.1407004831 0.1944444444 0.1099033816
7 0.9302536232 0.1865942029 0.1394927536 0.0772946860
1 0.1286231884 0.2729468599 0.1231884058 0.0845410628
1 0.1280193237 0.2086352657 0.1268115942 0.0851449275
1 0.3668478261 0.2279589372 0.1479468599 0.0875603865
1 0.3653381643 0.2937801932 0.1485507246 0.0839371981
7 0.6397946860 0.2614734300 0.1793478261 0.1666666667
7 0.9284420290 0.2629830918 0.1431159420 0.0899758454
1 0.1280193237 0.3387681159 0.1268115942 0.0760869565
1 0.3656400966 0.3602053140 0.1467391304 0.0851449275
7 0.6388888889 0.3728864734 0.1702898551 0.0863526570
7 0.9302536232 0.3432971014 0.1394927536 0.1008454106
7 0.1274154589 0.4725241546 0.1364734300 0.0766908213
1 0.1274154589 0.4051932367 0.1316425121 0.0785024155
1 0.3496376812 0.4595410628 0.1171497585 0.1292270531
7 0.6382850242 0.4528985507 0.1751207729 0.0857487923
4 0.9284420290 0.4293478261 0.1431159420 0.1002415459
7 0.1256038647 0.6005434783 0.1364734300 0.0694444444
7 0.1256038647 0.5359299517 0.1388888889 0.0730676329
4 0.3620169082 0.5673309179 0.1527777778 0.0972222222
4 0.6403985507 0.5232487923 0.1793478261 0.0634057971
4 0.6419082126 0.5951086957 0.1871980676 0.0766908213
4 0.9317632850 0.5135869565 0.1364734300 0.0984299517
7 0.1207729469 0.6669685990 0.1376811594 0.0718599034
4 0.3656400966 0.6400966184 0.1467391304 0.0652173913
4 0.6407004831 0.6687801932 0.1823671498 0.0803140097
5 0.9317632850 0.6135265700 0.1364734300 0.1195652174
7 0.1186594203 0.8019323671 0.1394927536 0.0724637681
7 0.1204710145 0.7327898551 0.1334541063 0.0694444444
4 0.3547705314 0.7934782609 0.1431159420 0.0760869565
4 0.3620169082 0.7158816425 0.1576086957 0.0875603865
4 0.6410024155 0.7397342995 0.1841787440 0.0760869565
5 0.9326690821 0.7255434783 0.1346618357 0.1213768116
7 0.1180555556 0.8707729469 0.1431159420 0.0712560386
6 0.3592995169 0.8650362319 0.1545893720 0.0766908213
0 0.0818236715 0.9501811594 0.0742753623 0.0996376812
0 0.1576086957 0.9516908213 0.0917874396 0.0966183575
6 0.3580917874 0.9399154589 0.1545893720 0.0778985507
6 0.3559782609 0.9897342995 0.1564009662 0.0205314010
5 0.6437198068 0.9227053140 0.1884057971 0.1074879227
0 0.9190821256 0.9444444444 0.1099033816 0.1111111111
0 0.9858091787 0.9462560386 0.0283816425 0.1074879227
0 0.6844806763 0.9830917874 0.1286231884 0.0338164251
