5 0.7937365011 0.0199784017 0.0712742981 0.0399568035
5 0.8671706263 0.0183585313 0.0755939525 0.0367170626
5 0.9454643629 0.0167386609 0.0766738661 0.0334773218
5 0.9929805616 0.0151187905 0.0140388769 0.0302375810
1 0.7051835853 0.0588552916 0.0583153348 0.0334773218
5 0.7948164147 0.1090712743 0.0734341253 0.1015118790
5 0.8747300216 0.1058315335 0.0820734341 0.1036717063
5 0.9573434125 0.1020518359 0.0853131749 0.1090712743
1 0.6992440605 0.1976241901 0.0550755940 0.0518358531
5 0.7985961123 0.2138228942 0.0745140389 0.0323974082
5 0.8763498920 0.2138228942 0.0766738661 0.0388768898
5 0.9568034557 0.2122030238 0.0820734341 0.0377969762
1 0.5475161987 0.2586393089 0.0626349892 0.0550755940
1 0.6187904968 0.2543196544 0.0626349892 0.0615550756
1 0.6900647948 0.2575593952 0.0669546436 0.0572354212
5 0.8741900648 0.2591792657 0.0788336933 0.0539956803
5 0.9589632829 0.2575593952 0.0820734341 0.0572354212
1 0.3887688985 0.3185745140 0.0367170626 0.0475161987
1 0.3866090713 0.3693304536 0.0431965443 0.0496760259
1 0.5026997840 0.3714902808 0.0615550756 0.0539956803
1 0.5021598272 0.3191144708 0.0647948164 0.0485961123
1 0.4406047516 0.3725701944 0.0647948164 0.0539956803
1 0.4406047516 0.3201943844 0.0647948164 0.0507559395
1 0.5691144708 0.3239740821 0.0647948164 0.0561555076
1 0.5680345572 0.3817494600 0.0669546436 0.0593952484
1 0.6349892009 0.3207343413 0.0691144708 0.0539956803
1 0.6349892009 0.3736501080 0.0669546436 0.0539956803
1 0.7041036717 0.3812095032 0.0669546436 0.0583153348
1 0.7035637149 0.3234341253 0.0658747300 0.0550755940
5 0.7926565875 0.3725701944 0.0647948164 0.0453563715
5 0.7910367171 0.3228941685 0.0637149028 0.0518358531
5 0.8590712743 0.3779697624 0.0680345572 0.0496760259
5 0.8574514039 0.3266738661 0.0647948164 0.0507559395
5 0.9233261339 0.3839092873 0.0626349892 0.0485961123
5 0.9784017279 0.3833693305 0.0431965443 0.0496760259
5 0.9260259179 0.3369330454 0.0680345572 0.0367170626
5 0.9789416847 0.3374730022 0.0421166307 0.0356371490
1 0.2850971922 0.4530237581 0.0453563715 0.0421166307
1 0.3466522678 0.4497840173 0.0604751620 0.0507559395
1 0.4055075594 0.4568034557 0.0572354212 0.0604751620
1 0.4643628510 0.4514038877 0.0518358531 0.0539956803
1 0.5242980562 0.4508639309 0.0615550756 0.0550755940
1 0.5842332613 0.4524838013 0.0604751620 0.0561555076
1 0.6457883369 0.4530237581 0.0604751620 0.0572354212
1 0.7084233261 0.4546436285 0.0647948164 0.0583153348
5 0.7964362851 0.4600431965 0.0701943844 0.0561555076
5 0.8671706263 0.4622030238 0.0734341253 0.0539956803
5 0.9373650108 0.4627429806 0.0669546436 0.0529157667
5 0.9848812095 0.4632829374 0.0302375810 0.0539956803
1 0.2219222462 0.5799136069 0.0593952484 0.0539956803
1 0.2786177106 0.5788336933 0.0669546436 0.0561555076
1 0.2850971922 0.5064794816 0.0583153348 0.0561555076
1 0.3444924406 0.5820734341 0.0669546436 0.0561555076
1 0.3401727862 0.5032397408 0.0626349892 0.0539956803
1 0.4028077754 0.5842332613 0.0604751620 0.0583153348
1 0.4632829374 0.5847732181 0.0604751620 0.0572354212
1 0.4622030238 0.5091792657 0.0583153348 0.0593952484
1 0.5210583153 0.5086393089 0.0615550756 0.0583153348
1 0.5259179266 0.5853131749 0.0626349892 0.0583153348
1 0.5869330454 0.5885529158 0.0615550756 0.0583153348
1 0.6447084233 0.5107991361 0.0626349892 0.0583153348
1 0.5826133909 0.5097192225 0.0593952484 0.0583153348
1 0.7084233261 0.5124190065 0.0647948164 0.0593952484
5 0.7964362851 0.5167386609 0.0745140389 0.0637149028
5 0.8693304536 0.5183585313 0.0755939525 0.0604751620
5 0.9827213823 0.5167386609 0.0345572354 0.0550755940
1 0.2149028078 0.6349892009 0.0583153348 0.0604751620
1 0.2769978402 0.6360691145 0.0680345572 0.0583153348
1 0.3385529158 0.6376889849 0.0658747300 0.0572354212
1 0.3995680346 0.6414686825 0.0583153348 0.0604751620
1 0.4584233261 0.6436285097 0.0593952484 0.0647948164
1 0.5194384449 0.6479481641 0.0647948164 0.0669546436
1 0.5853131749 0.6506479482 0.0626349892 0.0637149028
1 0.6474082073 0.5934125270 0.0615550756 0.0658747300
1 0.7095032397 0.5966522678 0.0626349892 0.0680345572
1 0.6490280778 0.6565874730 0.0647948164 0.0647948164
5 0.8396328294 0.6236501080 0.0637149028 0.0399568035
5 0.7845572354 0.6096112311 0.0421166307 0.0809935205
5 0.8401727862 0.6668466523 0.0647948164 0.0442764579
5 0.8979481641 0.6155507559 0.0550755940 0.0345572354
5 0.9011879050 0.6619870410 0.0550755940 0.0561555076
5 0.9578833693 0.6646868251 0.0583153348 0.0529157667
5 0.9562634989 0.6177105832 0.0593952484 0.0367170626
1 0.2267818575 0.7564794816 0.1058315335 0.1285097192
8 0.3158747300 0.7645788337 0.0874730022 0.1403887689
8 0.4049676026 0.7597192225 0.0755939525 0.1220302376
1 0.4800215983 0.7526997840 0.0464362851 0.1101511879
1 0.5696544276 0.7591792657 0.0464362851 0.1144708423
1 0.5242980562 0.7564794816 0.0485961123 0.1112311015
1 0.6155507559 0.7607991361 0.0475161987 0.1112311015
3 0.6889848812 0.7300215983 0.0410367171 0.0410367171
3 0.6906047516 0.7705183585 0.0399568035 0.0421166307
3 0.6517278618 0.7494600432 0.0377969762 0.0820734341
3 0.7305615551 0.7332613391 0.0442764579 0.0431965443
3 0.7316414687 0.7732181425 0.0442764579 0.0431965443
5 0.7964362851 0.7521598272 0.0399568035 0.0723542117
5 0.8347732181 0.7553995680 0.0388768898 0.0680345572
5 0.8887688985 0.7386609071 0.0734341253 0.0388768898
5 0.9627429806 0.7424406048 0.0745140389 0.0421166307
5 0.8180345572 0.8061555076 0.0637149028 0.0356371490
5 0.8947084233 0.8169546436 0.0745140389 0.0421166307
5 0.8925485961 0.7780777538 0.0745140389 0.0399568035
5 0.9649028078 0.7818574514 0.0701943844 0.0431965443
5 0.9654427646 0.8207343413 0.0691144708 0.0453563715
1 0.2138228942 0.9357451404 0.1123110151 0.1155507559
1 0.3239740821 0.9427645788 0.1058315335 0.1144708423
1 0.4325053996 0.9443844492 0.1177105832 0.1112311015
1 0.5453563715 0.9465442765 0.1144708423 0.1069114471
1 0.2078833693 0.9973002160 0.1177105832 0.0053995680
1 0.3164146868 0.9967602592 0.1144708423 0.0064794816
4 0.6371490281 0.9524838013 0.0561555076 0.0950323974
4 0.6943844492 0.9541036717 0.0583153348 0.0917926566
4 0.7494600432 0.9568034557 0.0561555076 0.0863930886
4 0.8093952484 0.9589632829 0.0572354212 0.0820734341
4 0.8714902808 0.9611231102 0.0583153348 0.0777537797
4 0.9330453564 0.9622030238 0.0626349892 0.0755939525
4 0.9832613391 0.9632829374 0.0334773218 0.0734341253
