1 0.1359570662 0.0313059034 0.1288014311 0.0626118068
1 0.2719141324 0.0357781753 0.1431127013 0.0715563506
1 0.4042933810 0.0509838998 0.1288014311 0.1019677996
1 0.5062611807 0.0805008945 0.1001788909 0.1610017889
1 0.5992844365 0.0670840787 0.1073345259 0.1341681574
1 0.6869409660 0.0813953488 0.1109123435 0.1627906977
1 0.8658318426 0.0295169946 0.1216457961 0.0590339893
1 0.9615384615 0.0483005367 0.0769230769 0.0966010733
1 0.5429338104 0.2441860465 0.1055456172 0.1091234347
1 0.8336314848 0.1887298748 0.0644007156 0.1162790698
1 0.9508050089 0.1878354204 0.0840787120 0.1073345259
1 0.9946332737 0.2030411449 0.0107334526 0.1019677996
1 0.4221824687 0.2638640429 0.1037567084 0.1019677996
1 0.1046511628 0.5572450805 0.1842576029 0.2951699463
1 0.2504472272 0.5617173524 0.1610017889 0.2790697674
1 0.3738819320 0.5670840787 0.1431127013 0.2719141324
1 0.4964221825 0.5715563506 0.1341681574 0.2593917710
1 0.6091234347 0.5760286225 0.1127012522 0.2504472272
1 0.7039355993 0.5813953488 0.1091234347 0.2432915921
1 0.8801431127 0.5930232558 0.0644007156 0.2128801431
1 0.8246869410 0.5912343470 0.0679785331 0.2164579606
1 0.9472271914 0.5992844365 0.0697674419 0.2075134168
1 0.9883720930 0.6028622540 0.0232558140 0.1967799642
1 0.0885509839 0.8479427549 0.1771019678 0.3041144902
1 0.2316636852 0.8479427549 0.1592128801 0.3041144902
1 0.3649373882 0.8461538462 0.1538461538 0.3005366726
1 0.4821109123 0.8381037567 0.1305903399 0.2808586762
1 0.5974955277 0.8336314848 0.1180679785 0.2719141324
1 0.6985688730 0.8246869410 0.0983899821 0.2576028623
1 0.8139534884 0.8220035778 0.0644007156 0.2415026834
1 0.8729874776 0.8121645796 0.0608228980 0.2254025045
1 0.9364937388 0.8067978533 0.0805008945 0.2182468694
1 0.9856887299 0.8041144902 0.0286225403 0.2057245081
1 0.7423971377 0.9892665474 0.2218246869 0.0214669052
1 0.9221824687 0.9838998211 0.1556350626 0.0322003578
