7 0.0404580153 0.0229007634 0.0809160305 0.0458015267
7 0.1984732824 0.0396946565 0.1374045802 0.0793893130
0 0.3389312977 0.0213740458 0.1282442748 0.0427480916
0 0.4877862595 0.0381679389 0.1145038168 0.0610687023
0 0.4977099237 0.0061068702 0.1282442748 0.0122137405
0 0.7839694656 0.0061068702 0.1083969466 0.0122137405
4 0.0473282443 0.1519083969 0.0946564885 0.0534351145
7 0.2335877863 0.1282442748 0.0305343511 0.0763358779
4 0.3465648855 0.1236641221 0.1068702290 0.0396946565
0 0.3404580153 0.0679389313 0.1190839695 0.0625954198
4 0.4687022901 0.1343511450 0.0916030534 0.0427480916
2 0.6656488550 0.0839694656 0.2717557252 0.1221374046
2 0.8870229008 0.1000000000 0.2259541985 0.1969465649
4 0.0450381679 0.1977099237 0.0900763359 0.0503816794
4 0.0458015267 0.2473282443 0.0916030534 0.0519083969
7 0.2030534351 0.2198473282 0.0458015267 0.0641221374
7 0.2038167939 0.1625954198 0.0351145038 0.0564885496
7 0.2374045802 0.2068702290 0.0320610687 0.0839694656
4 0.3488549618 0.1664122137 0.1083969466 0.0488549618
4 0.3519083969 0.2152671756 0.1114503817 0.0549618321
4 0.4816793893 0.2175572519 0.0900763359 0.0442748092
4 0.4748091603 0.1748091603 0.0885496183 0.0412213740
2 0.6801526718 0.1801526718 0.2824427481 0.1129770992
4 0.0450381679 0.2961832061 0.0900763359 0.0488549618
4 0.0450381679 0.3450381679 0.0900763359 0.0519083969
7 0.2396946565 0.2839694656 0.0335877863 0.0763358779
7 0.2083969466 0.3572519084 0.0473282443 0.0763358779
7 0.2061068702 0.2854961832 0.0427480916 0.0732824427
7 0.2427480916 0.3557251908 0.0366412214 0.0763358779
4 0.3595419847 0.3152671756 0.1114503817 0.0534351145
4 0.3564885496 0.2656488550 0.1083969466 0.0519083969
4 0.4854961832 0.2603053435 0.0946564885 0.0442748092
4 0.4977099237 0.3526717557 0.1038167939 0.0488549618
4 0.4938931298 0.3061068702 0.1022900763 0.0442748092
2 0.6984732824 0.2961832061 0.2854961832 0.1221374046
2 0.9068702290 0.3007633588 0.1862595420 0.2320610687
4 0.0450381679 0.4465648855 0.0900763359 0.0534351145
4 0.0465648855 0.3961832061 0.0931297710 0.0534351145
7 0.2091603053 0.4297709924 0.0427480916 0.0687022901
7 0.1694656489 0.4022900763 0.0427480916 0.0687022901
7 0.2458015267 0.4259541985 0.0366412214 0.0671755725
4 0.3557251908 0.3648854962 0.1221374046 0.0519083969
4 0.3603053435 0.4137404580 0.1312977099 0.0549618321
4 0.5030534351 0.3977099237 0.1053435115 0.0473282443
4 0.5083969466 0.4442748092 0.1068702290 0.0458015267
2 0.7198473282 0.4236641221 0.2885496183 0.1267175573
7 0.0458015267 0.4977099237 0.0916030534 0.0519083969
7 0.2129770992 0.5374045802 0.0412213740 0.0580152672
7 0.2480916031 0.4778625954 0.0320610687 0.0366412214
7 0.2503816794 0.5480916031 0.0305343511 0.0366412214
4 0.3641221374 0.4648854962 0.1297709924 0.0534351145
7 0.2480916031 0.5137404580 0.0320610687 0.0381679389
4 0.3679389313 0.5145038168 0.1312977099 0.0519083969
4 0.5137404580 0.4931297710 0.1114503817 0.0519083969
4 0.5175572519 0.5435114504 0.1038167939 0.0519083969
2 0.9312977099 0.5274809160 0.1374045802 0.2610687023
4 0.0442748092 0.5564885496 0.0885496183 0.0595419847
4 0.0511450382 0.6106870229 0.1022900763 0.0610687023
7 0.2145038168 0.5870229008 0.0442748092 0.0442748092
4 0.3664122137 0.5633587786 0.1343511450 0.0549618321
7 0.2595419847 0.5839694656 0.0488549618 0.0381679389
7 0.2587786260 0.6198473282 0.0503816794 0.0396946565
4 0.3664122137 0.6175572519 0.1312977099 0.0534351145
4 0.5229007634 0.5954198473 0.1022900763 0.0580152672
2 0.7396946565 0.5541984733 0.3007633588 0.1465648855
4 0.0519083969 0.6687022901 0.1038167939 0.0671755725
4 0.0511450382 0.7274809160 0.1022900763 0.0717557252
6 0.3938931298 0.6809160305 0.0641221374 0.0549618321
2 0.7671755725 0.6832061069 0.3282442748 0.1755725191
4 0.0511450382 0.7832061069 0.1022900763 0.0671755725
6 0.3282442748 0.7503816794 0.1251908397 0.0625954198
2 0.9587786260 0.7709923664 0.0824427481 0.2900763359
2 0.5625954198 0.8694656489 0.2061068702 0.2610687023
2 0.8137404580 0.8740458015 0.3633587786 0.2519083969
2 0.9847328244 0.9549618321 0.0305343511 0.0900763359
