1 0.0381250000 0.1887500000 0.0762500000 0.0775000000
1 0.1025000000 0.1818750000 0.0600000000 0.0837500000
1 0.1662500000 0.1856250000 0.0675000000 0.0787500000
1 0.3250000000 0.1725000000 0.1250000000 0.0600000000
1 0.6618750000 0.1643750000 0.1512500000 0.0712500000
1 0.9031250000 0.1600000000 0.1237500000 0.0550000000
1 0.9756250000 0.1237500000 0.0487500000 0.1425000000
1 0.9906250000 0.1768750000 0.0187500000 0.1712500000
1 0.0050000000 0.2431250000 0.0100000000 0.0737500000
1 0.1137500000 0.2681250000 0.0600000000 0.0837500000
1 0.0525000000 0.2700000000 0.0675000000 0.0900000000
1 0.3225000000 0.2312500000 0.1225000000 0.0600000000
1 0.5112500000 0.2031250000 0.1275000000 0.1162500000
1 0.6550000000 0.2312500000 0.1500000000 0.0675000000
1 0.8881250000 0.2231250000 0.1137500000 0.0637500000
1 0.9487500000 0.2568750000 0.0575000000 0.1337500000
1 0.0093750000 0.3225000000 0.0187500000 0.0575000000
1 0.1112500000 0.3481250000 0.0600000000 0.0662500000
1 0.1693750000 0.2756250000 0.0687500000 0.0712500000
1 0.3225000000 0.2887500000 0.1225000000 0.0525000000
1 0.3225000000 0.3362500000 0.1150000000 0.0500000000
1 0.5056250000 0.3193750000 0.1237500000 0.1162500000
1 0.6443750000 0.3243750000 0.1587500000 0.1137500000
1 0.8706250000 0.3475000000 0.1162500000 0.0600000000
1 0.8800000000 0.2881250000 0.1025000000 0.0612500000
7 0.9762500000 0.3350000000 0.0475000000 0.0950000000
7 0.9793750000 0.2768750000 0.0412500000 0.0937500000
1 0.0143750000 0.3875000000 0.0287500000 0.0800000000
1 0.0612500000 0.3562500000 0.0550000000 0.0750000000
1 0.1743750000 0.3518750000 0.0662500000 0.0712500000
1 0.3212500000 0.4306250000 0.1125000000 0.0437500000
1 0.3218750000 0.3831250000 0.1137500000 0.0487500000
1 0.4925000000 0.4293750000 0.1175000000 0.1062500000
1 0.8468750000 0.4050000000 0.0987500000 0.0625000000
1 0.9531250000 0.3912500000 0.0937500000 0.1275000000
1 0.0156250000 0.4668750000 0.0312500000 0.0837500000
1 0.1468750000 0.4825000000 0.1287500000 0.0700000000
7 0.3206250000 0.4787500000 0.1212500000 0.0475000000
1 0.6350000000 0.4400000000 0.1525000000 0.1075000000
1 0.8412500000 0.4650000000 0.0750000000 0.0500000000
1 0.9337500000 0.4562500000 0.1325000000 0.1225000000
1 0.0200000000 0.5350000000 0.0400000000 0.0575000000
0 0.0868750000 0.5381250000 0.0362500000 0.0437500000
0 0.1562500000 0.5893750000 0.1200000000 0.0562500000
0 0.1587500000 0.5431250000 0.1100000000 0.0512500000
7 0.3325000000 0.5450000000 0.0875000000 0.0925000000
1 0.4900000000 0.5250000000 0.1125000000 0.1000000000
0 0.6418750000 0.5806250000 0.0812500000 0.0612500000
7 0.8450000000 0.5568750000 0.0825000000 0.1687500000
1 0.0243750000 0.6075000000 0.0487500000 0.0775000000
0 0.0825000000 0.6612500000 0.0350000000 0.0725000000
0 0.1575000000 0.6587500000 0.1175000000 0.0800000000
0 0.3218750000 0.6331250000 0.1062500000 0.0862500000
1 0.4812500000 0.6243750000 0.1100000000 0.0912500000
0 0.6062500000 0.6418750000 0.1275000000 0.0687500000
2 0.7431250000 0.6493750000 0.0737500000 0.1312500000
1 0.7987500000 0.6475000000 0.0600000000 0.1125000000
6 0.0287500000 0.7406250000 0.0575000000 0.0587500000
1 0.0243750000 0.6781250000 0.0487500000 0.0687500000
0 0.0906250000 0.7237500000 0.0412500000 0.0500000000
0 0.1625000000 0.7262500000 0.1075000000 0.0575000000
7 0.3256250000 0.7418750000 0.0812500000 0.0237500000
4 0.3118750000 0.7031250000 0.1237500000 0.0587500000
6 0.4212500000 0.7006250000 0.0725000000 0.0687500000
4 0.4612500000 0.7481250000 0.1050000000 0.0362500000
6 0.4900000000 0.7025000000 0.0725000000 0.0650000000
0 0.5912500000 0.7006250000 0.1275000000 0.0637500000
1 0.7850000000 0.7156250000 0.0525000000 0.1062500000
7 0.7150000000 0.7381250000 0.0600000000 0.0587500000
5 0.0331250000 0.7968750000 0.0612500000 0.0437500000
7 0.1031250000 0.7800000000 0.0287500000 0.0650000000
7 0.1662500000 0.7806250000 0.0975000000 0.0637500000
7 0.2550000000 0.7768750000 0.0375000000 0.0487500000
7 0.3275000000 0.7906250000 0.0750000000 0.0287500000
7 0.3262500000 0.7650000000 0.0775000000 0.0275000000
7 0.3312500000 0.8131250000 0.0650000000 0.0212500000
4 0.4568750000 0.7781250000 0.1037500000 0.0362500000
4 0.4537500000 0.8143750000 0.1125000000 0.0412500000
0 0.5587500000 0.8081250000 0.0600000000 0.0562500000
0 0.6725000000 0.8212500000 0.0450000000 0.0475000000
0 0.5943750000 0.7593750000 0.1087500000 0.0537500000
0 0.6150000000 0.8131250000 0.0575000000 0.0537500000
5 0.0306250000 0.8400000000 0.0612500000 0.0350000000
5 0.0325000000 0.8812500000 0.0650000000 0.0375000000
7 0.0993750000 0.8481250000 0.0412500000 0.0712500000
7 0.1675000000 0.8462500000 0.0975000000 0.0725000000
7 0.3450000000 0.8406250000 0.0325000000 0.0312500000
7 0.3318750000 0.8612500000 0.0562500000 0.0250000000
7 0.2818750000 0.8356250000 0.0337500000 0.0287500000
4 0.4375000000 0.8462500000 0.1325000000 0.0450000000
0 0.5556250000 0.8593750000 0.0637500000 0.0587500000
0 0.6062500000 0.8612500000 0.0525000000 0.0525000000
2 0.7900000000 0.9037500000 0.1025000000 0.1925000000
0 0.7187500000 0.9150000000 0.0800000000 0.1250000000
