5 0.0298423423 0.0202702703 0.0596846847 0.0405405405
5 0.1030405405 0.0518018018 0.0979729730 0.1036036036
5 0.2043918919 0.0225225225 0.1002252252 0.0450450450
5 0.2820945946 0.0253378378 0.0641891892 0.0506756757
1 0.7072072072 0.0456081081 0.0900900901 0.0912162162
5 0.0292792793 0.0777027027 0.0585585586 0.0788288288
5 0.2173423423 0.1075450450 0.0765765766 0.0394144144
5 0.2173423423 0.0737612613 0.0720720721 0.0326576577
5 0.2888513514 0.0985360360 0.0641891892 0.0889639640
5 0.0056306306 0.1554054054 0.0112612613 0.0675675676
5 0.0546171171 0.2269144144 0.0934684685 0.0731981982
5 0.0557432432 0.1570945946 0.0867117117 0.0686936937
5 0.1295045045 0.1661036036 0.0810810811 0.0686936937
5 0.2117117117 0.1649774775 0.0810810811 0.0709459459
5 0.2860360360 0.1779279279 0.0630630631 0.0765765766
1 0.3744369369 0.1559684685 0.0822072072 0.1430180180
1 0.4594594595 0.1638513514 0.0900900901 0.1430180180
1 0.5478603604 0.1582207207 0.0867117117 0.1385135135
1 0.6379504505 0.1576576577 0.0867117117 0.1486486486
1 0.7207207207 0.1621621622 0.0900900901 0.1418918919
5 0.1452702703 0.2325450450 0.0833333333 0.0664414414
5 0.2736486486 0.2353603604 0.0698198198 0.0518018018
5 0.2150900901 0.2539414414 0.0427927928 0.0349099099
1 0.7212837838 0.3186936937 0.0731981982 0.0675675676
5 0.0236486486 0.3524774775 0.0472972973 0.1238738739
5 0.0805180180 0.3552927928 0.0709459459 0.1227477477
5 0.1525900901 0.3564189189 0.0799549550 0.1227477477
5 0.2404279279 0.3569819820 0.0912162162 0.1238738739
1 0.4177927928 0.3665540541 0.0788288288 0.1475225225
1 0.4938063063 0.3637387387 0.0754504505 0.1418918919
1 0.5686936937 0.3631756757 0.0720720721 0.1362612613
1 0.6458333333 0.3609234234 0.0799549550 0.1430180180
1 0.7274774775 0.3873873874 0.0765765766 0.0675675676
5 0.0135135135 0.4791666667 0.0270270270 0.0394144144
5 0.0703828829 0.4786036036 0.0889639640 0.0427927928
5 0.1368243243 0.5140765766 0.0416666667 0.1159909910
1 0.3744369369 0.4977477477 0.0934684685 0.0720720721
1 0.4639639640 0.4954954955 0.0878378378 0.0698198198
1 0.5518018018 0.4943693694 0.0855855856 0.0675675676
1 0.6413288288 0.4943693694 0.0822072072 0.0698198198
1 0.7212837838 0.4938063063 0.0844594595 0.0686936937
5 0.0106981982 0.5630630631 0.0213963964 0.0360360360
5 0.0118243243 0.5208333333 0.0236486486 0.0439189189
5 0.0692567568 0.5191441441 0.0889639640 0.0405405405
5 0.0703828829 0.5608108108 0.0822072072 0.0427927928
5 0.1841216216 0.5213963964 0.0551801802 0.1238738739
5 0.2376126126 0.5174549550 0.0518018018 0.1182432432
5 0.2877252252 0.5208333333 0.0551801802 0.1227477477
1 0.3744369369 0.5743243243 0.0957207207 0.0743243243
1 0.4639639640 0.5692567568 0.0878378378 0.0664414414
1 0.5523648649 0.5636261261 0.0844594595 0.0754504505
1 0.6396396396 0.5675675676 0.0810810811 0.0675675676
1 0.7229729730 0.5625000000 0.0810810811 0.0686936937
6 0.0219594595 0.6987612613 0.0439189189 0.1655405405
6 0.1920045045 0.6998873874 0.0777027027 0.1565315315
6 0.2680180180 0.7043918919 0.0788288288 0.1610360360
1 0.3671171171 0.6525900901 0.0765765766 0.0709459459
1 0.4391891892 0.6492117117 0.0765765766 0.0754504505
1 0.5135135135 0.6458333333 0.0743243243 0.0664414414
1 0.5855855856 0.6452702703 0.0698198198 0.0675675676
1 0.6610360360 0.6497747748 0.0810810811 0.0765765766
1 0.7387387387 0.6497747748 0.0743243243 0.0675675676
6 0.0861486486 0.7094594595 0.1069819820 0.1554054054
1 0.3671171171 0.7269144144 0.0788288288 0.0731981982
1 0.4414414414 0.7240990991 0.0743243243 0.0788288288
1 0.5157657658 0.7195945946 0.0743243243 0.0743243243
1 0.5867117117 0.7162162162 0.0720720721 0.0720720721
1 0.6677927928 0.7286036036 0.0833333333 0.0833333333
1 0.7426801802 0.7229729730 0.0731981982 0.0765765766
1 0.4183558559 0.8237612613 0.0551801802 0.1159909910
1 0.3614864865 0.8215090090 0.0563063063 0.1137387387
1 0.4707207207 0.8186936937 0.0540540541 0.1126126126
1 0.5287162162 0.8147522523 0.0551801802 0.1159909910
1 0.6295045045 0.8085585586 0.0427927928 0.1126126126
1 0.5844594595 0.8215090090 0.0563063063 0.1295045045
1 0.6813063063 0.8282657658 0.0563063063 0.1114864865
1 0.7421171171 0.8170045045 0.0540540541 0.1182432432
6 0.2128378378 0.9065315315 0.1238738739 0.1869369369
1 0.3873873874 0.9420045045 0.0990990991 0.1159909910
1 0.4617117117 0.9481981982 0.0518018018 0.1036036036
1 0.5140765766 0.9465090090 0.0529279279 0.1069819820
1 0.5748873874 0.9538288288 0.0596846847 0.0923423423
1 0.6334459459 0.9515765766 0.0574324324 0.0968468468
1 0.6790540541 0.9318693694 0.0382882883 0.0686936937
1 0.7398648649 0.9481981982 0.0563063063 0.1036036036
