7 0.2105568445 0.0162412993 0.2540603248 0.0324825986
7 0.4692575406 0.0133410673 0.1914153132 0.0266821346
7 0.2047563805 0.0887470998 0.2563805104 0.1450116009
7 0.4651972158 0.0846867749 0.1948955916 0.1368909513
7 0.4628770302 0.2186774942 0.1902552204 0.1473317865
7 0.8242459397 0.1914153132 0.2679814385 0.1392111369
7 0.8277262181 0.0626450116 0.2563805104 0.1252900232
7 0.1914153132 0.3573085847 0.2645011601 0.1415313225
7 0.1989559165 0.2215777262 0.2656612529 0.1415313225
7 0.4588167053 0.3439675174 0.1890951276 0.1589327146
7 0.8230858469 0.3236658933 0.2749419954 0.1368909513
7 0.1867749420 0.4831786543 0.2668213457 0.1426914153
7 0.4512761021 0.4733178654 0.1948955916 0.1693735499
7 0.4443155452 0.6044083527 0.2018561485 0.1786542923
0 0.7534802784 0.4814385151 0.1426914153 0.2018561485
0 0.8990719258 0.4878190255 0.1763341067 0.2030162413
0 0.1867749420 0.7882830626 0.2691415313 0.2099767981
7 0.1861948956 0.6171693735 0.2517401392 0.1461716937
0 0.7372389791 0.6792343387 0.1287703016 0.2146171694
0 0.8735498840 0.6879350348 0.1670533643 0.2111368910
0 0.1890951276 0.9350348028 0.2621809745 0.1299303944
0 0.8306264501 0.8874709977 0.2900232019 0.2250580046
0 0.8219257541 0.9959396752 0.3051044084 0.0081206497
