1 0.2449324324 0.0244932432 0.0945945946 0.0489864865
0 0.0304054054 0.0278716216 0.0608108108 0.0557432432
0 0.1630067568 0.0261824324 0.0692567568 0.0523648649
0 0.1005067568 0.0278716216 0.0760135135 0.0557432432
1 0.4214527027 0.0219594595 0.0962837838 0.0439189189
1 0.5244932432 0.0194256757 0.0962837838 0.0388513514
1 0.6461148649 0.0168918919 0.1064189189 0.0337837838
0 0.0498310811 0.1984797297 0.0996621622 0.1435810811
7 0.1604729730 0.2128378378 0.1250000000 0.1182432432
7 0.2500000000 0.1967905405 0.0641891892 0.1638513514
1 0.3792229730 0.1984797297 0.0658783784 0.1537162162
1 0.3150337838 0.1976351351 0.0591216216 0.1520270270
1 0.5067567568 0.1993243243 0.0709459459 0.1655405405
1 0.4425675676 0.1993243243 0.0675675676 0.1554054054
1 0.5844594595 0.1993243243 0.0810810811 0.1655405405
1 0.6638513514 0.2027027027 0.0810810811 0.1689189189
1 0.0574324324 0.4138513514 0.1148648649 0.1486486486
1 0.1875000000 0.4256756757 0.1351351351 0.1520270270
1 0.3167229730 0.4290540541 0.1435810811 0.1587837838
1 0.4653716216 0.4467905405 0.1570945946 0.1672297297
1 0.6224662162 0.4543918919 0.1570945946 0.1722972973
0 0.0380067568 0.5827702703 0.0760135135 0.1722972973
1 0.3023648649 0.6216216216 0.1452702703 0.2060810811
1 0.4586148649 0.6342905405 0.1537162162 0.2145270270
1 0.5844594595 0.6486486486 0.0912162162 0.2027027027
1 0.6748310811 0.6579391892 0.0962837838 0.2043918919
2 0.0540540541 0.7677364865 0.1081081081 0.0996621622
1 0.0489864865 0.8429054054 0.0979729730 0.0810810811
7 0.1444256757 0.9054054054 0.2280405405 0.1114864865
1 0.2685810811 0.9003378378 0.0675675676 0.1013513514
1 0.3496621622 0.9079391892 0.0844594595 0.1334459459
1 0.5076013514 0.9417229730 0.0827702703 0.1165540541
1 0.4282094595 0.9307432432 0.0827702703 0.1385135135
1 0.5954391892 0.9434121622 0.0861486486 0.1131756757
1 0.2804054054 0.9679054054 0.1655405405 0.0641891892
1 0.3682432432 0.9940878378 0.1722972973 0.0118243243
1 0.6807432432 0.9501689189 0.0743243243 0.0996621622
0 0.1123310811 0.6309121622 0.0827702703 0.1097972973
