6 0.3659685864 0.0413612565 0.0429319372 0.0827225131
7 0.4801047120 0.0047120419 0.0261780105 0.0094240838
4 0.4942408377 0.0659685864 0.0376963351 0.0921465969
7 0.4554973822 0.0047120419 0.0272251309 0.0094240838
4 0.4570680628 0.0659685864 0.0366492147 0.0900523560
4 0.5617801047 0.0643979058 0.0366492147 0.0890052356
4 0.5277486911 0.0670157068 0.0356020942 0.0900523560
4 0.6303664921 0.0586387435 0.0356020942 0.0837696335
4 0.5968586387 0.0617801047 0.0376963351 0.0900523560
4 0.6984293194 0.0591623037 0.0356020942 0.0743455497
4 0.6643979058 0.0612565445 0.0366492147 0.0764397906
4 0.7664921466 0.0539267016 0.0335078534 0.0743455497
4 0.7329842932 0.0560209424 0.0376963351 0.0764397906
4 0.7958115183 0.0523560209 0.0272251309 0.0732984293
0 0.8340314136 0.0481675393 0.0429319372 0.0816753927
0 0.8696335079 0.0471204188 0.0366492147 0.0879581152
0 0.9036649215 0.0455497382 0.0439790576 0.0910994764
0 0.9371727749 0.0471204188 0.0460732984 0.0942408377
0 0.9743455497 0.0492146597 0.0513089005 0.0984293194
6 0.4136125654 0.0848167539 0.0376963351 0.0439790576
4 0.6706806283 0.1534031414 0.0303664921 0.0701570681
4 0.6387434555 0.1560209424 0.0335078534 0.0712041885
4 0.7020942408 0.1476439791 0.0303664921 0.0649214660
4 0.7607329843 0.1403141361 0.0282722513 0.0607329843
4 0.7314136126 0.1450261780 0.0303664921 0.0617801047
4 0.7884816754 0.1361256545 0.0293193717 0.0628272251
0 0.8544502618 0.1492146597 0.0418848168 0.0785340314
0 0.8910994764 0.1560209424 0.0376963351 0.0879581152
2 0.2471204188 0.2005235602 0.2534031414 0.1413612565
4 0.4722513089 0.1732984293 0.0397905759 0.0701570681
4 0.5078534031 0.1696335079 0.0356020942 0.0712041885
4 0.5424083770 0.1670157068 0.0356020942 0.0764397906
4 0.6078534031 0.1596858639 0.0324607330 0.0722513089
4 0.5759162304 0.1633507853 0.0314136126 0.0732984293
0 0.9691099476 0.1659685864 0.0429319372 0.0931937173
0 0.9303664921 0.1602094241 0.0450261780 0.0879581152
0 0.9921465969 0.1691099476 0.0157068063 0.0973821990
2 0.5005235602 0.3219895288 0.1005235602 0.2062827225
2 0.5900523560 0.3083769634 0.0869109948 0.1979057592
2 0.6774869110 0.2937172775 0.0837696335 0.1958115183
2 0.7570680628 0.2811518325 0.0774869110 0.1937172775
2 0.8230366492 0.2712041885 0.0837696335 0.1863874346
0 0.9314136126 0.2649214660 0.0450261780 0.0879581152
0 0.9722513089 0.2769633508 0.0492146597 0.0869109948
2 0.2434554974 0.3727748691 0.2481675393 0.2492146597
2 0.4120418848 0.3408376963 0.1204188482 0.2251308901
0 0.8879581152 0.3523560209 0.0314136126 0.0743455497
0 0.9240837696 0.3628272251 0.0387434555 0.0806282723
0 0.9617801047 0.3790575916 0.0387434555 0.0879581152
0 0.9884816754 0.3890052356 0.0230366492 0.0764397906
2 0.6743455497 0.4706806283 0.1591623037 0.1958115183
2 0.8120418848 0.4376963351 0.1350785340 0.1842931937
0 0.9434554974 0.5109947644 0.0460732984 0.0544502618
0 0.9492146597 0.4670157068 0.0387434555 0.0565445026
0 0.9125654450 0.4455497382 0.0429319372 0.0554973822
0 0.9827225131 0.4816753927 0.0345549738 0.0523560209
2 0.1916230366 0.5816753927 0.1298429319 0.2041884817
2 0.3518324607 0.5591623037 0.1989528796 0.2303664921
2 0.5188481675 0.5178010471 0.1790575916 0.2230366492
0 0.9816753927 0.5298429319 0.0366492147 0.0586387435
