7 0.0569620253 0.2025316456 0.1139240506 0.0734177215
3 0.1873417722 0.1993670886 0.1645569620 0.0772151899
3 0.1936708861 0.2746835443 0.1594936709 0.0759493671
7 0.3215189873 0.2208860759 0.1392405063 0.1886075949
7 0.4506329114 0.1911392405 0.1316455696 0.2430379747
0 0.5645569620 0.2018987342 0.1113924051 0.2265822785
0 0.6848101266 0.1930379747 0.1215189873 0.2468354430
0 0.8101265823 0.1892405063 0.1392405063 0.2468354430
0 0.9354430380 0.2037974684 0.1291139241 0.2253164557
7 0.0601265823 0.2753164557 0.1202531646 0.0746835443
1 0.1120253165 0.3949367089 0.1481012658 0.1240506329
7 0.2620253165 0.4556962025 0.1544303797 0.2202531646
7 0.4139240506 0.4082278481 0.1645569620 0.1050632911
7 0.5708860759 0.4246835443 0.1468354430 0.1151898734
7 0.7145569620 0.4322784810 0.1379746835 0.1050632911
7 0.8474683544 0.4500000000 0.1025316456 0.2240506329
7 0.9481012658 0.4512658228 0.1037974684 0.2215189873
1 0.1284810127 0.5082278481 0.1481012658 0.1075949367
7 0.4139240506 0.5120253165 0.1670886076 0.0949367089
7 0.5702531646 0.5215189873 0.1329113924 0.0911392405
7 0.7031645570 0.5234177215 0.1329113924 0.0873417722
6 0.0848101266 0.6715189873 0.1240506329 0.2037974684
6 0.5063291139 0.7050632911 0.2379746835 0.1493670886
6 0.7468354430 0.7069620253 0.2481012658 0.1481012658
6 0.2588607595 0.7069620253 0.2518987342 0.1506329114
1 0.9196202532 0.7240506329 0.1101265823 0.1088607595
1 0.9835443038 0.7227848101 0.0329113924 0.1113924051
1 0.1651898734 0.8898734177 0.1202531646 0.1924050633
1 0.2993670886 0.8354430380 0.1025316456 0.0936708861
1 0.4031645570 0.8316455696 0.1025316456 0.0886075949
1 0.5075949367 0.8335443038 0.1012658228 0.0848101266
1 0.6088607595 0.8329113924 0.1037974684 0.0835443038
1 0.7189873418 0.8379746835 0.1113924051 0.0810126582
1 0.8329113924 0.8417721519 0.1063291139 0.0962025316
1 0.9468354430 0.8405063291 0.1063291139 0.0911392405
