1 0.1499472017 0.1119324182 0.1161562830 0.1499472017
1 0.2518479409 0.1087645195 0.1003167899 0.1605068638
1 0.3526927138 0.1119324182 0.1013727561 0.1562829989
1 0.4545934530 0.1119324182 0.0982048574 0.1478352693
1 0.5512143611 0.1019007392 0.0971488912 0.1467793031
1 0.6409714889 0.1135163675 0.0844772967 0.1531151003
1 0.7275607181 0.1151003168 0.0929250264 0.1414994720
1 0.1462513200 0.3231256600 0.0939809926 0.0760295671
1 0.2439281943 0.3220696938 0.0887011616 0.0802534319
1 0.3389651531 0.3252375924 0.0929250264 0.0675818374
1 0.4313621964 0.3294614572 0.0876451954 0.0696937698
1 0.5153115100 0.3289334741 0.0844772967 0.0707497360
1 0.6024287223 0.3305174234 0.0855332629 0.0739176346
1 0.6890179514 0.3273495248 0.0855332629 0.0781414995
1 0.8009503696 0.2819429778 0.1003167899 0.1605068638
1 0.1114044351 0.4213305174 0.0411826822 0.0929250264
1 0.1715945090 0.4202745512 0.0918690602 0.0908130940
6 0.7228088701 0.4345300950 0.2101372756 0.1256599789
6 0.3157338965 0.4345300950 0.2069693770 0.1235480465
6 0.5163674762 0.4361140444 0.1985216473 0.1246040127
6 0.8680042239 0.4640971489 0.1034846885 0.1700105597
7 0.3521647307 0.5876451954 0.1108764520 0.0728616684
7 0.4630411827 0.5892291447 0.1108764520 0.0760295671
7 0.5934530095 0.5971488912 0.1393875396 0.0791974657
1 0.8315733897 0.6003167899 0.1235480465 0.0897571278
7 0.1430834213 0.6478352693 0.0960929250 0.1847940866
7 0.2317845829 0.6488912355 0.0855332629 0.1869060190
7 0.3426610348 0.6636747624 0.1151003168 0.0876451954
7 0.4625131996 0.6700105597 0.1224920803 0.0960929250
7 0.5934530095 0.6837381204 0.1372756072 0.0876451954
7 0.7201689546 0.6446673706 0.1288278775 0.1847940866
1 0.8453009504 0.6948257656 0.1235480465 0.1034846885
7 0.9107708553 0.7946145723 0.1446673706 0.0623020063
0 0.0512143611 0.8537486800 0.1024287223 0.1974656811
0 0.1536430834 0.8542766631 0.1172122492 0.1879619852
0 0.2629355861 0.8664202746 0.1161562830 0.2059134108
0 0.3674762408 0.8632523759 0.1013727561 0.2059134108
0 0.4677930306 0.8558606125 0.0929250264 0.1890179514
7 0.5633579725 0.8648363252 0.1087645195 0.2027455121
7 0.6705385428 0.8400211193 0.1161562830 0.1573389652
3 0.7771911299 0.7951425554 0.1330517423 0.0633579725
3 0.7824709609 0.8579725449 0.1372756072 0.0644139388
7 0.9165786695 0.8553326294 0.1457233369 0.0612460401
