4 0.0186335404 0.0372670807 0.0372670807 0.0745341615
4 0.0861801242 0.0427018634 0.1164596273 0.0854037267
4 0.1925465839 0.0465838509 0.1118012422 0.0931677019
1 0.3509316770 0.0551242236 0.2049689441 0.1102484472
3 0.0986024845 0.3245341615 0.0760869565 0.0776397516
1 0.2500000000 0.3431677019 0.0900621118 0.1956521739
3 0.0357142857 0.3920807453 0.0714285714 0.0760869565
3 0.1048136646 0.3975155280 0.0760869565 0.0714285714
1 0.7313664596 0.5395962733 0.0962732919 0.0978260870
3 0.0310559006 0.3198757764 0.0621118012 0.0776397516
3 0.1731366460 0.3649068323 0.0760869565 0.1459627329
1 0.5442546584 0.0621118012 0.1878881988 0.1242236025
1 0.7251552795 0.0706521739 0.1770186335 0.1413043478
1 0.8936335404 0.0760869565 0.1692546584 0.1521739130
1 0.3354037267 0.3454968944 0.0838509317 0.1940993789
1 0.4130434783 0.3493788820 0.0838509317 0.1863354037
1 0.4906832298 0.3532608696 0.0776397516 0.1847826087
8 0.6017080745 0.3416149068 0.1413043478 0.2142857143
8 0.7445652174 0.3299689441 0.1257763975 0.2406832298
1 0.8913043478 0.3431677019 0.1552795031 0.2173913043
1 0.1878881988 0.5279503106 0.1118012422 0.1086956522
1 0.3059006211 0.5333850932 0.1086956522 0.1133540373
1 0.4169254658 0.5357142857 0.1071428571 0.1118012422
1 0.5248447205 0.5411490683 0.1055900621 0.1040372671
1 0.6273291925 0.5364906832 0.1024844720 0.1009316770
1 0.8322981366 0.5411490683 0.1024844720 0.0978260870
1 0.9270186335 0.5372670807 0.0931677019 0.0962732919
1 0.8346273292 0.6358695652 0.1009316770 0.0947204969
1 0.9246894410 0.6327639752 0.0916149068 0.0916149068
1 0.7274844720 0.6374223602 0.1009316770 0.0947204969
1 0.6288819876 0.6381987578 0.0962732919 0.0962732919
1 0.5217391304 0.6420807453 0.1024844720 0.1009316770
1 0.4107142857 0.6420807453 0.1071428571 0.1040372671
1 0.3035714286 0.6413043478 0.1071428571 0.1024844720
1 0.1925465839 0.6381987578 0.1149068323 0.1118012422
1 0.0737577640 0.6381987578 0.1164596273 0.1118012422
1 0.0722049689 0.5248447205 0.1195652174 0.1149068323
1 0.0822981366 0.7919254658 0.1242236025 0.1118012422
1 0.2026397516 0.7872670807 0.1195652174 0.1086956522
1 0.3214285714 0.7857142857 0.1149068323 0.1024844720
1 0.4293478261 0.7795031056 0.1071428571 0.0993788820
1 0.5302795031 0.7763975155 0.0978260870 0.0993788820
1 0.7305900621 0.7631987578 0.0885093168 0.0916149068
1 0.8315217391 0.7616459627 0.0854037267 0.0947204969
1 0.8354037267 0.8571428571 0.0714285714 0.0900621118
1 0.7399068323 0.8563664596 0.0854037267 0.0978260870
1 0.6358695652 0.8656832298 0.1009316770 0.1040372671
1 0.6327639752 0.7686335404 0.0978260870 0.0962732919
1 0.5341614907 0.8750000000 0.0931677019 0.1040372671
1 0.4270186335 0.8819875776 0.1055900621 0.1086956522
1 0.3183229814 0.8874223602 0.1024844720 0.1102484472
1 0.2057453416 0.8944099379 0.1164596273 0.1086956522
1 0.0838509317 0.9006211180 0.1211180124 0.1149068323
1 0.0978260870 0.9922360248 0.1366459627 0.0155279503
1 0.2298136646 0.9953416149 0.1273291925 0.0093167702
1 0.3548136646 0.9805900621 0.1226708075 0.0388198758
1 0.4767080745 0.9883540373 0.1149068323 0.0232919255
1 0.5869565217 0.9844720497 0.1118012422 0.0310559006
1 0.7018633540 0.9829192547 0.0931677019 0.0341614907
