4 0.2042645241 0.0160692213 0.1007416564 0.0321384425
7 0.0407911001 0.0176143387 0.0815822002 0.0352286774
4 0.1180469716 0.0194684796 0.1025957973 0.0389369592
5 0.3065512979 0.0160692213 0.1223733004 0.0321384425
5 0.4211990111 0.0151421508 0.1242274413 0.0302843016
0 0.6464771323 0.0157601978 0.1161928307 0.0315203956
0 0.7629789864 0.0139060569 0.1242274413 0.0278121137
0 0.8825710754 0.0120519159 0.1211372064 0.0241038319
0 0.7320766378 0.2153893696 0.1291718171 0.1316440049
7 0.0157601978 0.2611248455 0.0315203956 0.1835599506
7 0.0602595797 0.2620519159 0.0883807169 0.1742892460
7 0.1421508035 0.2626699629 0.0877626700 0.1792336218
4 0.2877008653 0.2589616811 0.0784919654 0.1915945612
4 0.2141532756 0.2605067985 0.0648949320 0.1835599506
4 0.3631025958 0.2601977750 0.0822002472 0.1866501854
4 0.4357231150 0.2598887515 0.0778739184 0.1885043263
5 0.6229913473 0.2571075402 0.1100123609 0.1928306551
0 0.8464153276 0.2487639061 0.1279357231 0.1996291718
0 0.9437577256 0.2487639061 0.1124845488 0.1909765142
0 0.9978368356 0.2404202719 0.0043263288 0.2175525340
1 0.0111248455 0.5420271941 0.0222496910 0.1520395550
1 0.0472805933 0.5417181706 0.0871446230 0.1501854141
4 0.3337453646 0.5417181706 0.0667490729 0.1501854141
1 0.1489493201 0.5580964153 0.1322620519 0.1199011125
4 0.2592707046 0.5454264524 0.0995055624 0.1563658838
4 0.4113102596 0.5454264524 0.0896168109 0.1613102596
4 0.4907292954 0.5528430161 0.0778739184 0.1464771323
6 0.5639678616 0.5482076638 0.0784919654 0.1582200247
6 0.7190976514 0.5516069221 0.0760197775 0.1600741656
6 0.6406056860 0.5494437577 0.0797280593 0.1582200247
0 0.8130407911 0.5855995056 0.1168108776 0.0859085290
0 0.9347960445 0.5911619283 0.1304079110 0.0834363412
0 0.6572929543 0.7546353523 0.1081582200 0.0939431397
1 0.0321384425 0.7849196539 0.0642768850 0.1297898640
1 0.0933250927 0.7855377009 0.0803461063 0.1347342398
7 0.1622373300 0.7855377009 0.0784919654 0.1396786156
7 0.2271322621 0.7873918418 0.0747836836 0.1421508035
7 0.2932632880 0.7873918418 0.0710754017 0.1396786156
7 0.3612484549 0.7923362176 0.0735475896 0.1409147095
7 0.4286155748 0.7926452410 0.0710754017 0.1365883807
7 0.4993819530 0.7944993820 0.0741656366 0.1427688504
7 0.5698393078 0.7951174289 0.0729295426 0.1464771323
0 0.6538936959 0.8322002472 0.1075401731 0.0760197775
0 0.7592707046 0.8408529048 0.1143386897 0.0686032138
0 0.7639060569 0.7682323857 0.1124845488 0.0889987639
0 0.8729913473 0.7911001236 0.1254635352 0.1545117429
0 0.9629171817 0.7957354759 0.0741656366 0.1625463535
7 0.3729913473 0.9663164400 0.0772558714 0.0673671199
7 0.3065512979 0.9666254635 0.0840543881 0.0667490729
7 0.5139060569 0.9681705810 0.0784919654 0.0636588381
7 0.4425216316 0.9669344870 0.0729295426 0.0661310260
7 0.5806551298 0.9694066749 0.0846724351 0.0611866502
7 0.7194066749 0.9715698393 0.0951792336 0.0568603214
7 0.6495673671 0.9706427689 0.0902348578 0.0587144623
