6 0.0812949640 0.1892086331 0.1625899281 0.1798561151
6 0.2841726619 0.1877697842 0.2920863309 0.2374100719
6 0.5453237410 0.1597122302 0.2705035971 0.1928057554
5 0.8057553957 0.1280575540 0.2877697842 0.1784172662
5 0.9676258993 0.1251798561 0.0647482014 0.1899280576
6 0.0856115108 0.3676258993 0.1712230216 0.1971223022
6 0.2640287770 0.3827338129 0.1942446043 0.1410071942
6 0.5510791367 0.3482014388 0.2906474820 0.1899280576
5 0.8194244604 0.3093525180 0.2719424460 0.1928057554
5 0.9719424460 0.3122302158 0.0561151079 0.1985611511
5 0.3956834532 0.6597122302 0.2589928058 0.2172661871
5 0.6424460432 0.6467625899 0.2690647482 0.1827338129
5 0.8784172662 0.6388489209 0.2431654676 0.1841726619
0 0.9935251799 0.6000000000 0.0129496403 0.1438848921
6 0.0402877698 0.7568345324 0.0805755396 0.3712230216
6 0.1812949640 0.7453237410 0.2417266187 0.3741007194
5 0.3697841727 0.8726618705 0.2302158273 0.2115107914
5 0.6294964029 0.8381294964 0.2978417266 0.2115107914
5 0.8798561151 0.8287769784 0.2402877698 0.1841726619
