7 0.0689467970 0.0217155266 0.1378935939 0.0434310532
3 0.2008686211 0.0211726384 0.1411509229 0.0423452769
3 0.2062975027 0.0738327904 0.1368078176 0.0651465798
7 0.3159609121 0.0542888165 0.1194353963 0.1085776330
7 0.4267100977 0.0532030402 0.1129207383 0.1064060803
0 0.5244299674 0.0542888165 0.0955483170 0.1085776330
0 0.6275787188 0.0548317047 0.1042345277 0.1096634093
0 0.7350705755 0.0532030402 0.1194353963 0.1064060803
0 0.8474484256 0.0548317047 0.1205211726 0.1096634093
0 0.9500542888 0.0575461455 0.0998914224 0.1150922910
7 0.0716612378 0.0743756786 0.1433224756 0.0640608035
1 0.1362649294 0.1769815418 0.1270358306 0.1064060803
7 0.2649294245 0.2290988056 0.1324647123 0.1889250814
7 0.3952225841 0.1883821933 0.1411509229 0.0901194354
7 0.5298588491 0.2024972856 0.1259500543 0.0988056460
7 0.6530944625 0.2090119435 0.1183496200 0.0901194354
7 0.7671009772 0.2242128122 0.0879478827 0.1921824104
7 0.8583061889 0.2252985885 0.0988056460 0.1900108578
1 0.1503800217 0.2741585233 0.1270358306 0.0922909881
7 0.3952225841 0.2774158523 0.1433224756 0.0814332248
7 0.5293159609 0.2855591748 0.1140065147 0.0781758958
7 0.6433224756 0.2871878393 0.1140065147 0.0749185668
6 0.1129207383 0.4142236699 0.1064060803 0.1748099891
6 0.4744842562 0.4429967427 0.2041259501 0.1281216069
6 0.6807817590 0.4446254072 0.2128121607 0.1270358306
6 0.2622149837 0.4446254072 0.2160694897 0.1292073833
1 0.8289902280 0.4592833876 0.0944625407 0.0933767644
1 0.8908794788 0.4581976113 0.0423452769 0.0955483170
1 0.1818675353 0.6015200869 0.1031487514 0.1650380022
1 0.2969598263 0.5548317047 0.0879478827 0.0803474484
1 0.3859934853 0.5515743757 0.0879478827 0.0760043431
1 0.4755700326 0.5532030402 0.0868621064 0.0727470141
1 0.5624321390 0.5526601520 0.0890336591 0.0716612378
1 0.6568946797 0.5570032573 0.0955483170 0.0694896851
1 0.7546145494 0.5602605863 0.0912052117 0.0825190011
1 0.8550488599 0.5591748100 0.0966340934 0.0781758958
1 0.2573289902 0.7730727470 0.0955483170 0.1454940282
1 0.3463626493 0.7747014115 0.0868621064 0.1574375679
1 0.5380021716 0.7763300760 0.1009771987 0.1520086862
1 0.6427795874 0.7763300760 0.1042345277 0.1606948969
1 0.7464712269 0.7806731813 0.1031487514 0.1650380022
1 0.8512486428 0.7768729642 0.1194353963 0.1552660152
7 0.6085776330 0.9571118350 0.0749185668 0.0662323561
7 0.4516829533 0.9896851249 0.2019543974 0.0206297503
7 0.5857763301 0.9896851249 0.0814332248 0.0206297503
1 0.4386536374 0.7866449511 0.0998914224 0.1509229099
