1 0.0325854701 0.0309829060 0.0651709402 0.0576923077
1 0.1634615385 0.0379273504 0.0491452991 0.0758547009
1 0.2008547009 0.0251068376 0.0448717949 0.0502136752
0 0.7569444444 0.0389957265 0.1057692308 0.0779914530
1 0.1282051282 0.0507478632 0.0555555556 0.1014957265
1 0.0908119658 0.0683760684 0.0512820513 0.1239316239
6 0.3888888889 0.1025641026 0.0940170940 0.1282051282
0 0.4845085470 0.0865384615 0.1036324786 0.1688034188
0 0.5785256410 0.0710470085 0.1057692308 0.1420940171
0 0.6650641026 0.0470085470 0.0865384615 0.0940170940
1 0.2799145299 0.1960470085 0.1260683761 0.1912393162
1 0.4145299145 0.1955128205 0.0833333333 0.0384615385
6 0.6073717949 0.2120726496 0.1228632479 0.1228632479
4 0.7019230769 0.2136752137 0.0876068376 0.1773504274
4 0.7633547009 0.1917735043 0.0972222222 0.1848290598
4 0.8354700855 0.1789529915 0.1004273504 0.2083333333
4 0.9198717949 0.1714743590 0.1089743590 0.2553418803
1 0.1420940171 0.2622863248 0.0576923077 0.1335470085
1 0.1036324786 0.2841880342 0.0598290598 0.1388888889
1 0.1933760684 0.2377136752 0.0961538462 0.1613247863
1 0.3808760684 0.3108974359 0.1185897436 0.1602564103
1 0.4898504274 0.2719017094 0.1378205128 0.1805555556
1 0.1356837607 0.4006410256 0.0940170940 0.1260683761
1 0.2024572650 0.3771367521 0.0908119658 0.1410256410
1 0.2927350427 0.3434829060 0.1175213675 0.1506410256
7 0.8862179487 0.3498931624 0.0544871795 0.0651709402
7 0.8413461538 0.3904914530 0.0651709402 0.1100427350
7 0.9577991453 0.3600427350 0.0630341880 0.1047008547
7 0.4252136752 0.4834401709 0.0940170940 0.1014957265
0 0.5176282051 0.4754273504 0.1207264957 0.1452991453
4 0.6047008547 0.4668803419 0.1047008547 0.1752136752
7 0.6821581197 0.4375000000 0.0651709402 0.1356837607
7 0.7323717949 0.4182692308 0.0630341880 0.1250000000
7 0.7841880342 0.4075854701 0.0662393162 0.1271367521
7 0.9075854701 0.4604700855 0.0651709402 0.0619658120
7 0.9636752137 0.4385683761 0.0534188034 0.0608974359
1 0.1330128205 0.5598290598 0.0459401709 0.1004273504
1 0.2029914530 0.5432692308 0.0576923077 0.1100427350
1 0.1666666667 0.5534188034 0.0555555556 0.1025641026
1 0.2825854701 0.5315170940 0.0566239316 0.1100427350
1 0.2494658120 0.5379273504 0.0544871795 0.1057692308
1 0.3573717949 0.5138888889 0.0587606838 0.1196581197
1 0.3183760684 0.5219017094 0.0555555556 0.1143162393
7 0.8039529915 0.5208333333 0.1100427350 0.0630341880
1 0.2302350427 0.6741452991 0.0587606838 0.0512820513
1 0.2820512821 0.6762820513 0.0491452991 0.0555555556
0 0.4695512821 0.6517094017 0.0630341880 0.0619658120
0 0.5128205128 0.6522435897 0.0384615385 0.0715811966
0 0.6725427350 0.6634615385 0.1079059829 0.1538461538
7 0.7900641026 0.6586538462 0.1527777778 0.1570512821
7 0.9294871795 0.6469017094 0.1410256410 0.1698717949
1 0.1848290598 0.7382478632 0.0512820513 0.0427350427
1 0.1762820513 0.6901709402 0.0598290598 0.0555555556
1 0.2483974359 0.7291666667 0.0630341880 0.0459401709
1 0.2943376068 0.7318376068 0.0480769231 0.0448717949
1 0.3536324786 0.7045940171 0.0790598291 0.1185897436
0 0.4813034188 0.7061965812 0.0438034188 0.0555555556
0 0.5181623932 0.7174145299 0.0320512821 0.0566239316
0 0.5715811966 0.6805555556 0.0918803419 0.1452991453
7 0.7922008547 0.7526709402 0.1420940171 0.0416666667
7 0.9278846154 0.7622863248 0.1442307692 0.0651709402
1 0.1949786325 0.8424145299 0.0395299145 0.0566239316
1 0.1955128205 0.7841880342 0.0576923077 0.0491452991
1 0.2537393162 0.7767094017 0.0587606838 0.0491452991
1 0.2932692308 0.8408119658 0.0438034188 0.0534188034
1 0.2435897436 0.8397435897 0.0555555556 0.0534188034
1 0.3402777778 0.8402777778 0.0630341880 0.0630341880
1 0.3012820513 0.7793803419 0.0534188034 0.0438034188
1 0.4097222222 0.8386752137 0.0737179487 0.0683760684
1 0.4802350427 0.8472222222 0.0630341880 0.0726495726
1 0.5507478632 0.8413461538 0.0758547009 0.0758547009
1 0.6260683761 0.8488247863 0.1111111111 0.0779914530
6 0.7334401709 0.8573717949 0.1121794872 0.0886752137
5 0.8311965812 0.8568376068 0.0876068376 0.0876068376
1 0.2072649573 0.8936965812 0.0448717949 0.0502136752
1 0.2537393162 0.8952991453 0.0523504274 0.0555555556
1 0.3557692308 0.9022435897 0.0576923077 0.0608974359
1 0.3007478632 0.8963675214 0.0544871795 0.0641025641
1 0.4172008547 0.9033119658 0.0694444444 0.0673076923
1 0.4850427350 0.9102564103 0.0747863248 0.0726495726
1 0.5566239316 0.9129273504 0.0747863248 0.0651709402
1 0.6340811966 0.9209401709 0.0929487179 0.0769230769
6 0.7350427350 0.9423076923 0.1132478632 0.1068376068
5 0.8360042735 0.9332264957 0.1014957265 0.0779914530
5 0.9706196581 0.8995726496 0.0587606838 0.1581196581
5 0.9123931624 0.8942307692 0.0854700855 0.1666666667
1 0.2713675214 0.9786324786 0.0427350427 0.0427350427
1 0.2264957265 0.9780982906 0.0470085470 0.0438034188
1 0.3167735043 0.9818376068 0.0480769231 0.0363247863
1 0.3675213675 0.9813034188 0.0598290598 0.0373931624
1 0.4262820513 0.9866452991 0.0619658120 0.0267094017
1 0.4829059829 0.9887820513 0.0598290598 0.0224358974
5 0.8477564103 0.9829059829 0.0929487179 0.0341880342
0 0.5603632479 0.9957264957 0.1036324786 0.0085470085
