1 0.3537296037 0.0046620047 0.1060606061 0.0093240093
1 0.4615384615 0.0075757576 0.1002331002 0.0151515152
0 0.6497668998 0.0151515152 0.0641025641 0.0303030303
0 0.7045454545 0.0221445221 0.0594405594 0.0442890443
0 0.7593240093 0.0163170163 0.0501165501 0.0326340326
1 0.2406759907 0.0594405594 0.1083916084 0.1188811189
1 0.3490675991 0.0646853147 0.1083916084 0.1153846154
1 0.4516317016 0.0769230769 0.0990675991 0.1095571096
1 0.5407925408 0.0792540793 0.0932400932 0.1048951049
1 0.6334498834 0.0874125874 0.0850815851 0.1025641026
6 0.7062937063 0.0792540793 0.0606060606 0.0675990676
0 0.8047785548 0.0215617716 0.0524475524 0.0431235431
0 0.8525641026 0.0238927739 0.0547785548 0.0477855478
4 0.7488344988 0.1060606061 0.0337995338 0.0979020979
6 0.7045454545 0.1433566434 0.0641025641 0.0675990676
4 0.7768065268 0.1101398601 0.0337995338 0.0967365967
4 0.8106060606 0.1130536131 0.0384615385 0.1048951049
4 0.8403263403 0.1282051282 0.0419580420 0.1235431235
1 0.2121212121 0.2336829837 0.0559440559 0.1177156177
1 0.2668997669 0.2354312354 0.0559440559 0.1142191142
1 0.3648018648 0.2354312354 0.0466200466 0.1072261072
1 0.3205128205 0.2354312354 0.0489510490 0.1142191142
1 0.4085081585 0.2360139860 0.0454545455 0.1060606061
1 0.4527972028 0.2365967366 0.0407925408 0.1048951049
7 0.4976689977 0.2371794872 0.0442890443 0.1130536131
7 0.5594405594 0.2261072261 0.0862470862 0.0815850816
0 0.6416083916 0.2360139860 0.0804195804 0.0990675991
7 0.7430069930 0.2325174825 0.0221445221 0.0757575758
4 0.7068764569 0.2453379953 0.0547785548 0.1153846154
7 0.8094405594 0.2272727273 0.0198135198 0.0606060606
7 0.7884615385 0.2307692308 0.0268065268 0.0699300699
7 0.7645687646 0.2319347319 0.0256410256 0.0722610723
7 0.8304195804 0.2733100233 0.0268065268 0.0314685315
7 0.8543123543 0.2266899767 0.0233100233 0.0524475524
7 0.8350815851 0.2144522145 0.0291375291 0.0303030303
1 0.2243589744 0.3811188811 0.0734265734 0.0629370629
1 0.3082750583 0.3782051282 0.0664335664 0.0641025641
1 0.3793706294 0.3735431235 0.0664335664 0.0617715618
0 0.6008158508 0.3904428904 0.0524475524 0.1118881119
0 0.5576923077 0.3881118881 0.0477855478 0.1025641026
0 0.6655011655 0.3892773893 0.0745920746 0.1095571096
0 0.7284382284 0.3846153846 0.0536130536 0.1002331002
7 0.7756410256 0.2983682984 0.0454545455 0.0349650350
7 0.7791375291 0.3811188811 0.0594405594 0.0909090909
7 0.8403263403 0.3799533800 0.0675990676 0.0909090909
1 0.2208624709 0.4405594406 0.0780885781 0.0559440559
1 0.3030303030 0.4871794872 0.0839160839 0.0629370629
1 0.3012820513 0.4300699301 0.0780885781 0.0559440559
1 0.3758741259 0.4324009324 0.0617715618 0.0559440559
1 0.3834498834 0.4790209790 0.0699300699 0.0512820513
1 0.5011655012 0.3991841492 0.0652680653 0.1200466200
0 0.5530303030 0.4551282051 0.0407925408 0.0337995338
0 0.6678321678 0.4592074592 0.0675990676 0.0326340326
0 0.7261072261 0.4516317016 0.0466200466 0.0384615385
7 0.7785547786 0.4399766900 0.0606060606 0.0268065268
7 0.8420745921 0.4434731935 0.0664335664 0.0384615385
1 0.2115384615 0.5751748252 0.0594405594 0.0664335664
1 0.2272727273 0.5011655012 0.0722610723 0.0699300699
1 0.2779720280 0.5606060606 0.0687645688 0.0675990676
1 0.3519813520 0.5489510490 0.0536130536 0.0606060606
1 0.4125874126 0.5425407925 0.0745920746 0.0664335664
1 0.4865967366 0.5396270396 0.0780885781 0.0652680653
1 0.5501165501 0.5256410256 0.0536130536 0.0536130536
1 0.6177156177 0.5477855478 0.0722610723 0.1142191142
6 0.7447552448 0.5769230769 0.0629370629 0.0675990676
1 0.6835664336 0.5466200466 0.0641025641 0.1118881119
6 0.7418414918 0.5122377622 0.0547785548 0.0594405594
5 0.7942890443 0.5052447552 0.0407925408 0.0571095571
5 0.7972027972 0.5559440559 0.0466200466 0.0442890443
5 0.7983682984 0.5955710956 0.0419580420 0.0372960373
5 0.8344988345 0.5233100233 0.0326340326 0.0885780886
5 0.8729603730 0.5192307692 0.0349650350 0.0874125874
1 0.2068764569 0.6363636364 0.0617715618 0.0675990676
1 0.2738927739 0.6252913753 0.0675990676 0.0687645688
1 0.3414918415 0.6159673660 0.0699300699 0.0734265734
1 0.4120046620 0.6031468531 0.0710955711 0.0547785548
1 0.5268065268 0.6864801865 0.0652680653 0.0582750583
0 0.6573426573 0.6952214452 0.0512820513 0.1037296037
0 0.7092074592 0.6858974359 0.0571095571 0.1037296037
5 0.7907925408 0.6573426573 0.0431235431 0.0885780886
5 0.7534965035 0.6672494172 0.0361305361 0.0920745921
5 0.8455710956 0.6520979021 0.0407925408 0.0897435897
1 0.2016317016 0.7797202797 0.0675990676 0.1235431235
1 0.2698135198 0.7639860140 0.0710955711 0.1293706294
1 0.3350815851 0.7558275058 0.0664335664 0.1223776224
1 0.3991841492 0.7371794872 0.0617715618 0.1293706294
1 0.5279720280 0.7453379953 0.0675990676 0.0571095571
1 0.4615384615 0.7296037296 0.0629370629 0.1258741259
0 0.5973193473 0.7062937063 0.0710955711 0.1165501166
5 0.7826340326 0.7196969697 0.0641025641 0.0477855478
0 0.8164335664 0.7925407925 0.0687645688 0.0979020979
5 0.8537296037 0.7132867133 0.0757575758 0.0512820513
2 0.4568764569 0.8945221445 0.1025641026 0.1550116550
2 0.5553613054 0.8688811189 0.1060606061 0.1386946387
0 0.6392773893 0.8339160839 0.0617715618 0.1130536131
0 0.7033799534 0.7983682984 0.0664335664 0.0559440559
7 0.7080419580 0.8519813520 0.0617715618 0.0675990676
0 0.7622377622 0.8094405594 0.0536130536 0.1060606061
1 0.2208624709 0.9353146853 0.0827505828 0.1293706294
1 0.2983682984 0.9294871795 0.0792540793 0.1410256410
2 0.3741258741 0.9259906760 0.0815850816 0.1480186480
1 0.5571095571 0.9644522145 0.0909090909 0.0710955711
1 0.6410256410 0.9516317016 0.0815850816 0.0967365967
1 0.7202797203 0.9370629371 0.0769230769 0.1142191142
8 0.7773892774 0.9207459207 0.0512820513 0.0885780886
8 0.8263403263 0.9038461538 0.0512820513 0.0920745921
1 0.4714452214 0.9772727273 0.0990675991 0.0454545455
