7 0.0863453815 0.0461847390 0.1726907631 0.0896921017
7 0.2730923695 0.0568942436 0.1499330656 0.0977242303
1 0.4558232932 0.0722891566 0.1459170013 0.0455153949
1 0.5843373494 0.0843373494 0.0870147256 0.0562248996
1 0.6659973226 0.0870147256 0.0789825971 0.0508701473
4 0.9765729585 0.0776439090 0.0468540830 0.0401606426
7 0.2717536814 0.1746987952 0.1526104418 0.0709504685
1 0.4591700134 0.1593038822 0.1579651941 0.0481927711
1 0.4598393574 0.1171352075 0.1539491299 0.0495314592
1 0.6753681392 0.1445783133 0.0789825971 0.0535475234
1 0.5930388220 0.1392235609 0.0937081660 0.0535475234
7 0.7931726908 0.1211512718 0.0789825971 0.0361445783
7 0.8219544846 0.1566265060 0.0401606426 0.0508701473
4 0.9832663989 0.1164658635 0.0334672021 0.0455153949
4 0.9946452477 0.1673360107 0.0107095047 0.0615796519
0 0.0696117805 0.1974564926 0.1392235609 0.0843373494
1 0.2684069612 0.2556894244 0.1485943775 0.0937081660
1 0.4611780455 0.2014725569 0.1619812584 0.0495314592
1 0.4631860776 0.2483266399 0.1686746988 0.0602409639
1 0.5977242303 0.2121820616 0.1004016064 0.0655957162
1 0.6914323963 0.2088353414 0.0950468541 0.0776439090
7 0.7931726908 0.1927710843 0.0548862115 0.0160642570
7 0.8634538153 0.1880856760 0.0856760375 0.0254350736
1 0.8406961178 0.2617135207 0.1847389558 0.0575635877
0 0.0548862115 0.3152610442 0.1097724230 0.1137884873
1 0.4685408300 0.3045515395 0.1686746988 0.0522088353
1 0.6131191432 0.2918340027 0.1124497992 0.0910307898
1 0.7061579652 0.2945113788 0.0977242303 0.0963855422
1 0.8594377510 0.3099062918 0.1981258367 0.0575635877
1 0.2389558233 0.3741633199 0.1994645248 0.1459170013
1 0.4705488621 0.3594377510 0.1807228916 0.0629183400
1 0.6211512718 0.3761713521 0.1070950469 0.0883534137
1 0.7135207497 0.3781793842 0.0963855422 0.0816599732
1 0.8768406961 0.3868808568 0.2275769746 0.0937081660
0 0.0435073628 0.4424364123 0.0870147256 0.1646586345
1 0.2215528782 0.5207496653 0.2262382865 0.1713520750
1 0.4738955823 0.4370816600 0.1820615797 0.0709504685
1 0.4785809906 0.5107095047 0.1753681392 0.0843373494
1 0.6318607764 0.4638554217 0.1097724230 0.0896921017
1 0.7295850067 0.4651941098 0.1017402945 0.0923694779
1 0.8955823293 0.4765729585 0.2088353414 0.1070950469
1 0.4759036145 0.5903614458 0.1967871486 0.0749665328
1 0.6439089692 0.5582329317 0.1044176707 0.0990629183
1 0.7523427041 0.5595716198 0.1124497992 0.1044176707
1 0.9082998661 0.5809906292 0.1834002677 0.1204819277
0 0.0261044177 0.6117804552 0.0522088353 0.1258366801
1 0.4779116466 0.6726907631 0.2061579652 0.0843373494
1 0.7148594378 0.6874163320 0.2248995984 0.1539491299
0 0.0220883534 0.7416331995 0.0441767068 0.1499330656
1 0.2074966533 0.7014725569 0.2382864793 0.1954484605
1 0.4819277108 0.7523427041 0.2088353414 0.0910307898
1 0.9183400268 0.7088353414 0.1633199465 0.1459170013
