2 0.2542153048 0.0058365759 0.1063553826 0.0116731518
7 0.9001297017 0.0045395590 0.1011673152 0.0090791180
7 0.9708171206 0.0032425422 0.0428015564 0.0064850843
0 0.3761348898 0.0110246433 0.0466926070 0.0220492866
0 0.4357976654 0.0168612192 0.0596627756 0.0337224384
0 0.4571984436 0.0616083009 0.1128404669 0.0557717250
0 0.4941634241 0.0201037613 0.0622568093 0.0402075227
4 0.5998702983 0.0421530480 0.1076523995 0.0376134890
4 0.6031128405 0.0129701686 0.1167315175 0.0259403372
7 0.7354085603 0.0557717250 0.0804150454 0.0285343709
7 0.7341115435 0.0291828794 0.0778210117 0.0298313878
7 0.7302204929 0.0084306096 0.0674448768 0.0168612192
7 0.8093385214 0.0434500649 0.0389105058 0.0505836576
7 0.9014267185 0.0395590143 0.1011673152 0.0661478599
7 0.9669260700 0.0402075227 0.0298313878 0.0674448768
1 0.2594033722 0.1070038911 0.0544747082 0.1102464332
7 0.3320363165 0.0836575875 0.0622568093 0.0609597925
0 0.4604409857 0.1225680934 0.1322957198 0.0661478599
6 0.5654993515 0.1206225681 0.0752269780 0.0674448768
4 0.5953307393 0.0732814527 0.1089494163 0.0376134890
6 0.6368352789 0.1225680934 0.0752269780 0.0713359274
7 0.7360570687 0.0797665370 0.0843060960 0.0246433204
4 0.7503242542 0.1199740597 0.1284046693 0.0609597925
0 0.9053177691 0.0959792477 0.1115434501 0.0596627756
0 0.9792477302 0.0985732815 0.0415045396 0.0518806744
1 0.2451361868 0.1776913100 0.0622568093 0.1167315175
2 0.3028534371 0.1757457847 0.0765239948 0.1361867704
0 0.4448767834 0.1835278859 0.1322957198 0.0713359274
1 0.5745784695 0.2016861219 0.1141374838 0.0946822309
0 0.7399481193 0.1926070039 0.1102464332 0.0894941634
0 0.9105058366 0.1660181582 0.1219195850 0.0830090791
0 0.9850843061 0.1634241245 0.0298313878 0.0752269780
7 0.1971465629 0.2717250324 0.0856031128 0.1750972763
0 0.4079118029 0.2470817121 0.0843060960 0.0635538262
1 0.5654993515 0.3047989624 0.1167315175 0.1037613489
7 0.7289234760 0.2840466926 0.0907911803 0.0959792477
0 0.9092088197 0.2859922179 0.1141374838 0.0531776913
0 0.9118028534 0.2380025940 0.1245136187 0.0583657588
0 0.9824902724 0.2911802853 0.0350194553 0.0453955901
1 0.1037613489 0.3761348898 0.1400778210 0.1271076524
1 0.2010376135 0.3670557717 0.0778210117 0.0518806744
1 0.4150453956 0.3929961089 0.1582360571 0.1115434501
7 0.7412451362 0.3527885863 0.1258106355 0.0492866407
1 0.9215304799 0.3488975357 0.1335927367 0.0726329442
1 0.0674448768 0.4435797665 0.1348897536 0.1322957198
1 0.1952010376 0.4293125811 0.1024643320 0.0648508431
1 0.5629053178 0.4040207523 0.1219195850 0.1102464332
1 0.7399481193 0.4520103761 0.1180285344 0.0505836576
1 0.7405966278 0.4027237354 0.1167315175 0.0453955901
1 0.8929961089 0.4844357977 0.0687418936 0.0739299611
1 0.9909208820 0.4798962387 0.0181582361 0.0778210117
7 0.0395590143 0.5622568093 0.0791180285 0.0972762646
7 0.0428015564 0.5019455253 0.0856031128 0.0985732815
1 0.1608300908 0.5505836576 0.1063553826 0.0635538262
1 0.1705577173 0.4889753567 0.1206225681 0.0622568093
1 0.4053177691 0.5129701686 0.1647211414 0.1180285344
1 0.5492866407 0.5181582361 0.1284046693 0.1206225681
1 0.7392996109 0.5006485084 0.1193255512 0.0518806744
1 0.7392996109 0.5499351492 0.1271076524 0.0544747082
1 0.8981841764 0.5635538262 0.0713359274 0.0739299611
1 0.9584954604 0.4883268482 0.0622568093 0.0687418936
1 0.0894941634 0.5830090791 0.0596627756 0.1387808042
1 0.1523994812 0.6180285344 0.1180285344 0.0661478599
1 0.3949416342 0.6095979248 0.1569390402 0.0700389105
1 0.5434500649 0.6387808042 0.1322957198 0.1206225681
1 0.7392996109 0.6095979248 0.1271076524 0.0622568093
1 0.9559014267 0.5713359274 0.0622568093 0.0869001297
1 0.9922178988 0.5693904021 0.0155642023 0.0933852140
1 0.0278858625 0.6660181582 0.0557717250 0.1776913100
1 0.0518806744 0.7211413748 0.0700389105 0.1478599222
1 0.1368352789 0.6835278859 0.1284046693 0.0570687419
1 0.3871595331 0.6789883268 0.1569390402 0.0739299611
1 0.7373540856 0.6705577173 0.1309987030 0.0622568093
1 0.9014267185 0.6569390402 0.0700389105 0.0817120623
1 0.9675745785 0.6608300908 0.0622568093 0.0869001297
