1 0.2218826406 0.3074572127 0.1674816626 0.1454767726
1 0.4266503667 0.3398533007 0.0709046455 0.0562347188
1 0.5085574572 0.2830073350 0.0929095355 0.0843520782
1 0.6473105134 0.3111246944 0.0770171149 0.0965770171
1 0.7237163814 0.3092909535 0.0757946210 0.1002444988
1 0.9150366748 0.3294621027 0.1454767726 0.0819070905
1 0.2176039120 0.4119804401 0.1735941320 0.0709046455
1 0.4211491443 0.4083129584 0.0819070905 0.0586797066
1 0.5128361858 0.3704156479 0.0892420538 0.0880195599
1 0.6601466993 0.4070904645 0.0953545232 0.1002444988
1 0.7444987775 0.4089242054 0.0806845966 0.0990220049
1 0.9223716381 0.4180929095 0.1552567237 0.0831295844
1 0.2121026895 0.4804400978 0.1772616137 0.0782396088
1 0.5061124694 0.4547677262 0.0953545232 0.0880195599
1 0.9309290954 0.5073349633 0.1381418093 0.0953545232
1 0.2090464548 0.5544009780 0.1858190709 0.0819070905
1 0.4180929095 0.5568459658 0.0757946210 0.0745721271
1 0.5122249389 0.5482885086 0.0977995110 0.0965770171
1 0.6497555012 0.5177261614 0.1014669927 0.1063569682
1 0.7402200489 0.5171149144 0.0867970660 0.1075794621
1 0.1998777506 0.6301955990 0.1870415648 0.0867970660
1 0.4755501222 0.6228606357 0.1638141809 0.0623471883
1 0.6558679707 0.6277506112 0.0867970660 0.1039119804
1 0.7463325183 0.6155256724 0.0965770171 0.1014669927
1 0.9339853301 0.6155256724 0.1320293399 0.1039119804
1 0.1962102689 0.7066014670 0.1845965770 0.0831295844
1 0.4669926650 0.6888753056 0.1711491443 0.0745721271
1 0.6515892421 0.7316625917 0.0757946210 0.0965770171
1 0.7475550122 0.7286063570 0.0965770171 0.1246943765
1 0.9462102689 0.7304400978 0.1075794621 0.1259168704
1 0.1894865526 0.7830073350 0.1931540342 0.0867970660
1 0.4651589242 0.7640586797 0.1772616137 0.0806845966
