0 0.0282916213 0.1447225245 0.0457018498 0.0457018498
0 0.0723612622 0.1463547334 0.0554951034 0.0511425462
4 0.1751904244 0.1577801959 0.1153427639 0.0391730141
7 0.2557127312 0.1626768226 0.0282916213 0.0272034820
7 0.2671381937 0.1447225245 0.0489662677 0.0217627856
7 0.3106637650 0.1670293798 0.0293797606 0.0250272035
7 0.4102285092 0.1577801959 0.0848748640 0.0631120783
7 0.4695321001 0.1561479869 0.0359085963 0.0620239391
5 0.5402611534 0.1273122960 0.0816104461 0.0326441785
5 0.5440696409 0.1632208923 0.0826985854 0.0304678999
5 0.6643090316 0.1528835691 0.0837867247 0.0380848749
5 0.7214363439 0.1452665941 0.0478781284 0.0707290533
0 0.0228509249 0.1866158868 0.0457018498 0.0467899891
0 0.0429815016 0.2334058760 0.0859630033 0.0467899891
0 0.0696409140 0.1909684440 0.0522306855 0.0489662677
4 0.1583242655 0.2170837867 0.0903155604 0.0315560392
4 0.1610446137 0.1855277476 0.0979325354 0.0359085963
7 0.2720348205 0.2285092492 0.0674646355 0.0239390642
7 0.2709466812 0.2062023939 0.0652883569 0.0250272035
7 0.2676822633 0.1866158868 0.0565832427 0.0184983678
7 0.3340587595 0.2181719260 0.0326441785 0.0424374320
7 0.4113166485 0.2149075082 0.0848748640 0.0554951034
7 0.4662676823 0.2154515778 0.0250272035 0.0565832427
5 0.5272034820 0.2007616975 0.0533188248 0.0380848749
5 0.5745375408 0.1980413493 0.0413492927 0.0435255713
5 0.6115342764 0.1969532100 0.0348204570 0.0391730141
5 0.6692056583 0.2040261153 0.0826985854 0.0402611534
5 0.6784548422 0.2388465724 0.0859630033 0.0337323177
5 0.7274211099 0.2116430903 0.0446137106 0.0598476605
0 0.7954298150 0.1800870511 0.0914036997 0.0642002176
0 0.8112078346 0.2306855277 0.0990206746 0.0500544070
8 0.9151251360 0.2165397171 0.0826985854 0.0478781284
8 0.8993471164 0.1708378672 0.0859630033 0.0478781284
0 0.0484221980 0.2845484222 0.0968443961 0.0554951034
6 0.1294885745 0.2829162133 0.0631120783 0.0565832427
4 0.1545157780 0.2431991295 0.0914036997 0.0315560392
6 0.1893362350 0.2845484222 0.0631120783 0.0598476605
7 0.2725788901 0.2486398259 0.0707290533 0.0206746464
4 0.2845484222 0.2823721436 0.1077257889 0.0511425462
0 0.4145810664 0.2622415669 0.0935799782 0.0500544070
0 0.4771490751 0.2644178455 0.0359085963 0.0435255713
6 0.5941240479 0.2470076170 0.0631120783 0.0587595212
1 0.5658324266 0.3041349293 0.1044613711 0.0598476605
6 0.5337323177 0.2497279652 0.0554951034 0.0511425462
0 0.6958650707 0.2801958651 0.0968443961 0.0533188248
0 0.8008705114 0.2856365615 0.0522306855 0.0620239391
7 0.8509249184 0.2812840044 0.0631120783 0.0576713819
1 0.9303590860 0.2698585419 0.1066376496 0.0718171926
0 0.0418933624 0.3356909684 0.0837867247 0.0598476605
1 0.1371055495 0.3509249184 0.0957562568 0.0794341676
0 0.2758433079 0.3433079434 0.0924918390 0.0750816104
0 0.4189336235 0.3210010881 0.1022850925 0.0696409140
0 0.4842219804 0.3188248096 0.0304678999 0.0631120783
1 0.5669205658 0.3656147987 0.1066376496 0.0674646355
0 0.7045701850 0.3286180631 0.0968443961 0.0478781284
0 0.8340587595 0.3454842220 0.1055495103 0.0576713819
1 0.9494015234 0.3438520131 0.1011969532 0.0761697497
0 0.0163220892 0.3890097933 0.0326441785 0.0533188248
1 0.1294885745 0.4374319913 0.0979325354 0.0870511425
7 0.2665941240 0.4200217628 0.0761697497 0.0805223069
0 0.4178454842 0.4216539717 0.0957562568 0.0446137106
0 0.4200217628 0.3813928183 0.1044613711 0.0489662677
0 0.4804134929 0.4260065288 0.0315560392 0.0380848749
1 0.5462459195 0.4287268770 0.0500544070 0.0500544070
0 0.7149075082 0.3846572361 0.1088139282 0.0663764962
2 0.8667029380 0.4238302503 0.1294885745 0.0990206746
1 0.9613710555 0.4221980413 0.0772578890 0.0848748640
1 0.0348204570 0.5114254625 0.0696409140 0.0935799782
7 0.2769314472 0.4776931447 0.1055495103 0.0413492927
1 0.4281828074 0.4744287269 0.1120783460 0.0609357998
1 0.5593035909 0.4880304679 0.0609357998 0.0729053319
1 0.6964091404 0.4504896627 0.0544069641 0.0609357998
1 0.7366702938 0.5114254625 0.1175190424 0.0587595212
1 0.7513601741 0.4494015234 0.0533188248 0.0631120783
2 0.8906420022 0.5157780196 0.1447225245 0.0957562568
1 0.9733405876 0.5021762786 0.0533188248 0.0924918390
1 0.1273122960 0.5206746464 0.1022850925 0.0924918390
1 0.2758433079 0.5609357998 0.0990206746 0.0424374320
1 0.2763873776 0.5195865071 0.0979325354 0.0380848749
1 0.4042437432 0.5881392818 0.0576713819 0.0620239391
1 0.5027203482 0.5843307943 0.0478781284 0.0652883569
1 0.5620239391 0.5571273123 0.0620239391 0.0696409140
1 0.6186071817 0.5576713819 0.0511425462 0.0663764962
1 0.7437431991 0.5696409140 0.1207834603 0.0576713819
1 0.0321001088 0.6120783460 0.0642002176 0.0990206746
1 0.1158868335 0.6164309032 0.1077257889 0.1011969532
1 0.2752992383 0.6017410229 0.1001088139 0.0435255713
1 0.2752992383 0.6430903156 0.1066376496 0.0457018498
1 0.4085963003 0.6545157780 0.0598476605 0.0620239391
1 0.4591947769 0.5914036997 0.0522306855 0.0576713819
1 0.5680087051 0.6137105550 0.0565832427 0.0500544070
1 0.6305767138 0.6235038085 0.0685527748 0.0652883569
1 0.7611534276 0.6294885745 0.1142546246 0.0620239391
2 0.9238302503 0.5930359086 0.1458106638 0.0761697497
1 0.0261153428 0.6931447225 0.0522306855 0.0587595212
1 0.1109902067 0.7176278564 0.1109902067 0.1011969532
1 0.2752992383 0.6931447225 0.1066376496 0.0522306855
1 0.4570184984 0.6610446137 0.0522306855 0.0729053319
1 0.5103373232 0.6594124048 0.0587595212 0.0783460283
1 0.5788900979 0.6828073993 0.0631120783 0.0642002176
1 0.6392818281 0.6866158868 0.0642002176 0.0631120783
1 0.7687704026 0.6904243743 0.1207834603 0.0663764962
1 0.9232861806 0.6637649619 0.1316648531 0.0739934712
1 0.0228509249 0.7513601741 0.0457018498 0.0620239391
1 0.2736670294 0.7442872688 0.1099020675 0.0522306855
1 0.4113166485 0.7328618063 0.0587595212 0.0685527748
1 0.4668117519 0.7361262242 0.0522306855 0.0729053319
1 0.5233949946 0.7301414581 0.0652883569 0.0674646355
1 0.5924918390 0.7448313384 0.0620239391 0.0554951034
1 0.6496191513 0.7491838955 0.0631120783 0.0576713819
1 0.7834602829 0.7540805223 0.1153427639 0.0631120783
1 0.9341675734 0.7361262242 0.1316648531 0.0772578890
