1 0.0156028369 0.1595744681 0.0312056738 0.1035460993
3 0.1439716312 0.1425531915 0.0666666667 0.0780141844
3 0.2148936170 0.1829787234 0.0751773050 0.1446808511
3 0.1482269504 0.2148936170 0.0638297872 0.0695035461
3 0.2801418440 0.1836879433 0.0723404255 0.1432624113
1 0.4276595745 0.1737588652 0.0439716312 0.1148936170
1 0.3673758865 0.1680851064 0.0765957447 0.1092198582
1 0.7453900709 0.1673758865 0.1687943262 0.1390070922
2 0.9730496454 0.1588652482 0.0539007092 0.1163120567
1 0.0205673759 0.2553191489 0.0411347518 0.0907801418
1 0.1758865248 0.3092198582 0.0964539007 0.1219858156
1 0.2737588652 0.3106382979 0.0907801418 0.1163120567
1 0.4000000000 0.2957446809 0.0907801418 0.1234042553
1 0.5120567376 0.2914893617 0.1106382979 0.1035460993
1 0.7226950355 0.2921985816 0.1716312057 0.1219858156
2 0.9489361702 0.2815602837 0.1021276596 0.1432624113
1 0.0241134752 0.3375886525 0.0482269504 0.0936170213
1 0.3858156028 0.3957446809 0.0652482270 0.0851063830
1 0.5120567376 0.4007092199 0.1078014184 0.1205673759
1 0.0269503546 0.4205673759 0.0539007092 0.0865248227
1 0.1602836879 0.4219858156 0.0964539007 0.1120567376
1 0.2680851064 0.4326241135 0.0992907801 0.1134751773
1 0.3765957447 0.4893617021 0.0893617021 0.1078014184
1 0.7170212766 0.4078014184 0.1546099291 0.1007092199
1 0.9687943262 0.4078014184 0.0624113475 0.0893617021
1 0.0297872340 0.5446808511 0.0595744681 0.1787234043
1 0.2347517730 0.5241134752 0.1631205674 0.0865248227
1 0.5063829787 0.5156028369 0.1049645390 0.1063829787
1 0.7099290780 0.5070921986 0.1687943262 0.1063829787
1 0.9397163121 0.5765957447 0.1205673759 0.1063829787
1 0.9560283688 0.4950354610 0.0879432624 0.0907801418
1 0.2340425532 0.6645390071 0.1560283688 0.0751773050
1 0.2354609929 0.5978723404 0.1588652482 0.0751773050
1 0.3659574468 0.5836879433 0.0737588652 0.0865248227
1 0.5014184397 0.6099290780 0.1007092199 0.0822695035
1 0.6716312057 0.6035460993 0.0950354610 0.0893617021
1 0.7361702128 0.6007092199 0.0822695035 0.0950354610
1 0.0312056738 0.7042553191 0.0624113475 0.1687943262
1 0.2319148936 0.7163120567 0.1574468085 0.0567375887
1 0.9177304965 0.6744680851 0.1645390071 0.1205673759
5 0.0070921986 0.9886524823 0.0141843972 0.0226950355
