0 0.2718750000 0.0156250000 0.0770833333 0.0312500000
0 0.3781250000 0.0192708333 0.0416666667 0.0385416667
0 0.6010416667 0.0276041667 0.0333333333 0.0552083333
0 0.5359375000 0.0208333333 0.0427083333 0.0416666667
7 0.6994791667 0.0197916667 0.0718750000 0.0312500000
7 0.8218750000 0.0135416667 0.0125000000 0.0270833333
7 0.8552083333 0.0140625000 0.0270833333 0.0260416667
7 0.8791666667 0.0166666667 0.0270833333 0.0229166667
0 0.2651041667 0.0531250000 0.0781250000 0.0479166667
0 0.4260416667 0.0723958333 0.0312500000 0.0656250000
0 0.3765625000 0.0578125000 0.0447916667 0.0427083333
0 0.5348958333 0.0651041667 0.0427083333 0.0447916667
7 0.6937500000 0.0656250000 0.0604166667 0.0187500000
7 0.6885416667 0.0453125000 0.0500000000 0.0197916667
7 0.7395833333 0.0437500000 0.0479166667 0.0208333333
7 0.7000000000 0.0937500000 0.0750000000 0.0375000000
4 0.8541666667 0.0666666667 0.0791666667 0.0291666667
4 0.8531250000 0.0406250000 0.0791666667 0.0291666667
7 0.0687500000 0.1421875000 0.0375000000 0.0447916667
7 0.1145833333 0.1416666667 0.0500000000 0.0416666667
7 0.1109375000 0.0973958333 0.1052083333 0.0468750000
0 0.2609375000 0.1067708333 0.0822916667 0.0489583333
5 0.2583333333 0.1468750000 0.0812500000 0.0333333333
0 0.3729166667 0.0968750000 0.0458333333 0.0375000000
0 0.3901041667 0.1395833333 0.0802083333 0.0645833333
0 0.5427083333 0.1463541667 0.0750000000 0.0427083333
0 0.5494791667 0.1057291667 0.0822916667 0.0406250000
0 0.6125000000 0.1057291667 0.0458333333 0.0385416667
7 0.7015625000 0.1359375000 0.0843750000 0.0489583333
4 0.8598958333 0.1015625000 0.0906250000 0.0468750000
4 0.8541666667 0.1411458333 0.0791666667 0.0385416667
7 0.0640625000 0.1817708333 0.0447916667 0.0447916667
7 0.0546875000 0.2234375000 0.0406250000 0.0427083333
7 0.1171875000 0.1984375000 0.0427083333 0.0427083333
5 0.2520833333 0.1796875000 0.0833333333 0.0364583333
5 0.2348958333 0.2192708333 0.0739583333 0.0427083333
0 0.3776041667 0.1807291667 0.0322916667 0.0239583333
5 0.5182291667 0.2197916667 0.0343750000 0.0375000000
5 0.5546875000 0.2192708333 0.0406250000 0.0406250000
5 0.5255208333 0.1822916667 0.0427083333 0.0354166667
5 0.5692708333 0.1828125000 0.0447916667 0.0364583333
5 0.5989583333 0.2187500000 0.0479166667 0.0437500000
5 0.6937500000 0.2135416667 0.0770833333 0.0333333333
5 0.6958333333 0.1776041667 0.0750000000 0.0385416667
4 0.8604166667 0.1776041667 0.0916666667 0.0406250000
7 0.9354166667 0.2125000000 0.0812500000 0.0333333333
7 0.0468750000 0.2671875000 0.0479166667 0.0427083333
7 0.1062500000 0.2869791667 0.0458333333 0.0385416667
7 0.1218750000 0.2526041667 0.0354166667 0.0281250000
5 0.2296875000 0.2645833333 0.0802083333 0.0479166667
5 0.3713541667 0.2932291667 0.0822916667 0.0531250000
5 0.3807291667 0.2401041667 0.0885416667 0.0531250000
5 0.4395833333 0.2932291667 0.0520833333 0.0531250000
5 0.5156250000 0.2598958333 0.0333333333 0.0406250000
5 0.5932291667 0.2572916667 0.0406250000 0.0437500000
5 0.5536458333 0.2593750000 0.0385416667 0.0437500000
5 0.6656250000 0.2562500000 0.0208333333 0.0479166667
5 0.6927083333 0.2557291667 0.0250000000 0.0489583333
5 0.7447916667 0.2609375000 0.0270833333 0.0468750000
5 0.7187500000 0.2562500000 0.0270833333 0.0500000000
7 0.8552083333 0.2833333333 0.0770833333 0.0354166667
7 0.8546875000 0.2328125000 0.0822916667 0.0697916667
7 0.9312500000 0.2744791667 0.0729166667 0.0677083333
5 0.2223958333 0.3552083333 0.0739583333 0.0479166667
5 0.2239583333 0.3093750000 0.0770833333 0.0437500000
5 0.3687500000 0.3484375000 0.0812500000 0.0552083333
5 0.4369791667 0.3494791667 0.0593750000 0.0552083333
5 0.5109375000 0.3432291667 0.0385416667 0.0406250000
5 0.5135416667 0.3031250000 0.0354166667 0.0416666667
5 0.5916666667 0.3619791667 0.0500000000 0.0718750000
5 0.5510416667 0.3020833333 0.0375000000 0.0416666667
5 0.5937500000 0.3026041667 0.0458333333 0.0447916667
5 0.5489583333 0.3437500000 0.0375000000 0.0416666667
5 0.6895833333 0.3406250000 0.0250000000 0.0250000000
5 0.6895833333 0.3031250000 0.0291666667 0.0458333333
5 0.6651041667 0.3031250000 0.0218750000 0.0437500000
5 0.6630208333 0.3635416667 0.0218750000 0.0250000000
5 0.6635416667 0.3369791667 0.0208333333 0.0239583333
5 0.7171875000 0.3406250000 0.0260416667 0.0250000000
5 0.7437500000 0.3427083333 0.0250000000 0.0229166667
5 0.7182291667 0.3052083333 0.0260416667 0.0458333333
7 0.8562500000 0.3192708333 0.0770833333 0.0322916667
7 0.8557291667 0.3526041667 0.0781250000 0.0322916667
7 0.9333333333 0.3385416667 0.0750000000 0.0604166667
5 0.2125000000 0.4026041667 0.0854166667 0.0489583333
5 0.3604166667 0.4046875000 0.0854166667 0.0572916667
5 0.4213541667 0.4078125000 0.0427083333 0.0656250000
5 0.5093750000 0.3843750000 0.0395833333 0.0416666667
5 0.5083333333 0.4281250000 0.0437500000 0.0437500000
5 0.5484375000 0.3854166667 0.0385416667 0.0437500000
5 0.5484375000 0.4265625000 0.0385416667 0.0447916667
5 0.6609375000 0.4140625000 0.0177083333 0.0218750000
5 0.6880208333 0.3901041667 0.0302083333 0.0260416667
5 0.6619791667 0.3911458333 0.0218750000 0.0239583333
5 0.6890625000 0.3645833333 0.0239583333 0.0229166667
5 0.6833333333 0.4151041667 0.0250000000 0.0218750000
5 0.7171875000 0.3916666667 0.0260416667 0.0250000000
5 0.7442708333 0.3661458333 0.0260416667 0.0239583333
5 0.7098958333 0.4151041667 0.0239583333 0.0218750000
5 0.7171875000 0.3651041667 0.0260416667 0.0239583333
5 0.7447916667 0.3932291667 0.0270833333 0.0281250000
2 0.8703125000 0.3911458333 0.1010416667 0.0447916667
2 0.9458333333 0.3927083333 0.0458333333 0.0458333333
7 0.0536458333 0.4338541667 0.1072916667 0.0322916667
2 0.0442708333 0.4921875000 0.0885416667 0.0572916667
1 0.2031250000 0.4984375000 0.0875000000 0.0406250000
1 0.1973958333 0.4515625000 0.0718750000 0.0531250000
1 0.3317708333 0.4567708333 0.0406250000 0.0489583333
1 0.3739583333 0.4578125000 0.0500000000 0.0489583333
1 0.4239583333 0.4630208333 0.0479166667 0.0510416667
1 0.5052083333 0.4765625000 0.0458333333 0.0531250000
1 0.5520833333 0.4770833333 0.0479166667 0.0520833333
1 0.6895833333 0.4406250000 0.0791666667 0.0312500000
1 0.6895833333 0.4718750000 0.0812500000 0.0333333333
1 0.8546875000 0.4447916667 0.0697916667 0.0645833333
1 0.9265625000 0.4473958333 0.0781250000 0.0656250000
1 0.0484375000 0.5421875000 0.0968750000 0.0489583333
1 0.1953125000 0.5411458333 0.0906250000 0.0406250000
1 0.3218750000 0.5515625000 0.0458333333 0.0489583333
1 0.3255208333 0.5046875000 0.0489583333 0.0510416667
1 0.4156250000 0.5072916667 0.0437500000 0.0479166667
1 0.3708333333 0.5072916667 0.0479166667 0.0500000000
1 0.4166666667 0.5593750000 0.0541666667 0.0500000000
1 0.3666666667 0.5557291667 0.0520833333 0.0510416667
1 0.5010416667 0.5312500000 0.0437500000 0.0562500000
1 0.5505208333 0.5322916667 0.0489583333 0.0562500000
1 0.6875000000 0.5432291667 0.0812500000 0.0343750000
1 0.6895833333 0.5062500000 0.0833333333 0.0375000000
1 0.8640625000 0.5182291667 0.0864583333 0.0864583333
1 0.9421875000 0.5328125000 0.0822916667 0.0843750000
1 0.0468750000 0.5901041667 0.0937500000 0.0489583333
1 0.1864583333 0.5854166667 0.0854166667 0.0500000000
1 0.3171875000 0.6026041667 0.0489583333 0.0572916667
1 0.3619791667 0.6067708333 0.0468750000 0.0510416667
1 0.4072916667 0.6078125000 0.0541666667 0.0510416667
1 0.4994791667 0.5895833333 0.0468750000 0.0583333333
1 0.5505208333 0.5927083333 0.0510416667 0.0583333333
1 0.6869791667 0.6140625000 0.0843750000 0.0385416667
1 0.6875000000 0.5781250000 0.0833333333 0.0354166667
1 0.8677083333 0.6026041667 0.0875000000 0.0906250000
1 0.9473958333 0.6151041667 0.0822916667 0.0864583333
1 0.0427083333 0.6411458333 0.0854166667 0.0572916667
1 0.0375000000 0.6932291667 0.0750000000 0.0552083333
1 0.1713541667 0.6838541667 0.0885416667 0.0531250000
1 0.1770833333 0.6348958333 0.0833333333 0.0468750000
1 0.3057291667 0.6630208333 0.0468750000 0.0635416667
1 0.3479166667 0.6593750000 0.0500000000 0.0583333333
1 0.3989583333 0.6609375000 0.0541666667 0.0572916667
1 0.4937500000 0.6468750000 0.0458333333 0.0583333333
1 0.5432291667 0.6500000000 0.0489583333 0.0562500000
1 0.6869791667 0.6895833333 0.0864583333 0.0458333333
1 0.6875000000 0.6515625000 0.0854166667 0.0427083333
1 0.8734375000 0.6911458333 0.0947916667 0.0947916667
1 0.0161458333 0.7619791667 0.0322916667 0.0885416667
1 0.1598958333 0.7364583333 0.0864583333 0.0500000000
1 0.3395833333 0.7229166667 0.0479166667 0.0645833333
1 0.2963541667 0.7250000000 0.0468750000 0.0645833333
1 0.3885416667 0.7223958333 0.0604166667 0.0635416667
1 0.4864583333 0.7567708333 0.0541666667 0.0593750000
1 0.4921875000 0.7020833333 0.0489583333 0.0520833333
1 0.5875000000 0.7119791667 0.0541666667 0.0572916667
1 0.5359375000 0.7625000000 0.0510416667 0.0645833333
1 0.5411458333 0.7093750000 0.0510416667 0.0520833333
1 0.6854166667 0.7286458333 0.0875000000 0.0468750000
1 0.9552083333 0.7015625000 0.0854166667 0.0947916667
1 0.1526041667 0.7937500000 0.0968750000 0.0604166667
1 0.2885416667 0.7911458333 0.0458333333 0.0718750000
1 0.3343750000 0.7885416667 0.0541666667 0.0729166667
1 0.3807291667 0.7895833333 0.0531250000 0.0729166667
1 0.4828125000 0.8156250000 0.0531250000 0.0666666667
1 0.5317708333 0.8203125000 0.0510416667 0.0739583333
1 0.5875000000 0.7671875000 0.0520833333 0.0635416667
1 0.5817708333 0.8276041667 0.0572916667 0.0697916667
3 0.6869791667 0.8104166667 0.0343750000 0.0354166667
1 0.6843750000 0.7703125000 0.0854166667 0.0489583333
3 0.6562500000 0.8093750000 0.0312500000 0.0395833333
3 0.7203125000 0.8125000000 0.0322916667 0.0354166667
1 0.8838541667 0.7859375000 0.1135416667 0.1010416667
1 0.9687500000 0.7968750000 0.0625000000 0.1041666667
2 0.0390625000 0.8437500000 0.0781250000 0.0791666667
1 0.1473958333 0.8578125000 0.0968750000 0.0656250000
1 0.2812500000 0.8598958333 0.0562500000 0.0697916667
1 0.3260416667 0.8614583333 0.0541666667 0.0770833333
1 0.3755208333 0.8635416667 0.0489583333 0.0750000000
3 0.6718750000 0.8473958333 0.0666666667 0.0406250000
3 0.7187500000 0.8494791667 0.0333333333 0.0406250000
2 0.8927083333 0.8854166667 0.1250000000 0.1125000000
2 0.9838541667 0.8958333333 0.0322916667 0.1020833333
