1 0.0158730159 0.0070546737 0.0317460317 0.0141093474
0 0.9417989418 0.0088183422 0.1164021164 0.0176366843
6 0.3633156966 0.0820105820 0.1552028219 0.1640211640
0 0.5211640212 0.0855379189 0.1710758377 0.1710758377
0 0.6763668430 0.0617283951 0.1746031746 0.1234567901
0 0.8192239859 0.0220458554 0.1428571429 0.0440917108
1 0.1834215168 0.2125220459 0.2081128748 0.3156966490
1 0.4056437390 0.2116402116 0.1375661376 0.0634920635
6 0.7239858907 0.2389770723 0.2028218695 0.2028218695
4 0.8800705467 0.2416225750 0.1446208113 0.2927689594
4 0.9506172840 0.2054673721 0.0987654321 0.3051146384
1 0.0599647266 0.2813051146 0.1199294533 0.2663139330
1 0.3500881834 0.4021164021 0.1957671958 0.2645502646
1 0.5299823633 0.3377425044 0.2275132275 0.2980599647
1 0.0114638448 0.5502645503 0.0229276896 0.2081128748
1 0.0652557319 0.5114638448 0.1305114638 0.2328042328
1 0.2045855379 0.4559082892 0.1940035273 0.2486772487
7 0.4232804233 0.6869488536 0.1552028219 0.1675485009
0 0.5758377425 0.6737213404 0.1992945326 0.2398589065
4 0.7195767196 0.6596119929 0.1728395062 0.2892416226
7 0.8474426808 0.6111111111 0.1075837743 0.2239858907
7 0.9303350970 0.5793650794 0.1040564374 0.2063492063
7 0.9805996473 0.5617283951 0.0388007055 0.2098765432
1 0.0564373898 0.7857142857 0.0952380952 0.1816578483
1 0.0211640212 0.8024691358 0.0423280423 0.1693121693
1 0.1878306878 0.7663139330 0.0934744268 0.1816578483
1 0.1331569665 0.7768959436 0.0899470899 0.1746031746
1 0.3112874780 0.7372134039 0.0970017637 0.1975308642
1 0.2469135802 0.7504409171 0.0917107584 0.1887125220
7 0.9788359788 0.7486772487 0.0423280423 0.1040564374
1 0.1014109347 0.9797178131 0.0970017637 0.0405643739
1 0.1869488536 0.9797178131 0.0811287478 0.0405643739
0 0.4964726631 0.9567901235 0.1040564374 0.0864197531
0 0.5679012346 0.9532627866 0.0634920635 0.0934744268
0 0.8315696649 0.9285714286 0.1781305115 0.1428571429
7 0.9497354497 0.9232804233 0.1005291005 0.1534391534
1 0.0308641975 0.9911816578 0.0617283951 0.0176366843
1 0.3051146384 0.9770723104 0.1305114638 0.0458553792
0 0.6649029982 0.9462081129 0.1516754850 0.1075837743
