1 0.4317375887 0.0691489362 0.1400709220 0.1099290780
1 0.5824468085 0.0753546099 0.1507092199 0.1258865248
1 0.7420212766 0.0700354610 0.1542553191 0.1400709220
1 0.9858156028 0.0629432624 0.0283687943 0.1117021277
1 0.4361702128 0.2083333333 0.1808510638 0.1400709220
1 0.6001773050 0.2065602837 0.1471631206 0.1400709220
1 0.7429078014 0.1976950355 0.1560283688 0.1258865248
1 0.8998226950 0.2039007092 0.1436170213 0.1170212766
1 0.9024822695 0.0815602837 0.1453900709 0.1382978723
1 0.9858156028 0.1737588652 0.0283687943 0.1099290780
1 0.6001773050 0.5088652482 0.1507092199 0.2517730496
1 0.7570921986 0.4920212766 0.1382978723 0.2358156028
1 0.8865248227 0.4654255319 0.1205673759 0.2322695035
1 0.9778368794 0.4512411348 0.0443262411 0.2109929078
1 0.4335106383 0.5345744681 0.1826241135 0.2322695035
8 0.9937943262 0.8147163121 0.0124113475 0.2074468085
1 0.5762411348 0.8882978723 0.1524822695 0.2234042553
1 0.7136524823 0.8723404255 0.1365248227 0.2553191489
8 0.8803191489 0.8572695035 0.2109929078 0.2500000000
1 0.4361702128 0.8945035461 0.1879432624 0.2109929078
