1 0.0244648318 0.0137614679 0.0489296636 0.0275229358
1 0.2889908257 0.0191131498 0.0764525994 0.0382262997
1 0.5244648318 0.0129969419 0.0795107034 0.0259938838
1 0.7316513761 0.0160550459 0.1574923547 0.0321100917
1 0.9464831804 0.0451070336 0.1070336391 0.0902140673
1 0.0787461774 0.0405198777 0.0688073394 0.0688073394
1 0.0198776758 0.0535168196 0.0397553517 0.0611620795
1 0.2094801223 0.0282874618 0.0917431193 0.0565749235
1 0.2010703364 0.0963302752 0.0871559633 0.0825688073
1 0.2897553517 0.0741590214 0.0902140673 0.0902140673
1 0.3769113150 0.0282874618 0.0626911315 0.0565749235
1 0.4839449541 0.0932721713 0.1697247706 0.1131498471
1 0.4457186544 0.0214067278 0.0626911315 0.0428134557
1 0.7454128440 0.0428134557 0.1636085627 0.0795107034
1 0.7568807339 0.0986238532 0.1712538226 0.0840978593
1 0.0145259939 0.1207951070 0.0290519878 0.0764525994
1 0.0535168196 0.1972477064 0.0917431193 0.0886850153
1 0.0718654434 0.1131498471 0.0856269113 0.0856269113
1 0.1995412844 0.1842507645 0.0963302752 0.0993883792
1 0.2920489297 0.1735474006 0.0978593272 0.1055045872
7 0.8004587156 0.1957186544 0.1452599388 0.1345565749
1 0.9663608563 0.1322629969 0.0672782875 0.1697247706
1 0.0045871560 0.2064220183 0.0091743119 0.0917431193
1 0.0496941896 0.2782874618 0.0871559633 0.0856269113
1 0.1896024465 0.2813455657 0.1039755352 0.1070336391
1 0.2798165138 0.2744648318 0.1039755352 0.0902140673
0 0.4816513761 0.2759938838 0.0795107034 0.0626911315
0 0.5596330275 0.2591743119 0.0886850153 0.0902140673
1 0.9870030581 0.2882262997 0.0259938838 0.1972477064
0 0.0366972477 0.3891437309 0.0733944954 0.1483180428
1 0.1857798165 0.3837920489 0.0932721713 0.1070336391
1 0.2882262997 0.3753822630 0.1085626911 0.1085626911
0 0.4655963303 0.3287461774 0.0810397554 0.0458715596
0 0.5588685015 0.3211009174 0.1024464832 0.0550458716
0 0.8119266055 0.3279816514 0.2079510703 0.1727828746
1 0.1743119266 0.4946483180 0.1100917431 0.1330275229
1 0.2775229358 0.4831804281 0.1116207951 0.1590214067
0 0.5191131498 0.4051987768 0.2094801223 0.1314984709
4 0.8241590214 0.4525993884 0.2507645260 0.1498470948
0 0.0328746177 0.4961773700 0.0657492355 0.1360856269
0 0.5428134557 0.5496941896 0.2201834862 0.1544342508
7 0.8662079511 0.5634556575 0.1941896024 0.0932721713
0 0.0229357798 0.6077981651 0.0458715596 0.1605504587
6 0.1437308869 0.6391437309 0.1529051988 0.1620795107
6 0.2652905199 0.6368501529 0.1269113150 0.1605504587
7 0.8937308869 0.6353211009 0.1788990826 0.0902140673
5 0.0237003058 0.7339449541 0.0474006116 0.1253822630
5 0.1567278287 0.7836391437 0.1116207951 0.1452599388
5 0.2660550459 0.7767584098 0.1253822630 0.1253822630
7 0.4151376147 0.7209480122 0.0596330275 0.2033639144
7 0.5496941896 0.7178899083 0.2247706422 0.2186544343
7 0.7469418960 0.7377675841 0.0902140673 0.1574923547
7 0.9090214067 0.7094801223 0.1819571865 0.0948012232
5 0.0129969419 0.8639143731 0.0259938838 0.1376146789
5 0.0665137615 0.8004587156 0.0871559633 0.1330275229
7 0.8333333333 0.8860856269 0.0886850153 0.0932721713
7 0.9724770642 0.8555045872 0.0550458716 0.0779816514
7 0.9273700306 0.7912844037 0.1452599388 0.0932721713
5 0.0091743119 0.9617737003 0.0183486239 0.0764525994
5 0.2048929664 0.9671253823 0.2262996942 0.0657492355
5 0.2125382263 0.8929663609 0.2385321101 0.1223241590
7 0.4013761468 0.9059633028 0.0932721713 0.1880733945
7 0.5665137615 0.9082568807 0.2431192661 0.1834862385
7 0.8646788991 0.9640672783 0.0871559633 0.0718654434
7 0.9510703364 0.9564220183 0.0978593272 0.0871559633
