1 0.1306306306 0.1016731017 0.1583011583 0.0849420849
1 0.3597168597 0.1164736165 0.1531531532 0.0810810811
1 0.1299871300 0.1795366795 0.1647361647 0.0836550837
1 0.3590733591 0.1814671815 0.1518661519 0.0772200772
1 0.5656370656 0.1473616474 0.1660231660 0.1093951094
1 0.7670527671 0.1640926641 0.1518661519 0.1119691120
1 0.9427284427 0.1724581725 0.1145431145 0.0797940798
1 0.1299871300 0.2503217503 0.1570141570 0.0785070785
1 0.3558558559 0.2438867439 0.1505791506 0.0759330759
1 0.5579150579 0.2464607465 0.1685971686 0.1119691120
1 0.7644787645 0.2599742600 0.1518661519 0.1106821107
1 0.9414414414 0.2451737452 0.1171171171 0.0810810811
1 0.1344916345 0.3507078507 0.1402831403 0.1222651223
1 0.3532818533 0.3095238095 0.1531531532 0.0733590734
1 0.5572715573 0.3462033462 0.1698841699 0.0978120978
1 0.7631917632 0.3526383526 0.1492921493 0.0952380952
1 0.9401544402 0.3178893179 0.1196911197 0.0849420849
1 0.3487773488 0.4388674389 0.1544401544 0.0720720721
1 0.3513513514 0.3745173745 0.1544401544 0.0746460746
1 0.5585585586 0.4298584299 0.1621621622 0.0952380952
1 0.7619047619 0.4356499356 0.1441441441 0.0913770914
1 0.9382239382 0.3963963964 0.1209781210 0.0746460746
1 0.1306306306 0.4761904762 0.1402831403 0.1209781210
1 0.3468468468 0.5025740026 0.1557271557 0.0707850708
1 0.5945945946 0.5186615187 0.0797940798 0.0875160875
1 0.7535392535 0.5231660232 0.1480051480 0.0862290862
1 0.9337194337 0.4697554698 0.1196911197 0.0720720721
1 0.1196911197 0.6113256113 0.1621621622 0.1492921493
1 0.3455598456 0.5675675676 0.1557271557 0.0694980695
1 0.5894465894 0.6081081081 0.0849420849 0.0888030888
1 0.7895752896 0.6106821107 0.0759330759 0.0810810811
1 0.7117117117 0.6081081081 0.0772200772 0.0836550837
1 0.8951093951 0.5579150579 0.0527670528 0.0990990991
1 0.9581724582 0.5579150579 0.0682110682 0.1016731017
1 0.3429858430 0.6312741313 0.1557271557 0.0656370656
1 0.3416988417 0.6962676963 0.1557271557 0.0643500644
1 0.5842985843 0.6962676963 0.0849420849 0.0900900901
1 0.7091377091 0.6917631918 0.0772200772 0.0836550837
1 0.8925353925 0.6583011583 0.0501930502 0.0965250965
1 0.9536679537 0.6621621622 0.0669240669 0.1016731017
1 0.3365508366 0.7631917632 0.1583011583 0.0694980695
1 0.7078507079 0.7767052767 0.0797940798 0.0913770914
1 0.7889317889 0.6994851995 0.0720720721 0.0785070785
1 0.8886743887 0.7612612613 0.0527670528 0.0913770914
1 0.9498069498 0.7625482625 0.0720720721 0.0939510940
1 0.3346203346 0.8281853282 0.1570141570 0.0656370656
1 0.5791505792 0.7857142857 0.0926640927 0.0888030888
1 0.7857142857 0.7818532819 0.0759330759 0.0810810811
1 0.8873873874 0.8532818533 0.0579150579 0.0900900901
1 0.9485199485 0.8577863578 0.0694980695 0.0939510940
1 0.3314028314 0.8938223938 0.1583011583 0.0707850708
1 0.5785070785 0.8732303732 0.0862290862 0.0862290862
1 0.7020592021 0.8687258687 0.0759330759 0.0900900901
1 0.7799227799 0.8667953668 0.0746460746 0.0913770914
1 0.3294723295 0.9581724582 0.1595881596 0.0733590734
1 0.5727155727 0.9588159588 0.0875160875 0.0823680824
1 0.6969111969 0.9581724582 0.0785070785 0.0836550837
1 0.7767052767 0.9575289575 0.0759330759 0.0823680824
1 0.8841698842 0.9504504505 0.0617760618 0.0965250965
1 0.9440154440 0.9485199485 0.0656370656 0.0952380952
