8 0.5069708492 0.0139416984 0.1520912548 0.0278833967
1 0.6730038023 0.0779467681 0.0735107731 0.1558935361
1 0.4518377693 0.1603295311 0.1330798479 0.2446134347
1 0.5779467681 0.1070975919 0.0887198986 0.2141951838
4 0.1419518378 0.2864385298 0.0430925222 0.1368821293
4 0.1901140684 0.2648922687 0.0583016477 0.1368821293
4 0.2338403042 0.2490494297 0.0367553866 0.1457541191
4 0.2839036755 0.2306717364 0.0532319392 0.1850443599
4 0.3472750317 0.1920152091 0.0912547529 0.1913814956
4 0.1051964512 0.3010139417 0.0380228137 0.1330798479
1 0.5817490494 0.3732572877 0.1140684411 0.2471482890
1 0.7027883397 0.3428390368 0.1381495564 0.2699619772
7 0.1799746515 0.4917617237 0.0481622307 0.0380228137
7 0.2097591888 0.4524714829 0.0240811153 0.0811153359
1 0.2794676806 0.4740177440 0.0544993663 0.1749049430
1 0.3250950570 0.4562737643 0.0544993663 0.1875792142
1 0.3979721166 0.4397972117 0.0887198986 0.2154626109
1 0.4828897338 0.4119138150 0.1013941698 0.2179974651
7 0.1463878327 0.5190114068 0.0342205323 0.0747782003
1 0.2294043093 0.6153358682 0.0735107731 0.0899873257
7 0.2141951838 0.5190114068 0.0152091255 0.0519645120
1 0.3105196451 0.6013941698 0.0912547529 0.0925221800
1 0.3897338403 0.5944233207 0.0773130545 0.0912547529
1 0.4721166033 0.5792141952 0.0874524715 0.0963244613
1 0.5614702155 0.5576679341 0.0988593156 0.1064638783
1 0.6825095057 0.5931558935 0.1457541191 0.2129277567
1 0.1140684411 0.6394169835 0.0481622307 0.0747782003
1 0.1115335868 0.7167300380 0.0532319392 0.0823827630
1 0.1685678074 0.6305449937 0.0506970849 0.0747782003
1 0.1634980989 0.7084917617 0.0506970849 0.0887198986
1 0.2325728771 0.7046894804 0.0621039290 0.0963244613
1 0.3079847909 0.6894803549 0.0861850444 0.1064638783
1 0.3878326996 0.6818757921 0.0836501901 0.1013941698
1 0.4708491762 0.6717363752 0.0849176172 0.1039290241
1 0.5602027883 0.6603295311 0.0937896071 0.0988593156
1 0.1425855513 0.8346007605 0.0468948035 0.1457541191
1 0.2667934094 0.8314321926 0.0570342205 0.1596958175
1 0.2224334601 0.8333333333 0.0468948035 0.1533586819
1 0.3200253485 0.8263624842 0.0494296578 0.1596958175
1 0.3719898606 0.8244613435 0.0595690748 0.1711026616
1 0.4455006337 0.8212927757 0.0671736375 0.1723700887
1 0.5152091255 0.8168567807 0.0798479087 0.1660329531
1 0.5906210393 0.8193916350 0.0709759189 0.1863117871
1 0.6685678074 0.8174904943 0.0798479087 0.1951837769
1 0.7439797212 0.8136882129 0.0861850444 0.1977186312
1 0.1001267427 0.8384030418 0.0430925222 0.1381495564
1 0.1825095057 0.8352344740 0.0456273764 0.1495564005
7 0.0855513308 0.9702154626 0.0925221800 0.0595690748
7 0.1970849176 0.9702154626 0.0671736375 0.0595690748
1 0.2737642586 0.9727503169 0.0887198986 0.0544993663
1 0.3859315589 0.9746514575 0.1381495564 0.0506970849
1 0.5247148289 0.9765525982 0.1622306717 0.0468948035
1 0.6958174905 0.9803548796 0.1850443599 0.0392902408
