7 0.0555555556 0.0606837607 0.1111111111 0.1213675214
7 0.2863247863 0.0324786325 0.1863247863 0.0649572650
7 0.5239316239 0.0538461538 0.1452991453 0.1076923077
7 0.7461538462 0.0393162393 0.1384615385 0.0786324786
0 0.9572649573 0.0230769231 0.0854700855 0.0461538462
7 0.0547008547 0.1641025641 0.1094017094 0.1094017094
5 0.2820512821 0.1504273504 0.1914529915 0.2017094017
7 0.5162393162 0.1863247863 0.1572649573 0.1846153846
7 0.7384615385 0.1162393162 0.1367521368 0.1025641026
0 0.9529914530 0.0957264957 0.0940170940 0.1230769231
4 0.0435897436 0.2598290598 0.0871794872 0.0991452991
7 0.7145299145 0.2589743590 0.1470085470 0.1179487179
7 0.9410256410 0.1974358974 0.1179487179 0.1076923077
4 0.0427350427 0.3452991453 0.0854700855 0.0923076923
7 0.2760683761 0.3290598291 0.1863247863 0.1897435897
7 0.5042735043 0.3581196581 0.1504273504 0.1794871795
7 0.7017094017 0.4008547009 0.1282051282 0.1623931624
4 0.0418803419 0.4393162393 0.0837606838 0.1162393162
1 0.2598290598 0.5179487179 0.1777777778 0.1914529915
4 0.0393162393 0.5538461538 0.0786324786 0.1128205128
6 0.4931623932 0.5282051282 0.1623931624 0.1709401709
7 0.6923076923 0.5461538462 0.1299145299 0.1384615385
1 0.0393162393 0.7085470085 0.0786324786 0.2034188034
1 0.2555555556 0.6538461538 0.1829059829 0.0803418803
1 0.2470085470 0.7358974359 0.1829059829 0.0803418803
6 0.4358974359 0.7290598291 0.0649572650 0.2205128205
6 0.4957264957 0.7316239316 0.0923076923 0.2051282051
7 0.6803418803 0.6735042735 0.1128205128 0.0888888889
1 0.2418803419 0.8136752137 0.1794871795 0.0786324786
2 0.6846153846 0.8290598291 0.1179487179 0.2188034188
1 0.0376068376 0.9034188034 0.0752136752 0.1931623932
1 0.2367521368 0.8905982906 0.1794871795 0.0786324786
5 0.4606837607 0.8786324786 0.1316239316 0.0991452991
1 0.2478632479 0.9632478632 0.1504273504 0.0735042735
5 0.4538461538 0.9615384615 0.1282051282 0.0769230769
2 0.8623931624 0.9871794872 0.1692307692 0.0256410256
