6 0.0132743363 0.0840707965 0.0265486726 0.1008849558
6 0.0681415929 0.0823008850 0.0902654867 0.0973451327
6 0.2300884956 0.0929203540 0.0955752212 0.1008849558
6 0.4654867257 0.1000000000 0.1238938053 0.0867256637
6 0.7336283186 0.0778761062 0.1008849558 0.1132743363
6 0.0663716814 0.1619469027 0.0654867257 0.0654867257
6 0.0176991150 0.1610619469 0.0353982301 0.0637168142
6 0.1991150442 0.1743362832 0.0867256637 0.0619469027
6 0.2761061947 0.1725663717 0.0601769912 0.0584070796
6 0.5893805310 0.1336283186 0.1451327434 0.2176991150
7 0.8283185841 0.2176991150 0.0530973451 0.0530973451
7 0.8274336283 0.1513274336 0.0548672566 0.0796460177
7 0.7814159292 0.2150442478 0.0477876106 0.0584070796
7 0.8778761062 0.2185840708 0.0530973451 0.0548672566
7 0.8778761062 0.1601769912 0.0530973451 0.0619469027
7 0.9513274336 0.1690265487 0.0973451327 0.0584070796
7 0.9513274336 0.2212389381 0.0973451327 0.0566371681
6 0.1194690265 0.4221238938 0.0902654867 0.1787610619
6 0.2061946903 0.4221238938 0.1008849558 0.1823008850
6 0.4150442478 0.3716814159 0.0619469027 0.0884955752
6 0.3141592920 0.3672566372 0.0938053097 0.0867256637
6 0.6088495575 0.3840707965 0.1699115044 0.0637168142
7 0.7123893805 0.4238938053 0.0584070796 0.0548672566
7 0.7707964602 0.4230088496 0.0584070796 0.0566371681
7 0.8610619469 0.4336283186 0.1150442478 0.0601769912
7 0.9584070796 0.4362831858 0.0831858407 0.0584070796
6 0.3194690265 0.4415929204 0.0902654867 0.0619469027
6 0.4194690265 0.4460176991 0.0955752212 0.0601769912
6 0.5752212389 0.4451327434 0.2053097345 0.0654867257
7 0.9584070796 0.4938053097 0.0831858407 0.0601769912
7 0.8619469027 0.4920353982 0.1132743363 0.0601769912
6 0.0654867257 0.6911504425 0.0920353982 0.1610619469
7 0.0141592920 0.7318584071 0.0283185841 0.0867256637
6 0.2654867257 0.7053097345 0.0814159292 0.0619469027
6 0.1557522124 0.6920353982 0.0955752212 0.1628318584
6 0.2637168142 0.6044247788 0.0814159292 0.0619469027
6 0.3460176991 0.6088495575 0.0725663717 0.0601769912
6 0.3522123894 0.7061946903 0.0849557522 0.0601769912
6 0.6194690265 0.6840707965 0.1132743363 0.1823008850
6 0.4991150442 0.6902654867 0.1238938053 0.1699115044
7 0.7628318584 0.6867256637 0.0707964602 0.0601769912
7 0.6955752212 0.6867256637 0.0672566372 0.0530973451
7 0.8557522124 0.6938053097 0.1221238938 0.0707964602
7 0.9610619469 0.6991150442 0.0778761062 0.0743362832
7 0.8628318584 0.6389380531 0.1292035398 0.0566371681
7 0.9619469027 0.6389380531 0.0761061947 0.0530973451
7 0.8539823009 0.7557522124 0.1150442478 0.0743362832
7 0.0318584071 0.9539823009 0.0637168142 0.0920353982
6 0.2238938053 0.9628318584 0.1469026549 0.0743362832
7 0.0991150442 0.9539823009 0.0743362832 0.0920353982
6 0.3548672566 0.9557522124 0.1079646018 0.0884955752
6 0.6265486726 0.9513274336 0.1876106195 0.0973451327
6 0.6230088496 0.9955752212 0.1911504425 0.0088495575
6 0.4716814159 0.9486725664 0.0938053097 0.0920353982
7 0.7814159292 0.9884955752 0.1115044248 0.0230088496
7 0.7725663717 0.9469026549 0.1115044248 0.0601769912
7 0.8893805310 0.9442477876 0.1150442478 0.0725663717
7 0.9734513274 0.9884955752 0.0530973451 0.0230088496
7 0.9734513274 0.9548672566 0.0530973451 0.0654867257
