1 0.8819951338 0.2128953771 0.1216545012 0.1216545012
2 0.9689781022 0.2025547445 0.0620437956 0.0717761557
7 0.1995133820 0.2761557178 0.0389294404 0.0948905109
7 0.2718978102 0.2810218978 0.0790754258 0.0851581509
7 0.3467153285 0.2785888078 0.0705596107 0.0875912409
2 0.4099756691 0.2639902676 0.0535279805 0.0535279805
1 0.4738442822 0.2864963504 0.0766423358 0.0912408759
1 0.5736009732 0.2682481752 0.0985401460 0.0961070560
1 0.6697080292 0.2621654501 0.1009732360 0.0961070560
1 0.7706812652 0.2530413625 0.1107055961 0.0997566910
1 0.8692214112 0.3363746959 0.1180048662 0.1326034063
2 0.9598540146 0.3260340633 0.0802919708 0.1459854015
4 0.0079075426 0.3722627737 0.0158150852 0.0924574209
4 0.0291970803 0.3710462287 0.0340632603 0.0924574209
4 0.1161800487 0.3710462287 0.0450121655 0.0924574209
4 0.0699513382 0.3643552311 0.0547445255 0.1058394161
4 0.1587591241 0.3637469586 0.0474452555 0.1070559611
7 0.2822384428 0.3698296837 0.0413625304 0.0900243309
7 0.2232360097 0.3704379562 0.0815085158 0.0961070560
7 0.3631386861 0.3692214112 0.0377128954 0.0912408759
7 0.3242092457 0.3686131387 0.0377128954 0.0900243309
2 0.4081508516 0.3521897810 0.0523114355 0.1180048662
1 0.4708029197 0.3704379562 0.0754257908 0.0815085158
1 0.5565693431 0.3594890511 0.1009732360 0.1009732360
1 0.6551094891 0.3552311436 0.1058394161 0.1021897810
1 0.7585158151 0.3485401460 0.1107055961 0.1107055961
7 0.0608272506 0.5510948905 0.0437956204 0.0875912409
7 0.0072992701 0.5048661800 0.0145985401 0.0559610706
7 0.1100973236 0.5492700730 0.0571776156 0.0985401460
5 0.2560827251 0.4987834550 0.0547445255 0.0316301703
5 0.2506082725 0.5291970803 0.0583941606 0.0316301703
5 0.3515815085 0.5000000000 0.0267639903 0.0291970803
5 0.3077858881 0.5298053528 0.0535279805 0.0304136253
5 0.3491484185 0.5310218978 0.0291970803 0.0304136253
5 0.4105839416 0.4987834550 0.0328467153 0.0316301703
5 0.3777372263 0.5310218978 0.0279805353 0.0304136253
5 0.4361313869 0.5395377129 0.0255474453 0.0279805353
5 0.3789537713 0.4993917275 0.0279805353 0.0304136253
5 0.4087591241 0.5310218978 0.0291970803 0.0304136253
3 0.9002433090 0.5273722628 0.0413625304 0.0377128954
3 0.9434306569 0.5291970803 0.0474452555 0.0389294404
7 0.0279805353 0.5583941606 0.0218978102 0.0705596107
7 0.0079075426 0.5644768856 0.0158150852 0.0583941606
0 0.0748175182 0.6532846715 0.0450121655 0.0535279805
5 0.2007299270 0.5583941606 0.0389294404 0.0900243309
5 0.1587591241 0.5559610706 0.0450121655 0.0875912409
5 0.2500000000 0.5596107056 0.0571776156 0.0291970803
5 0.2506082725 0.5912408759 0.0559610706 0.0243309002
5 0.3759124088 0.5942822384 0.0291970803 0.0255474453
5 0.3491484185 0.5632603406 0.0291970803 0.0291970803
5 0.3053527981 0.5632603406 0.0535279805 0.0340632603
5 0.3053527981 0.5918491484 0.0510948905 0.0255474453
5 0.3448905109 0.5936739659 0.0279805353 0.0243309002
5 0.4361313869 0.5705596107 0.0255474453 0.0291970803
5 0.4349148418 0.5967153285 0.0255474453 0.0206812652
5 0.4069343066 0.5650851582 0.0304136253 0.0352798054
5 0.3771289538 0.5638686131 0.0267639903 0.0279805353
5 0.4081508516 0.5954987835 0.0279805353 0.0255474453
1 0.4659367397 0.5632603406 0.0364963504 0.0924574209
1 0.5024330900 0.5632603406 0.0389294404 0.0948905109
1 0.5857664234 0.5656934307 0.0401459854 0.0948905109
1 0.5425790754 0.5632603406 0.0437956204 0.0973236010
1 0.6684914842 0.5663017032 0.0450121655 0.0985401460
1 0.6265206813 0.5656934307 0.0413625304 0.0973236010
1 0.7122871046 0.5656934307 0.0498783455 0.0997566910
1 0.7566909976 0.5663017032 0.0535279805 0.1009732360
1 0.8023114355 0.5681265207 0.0547445255 0.1021897810
3 0.8978102190 0.5663017032 0.0413625304 0.0401459854
1 0.8509732360 0.5693430657 0.0571776156 0.0997566910
3 0.8965936740 0.6021897810 0.0462287105 0.0364963504
3 0.9409975669 0.5839416058 0.0474452555 0.0778588808
0 0.0079075426 0.6666666667 0.0158150852 0.0389294404
0 0.0273722628 0.7439172749 0.0523114355 0.0498783455
0 0.0748175182 0.7268856448 0.0474452555 0.0961070560
0 0.1222627737 0.7347931873 0.0498783455 0.0875912409
5 0.2074209246 0.7208029197 0.0474452555 0.0474452555
5 0.1642335766 0.7548661800 0.0413625304 0.0498783455
5 0.1648418491 0.7037712895 0.0425790754 0.0523114355
5 0.2068126521 0.6690997567 0.0510948905 0.0559610706
5 0.2542579075 0.7220194647 0.0510948905 0.0450121655
5 0.2518248175 0.6757907543 0.0510948905 0.0474452555
5 0.3047445255 0.6751824818 0.0523114355 0.0535279805
5 0.3041362530 0.7250608273 0.0486618005 0.0437956204
5 0.3740875912 0.6776155718 0.0839416058 0.0583941606
5 0.3527980535 0.7274939173 0.0486618005 0.0437956204
5 0.4014598540 0.7281021898 0.0510948905 0.0450121655
5 0.4495133820 0.7281021898 0.0523114355 0.0450121655
1 0.5085158151 0.7238442822 0.0608272506 0.0559610706
1 0.5729927007 0.7256690998 0.0656934307 0.0571776156
1 0.6435523114 0.7256690998 0.0681265207 0.0596107056
1 0.7104622871 0.7341849148 0.0656934307 0.0571776156
1 0.7798053528 0.7366180049 0.0608272506 0.0596107056
1 0.8418491484 0.7427007299 0.0754257908 0.0596107056
1 0.7828467153 0.6824817518 0.0669099757 0.0632603406
1 0.8473236010 0.6824817518 0.0742092457 0.0608272506
1 0.9178832117 0.6891727494 0.0815085158 0.0669099757
1 0.9093673966 0.7475669100 0.0863746959 0.0596107056
5 0.2080291971 0.7633819951 0.0437956204 0.0401459854
5 0.2937956204 0.8552311436 0.0620437956 0.0608272506
5 0.2548661800 0.7664233577 0.0474452555 0.0389294404
5 0.3053527981 0.7688564477 0.0486618005 0.0413625304
5 0.3521897810 0.7718978102 0.0474452555 0.0450121655
5 0.3594890511 0.8582725061 0.0644768856 0.0693430657
5 0.4513381995 0.7749391727 0.0510948905 0.0510948905
5 0.4002433090 0.7737226277 0.0486618005 0.0462287105
1 0.5079075426 0.7785888078 0.0620437956 0.0535279805
1 0.5717761557 0.7834549878 0.0656934307 0.0510948905
1 0.6399026764 0.7852798054 0.0681265207 0.0547445255
1 0.7068126521 0.7919708029 0.0681265207 0.0535279805
1 0.8351581509 0.8004866180 0.0693430657 0.0632603406
1 0.7712895377 0.7937956204 0.0608272506 0.0571776156
1 0.9038929440 0.8047445255 0.0778588808 0.0620437956
0 0.0218978102 0.9288321168 0.0437956204 0.0523114355
0 0.0371046229 0.8710462287 0.0742092457 0.0364963504
0 0.0644768856 0.9330900243 0.0437956204 0.0535279805
0 0.1143552311 0.9136253041 0.0754257908 0.0948905109
0 0.1624087591 0.9276155718 0.0279805353 0.0377128954
5 0.2317518248 0.9239659367 0.0620437956 0.1034063260
5 0.2937956204 0.9349148418 0.0620437956 0.0961070560
5 0.3582725061 0.9379562044 0.0644768856 0.0948905109
5 0.4239659367 0.9476885645 0.0669099757 0.0997566910
5 0.4276155718 0.8765206813 0.0766423358 0.0498783455
1 0.4920924574 0.8734793187 0.0596107056 0.0559610706
1 0.4860097324 0.9318734793 0.0571776156 0.0583941606
1 0.5437956204 0.8832116788 0.0559610706 0.0510948905
1 0.6003649635 0.9403892944 0.0596107056 0.0608272506
1 0.6046228710 0.8819951338 0.0583941606 0.0632603406
1 0.5437956204 0.9355231144 0.0583941606 0.0559610706
1 0.6599756691 0.9458637470 0.0596107056 0.0547445255
1 0.6611922141 0.8929440389 0.0596107056 0.0632603406
1 0.7232360097 0.9032846715 0.0669099757 0.0644768856
1 0.7226277372 0.9622871046 0.0681265207 0.0583941606
1 0.7950121655 0.9148418491 0.0742092457 0.0705596107
1 0.4847931873 0.9787104623 0.0571776156 0.0425790754
1 0.5407542579 0.9799270073 0.0596107056 0.0401459854
1 0.5954987835 0.9829683698 0.0571776156 0.0340632603
1 0.6551094891 0.9854014599 0.0669099757 0.0291970803
1 0.7256690998 0.9920924574 0.0742092457 0.0158150852
1 0.7956204380 0.9720194647 0.0754257908 0.0559610706
1 0.8722627737 0.9738442822 0.0851581509 0.0523114355
1 0.9562043796 0.9781021898 0.0875912409 0.0437956204
1 0.8734793187 0.9239659367 0.0851581509 0.0620437956
1 0.9580291971 0.9300486618 0.0839416058 0.0571776156
