1 0.5410447761 0.0382462687 0.3320895522 0.0764925373
1 0.1641791045 0.0195895522 0.2873134328 0.0391791045
0 0.8787313433 0.0764925373 0.2425373134 0.1529850746
1 0.1669776119 0.0951492537 0.2742537313 0.1044776119
1 0.0130597015 0.2714552239 0.0261194030 0.1250000000
1 0.1632462687 0.2061567164 0.2444029851 0.1175373134
1 0.1697761194 0.3087686567 0.2537313433 0.0988805970
1 0.5214552239 0.1921641791 0.3152985075 0.2388059701
0 0.8544776119 0.3013059701 0.2910447761 0.2294776119
1 0.0195895522 0.3936567164 0.0391791045 0.1231343284
1 0.1744402985 0.4169776119 0.2518656716 0.0876865672
1 0.4972014925 0.3964552239 0.2779850746 0.2033582090
1 0.0270522388 0.5111940299 0.0541044776 0.1268656716
1 0.1772388060 0.4934701493 0.2350746269 0.0727611940
0 0.8302238806 0.4785447761 0.3059701493 0.1585820896
1 0.0345149254 0.6222014925 0.0690298507 0.0914179104
1 0.1875000000 0.6371268657 0.2257462687 0.0690298507
1 0.1847014925 0.5718283582 0.2350746269 0.0839552239
1 0.4561567164 0.5615671642 0.2070895522 0.1305970149
0 0.7798507463 0.6427238806 0.2873134328 0.1175373134
0 0.9869402985 0.5792910448 0.0261194030 0.1212686567
1 0.0345149254 0.7238805970 0.0690298507 0.0746268657
1 0.1893656716 0.7546641791 0.2145522388 0.0690298507
1 0.1902985075 0.6958955224 0.2201492537 0.0671641791
7 0.4514925373 0.6744402985 0.2126865672 0.0988805970
0 0.9561567164 0.7779850746 0.0876865672 0.1007462687
1 0.0382462687 0.8003731343 0.0764925373 0.0783582090
1 0.1949626866 0.8171641791 0.2033582090 0.0634328358
7 0.4496268657 0.8386194030 0.2089552239 0.1361940299
7 0.7098880597 0.8535447761 0.2406716418 0.1250000000
0 0.9291044776 0.8694029851 0.1417910448 0.0895522388
