1 0.4490171990 0.0245700246 0.0626535627 0.0491400491
1 0.5122850123 0.0233415233 0.0638820639 0.0466830467
1 0.6124078624 0.0110565111 0.1142506143 0.0221130221
1 0.7235872236 0.0092137592 0.1105651106 0.0184275184
1 0.0700245700 0.0454545455 0.0491400491 0.0565110565
1 0.0049140049 0.0988943489 0.0098280098 0.0528255528
1 0.0221130221 0.0429975430 0.0442260442 0.0565110565
1 0.0393120393 0.1007371007 0.0540540541 0.0491400491
1 0.2057739558 0.0368550369 0.0798525799 0.0712530713
1 0.3243243243 0.0651105651 0.0687960688 0.0638820639
1 0.3820638821 0.0356265356 0.0491400491 0.0712530713
1 0.4465601966 0.0786240786 0.0626535627 0.0614250614
1 0.5042997543 0.0737100737 0.0552825553 0.0515970516
1 0.6093366093 0.0878378378 0.1105651106 0.0552825553
1 0.6117936118 0.0399262899 0.1130221130 0.0577395577
1 0.7223587224 0.0380835381 0.1154791155 0.0565110565
1 0.0288697789 0.1713759214 0.0577395577 0.0970515971
1 0.0933660934 0.1087223587 0.0540540541 0.0577395577
1 0.0878378378 0.1719901720 0.0626535627 0.0687960688
1 0.2020884521 0.1670761671 0.0749385749 0.0663390663
1 0.2039312039 0.1019656020 0.0786240786 0.0712530713
1 0.3796068796 0.1074938575 0.0491400491 0.0700245700
1 0.3212530713 0.1259213759 0.0675675676 0.0577395577
1 0.4459459459 0.1369778870 0.0589680590 0.0626535627
1 0.5042997543 0.1345208845 0.0601965602 0.0724815725
1 0.6093366093 0.1369778870 0.1105651106 0.0577395577
1 0.7186732187 0.1167076167 0.1154791155 0.1179361179
2 0.0583538084 0.2493857494 0.1167076167 0.0761670762
1 0.2014742015 0.2285012285 0.0761670762 0.0589680590
1 0.3243243243 0.1830466830 0.0761670762 0.0589680590
1 0.3101965602 0.2401719902 0.1117936118 0.0601965602
1 0.4631449631 0.2039312039 0.0270270270 0.0712530713
1 0.5024570025 0.2063882064 0.0540540541 0.0712530713
1 0.6068796069 0.1873464373 0.1130221130 0.0552825553
1 0.7149877150 0.2254299754 0.1154791155 0.1117936118
2 0.0288697789 0.3144963145 0.0577395577 0.0589680590
1 0.0866093366 0.3151105651 0.0626535627 0.0601965602
1 0.1842751843 0.2850122850 0.1081081081 0.0614250614
1 0.2807125307 0.3058968059 0.0651105651 0.0737100737
1 0.3390663391 0.3058968059 0.0565110565 0.0737100737
3 0.4668304668 0.3237100737 0.0368550369 0.0282555283
3 0.4299754300 0.3243243243 0.0368550369 0.0319410319
1 0.4631449631 0.2739557740 0.0294840295 0.0712530713
1 0.5036855037 0.2764127764 0.0565110565 0.0687960688
3 0.5036855037 0.3237100737 0.0393120393 0.0257985258
1 0.6038083538 0.2641277641 0.1117936118 0.1105651106
1 0.7125307125 0.3083538084 0.1154791155 0.0466830467
