5 0.1784682081 0.0093930636 0.0505780347 0.0187861272
5 0.2695086705 0.0072254335 0.1315028902 0.0144508671
5 0.7463872832 0.0260115607 0.0476878613 0.0520231214
5 0.9147398844 0.0180635838 0.0722543353 0.0361271676
5 0.9747109827 0.0209537572 0.0505780347 0.0419075145
5 0.0325144509 0.0252890173 0.0650289017 0.0505780347
5 0.0939306358 0.0267341040 0.0606936416 0.0534682081
5 0.1813583815 0.0729768786 0.0447976879 0.1026011561
5 0.2738439306 0.0686416185 0.1315028902 0.1026011561
5 0.4313583815 0.0549132948 0.1459537572 0.1098265896
5 0.5787572254 0.0541907514 0.0505780347 0.1083815029
5 0.6394508671 0.0527456647 0.0765895954 0.1054913295
5 0.7456647399 0.0946531792 0.0491329480 0.0910404624
5 0.8078034682 0.0267341040 0.0664739884 0.0534682081
5 0.8085260116 0.0982658960 0.0650289017 0.0838150289
5 0.9140173410 0.0794797688 0.0708092486 0.0895953757
5 0.2138728324 0.1777456647 0.0289017341 0.0982658960
5 0.1040462428 0.1026011561 0.0491329480 0.0838150289
5 0.1083815029 0.1893063584 0.0520231214 0.0924855491
5 0.2817919075 0.1734104046 0.1242774566 0.1011560694
5 0.4364161850 0.1632947977 0.1387283237 0.1098265896
5 0.5809248555 0.1611271676 0.0520231214 0.1026011561
5 0.6416184971 0.1640173410 0.0722543353 0.1054913295
5 0.8005780347 0.1842485549 0.0664739884 0.0910404624
5 0.7319364162 0.1864161850 0.0679190751 0.0867052023
5 0.9132947977 0.1734104046 0.0722543353 0.0982658960
5 0.9739884393 0.1705202312 0.0520231214 0.1011560694
5 0.1076589595 0.2789017341 0.0505780347 0.0895953757
5 0.2167630058 0.2723988439 0.0260115607 0.0968208092
5 0.2875722543 0.2716763006 0.1213872832 0.0953757225
5 0.4407514451 0.2702312139 0.1358381503 0.0982658960
5 0.5809248555 0.2651734104 0.0433526012 0.0997109827
5 0.7933526012 0.2731213873 0.0606936416 0.0867052023
5 0.7268786127 0.2752890173 0.0693641618 0.0852601156
5 0.9104046243 0.2680635838 0.0751445087 0.0939306358
5 0.9718208092 0.2680635838 0.0563583815 0.0997109827
1 0.3735549133 0.3901734104 0.0447976879 0.0780346821
1 0.5592485549 0.3981213873 0.0693641618 0.0736994220
1 0.6394508671 0.4104046243 0.0765895954 0.0895953757
1 0.7276011561 0.3923410405 0.0736994220 0.0881502890
1 0.8049132948 0.3916184971 0.0780346821 0.0895953757
1 0.9010115607 0.4696531792 0.0765895954 0.0809248555
1 0.9031791908 0.3858381503 0.0780346821 0.0867052023
1 0.9703757225 0.3858381503 0.0592485549 0.0867052023
1 0.6351156069 0.5057803468 0.0823699422 0.0838150289
1 0.7947976879 0.4841040462 0.0722543353 0.0895953757
1 0.7239884393 0.4841040462 0.0722543353 0.0924855491
1 0.9002890173 0.5520231214 0.0751445087 0.0809248555
1 0.9696531792 0.4710982659 0.0606936416 0.0838150289
1 0.9689306358 0.5541907514 0.0621387283 0.0794797688
1 0.6408959538 0.6011560694 0.0736994220 0.0838150289
1 0.8056358382 0.5736994220 0.0794797688 0.0895953757
1 0.7283236994 0.5722543353 0.0751445087 0.0867052023
1 0.8981213873 0.6322254335 0.0736994220 0.0823699422
1 0.9682080925 0.6365606936 0.0635838150 0.0823699422
1 0.7232658960 0.7442196532 0.0679190751 0.0867052023
1 0.7933526012 0.7442196532 0.0722543353 0.0867052023
1 0.7218208092 0.6618497110 0.0650289017 0.0867052023
1 0.7919075145 0.6611271676 0.0722543353 0.0823699422
1 0.8988439306 0.7124277457 0.0722543353 0.0693641618
1 0.9682080925 0.7153179191 0.0635838150 0.0780346821
1 0.7890173410 0.8164739884 0.0664739884 0.0578034682
1 0.7210982659 0.8135838150 0.0635838150 0.0491329480
1 0.9060693642 0.7911849711 0.0809248555 0.0765895954
1 0.8966763006 0.8699421965 0.0679190751 0.0809248555
1 0.9660404624 0.8786127168 0.0679190751 0.0838150289
1 0.9010115607 0.9523121387 0.0563583815 0.0606936416
1 0.9674855491 0.9523121387 0.0650289017 0.0780346821
