7 0.1502047083 0.1210337769 0.0619242579 0.1571136131
7 0.0893039918 0.1187308086 0.0649948823 0.1525076766
7 0.2090583419 0.1079836233 0.0619242579 0.1422722620
7 0.2768679632 0.1067041965 0.0665301945 0.1407369498
1 0.3707778915 0.0926305015 0.1131013306 0.1310133060
1 0.4590583419 0.0972364381 0.0644831116 0.1473899693
1 0.5880245650 0.0890481064 0.0696008188 0.1473899693
1 0.5237973388 0.0931422723 0.0639713408 0.1545547595
1 0.6591606960 0.0852098260 0.0665301945 0.1448311157
8 0.7922210850 0.0585977482 0.1914022518 0.0926305015
2 0.9411463664 0.0928863869 0.1054247697 0.1796315251
2 0.9905322416 0.0880245650 0.0189355169 0.1760491300
7 0.0225179120 0.1384339816 0.0450358240 0.1980552712
8 0.7981064483 0.1827021494 0.1888433982 0.0522006141
7 0.1757932446 0.2968270215 0.0721596725 0.0573183214
7 0.2420675537 0.2922210850 0.0716479017 0.0573183214
1 0.3070624360 0.2881269191 0.0675537359 0.0470829069
1 0.3723132037 0.2858239509 0.0690890481 0.0486182190
1 0.4426816786 0.2906857728 0.0777891505 0.0562947799
1 0.5181678608 0.2842886387 0.0793244626 0.0557830092
6 0.7722620266 0.2873592631 0.0962128966 0.0639713408
6 0.8636131013 0.2868474923 0.1038894575 0.0844421699
6 0.9541965200 0.2768679632 0.0916069601 0.0685772774
7 0.0289150461 0.3500511771 0.0578300921 0.0481064483
7 0.0319856704 0.3029682702 0.0639713408 0.0440122825
7 0.0972364381 0.3510747185 0.0706243603 0.0532241556
7 0.1038894575 0.3004094166 0.0798362334 0.0501535312
7 0.1711873081 0.3469805527 0.0639713408 0.0481064483
7 0.2402763562 0.3444216991 0.0701125896 0.0522006141
1 0.3096212897 0.3390481064 0.0675537359 0.0619242579
1 0.3771750256 0.3367451382 0.0726714432 0.0583418628
1 0.4498464688 0.3480040942 0.0736949846 0.0624360287
1 0.5235414534 0.3457011259 0.0788126919 0.0639713408
1 0.5834186285 0.3162743091 0.0573183214 0.1156601842
1 0.6389457523 0.3101330604 0.0598771750 0.1187308086
1 0.7003582395 0.3137154555 0.0649948823 0.1238485159
6 0.7771238485 0.3508188332 0.0926305015 0.0701125896
6 0.8564483112 0.3561924258 0.0690890481 0.0501535312
6 0.9534288639 0.3439099284 0.0931422723 0.0675537359
7 0.0240532242 0.3973899693 0.0481064483 0.0506653019
7 0.0926305015 0.3922722620 0.0716479017 0.0383828045
7 0.1688843398 0.3938075742 0.0716479017 0.0435005118
7 0.1850051177 0.4700614125 0.0742067554 0.0598771750
7 0.2395087001 0.3856192426 0.0696008188 0.0404298874
7 0.2599795292 0.4685261003 0.0726714432 0.0588536336
1 0.4211873081 0.4654554759 0.0900716479 0.0619242579
1 0.5145854657 0.4634083930 0.0875127943 0.0629477994
1 0.5972364381 0.4603377687 0.0870010235 0.0690890481
5 0.9032753327 0.4547082907 0.0921187308 0.0772773797
5 0.9715967247 0.4501023541 0.0568065507 0.0649948823
7 0.0342886387 0.4767144319 0.0685772774 0.0588536336
7 0.0332650972 0.5319856704 0.0665301945 0.0568065507
7 0.1051688843 0.5324974411 0.0772773797 0.0629477994
7 0.1072159672 0.4746673490 0.0783009212 0.0588536336
7 0.1829580348 0.5307062436 0.0762538383 0.0644831116
7 0.2587001024 0.5294268168 0.0742067554 0.0639713408
1 0.3354657114 0.4994882293 0.0834186285 0.1269191402
1 0.4232343910 0.5342886387 0.0849539406 0.0552712385
1 0.5071647902 0.5294268168 0.0849539406 0.0598771750
1 0.5997952917 0.5207267144 0.0880245650 0.0649948823
6 0.6798874104 0.4897645855 0.0813715455 0.1248720573
6 0.7507676561 0.4892528147 0.0808597748 0.1320368475
6 0.8270214944 0.4851586489 0.0859774821 0.1330603889
5 0.8940634596 0.5304503582 0.0818833163 0.0752302968
5 0.9667349028 0.5181678608 0.0665301945 0.0752302968
1 0.6811668373 0.6343398158 0.0716479017 0.0506653019
6 0.8257420676 0.6455987718 0.0875127943 0.0711361310
6 0.9040429887 0.6458546571 0.0844421699 0.0767656090
6 0.9692937564 0.6461105425 0.0614124872 0.0793244626
7 0.0209825998 0.6606960082 0.0419651996 0.0665301945
7 0.0209825998 0.7244114637 0.0419651996 0.0588536336
7 0.0793244626 0.7200614125 0.0859774821 0.0655066530
7 0.0829068577 0.6601842375 0.0849539406 0.0614124872
7 0.1622313204 0.6571136131 0.0870010235 0.0614124872
7 0.1624872057 0.7182702149 0.0834186285 0.0639713408
1 0.3224155578 0.7310644831 0.0696008188 0.0731832139
1 0.2446264074 0.7318321392 0.0818833163 0.0747185261
1 0.2441146366 0.6583930399 0.0818833163 0.0742067554
1 0.3231832139 0.6535312180 0.0772773797 0.0655066530
1 0.3976458547 0.7154554759 0.0696008188 0.0675537359
1 0.3958546571 0.6504605937 0.0690890481 0.0583418628
1 0.4657113613 0.6496929376 0.0716479017 0.0588536336
1 0.4646878199 0.7149437052 0.0716479017 0.0696008188
1 0.5371033777 0.7128966223 0.0711361310 0.0696008188
1 0.5381269191 0.6489252815 0.0711361310 0.0593654043
1 0.6092630502 0.6466223132 0.0711361310 0.0639713408
1 0.6095189355 0.7103377687 0.0777891505 0.0614124872
1 0.7561412487 0.6747697032 0.0803480041 0.1305015353
7 0.0166325486 0.7778915046 0.0332650972 0.0511770727
7 0.0788126919 0.7750767656 0.0808597748 0.0486182190
7 0.1594165814 0.7720061412 0.0793244626 0.0486182190
3 0.0079324463 0.8897134084 0.0158648925 0.0987717503
7 0.0353121801 0.8922722620 0.0511770727 0.1100307062
7 0.0731832139 0.8851074719 0.0429887410 0.0957011259
7 0.1156601842 0.8838280450 0.0460593654 0.1003070624
5 0.1542988741 0.8884339816 0.0353121801 0.0409416581
5 0.2070112590 0.8948311157 0.0291709314 0.0414534289
5 0.1663254862 0.8523541453 0.0399181167 0.0363357216
5 0.2047082907 0.8523541453 0.0429887410 0.0414534289
5 0.2479529171 0.8508188332 0.0465711361 0.0455475947
5 0.2896622313 0.8646366428 0.0409416581 0.0752302968
1 0.4117195496 0.8628454452 0.0752302968 0.0706243603
5 0.3311156602 0.8738485159 0.0419651996 0.0895598772
1 0.4907881269 0.8625895599 0.0870010235 0.0783009212
1 0.5857215967 0.8518423746 0.0946775844 0.0649948823
1 0.5846980553 0.8518423746 0.0987717503 0.0629477994
1 0.6747697032 0.8492835210 0.0905834186 0.0629477994
1 0.7658648925 0.8477482088 0.0905834186 0.0639713408
1 0.8526100307 0.8472364381 0.0839303992 0.0711361310
6 0.9306550665 0.8536335722 0.0762538383 0.0839303992
6 0.9800409417 0.8497952917 0.0399181167 0.0783009212
5 0.1589048106 0.9296315251 0.0342886387 0.0394063460
1 0.4094165814 0.9327021494 0.0798362334 0.0731832139
1 0.4907881269 0.9324462641 0.0829068577 0.0675537359
1 0.5821392016 0.9206755374 0.0813715455 0.0767656090
1 0.6709314227 0.9170931423 0.0972364381 0.0788126919
1 0.7638178096 0.9153019447 0.0977482088 0.0742067554
1 0.8559365404 0.9140225179 0.0905834186 0.0747185261
6 0.9434493347 0.9324462641 0.0844421699 0.0818833163
6 0.9882292733 0.9311668373 0.0235414534 0.0854657114
