7 0.0302325581 0.0052325581 0.0604651163 0.0104651163
0 0.0866279070 0.0063953488 0.0755813953 0.0127906977
0 0.1581395349 0.0093023256 0.0837209302 0.0186046512
7 0.2273255814 0.0174418605 0.0732558140 0.0348837209
2 0.8279069767 0.0529069767 0.1441860465 0.1058139535
7 0.1127906977 0.1273255814 0.0674418605 0.0941860465
7 0.1720930233 0.1325581395 0.0697674419 0.0930232558
7 0.2691860465 0.1488372093 0.0802325581 0.1000000000
7 0.3656976744 0.1575581395 0.1104651163 0.0872093023
7 0.4645348837 0.1639534884 0.0941860465 0.0883720930
7 0.5511627907 0.1720930233 0.0604651163 0.0767441860
2 0.6569767442 0.1691860465 0.1488372093 0.0802325581
2 0.8639534884 0.2052325581 0.1232558140 0.0616279070
0 0.0203488372 0.2691860465 0.0406976744 0.0988372093
7 0.0994186047 0.2784883721 0.1337209302 0.0988372093
7 0.2197674419 0.2837209302 0.1255813953 0.1069767442
7 0.3366279070 0.2918604651 0.1220930233 0.1023255814
6 0.4523255814 0.2994186047 0.1162790698 0.1104651163
6 0.5906976744 0.2976744186 0.1395348837 0.0627906977
6 0.5889534884 0.3383720930 0.1500000000 0.0441860465
5 0.6906976744 0.3215116279 0.0674418605 0.0895348837
5 0.7552325581 0.3261627907 0.0686046512 0.0872093023
5 0.8255813953 0.3284883721 0.0767441860 0.0872093023
5 0.8976744186 0.3308139535 0.0697674419 0.0918604651
0 0.0040697674 0.4377906977 0.0081395349 0.1406976744
7 0.0686046512 0.4401162791 0.1372093023 0.1267441860
5 0.1953488372 0.4430232558 0.1372093023 0.1302325581
7 0.3168604651 0.4470930233 0.1290697674 0.1267441860
1 0.4453488372 0.4581395349 0.1302325581 0.1209302326
1 0.5936046512 0.4668604651 0.0546511628 0.1244186047
1 0.5377906977 0.4610465116 0.0546511628 0.1244186047
1 0.6465116279 0.4703488372 0.0534883721 0.1220930233
1 0.6988372093 0.4738372093 0.0534883721 0.1220930233
1 0.7726744186 0.4662790698 0.0988372093 0.1023255814
5 0.8441860465 0.4779069767 0.0558139535 0.1162790698
5 0.8936046512 0.4790697674 0.0569767442 0.1162790698
7 0.0877906977 0.6337209302 0.1755813953 0.1488372093
7 0.2046511628 0.6348837209 0.0744186047 0.1488372093
4 0.2697674419 0.6441860465 0.0674418605 0.1372093023
4 0.3279069767 0.6453488372 0.0627906977 0.1372093023
4 0.3918604651 0.6470930233 0.0790697674 0.1383720930
4 0.4697674419 0.6500000000 0.0767441860 0.1372093023
1 0.5750000000 0.6488372093 0.1383720930 0.1348837209
1 0.7098837209 0.6517441860 0.1360465116 0.1360465116
5 0.8017441860 0.6476744186 0.0593023256 0.1209302326
5 0.8552325581 0.6511627907 0.0523255814 0.1209302326
5 0.9604651163 0.6552325581 0.0627906977 0.1244186047
5 0.9104651163 0.6540697674 0.0604651163 0.1267441860
5 0.8482558140 0.8389534884 0.0476744186 0.1011627907
5 0.8918604651 0.8325581395 0.0441860465 0.0930232558
5 0.9395348837 0.8331395349 0.0534883721 0.0941860465
5 0.9796511628 0.8093023256 0.0406976744 0.0418604651
0 0.0273255814 0.8697674419 0.0546511628 0.1767441860
0 0.0924418605 0.8703488372 0.0872093023 0.1732558140
0 0.1686046512 0.8691860465 0.0767441860 0.1709302326
4 0.2377906977 0.8720930233 0.0802325581 0.1720930233
4 0.3168604651 0.8691860465 0.0755813953 0.1709302326
4 0.3854651163 0.8703488372 0.0732558140 0.1662790698
4 0.4697674419 0.8691860465 0.0930232558 0.1686046512
1 0.6110465116 0.8587209302 0.0593023256 0.1476744186
1 0.7308139535 0.8610465116 0.0569767442 0.1383720930
1 0.6726744186 0.8610465116 0.0593023256 0.1406976744
1 0.7877906977 0.8604651163 0.0662790698 0.1395348837
5 0.9813953488 0.8540697674 0.0372093023 0.0430232558
7 0.0476744186 0.9970930233 0.0953488372 0.0058139535
7 0.3052325581 0.9930232558 0.1313953488 0.0139534884
7 0.3959302326 0.9918604651 0.0569767442 0.0162790698
7 0.4994186047 0.9918604651 0.0523255814 0.0162790698
7 0.4505813953 0.9924418605 0.0546511628 0.0151162791
7 0.5476744186 0.9918604651 0.0534883721 0.0162790698
7 0.6523255814 0.9918604651 0.0558139535 0.0162790698
7 0.6005813953 0.9918604651 0.0546511628 0.0162790698
7 0.7052325581 0.9901162791 0.0569767442 0.0197674419
3 0.7563953488 0.9895348837 0.0639534884 0.0209302326
3 0.8058139535 0.9906976744 0.0465116279 0.0186046512
3 0.8546511628 0.9883720930 0.0488372093 0.0232558140
5 0.9023255814 0.9872093023 0.0441860465 0.0255813953
5 0.9552325581 0.9883720930 0.0616279070 0.0232558140
5 0.9889534884 0.9872093023 0.0220930233 0.0255813953
