1 0.1472727273 0.3581818182 0.1927272727 0.1054545455
1 0.3709090909 0.3663636364 0.1054545455 0.0963636364
1 0.4663636364 0.3736363636 0.1036363636 0.0927272727
1 0.5827272727 0.3981818182 0.1109090909 0.1127272727
1 0.6763636364 0.3881818182 0.0872727273 0.1218181818
1 0.7690909091 0.3936363636 0.0981818182 0.1145454545
1 0.9545454545 0.3745454545 0.0909090909 0.0872727273
1 0.0118181818 0.5090909091 0.0236363636 0.1236363636
1 0.1718181818 0.4645454545 0.2018181818 0.1109090909
1 0.3881818182 0.4709090909 0.1072727273 0.1054545455
1 0.4890909091 0.4772727273 0.1054545455 0.1072727273
1 0.6927272727 0.5136363636 0.0872727273 0.1218181818
1 0.6036363636 0.5163636364 0.0981818182 0.1309090909
1 0.9536363636 0.4600000000 0.0927272727 0.0872727273
2 0.0172727273 0.6272727273 0.0345454545 0.1272727273
1 0.1845454545 0.5663636364 0.1909090909 0.1036363636
1 0.4027272727 0.5763636364 0.1145454545 0.1090909091
1 0.5072727273 0.5927272727 0.0945454545 0.0836363636
1 0.6890909091 0.6300000000 0.0872727273 0.0963636364
1 0.7736363636 0.5245454545 0.1000000000 0.1036363636
1 0.9536363636 0.5436363636 0.0927272727 0.0763636364
1 0.9563636364 0.6127272727 0.0872727273 0.0727272727
1 0.2136363636 0.6663636364 0.2018181818 0.0963636364
1 0.4227272727 0.6863636364 0.0854545455 0.1109090909
1 0.5172727273 0.6872727273 0.1036363636 0.1163636364
1 0.6163636364 0.6418181818 0.0800000000 0.1090909091
1 0.7809090909 0.6354545455 0.0963636364 0.1036363636
1 0.9563636364 0.7500000000 0.0872727273 0.0636363636
1 0.9563636364 0.6809090909 0.0872727273 0.0709090909
2 0.0445454545 0.7563636364 0.0890909091 0.1600000000
1 0.2254545455 0.7636363636 0.1963636364 0.0981818182
1 0.2009090909 0.8672727273 0.0890909091 0.1054545455
1 0.2927272727 0.8654545455 0.0909090909 0.1018181818
1 0.5218181818 0.8027272727 0.1018181818 0.1218181818
1 0.7409090909 0.8254545455 0.1872727273 0.1018181818
7 0.9527272727 0.8200000000 0.0945454545 0.0690909091
2 0.0581818182 0.9100000000 0.1163636364 0.1654545455
0 0.2618181818 0.9600000000 0.1818181818 0.0800000000
1 0.5436363636 0.9018181818 0.0836363636 0.0836363636
0 0.6536363636 0.9063636364 0.0527272727 0.0636363636
0 0.7545454545 0.9700000000 0.1745454545 0.0600000000
0 0.7581818182 0.9136363636 0.1600000000 0.0745454545
7 0.9736363636 0.9163636364 0.0527272727 0.1345454545
1 0.5090909091 0.9754545455 0.1781818182 0.0490909091
0 0.9590909091 0.9909090909 0.0818181818 0.0181818182
