5 0.1166861144 0.0040840140 0.1376896149 0.0081680280
6 0.2421236873 0.0093348891 0.0968494749 0.0186697783
6 0.3378063011 0.0151691949 0.0968494749 0.0303383897
6 0.4323220537 0.0210035006 0.0921820303 0.0420070012
1 0.5221703617 0.0256709452 0.0898483081 0.0513418903
1 0.6050175029 0.0297549592 0.0805134189 0.0595099183
1 0.6872812135 0.0361726954 0.0886814469 0.0723453909
5 0.1936989498 0.1050175029 0.1470245041 0.1166861144
5 0.0099183197 0.1814469078 0.0198366394 0.1015169195
5 0.0723453909 0.1872812135 0.1166861144 0.0968494749
5 0.2018669778 0.1936989498 0.1330221704 0.0933488915
6 0.3115519253 0.1505250875 0.0886814469 0.1843640607
6 0.3961493582 0.1563593932 0.0875145858 0.1796966161
1 0.4883313886 0.2112018670 0.0898483081 0.0933488915
1 0.5822637106 0.2135355893 0.0840140023 0.0886814469
1 0.6627771295 0.2176196033 0.0793465578 0.0921820303
5 0.0250875146 0.3599766628 0.0501750292 0.1668611435
5 0.0962660443 0.3611435239 0.1225204201 0.1598599767
5 0.2147024504 0.3570595099 0.1353558926 0.1610268378
1 0.3413068845 0.3903150525 0.1108518086 0.0921820303
1 0.4463243874 0.3879813302 0.1015169195 0.0898483081
1 0.5402567095 0.3879813302 0.0840140023 0.0851808635
1 0.6231038506 0.3897316219 0.0793465578 0.0816802800
1 0.2380396733 0.5291715286 0.1190198366 0.0945157526
1 0.3500583431 0.5274212369 0.1120186698 0.0886814469
1 0.4457409568 0.5215869312 0.0910151692 0.0816802800
1 0.5367561260 0.5198366394 0.0840140023 0.0665110852
1 0.6196032672 0.5186697783 0.0793465578 0.0665110852
5 0.0396732789 0.5828471412 0.0793465578 0.1575262544
5 0.1231038506 0.5764294049 0.1271878646 0.1563593932
1 0.2415402567 0.6050175029 0.1166861144 0.0758459743
1 0.3483080513 0.5997666278 0.1061843641 0.0676779463
1 0.4404900817 0.5921820303 0.0898483081 0.0688448075
1 0.5320886814 0.5828471412 0.0840140023 0.0688448075
1 0.6067677946 0.5799299883 0.0746791132 0.0606767795
7 0.2858809802 0.7409568261 0.0840140023 0.0933488915
7 0.3611435239 0.7327887981 0.0735122520 0.0816802800
1 0.4352392065 0.7217036173 0.0816802800 0.1061843641
1 0.5099183197 0.7100350058 0.0723453909 0.0945157526
1 0.5863477246 0.7030338390 0.0898483081 0.0968494749
6 0.0157526254 0.7707117853 0.0315052509 0.1015169195
6 0.0962660443 0.7508751459 0.1341890315 0.1085180863
7 0.2042007001 0.7467911319 0.0863477246 0.1003500583
1 0.5834305718 0.8348891482 0.0863477246 0.0968494749
7 0.0379229872 0.9224037340 0.0758459743 0.0875145858
7 0.1184364061 0.9311551925 0.0851808635 0.0583430572
7 0.2047841307 0.9130688448 0.0735122520 0.0688448075
7 0.2800466744 0.8815635939 0.0583430572 0.0781796966
1 0.3535589265 0.8704784131 0.0770128355 0.0910151692
1 0.4259043174 0.8617269545 0.0723453909 0.0898483081
1 0.5035005834 0.8477246208 0.0851808635 0.0898483081
1 0.2730455076 0.9889148191 0.0816802800 0.0221703617
7 0.5752625438 0.9918319720 0.0746791132 0.0163360560
1 0.1896149358 0.9964994166 0.0898483081 0.0070011669
