1 0.4138576779 0.0337078652 0.1910112360 0.0674157303
1 0.5936329588 0.0299625468 0.1797752809 0.0599250936
1 0.7471910112 0.0224719101 0.1460674157 0.0449438202
1 0.8932584270 0.0149812734 0.1348314607 0.0299625468
1 0.9812734082 0.0140449438 0.0374531835 0.0280898876
5 0.0795880150 0.1020599251 0.1591760300 0.2041198502
5 0.2294007491 0.0964419476 0.2041198502 0.1928838951
1 0.4194756554 0.1132958801 0.1872659176 0.1217228464
1 0.5908239700 0.1048689139 0.1704119850 0.1086142322
1 0.7387640449 0.0926966292 0.1441947566 0.1104868914
1 0.8857677903 0.0777153558 0.1348314607 0.1104868914
1 0.9728464419 0.0730337079 0.0543071161 0.0973782772
7 0.4906367041 0.3314606742 0.1348314607 0.1498127341
7 0.6114232210 0.3183520599 0.1179775281 0.1310861423
1 0.7303370787 0.3005617978 0.1310861423 0.1704119850
1 0.8501872659 0.2818352060 0.1161048689 0.1516853933
1 0.9503745318 0.2705992509 0.0992509363 0.1554307116
6 0.0411985019 0.3792134831 0.0823970037 0.1629213483
6 0.1863295880 0.3473782772 0.2153558052 0.1741573034
7 0.3595505618 0.3408239700 0.1385767790 0.1610486891
1 0.9494382022 0.4822097378 0.1011235955 0.1554307116
7 0.0767790262 0.6226591760 0.1535580524 0.1404494382
7 0.2219101124 0.6367041199 0.1367041199 0.0936329588
7 0.3604868914 0.6076779026 0.1179775281 0.1104868914
7 0.4812734082 0.5571161049 0.0936329588 0.1254681648
1 0.5992509363 0.5393258427 0.1235955056 0.1460674157
1 0.7153558052 0.5252808989 0.1161048689 0.1441947566
1 0.8398876404 0.5028089888 0.1367041199 0.1441947566
1 0.4700374532 0.8043071161 0.1310861423 0.1853932584
7 0.8211610487 0.8024344569 0.1254681648 0.0992509363
7 0.9475655431 0.7668539326 0.1048689139 0.0917602996
1 0.0056179775 0.8810861423 0.0112359551 0.1666666667
1 0.0655430712 0.8558052434 0.1273408240 0.1535580524
1 0.1938202247 0.8492509363 0.1404494382 0.1591760300
1 0.3361423221 0.8239700375 0.1441947566 0.1760299625
1 0.6404494382 0.8202247191 0.2247191011 0.1123595506
