5 0.9634591961 0.0133982948 0.0730816078 0.0267965895
1 0.3684531060 0.0432399513 0.0694275274 0.0742996346
1 0.4512789281 0.0395858709 0.0889159562 0.0767356882
1 0.5389768575 0.0341047503 0.0913520097 0.0682095006
1 0.6333739342 0.0347137637 0.0950060901 0.0694275274
1 0.7332521315 0.0267965895 0.1023142509 0.0535931790
1 0.7356881851 0.0937880633 0.0998781973 0.0803897686
1 0.8392204629 0.0919610231 0.1071863581 0.0937880633
1 0.8386114495 0.0231425091 0.1035322777 0.0462850183
5 0.9640682095 0.0767356882 0.0718635810 0.0876979294
1 0.3654080390 0.1175395859 0.0730816078 0.0718635810
1 0.4555420219 0.1144945189 0.0876979294 0.0730816078
1 0.5420219245 0.1065773447 0.0901339829 0.0767356882
1 0.6376370280 0.1120584653 0.0962241169 0.0901339829
1 0.2606577345 0.2393422655 0.0560292326 0.0694275274
1 0.3355663825 0.2393422655 0.0669914738 0.0767356882
1 0.4171741778 0.2320341048 0.0791717418 0.0816077954
1 0.5000000000 0.3026796590 0.0767356882 0.0791717418
1 0.4969549330 0.2247259440 0.0730816078 0.0816077954
1 0.5791717418 0.2996345920 0.0840438490 0.0779537150
1 0.5809987820 0.2192448234 0.0828258222 0.0852618758
1 0.6638246041 0.2947624848 0.0901339829 0.0803897686
1 0.6662606577 0.2155907430 0.0803897686 0.0852618758
1 0.7570036541 0.2935444580 0.0937880633 0.0852618758
1 0.7545676005 0.2095006090 0.0913520097 0.0852618758
1 0.8514007308 0.2904993910 0.0974421437 0.0864799026
1 0.8501827040 0.2046285018 0.0950060901 0.0901339829
5 0.9628501827 0.2028014616 0.0742996346 0.0816077954
5 0.9646772229 0.2844092570 0.0706455542 0.0864799026
1 0.2637028015 0.3136419001 0.0669914738 0.0742996346
1 0.3428745432 0.3130328867 0.0694275274 0.0706455542
1 0.4196102314 0.3087697929 0.0767356882 0.0767356882
1 0.1912302071 0.4147381242 0.0730816078 0.0718635810
1 0.1887941535 0.4896467722 0.0730816078 0.0755176614
1 0.2612667479 0.4123020706 0.0791717418 0.0742996346
1 0.2630937881 0.4866017052 0.0803897686 0.0767356882
1 0.3459196102 0.4110840438 0.0803897686 0.0742996346
1 0.3422655298 0.4878197320 0.0755176614 0.0767356882
1 0.4226552984 0.4104750305 0.0755176614 0.0755176614
1 0.4238733252 0.4902557856 0.0803897686 0.0791717418
1 0.5066991474 0.4074299635 0.0803897686 0.0791717418
1 0.5042630938 0.4866017052 0.0828258222 0.0816077954
1 0.5937880633 0.4074299635 0.0840438490 0.0816077954
1 0.5895249695 0.4908647990 0.0828258222 0.0876979294
1 0.6760048721 0.4926918392 0.0852618758 0.0889159562
1 0.6778319123 0.4086479903 0.0840438490 0.0816077954
1 0.7685749086 0.4969549330 0.0876979294 0.0852618758
1 0.7649208283 0.4104750305 0.0901339829 0.0876979294
1 0.8580998782 0.4104750305 0.0913520097 0.0876979294
1 0.8593179050 0.5000000000 0.0937880633 0.0889159562
5 0.9683313033 0.4171741778 0.0633373934 0.1132764921
3 0.8337393423 0.5992691839 0.0596833130 0.0560292326
3 0.8946406821 0.6035322777 0.0694275274 0.0596833130
1 0.2168087698 0.6419001218 0.1218026797 0.1705237515
8 0.3319123021 0.6522533496 0.0986601705 0.1887941535
8 0.4439707674 0.6431181486 0.1108404385 0.1680876979
1 0.5919610231 0.6376370280 0.0657734470 0.1473812424
1 0.5310596833 0.6339829476 0.0609013398 0.1449451888
1 0.6528623630 0.6400730816 0.0657734470 0.1522533496
1 0.7198538368 0.6419001218 0.0706455542 0.1534713764
3 0.8386114495 0.6565164434 0.0596833130 0.0609013398
3 0.7801461632 0.6254567600 0.0596833130 0.1132764921
3 0.8995127893 0.6601705238 0.0645554202 0.0609013398
5 0.9817295981 0.6315468940 0.0365408039 0.0937880633
5 0.9908647990 0.7052375152 0.0182704019 0.0462850183
1 0.2149817296 0.8678440926 0.1327649208 0.1522533496
1 0.3471376370 0.8818514007 0.1388550548 0.1607795371
1 0.4890377588 0.8964677223 0.1473812424 0.1656516443
1 0.6406820950 0.9098660171 0.1607795371 0.1705237515
1 0.2155907430 0.9689403167 0.1364190012 0.0621193666
1 0.3501827040 0.9732034105 0.1376370280 0.0535931790
1 0.4890377588 0.9835566382 0.1473812424 0.0328867235
1 0.6455542022 0.9866017052 0.1632155907 0.0267965895
4 0.7649208283 0.9190012180 0.0876979294 0.1619975639
4 0.8483556638 0.9220462850 0.0913520097 0.1559074300
4 0.9348355664 0.9263093788 0.0962241169 0.1473812424
4 0.9878197320 0.9299634592 0.0243605359 0.1400730816
