1 0.4738605898 0.0750670241 0.1058981233 0.0857908847
1 0.5851206434 0.0563002681 0.1139410188 0.0991957105
1 0.7144772118 0.0502680965 0.1260053619 0.1005361930
5 0.8827077748 0.0516085791 0.1380697051 0.1005361930
5 0.9778820375 0.0542895442 0.0442359249 0.0790884718
1 0.2305630027 0.2037533512 0.0804289544 0.0455764075
1 0.4658176944 0.1735924933 0.1058981233 0.0978552279
1 0.5857908847 0.1588471850 0.1126005362 0.1139410188
1 0.7091152815 0.1508042895 0.1206434316 0.0978552279
5 0.8833780161 0.2473190349 0.1072386059 0.0817694370
5 0.9705093834 0.2432975871 0.0589812332 0.0898123324
5 0.9752010724 0.1420911528 0.0495978552 0.0991957105
1 0.2151474531 0.3063002681 0.0764075067 0.0817694370
1 0.3063002681 0.3022788204 0.0978552279 0.0844504021
1 0.4028150134 0.2928954424 0.1005361930 0.0817694370
1 0.5067024129 0.2855227882 0.1045576408 0.0991957105
1 0.6166219839 0.2694369973 0.1126005362 0.0965147453
1 0.6193029491 0.3619302949 0.1099195710 0.0884718499
1 0.7332439678 0.3599195710 0.1179624665 0.1032171582
1 0.7325737265 0.2613941019 0.1139410188 0.0965147453
5 0.8873994638 0.3431635389 0.1126005362 0.0965147453
5 0.9718498660 0.3357908847 0.0563002681 0.0844504021
1 0.2117962466 0.3880697051 0.0804289544 0.0790884718
1 0.3109919571 0.3847184987 0.0965147453 0.0804289544
1 0.4061662198 0.3760053619 0.0991957105 0.0844504021
1 0.5113941019 0.3820375335 0.1058981233 0.0991957105
1 0.0965147453 0.5221179625 0.0616621984 0.0764075067
1 0.1789544236 0.5221179625 0.0737265416 0.0844504021
1 0.2687667560 0.5140750670 0.0871313673 0.0898123324
1 0.3599195710 0.5918230563 0.0844504021 0.0871313673
1 0.3565683646 0.5060321716 0.0804289544 0.0898123324
1 0.4470509383 0.5884718499 0.0924932976 0.0857908847
1 0.4490616622 0.5000000000 0.0911528150 0.0938337802
1 0.5402144772 0.5831099196 0.0991957105 0.0884718499
1 0.5428954424 0.4959785523 0.0884718499 0.0938337802
1 0.6427613941 0.5817694370 0.1032171582 0.0938337802
1 0.6400804290 0.4892761394 0.1005361930 0.0938337802
1 0.7466487936 0.5784182306 0.1072386059 0.0951742627
1 0.7453083110 0.4839142091 0.1045576408 0.0991957105
5 0.8887399464 0.4819034853 0.1206434316 0.0898123324
5 0.8934316354 0.5717158177 0.1219839142 0.0951742627
5 0.9792225201 0.5764075067 0.0415549598 0.0965147453
5 0.9772117962 0.4812332440 0.0455764075 0.0938337802
1 0.0998659517 0.6038873995 0.0737265416 0.0817694370
1 0.1869973190 0.6032171582 0.0764075067 0.0777479893
1 0.2714477212 0.5985254692 0.0844504021 0.0844504021
5 0.9577747989 0.6829758713 0.0844504021 0.0522788204
1 0.0301608579 0.7151474531 0.0603217158 0.0790884718
1 0.0288203753 0.7975871314 0.0576407507 0.0831099196
1 0.0971849866 0.7124664879 0.0871313673 0.0817694370
1 0.0991957105 0.7942359249 0.0884718499 0.0844504021
1 0.1903485255 0.7111260054 0.0884718499 0.0817694370
1 0.1863270777 0.7955764075 0.0831099196 0.0844504021
1 0.2747989276 0.7104557641 0.0831099196 0.0831099196
1 0.2761394102 0.7982573727 0.0884718499 0.0871313673
1 0.3672922252 0.7071045576 0.0884718499 0.0871313673
1 0.3646112601 0.7942359249 0.0911528150 0.0898123324
1 0.4631367292 0.7071045576 0.0924932976 0.0898123324
1 0.4584450402 0.7989276139 0.0911528150 0.0965147453
1 0.5536193029 0.8009383378 0.0938337802 0.0978552279
1 0.5556300268 0.7084450402 0.0924932976 0.0898123324
1 0.6554959786 0.8056300268 0.0965147453 0.0938337802
1 0.6514745308 0.7104557641 0.0991957105 0.0965147453
1 0.7540214477 0.7104557641 0.1005361930 0.0965147453
1 0.7553619303 0.8089812332 0.1032171582 0.0978552279
5 0.8773458445 0.7178284182 0.0737265416 0.1246648794
5 0.9597855228 0.8150134048 0.0804289544 0.0723860590
5 0.9584450402 0.7453083110 0.0831099196 0.0616621984
3 0.7272117962 0.9182305630 0.0656836461 0.0616621984
3 0.7942359249 0.9229222520 0.0764075067 0.0656836461
1 0.0576407507 0.9356568365 0.1152815013 0.1286863271
8 0.1749329759 0.9363270777 0.1085790885 0.1273458445
8 0.2982573727 0.9369973190 0.1219839142 0.1260053619
1 0.4611260054 0.9396782842 0.0723860590 0.1206434316
1 0.3941018767 0.9383378016 0.0670241287 0.1233243968
1 0.5281501340 0.9396782842 0.0723860590 0.1206434316
1 0.6018766756 0.9403485255 0.0777479893 0.1193029491
3 0.7325737265 0.9738605898 0.0656836461 0.0522788204
3 0.6682305630 0.9423592493 0.0656836461 0.1152815013
3 0.7995978552 0.9758713137 0.0710455764 0.0482573727
5 0.9008042895 0.9510723861 0.0616621984 0.0978552279
5 0.9671581769 0.9510723861 0.0656836461 0.0978552279
