5 0.6923076923 0.1491557223 0.0675422139 0.0694183865
5 0.7645403377 0.1444652908 0.0694183865 0.0675422139
5 0.9793621013 0.1191369606 0.0412757974 0.0694183865
5 0.1594746717 0.2898686679 0.1876172608 0.0919324578
5 0.4437148218 0.1819887430 0.2007504690 0.1013133208
5 0.4418386492 0.2626641651 0.2045028143 0.0975609756
5 0.7307692308 0.2157598499 0.1519699812 0.0863039400
5 0.9812382739 0.1904315197 0.0375234522 0.0994371482
5 0.9793621013 0.2757973734 0.0412757974 0.0712945591
5 0.1575984991 0.3696060038 0.1876172608 0.0900562852
5 0.4371482176 0.3517823640 0.1951219512 0.0844277674
5 0.7401500938 0.3630393996 0.1632270169 0.0769230769
5 0.7298311445 0.2926829268 0.1500938086 0.0712945591
3 0.9812382739 0.3527204503 0.0375234522 0.0787992495
1 0.1388367730 0.4849906191 0.1651031895 0.1594746717
5 0.4315196998 0.4380863039 0.1951219512 0.0956848030
1 0.7748592871 0.4606003752 0.2251407129 0.1069418386
3 0.9849906191 0.4315196998 0.0300187617 0.0750469043
3 0.9831144465 0.5112570356 0.0337711069 0.1031894934
1 0.1510318949 0.6041275797 0.1969981238 0.0863039400
1 0.4380863039 0.5863039400 0.2195121951 0.2195121951
1 0.7757973734 0.5525328330 0.2232645403 0.0919324578
1 0.7757973734 0.6463414634 0.2270168856 0.0956848030
7 0.9840525328 0.5938086304 0.0318949343 0.0919324578
1 0.1454033771 0.6885553471 0.1969981238 0.0863039400
1 0.7720450281 0.7457786116 0.2382739212 0.0956848030
7 0.9868667917 0.6791744841 0.0262664165 0.0900562852
7 0.9868667917 0.7626641651 0.0262664165 0.0881801126
1 0.1303939962 0.8639774859 0.2007504690 0.0881801126
1 0.1397748593 0.7739212008 0.2007504690 0.0881801126
1 0.4333958724 0.8039399625 0.2176360225 0.2232645403
7 0.9868667917 0.8480300188 0.0262664165 0.0863039400
4 0.4352720450 0.9559099437 0.2213883677 0.0881801126
4 0.7889305816 0.9493433396 0.2720450281 0.1013133208
7 0.9868667917 0.9258911820 0.0262664165 0.0844277674
7 0.9878048780 0.9803001876 0.0243902439 0.0393996248
1 0.1257035647 0.9540337711 0.1951219512 0.0919324578
