1 0.0530133929 0.2310267857 0.1060267857 0.1250000000
1 0.1702008929 0.2304687500 0.1395089286 0.1216517857
1 0.5853794643 0.2087053571 0.0658482143 0.0669642857
1 0.5167410714 0.2064732143 0.0691964286 0.0669642857
1 0.3772321429 0.2321428571 0.1562500000 0.1116071429
1 0.5876116071 0.2728794643 0.0680803571 0.0725446429
1 0.5195312500 0.2745535714 0.0703125000 0.0736607143
1 0.6780133929 0.2751116071 0.0680803571 0.0613839286
1 0.7466517857 0.2723214286 0.0647321429 0.0513392857
1 0.0491071429 0.3543526786 0.0982142857 0.1261160714
1 0.1579241071 0.3515625000 0.1484375000 0.1272321429
8 0.3677455357 0.3376116071 0.1729910714 0.0904017857
1 0.5887276786 0.3504464286 0.0680803571 0.0736607143
1 0.5184151786 0.3470982143 0.0703125000 0.0691964286
1 0.6791294643 0.3476562500 0.0658482143 0.0636160714
1 0.7460937500 0.3409598214 0.0703125000 0.0613839286
1 0.8577008929 0.3683035714 0.0658482143 0.0669642857
1 0.9257812500 0.3710937500 0.0680803571 0.0636160714
8 0.3761160714 0.4402901786 0.1540178571 0.1015625000
1 0.5892857143 0.4207589286 0.0691964286 0.0691964286
1 0.5161830357 0.4218750000 0.0725446429 0.0736607143
1 0.6830357143 0.4179687500 0.0691964286 0.0703125000
1 0.7527901786 0.4157366071 0.0747767857 0.0725446429
1 0.9960937500 0.3839285714 0.0078125000 0.0669642857
1 0.0401785714 0.4815848214 0.0803571429 0.1350446429
1 0.1445312500 0.4815848214 0.1506696429 0.1350446429
1 0.5920758929 0.4977678571 0.0725446429 0.0736607143
1 0.5195312500 0.4955357143 0.0747767857 0.0758928571
1 0.6886160714 0.4916294643 0.0714285714 0.0703125000
1 0.7594866071 0.4888392857 0.0747767857 0.0669642857
1 0.8604910714 0.4508928571 0.0669642857 0.0803571429
1 0.9291294643 0.4469866071 0.0703125000 0.0814732143
1 0.3816964286 0.5758928571 0.1339285714 0.0602678571
1 0.3844866071 0.5200892857 0.1328125000 0.0558035714
1 0.5156250000 0.5736607143 0.0803571429 0.0758928571
1 0.5920758929 0.5775669643 0.0747767857 0.0770089286
1 0.7645089286 0.5658482143 0.0781250000 0.0758928571
1 0.6908482143 0.5641741071 0.0714285714 0.0770089286
1 0.8677455357 0.5301339286 0.0703125000 0.0825892857
1 0.9369419643 0.5273437500 0.0680803571 0.0837053571
1 0.0368303571 0.6250000000 0.0736607143 0.1495535714
1 0.1316964286 0.6205357143 0.1562500000 0.1473214286
1 0.3789062500 0.6316964286 0.1395089286 0.0602678571
1 0.5139508929 0.6529017857 0.0814732143 0.0781250000
1 0.5915178571 0.6545758929 0.0736607143 0.0770089286
1 0.7684151786 0.6439732143 0.0792410714 0.0736607143
1 0.6953125000 0.6417410714 0.0736607143 0.0825892857
1 0.8627232143 0.6177455357 0.0825892857 0.0881696429
1 0.9436383929 0.6138392857 0.0814732143 0.0870535714
1 0.3772321429 0.6930803571 0.1406250000 0.0647321429
1 0.6964285714 0.7271205357 0.0781250000 0.0859375000
1 0.7734375000 0.7248883929 0.0781250000 0.0837053571
1 0.8794642857 0.7075892857 0.0736607143 0.0915178571
1 0.9564732143 0.7053571429 0.0803571429 0.0937500000
4 0.1060267857 0.7343750000 0.1830357143 0.0803571429
3 0.3928571429 0.7483258929 0.1049107143 0.0546875000
3 0.3638392857 0.8018973214 0.0558035714 0.0546875000
3 0.4162946429 0.7974330357 0.0513392857 0.0546875000
1 0.5100446429 0.7377232143 0.0781250000 0.0803571429
1 0.5892857143 0.7343750000 0.0803571429 0.0825892857
1 0.9614955357 0.8018973214 0.0770089286 0.0948660714
1 0.8811383929 0.8024553571 0.0859375000 0.0982142857
4 0.0976562500 0.8108258929 0.1886160714 0.0837053571
3 0.3604910714 0.8577008929 0.0558035714 0.0591517857
3 0.4123883929 0.8532366071 0.0546875000 0.0636160714
1 0.5078125000 0.8208705357 0.0825892857 0.0859375000
1 0.5892857143 0.8197544643 0.0803571429 0.0837053571
1 0.7779017857 0.8125000000 0.0825892857 0.0870535714
1 0.6997767857 0.8136160714 0.0803571429 0.0892857143
4 0.0920758929 0.8900669643 0.1841517857 0.0881696429
5 0.3867187500 0.9419642857 0.0859375000 0.0513392857
5 0.5831473214 0.9224330357 0.1037946429 0.0613839286
5 0.7047991071 0.9358258929 0.0792410714 0.1015625000
5 0.7795758929 0.9319196429 0.0747767857 0.1004464286
5 0.8950892857 0.9308035714 0.0803571429 0.0937500000
5 0.9704241071 0.9274553571 0.0591517857 0.0892857143
4 0.0887276786 0.9637276786 0.1774553571 0.0725446429
5 0.3191964286 0.9665178571 0.0424107143 0.0669642857
5 0.3867187500 0.9849330357 0.0859375000 0.0301339286
5 0.5022321429 0.9787946429 0.0602678571 0.0424107143
5 0.5602678571 0.9776785714 0.0513392857 0.0446428571
5 0.6121651786 0.9771205357 0.0435267857 0.0457589286
5 0.9012276786 0.9888392857 0.0703125000 0.0223214286
5 0.9704241071 0.9877232143 0.0591517857 0.0245535714
5 0.7008928571 0.9949776786 0.0803571429 0.0100446429
5 0.7801339286 0.9933035714 0.0781250000 0.0133928571
