7 0.8858839050 0.0270448549 0.1517150396 0.0540897098
7 0.9788918206 0.0303430079 0.0422163588 0.0606860158
1 0.2255936675 0.1405013193 0.0897097625 0.1675461741
1 0.3674142480 0.1457783641 0.0804749340 0.1622691293
1 0.2955145119 0.1470976253 0.0844327177 0.1596306069
1 0.4518469657 0.1391820580 0.1042216359 0.1781002639
1 0.5455145119 0.1398416887 0.0963060686 0.1741424802
1 0.6418205805 0.1418205805 0.0989445910 0.1701846966
1 0.7427440633 0.1339050132 0.1240105541 0.1754617414
7 0.8773087071 0.1517150396 0.1451187335 0.1372031662
7 0.9676781003 0.1523746702 0.0646437995 0.1358839050
7 0.9149076517 0.2645118734 0.1701846966 0.0725593668
1 0.2697889182 0.3766490765 0.1147757256 0.1569920844
1 0.3720316623 0.3759894459 0.1134564644 0.1477572559
1 0.4749340369 0.3759894459 0.0923482850 0.1345646438
1 0.6695250660 0.3179419525 0.0963060686 0.0712401055
1 0.6708443272 0.3964379947 0.0989445910 0.0725593668
7 0.9083113456 0.3350923483 0.1833773087 0.0791556728
1 0.2856200528 0.4920844327 0.1068601583 0.0791556728
1 0.3865435356 0.4868073879 0.0870712401 0.0712401055
1 0.4683377309 0.4940633245 0.0791556728 0.0646437995
1 0.5580474934 0.4861477573 0.0976253298 0.0857519789
1 0.6569920844 0.4854881266 0.0976253298 0.0923482850
7 0.8278364116 0.4630606860 0.0831134565 0.1846965699
7 0.8931398417 0.4637203166 0.0817941953 0.1860158311
7 0.9597625330 0.4663588391 0.0804749340 0.1833773087
7 0.9914248021 0.4637203166 0.0171503958 0.1833773087
1 0.2803430079 0.5758575198 0.0936675462 0.0936675462
1 0.3759894459 0.5751978892 0.0976253298 0.1002638522
1 0.4736147757 0.5738786280 0.1002638522 0.0976253298
1 0.5639841689 0.5718997361 0.0883905013 0.0857519789
1 0.6550131926 0.5718997361 0.0989445910 0.0857519789
7 0.8753298153 0.6398416887 0.1622691293 0.1160949868
7 0.9841688654 0.6655672823 0.0316622691 0.1226912929
1 0.2869393140 0.7691292876 0.1174142480 0.1899736148
1 0.3733509235 0.7684696570 0.1002638522 0.1912928760
1 0.4630606860 0.7678100264 0.0923482850 0.1978891821
1 0.5448548813 0.7605540897 0.0897097625 0.1939313984
1 0.6312664908 0.7552770449 0.0857519789 0.1833773087
1 0.7196569921 0.7526385224 0.0989445910 0.1754617414
7 0.8594986807 0.7717678100 0.1490765172 0.1134564644
7 0.9841688654 0.7948548813 0.0316622691 0.1279683377
2 0.3331134565 0.9261213720 0.1701846966 0.0633245383
2 0.3469656992 0.9788918206 0.1583113456 0.0422163588
2 0.4689973615 0.9604221636 0.1042216359 0.0791556728
2 0.5718997361 0.9604221636 0.1068601583 0.0791556728
1 0.6530343008 0.9689973615 0.0844327177 0.0620052770
1 0.7275725594 0.9564643799 0.0831134565 0.0870712401
1 0.5699208443 0.3726912929 0.0844327177 0.1332453826
