5 0.3156288156 0.0079365079 0.0964590965 0.0158730159
5 0.3235653236 0.0305250305 0.0708180708 0.0317460317
3 0.4688644689 0.0189255189 0.0927960928 0.0378510379
7 0.5659340659 0.0238095238 0.1086691087 0.0378510379
7 0.6709401709 0.0427350427 0.1062271062 0.0415140415
7 0.7783882784 0.0280830281 0.1159951160 0.0561660562
5 0.0433455433 0.0934065934 0.0866910867 0.1575091575
5 0.1306471306 0.0952380952 0.1001221001 0.1514041514
5 0.2313797314 0.0964590965 0.1062271062 0.1587301587
5 0.3217338217 0.1239316239 0.0891330891 0.1623931624
7 0.5695970696 0.0665445665 0.1086691087 0.0427350427
7 0.6782661783 0.0793650794 0.0940170940 0.0488400488
7 0.7747252747 0.0873015873 0.0940170940 0.0525030525
5 0.0421245421 0.2277167277 0.0842490842 0.0842490842
5 0.1312576313 0.2557997558 0.1062271062 0.1648351648
5 0.2411477411 0.2289377289 0.1086691087 0.0915750916
5 0.3253968254 0.2423687424 0.0695970696 0.0769230769
1 0.7863247863 0.2362637363 0.0976800977 0.1770451770
5 0.0415140415 0.3101343101 0.0830280830 0.0854700855
5 0.2551892552 0.3424908425 0.0830280830 0.0427350427
5 0.2551892552 0.3058608059 0.0781440781 0.0354090354
5 0.3327228327 0.3327228327 0.0695970696 0.0964590965
5 0.0122100122 0.4725274725 0.0244200244 0.0732600733
5 0.0158730159 0.3943833944 0.0317460317 0.0732600733
5 0.0787545788 0.4719169719 0.1013431013 0.0793650794
5 0.0799755800 0.3962148962 0.0940170940 0.0744810745
5 0.1599511600 0.4059829060 0.0879120879 0.0744810745
5 0.2490842491 0.4047619048 0.0879120879 0.0769230769
5 0.3296703297 0.4188034188 0.0683760684 0.0830280830
1 0.4255189255 0.3949938950 0.0891330891 0.1550671551
1 0.5177045177 0.4035409035 0.0976800977 0.1550671551
1 0.6135531136 0.3974358974 0.0940170940 0.1501831502
1 0.7112332112 0.3968253968 0.0940170940 0.1611721612
1 0.8009768010 0.4017094017 0.0976800977 0.1538461538
5 0.1770451770 0.4780219780 0.0903540904 0.0720390720
5 0.3162393162 0.4810744811 0.0757020757 0.0561660562
5 0.2527472527 0.5012210012 0.0463980464 0.0378510379
1 0.8015873016 0.5714285714 0.0793650794 0.0732600733
5 0.0354090354 0.6080586081 0.0708180708 0.1343101343
5 0.1068376068 0.6111111111 0.0769230769 0.1330891331
5 0.1849816850 0.6123321123 0.0866910867 0.1330891331
5 0.2802197802 0.6129426129 0.0989010989 0.1343101343
1 0.4725274725 0.6233211233 0.0854700855 0.1599511600
1 0.5549450549 0.6202686203 0.0818070818 0.1538461538
1 0.6361416361 0.6196581197 0.0781440781 0.1477411477
1 0.7197802198 0.6172161172 0.0866910867 0.1550671551
1 0.8083028083 0.6459096459 0.0830280830 0.0732600733
5 0.0244200244 0.7454212454 0.0488400488 0.0427350427
5 0.0958485958 0.7448107448 0.0964590965 0.0463980464
5 0.1678876679 0.7832722833 0.0451770452 0.1257631258
1 0.4255189255 0.7655677656 0.1013431013 0.0781440781
1 0.5225885226 0.7631257631 0.0952380952 0.0757020757
1 0.6178266178 0.7619047619 0.0927960928 0.0732600733
1 0.7148962149 0.7619047619 0.0891330891 0.0757020757
1 0.8015873016 0.7612942613 0.0915750916 0.0744810745
5 0.0213675214 0.8363858364 0.0427350427 0.0390720391
5 0.0225885226 0.7905982906 0.0451770452 0.0476190476
5 0.0946275946 0.7887667888 0.0964590965 0.0439560440
5 0.0958485958 0.8339438339 0.0891330891 0.0463980464
5 0.2191697192 0.7912087912 0.0598290598 0.1343101343
5 0.2771672772 0.7869352869 0.0561660562 0.1282051282
5 0.3315018315 0.7905982906 0.0598290598 0.1330891331
1 0.4255189255 0.8485958486 0.1037851038 0.0805860806
1 0.5225885226 0.8431013431 0.0952380952 0.0720390720
1 0.6184371184 0.8369963370 0.0915750916 0.0818070818
1 0.7130647131 0.8412698413 0.0879120879 0.0732600733
1 0.8034188034 0.8357753358 0.0879120879 0.0744810745
6 0.0335775336 0.9468864469 0.0671550672 0.1062271062
6 0.2277167277 0.9499389499 0.0842490842 0.1001221001
6 0.3101343101 0.9511599512 0.0854700855 0.0976800977
1 0.4175824176 0.9334554335 0.0830280830 0.0769230769
1 0.4957264957 0.9297924298 0.0830280830 0.0818070818
1 0.5763125763 0.9261294261 0.0805860806 0.0720390720
1 0.6544566545 0.9255189255 0.0757020757 0.0732600733
1 0.7362637363 0.9304029304 0.0879120879 0.0830280830
1 0.8205128205 0.9304029304 0.0805860806 0.0732600733
6 0.1129426129 0.9554334554 0.1159951160 0.0891330891
1 0.4175824176 0.9871794872 0.0854700855 0.0256410256
1 0.4981684982 0.9841269841 0.0805860806 0.0317460317
1 0.5787545788 0.9829059829 0.0805860806 0.0341880342
1 0.6556776557 0.9816849817 0.0781440781 0.0366300366
1 0.7435897436 0.9853479853 0.0903540904 0.0293040293
1 0.8247863248 0.9841269841 0.0793650794 0.0317460317
