1 0.1295754026 0.2027818448 0.1888726208 0.1244509517
1 0.3587115666 0.2218155198 0.1727672035 0.1273792094
1 0.5636896047 0.2313323572 0.1405563690 0.0907759883
1 0.7679355783 0.2554904832 0.1771595900 0.0805270864
7 0.9546120059 0.2518301611 0.0907759883 0.0761346999
1 0.1207906296 0.3155197657 0.1918008785 0.1273792094
1 0.3557833089 0.3308931186 0.1727672035 0.1259150805
1 0.5585651537 0.3140556369 0.1361639824 0.0922401171
1 0.7635431918 0.3418740849 0.1742313324 0.0834553441
7 0.9516837482 0.3147877013 0.0966325037 0.0732064422
1 0.1200585652 0.4289897511 0.1932650073 0.1112737921
1 0.3543191801 0.4363103953 0.1698389458 0.1083455344
1 0.5563689605 0.3967789165 0.1376281113 0.0966325037
1 0.7598828697 0.4267935578 0.1727672035 0.0834553441
7 0.9480234261 0.4209370425 0.1039531479 0.1595900439
1 0.1215226940 0.5241581259 0.1844802343 0.1083455344
1 0.3528550512 0.5307467057 0.1639824305 0.1039531479
1 0.5534407028 0.4860907760 0.1376281113 0.0849194729
1 0.7554904832 0.5087847731 0.1727672035 0.0746705710
1 0.1625183016 0.6251830161 0.0907759883 0.0995607613
1 0.3433382138 0.6303074671 0.1683748170 0.0980966325
1 0.5483162518 0.5695461201 0.1361639824 0.0819912152
1 0.7532942899 0.5922401171 0.1742313324 0.0834553441
7 0.9443631040 0.5695461201 0.1112737921 0.1551976574
1 0.1566617862 0.7269399707 0.0966325037 0.1010248902
1 0.3843338214 0.7298682284 0.0863836018 0.0922401171
1 0.2957540264 0.7269399707 0.0878477306 0.0951683748
1 0.5043923865 0.6698389458 0.0600292826 0.1127379209
1 0.5761346999 0.6698389458 0.0775988287 0.1156661786
1 0.7496339678 0.6786237189 0.1669106881 0.0805270864
3 0.9890190337 0.6764275256 0.0219619327 0.0614934114
3 0.9502196193 0.7291361640 0.0556368960 0.0556368960
3 0.9890190337 0.7306002928 0.0219619327 0.0527086384
3 0.9546120059 0.6727672035 0.0527086384 0.0629575403
1 0.1508052709 0.8272327965 0.0966325037 0.1024890190
1 0.2928257687 0.8221083455 0.0878477306 0.0951683748
1 0.5014641288 0.7840409956 0.0571010249 0.1098096633
1 0.5710102489 0.7884333821 0.0761346999 0.1156661786
1 0.7496339678 0.7928257687 0.1669106881 0.1449487555
3 0.9560761347 0.7803806735 0.0878477306 0.0585651537
1 0.2913616398 0.9187408492 0.0907759883 0.1039531479
1 0.3836017570 0.8308931186 0.0819912152 0.0893118594
1 0.4970717423 0.9011713031 0.0600292826 0.1039531479
1 0.5666178624 0.9026354319 0.0819912152 0.1068814056
1 0.1449487555 0.9289897511 0.1054172767 0.1010248902
1 0.3799414348 0.9245973646 0.0863836018 0.0922401171
1 0.4956076135 0.9773060029 0.0658857980 0.0453879941
1 0.5651537335 0.9787701318 0.0790629575 0.0424597365
1 0.7415812592 0.9341142020 0.1654465593 0.1317715959
8 0.9399707174 0.9055636896 0.1200585652 0.1888726208
1 0.1442166911 0.9897510981 0.0980966325 0.0204978038
1 0.2847730600 0.9860907760 0.0863836018 0.0278184480
1 0.3733528551 0.9846266471 0.0849194729 0.0307467057
