2 0.6377777778 0.0214814815 0.2533333333 0.0429629630
0 0.0807407407 0.0133333333 0.0607407407 0.0266666667
2 0.2229629630 0.0644444444 0.1911111111 0.1288888889
2 0.4177777778 0.0451851852 0.2251851852 0.0903703704
0 0.0644444444 0.1044444444 0.0548148148 0.1140740741
0 0.0192592593 0.0814814815 0.0385185185 0.1244444444
0 0.1155555556 0.1192592593 0.0444444444 0.1051851852
2 0.7888888889 0.1474074074 0.1703703704 0.2948148148
2 0.9259259259 0.1333333333 0.1481481481 0.2666666667
0 0.0155555556 0.2259259259 0.0311111111 0.1229629630
0 0.0540740741 0.2429629630 0.0637037037 0.1244444444
2 0.2074074074 0.2340740741 0.1185185185 0.2637037037
2 0.3007407407 0.2207407407 0.1096296296 0.2725925926
2 0.4133333333 0.2022222222 0.1185185185 0.2770370370
2 0.5370370370 0.1814814815 0.1229629630 0.2800000000
2 0.6637037037 0.1622222222 0.1422222222 0.2918518519
0 0.0555555556 0.3911111111 0.0637037037 0.1244444444
0 0.0155555556 0.3829629630 0.0311111111 0.1318518519
4 0.5570370370 0.3866666667 0.0444444444 0.1037037037
4 0.5118518519 0.3918518519 0.0459259259 0.1022222222
4 0.6044444444 0.3814814815 0.0503703704 0.1081481481
4 0.6533333333 0.3777777778 0.0503703704 0.1007407407
4 0.7037037037 0.3725925926 0.0562962963 0.0992592593
2 0.9214814815 0.3340740741 0.1570370370 0.2000000000
0 0.1111111111 0.3970370370 0.0533333333 0.1244444444
0 0.1629629630 0.4066666667 0.0592592593 0.1111111111
4 0.2562962963 0.4251851852 0.0414814815 0.0888888889
4 0.3370370370 0.4125925926 0.0429629630 0.0874074074
4 0.2955555556 0.4192592593 0.0400000000 0.0859259259
4 0.3785185185 0.4088888889 0.0429629630 0.0918518519
4 0.4681481481 0.3970370370 0.0474074074 0.1007407407
4 0.4229629630 0.4007407407 0.0429629630 0.0992592593
6 0.7866666667 0.4977777778 0.0533333333 0.0622222222
0 0.0148148148 0.5518518519 0.0296296296 0.1466666667
0 0.0459259259 0.5548148148 0.0651851852 0.1407407407
0 0.0933333333 0.5555555556 0.0622222222 0.1333333333
0 0.1414814815 0.5511111111 0.0518518519 0.1244444444
0 0.1918518519 0.5496296296 0.0607407407 0.1155555556
4 0.2459259259 0.5437037037 0.0385185185 0.1037037037
4 0.2874074074 0.5414814815 0.0474074074 0.1051851852
4 0.3348148148 0.5385185185 0.0533333333 0.1081481481
7 0.4711111111 0.6444444444 0.0740740741 0.0355555556
4 0.4318518519 0.5311111111 0.0518518519 0.1081481481
4 0.3837037037 0.5340740741 0.0503703704 0.1051851852
4 0.5274074074 0.5303703704 0.0533333333 0.1274074074
7 0.5392592593 0.6414814815 0.0651851852 0.0355555556
4 0.4800000000 0.5348148148 0.0503703704 0.1185185185
4 0.5770370370 0.5266666667 0.0518518519 0.1259259259
7 0.6244444444 0.6392592593 0.0370370370 0.0311111111
4 0.6251851852 0.5229629630 0.0503703704 0.1274074074
7 0.6577777778 0.6370370370 0.0355555556 0.0296296296
7 0.5896296296 0.6392592593 0.0355555556 0.0311111111
4 0.7251851852 0.5244444444 0.0518518519 0.1274074074
7 0.6925925926 0.6281481481 0.0370370370 0.0474074074
4 0.6725925926 0.5244444444 0.0533333333 0.1303703704
7 0.7274074074 0.6288888889 0.0385185185 0.0488888889
6 0.8540740741 0.5614814815 0.0607407407 0.1214814815
7 0.0214814815 0.7096296296 0.0429629630 0.1451851852
7 0.0822222222 0.6955555556 0.0844444444 0.1288888889
7 0.1577777778 0.6874074074 0.0903703704 0.1333333333
7 0.2503703704 0.6533333333 0.0740740741 0.0296296296
7 0.3392592593 0.6829629630 0.0622222222 0.0444444444
7 0.2837037037 0.6822222222 0.0548148148 0.0340740741
7 0.3266666667 0.6496296296 0.0814814815 0.0311111111
7 0.4029629630 0.6800000000 0.0711111111 0.0414814815
7 0.4014814815 0.6474074074 0.0740740741 0.0325925926
7 0.4725925926 0.6777777778 0.0740740741 0.0459259259
7 0.5429629630 0.6770370370 0.0666666667 0.0414814815
7 0.5162962963 0.7155555556 0.0666666667 0.0414814815
7 0.6474074074 0.6733333333 0.0562962963 0.0400000000
7 0.6955555556 0.6718518519 0.0429629630 0.0429629630
7 0.0540740741 0.8837037037 0.0874074074 0.1348148148
7 0.1311111111 0.8622222222 0.0785185185 0.1214814815
4 0.2733333333 0.8496296296 0.0518518519 0.1229629630
4 0.3177777778 0.8525925926 0.0488888889 0.1200000000
4 0.3659259259 0.8518518519 0.0503703704 0.1214814815
4 0.4133333333 0.8525925926 0.0474074074 0.1200000000
4 0.4607407407 0.8533333333 0.0503703704 0.1214814815
4 0.5103703704 0.8525925926 0.0518518519 0.1259259259
4 0.5592592593 0.8555555556 0.0518518519 0.1259259259
7 0.6088888889 0.8540740741 0.0503703704 0.1259259259
4 0.7185185185 0.8525925926 0.0592592593 0.1437037037
4 0.6659259259 0.8577777778 0.0577777778 0.1274074074
4 0.8318518519 0.8562962963 0.0696296296 0.1511111111
4 0.7748148148 0.8533333333 0.0651851852 0.1481481481
4 0.8859259259 0.8607407407 0.0651851852 0.1600000000
7 0.0074074074 0.9066666667 0.0148148148 0.1362962963
