4 0.0984943538 0.0313676286 0.1969887077 0.0627352572
7 0.5533249686 0.0069008783 0.2860727729 0.0138017566
7 0.9196988708 0.0677540778 0.1606022585 0.1355081556
4 0.1053952321 0.1468005019 0.2107904642 0.2007528231
7 0.5432873275 0.2114178168 0.2885821832 0.1518193225
7 0.5432873275 0.0771643664 0.2835633626 0.1442910916
1 0.0997490590 0.3701380176 0.1994981179 0.2685069009
7 0.5395232120 0.3431618570 0.2835633626 0.1593475533
1 0.5395232120 0.4830614806 0.2735257215 0.1631116688
1 0.0984943538 0.5765370138 0.1969887077 0.1769134253
1 0.5382685069 0.6210790464 0.2634880803 0.1580928482
1 0.0997490590 0.7145545797 0.1994981179 0.1744040151
1 0.0978670013 0.8513174404 0.1957340025 0.1819322459
1 0.5382685069 0.8914680050 0.2634880803 0.1769134253
1 0.5370138018 0.7578419072 0.2559598494 0.1756587202
1 0.0978670013 0.9454203262 0.1957340025 0.1091593476
1 0.5345043915 0.9698870765 0.2835633626 0.0602258469
