7 0.1794346579 0.0612453912 0.0573535436 0.0307251127
7 0.2285948382 0.0604260549 0.0499795166 0.0290864400
7 0.2357640311 0.0210979107 0.0446538304 0.0167963949
7 0.2257271610 0.0378943056 0.0565342073 0.0282671036
7 0.3281442032 0.0589922163 0.0745596067 0.0335927898
7 0.4553461696 0.0594018845 0.0774272839 0.0442441622
7 0.1866038509 0.0813191315 0.0512085211 0.0340024580
7 0.2124129455 0.1061040557 0.0618598935 0.0303154445
7 0.2148709545 0.1276116346 0.0626792298 0.0266284310
7 0.2298238427 0.0837771405 0.0450634986 0.0282671036
4 0.3252765260 0.0845964769 0.0778369521 0.0340024580
4 0.3222040147 0.1099959033 0.0774272839 0.0380991397
4 0.4557558378 0.0938140107 0.0741499385 0.0458828349
4 0.4397787792 0.1222859484 0.1020073740 0.0397378124
7 0.5397378124 0.1026218763 0.0536665301 0.0462925031
7 0.5940188447 0.1032363785 0.0548955346 0.0434248259
7 0.6579270791 0.1173699304 0.0344121262 0.0258090946
7 0.6915198689 0.1138877509 0.0393281442 0.0319541172
7 0.7251126587 0.1179844326 0.0360507989 0.0393281442
7 0.2011470709 0.1970503892 0.0770176157 0.0303154445
7 0.2117984433 0.1751331422 0.0557148710 0.0290864400
7 0.2113887751 0.1517820565 0.0630888980 0.0299057763
4 0.3158541581 0.1734944695 0.0786562884 0.0389184760
4 0.3187218353 0.1401065137 0.0753789431 0.0368701352
1 0.4324047522 0.1900860303 0.0413764850 0.0532568619
7 0.4553461696 0.1515772224 0.0749692749 0.0344121262
1 0.4723473986 0.1968455551 0.0385088079 0.0536665301
7 0.5395329783 0.1478902089 0.0286767718 0.0426054896
7 0.5721015977 0.1640721016 0.0372798034 0.0413764850
7 0.6052847194 0.1698074560 0.0315444490 0.0372798034
7 0.6040557149 0.1405161819 0.0397378124 0.0327734535
7 0.7013519050 0.1941827120 0.0942236788 0.0524375256
7 0.6990987300 0.1523965588 0.0921753380 0.0499795166
7 0.1347808275 0.2185579680 0.0655469070 0.0274477673
7 0.2019664072 0.2482589103 0.0614502253 0.0294961082
7 0.1993035641 0.2226546497 0.0651372388 0.0290864400
7 0.1521917247 0.2552232692 0.0503891848 0.0237607538
4 0.3004916018 0.2445718968 0.0880786563 0.0458828349
4 0.3043834494 0.2066775912 0.0852109791 0.0430151577
1 0.3930766079 0.2378123720 0.0438344941 0.0569438755
1 0.4666120442 0.2486685785 0.0319541172 0.0499795166
1 0.4324047522 0.2421138878 0.0413764850 0.0499795166
1 0.5845964769 0.2548136010 0.0737402704 0.0606308890
1 0.5815239656 0.2107742728 0.0782466202 0.0569438755
7 0.6986890619 0.2347398607 0.0880786563 0.0581728800
7 0.1544448996 0.3006964359 0.0270380991 0.0327734535
7 0.1546497337 0.2736583367 0.0569438755 0.0278574355
1 0.1876280213 0.3328553871 0.0671855797 0.0290864400
7 0.1831216714 0.3002867677 0.0335927898 0.0286767718
7 0.2029905776 0.2748873413 0.0487505121 0.0270380991
7 0.2105694388 0.3011061041 0.0278574355 0.0311347808
4 0.2963949201 0.2867677181 0.0856206473 0.0483408439
1 0.2931175748 0.3242523556 0.0733306022 0.0413764850
1 0.3906185989 0.2898402294 0.0421958214 0.0553052028
1 0.4307660795 0.2927079066 0.0397378124 0.0528471938
1 0.4209340434 0.3406390823 0.0503891848 0.0495698484
1 0.4670217124 0.2982384269 0.0344121262 0.0507988529
1 0.5804997952 0.3019254404 0.0729209340 0.0589922163
1 0.7029905776 0.3170831626 0.0950430152 0.0417861532
1 0.7027857435 0.2781646866 0.0962720197 0.0458828349
1 0.1609995903 0.3885702581 0.0835723064 0.0921753380
1 0.2920934043 0.3619418271 0.0704629250 0.0348217943
1 0.2888160590 0.3961491192 0.0737402704 0.0393281442
1 0.4137648505 0.3926669398 0.0507988529 0.0577632118
1 0.4662023761 0.3455551004 0.0409668169 0.0438344941
1 0.4604670217 0.3959442851 0.0475215076 0.0561245391
1 0.5848013109 0.4014748054 0.0774272839 0.0516181893
1 0.5815239656 0.3508807866 0.0856206473 0.0561245391
1 0.7201966407 0.3727980336 0.0712822614 0.0819336338
1 0.1517820565 0.4766489144 0.0815239656 0.0954526833
1 0.2882015567 0.4688652192 0.0872593200 0.0397378124
1 0.2912740680 0.4344530930 0.0860303154 0.0389184760
1 0.4145841868 0.4489963130 0.0475215076 0.0557148710
1 0.4592380172 0.4518639902 0.0426054896 0.0573535436
1 0.5866448177 0.4473576403 0.0819336338 0.0516181893
1 0.7222449816 0.4715280623 0.0761982794 0.0426054896
1 0.7240884883 0.4309709136 0.0757886112 0.0491601803
1 0.2843097091 0.5065546907 0.0860303154 0.0421958214
1 0.2824662024 0.5469070053 0.0888979926 0.0401474805
1 0.4641540352 0.5063498566 0.0401474805 0.0516181893
1 0.4195002048 0.5036870135 0.0507988529 0.0536665301
1 0.5852109791 0.4950839820 0.0807046293 0.0520278574
1 0.5868496518 0.5473166735 0.0848013109 0.0557148710
1 0.7234739861 0.5122900451 0.0671855797 0.0430151577
1 0.1253584596 0.5706677591 0.1278164687 0.0966816878
1 0.2779598525 0.5856206473 0.0856206473 0.0405571487
1 0.4139696846 0.5569438755 0.0512085211 0.0553052028
0 0.4358869316 0.6130684146 0.0934043425 0.0577632118
1 0.4608766899 0.5602212208 0.0434248259 0.0553052028
0 0.5923801721 0.5995493650 0.0286767718 0.0553052028
1 0.7244981565 0.5585825481 0.0741499385 0.0479311757
1 0.7263416633 0.6067185580 0.0753789431 0.0491601803
7 0.1222859484 0.6501433839 0.0839819746 0.0467021712
7 0.2683326506 0.6296599754 0.0909463335 0.0491601803
0 0.4111020074 0.6739041376 0.0569438755 0.0614502253
0 0.4612863580 0.6722654650 0.0426054896 0.0606308890
0 0.5649324048 0.6573125768 0.0532568619 0.0659565752
0 0.6052847194 0.6579270791 0.0282671036 0.0630888980
0 0.7306431790 0.6595657517 0.0749692749 0.0581728800
7 0.1130684146 0.7009422368 0.0884883245 0.0516181893
7 0.2630069644 0.6999180664 0.0958623515 0.0946333470
0 0.3725931995 0.7349446948 0.0446538304 0.0589922163
0 0.4387546088 0.7367882016 0.0860303154 0.0684145842
0 0.5813191315 0.7261368292 0.0811142974 0.0725112659
0 0.7328963540 0.7175337976 0.0794756247 0.0585825481
7 0.1032363785 0.7734535027 0.1089717329 0.0999590332
7 0.2630069644 0.7845145432 0.0909463335 0.0819336338
0 0.4362965998 0.8015157722 0.0868496518 0.0692339205
0 0.5872593200 0.7951659156 0.0700532569 0.0704629250
0 0.7572716100 0.7752970094 0.0356411307 0.0594018845
0 0.7150757886 0.7765260139 0.0520278574 0.0569438755
7 0.0948381811 0.8730028677 0.1044653830 0.1024170422
7 0.2451863990 0.8848832446 0.0979106923 0.1015977059
0 0.4092585006 0.8705448587 0.0573535436 0.0737402704
0 0.4598525195 0.8703400246 0.0462925031 0.0757886112
0 0.6102007374 0.8555919705 0.0307251127 0.0667759115
0 0.7673084801 0.8977877919 0.0278574355 0.0675952478
0 0.7310528472 0.8988119623 0.0471118394 0.0680049160
0 0.7595247849 0.8338795576 0.0417861532 0.0569438755
0 0.7150757886 0.8355182302 0.0544858664 0.0602212208
7 0.0841868087 0.9598525195 0.0970913560 0.0802949611
7 0.2392462106 0.9668168783 0.0901269971 0.0663662433
0 0.3551823023 0.9393691110 0.0557148710 0.0688242524
0 0.4254403933 0.9414174519 0.0897173290 0.0778369521
0 0.5837771405 0.9063908234 0.0794756247 0.0708725932
0 0.7326915199 0.9668168783 0.0462925031 0.0663662433
0 0.7709954937 0.9653830397 0.0327734535 0.0643179025
0 0.4074149939 0.9879147890 0.0536665301 0.0241704220
0 0.3543629660 0.9862761163 0.0532568619 0.0274477673
0 0.4557558378 0.9858664482 0.0471118394 0.0282671036
0 0.6140925850 0.9739860713 0.0262187628 0.0520278574
0 0.5743547726 0.9768537485 0.0532568619 0.0462925031
