0 0.3071553229 0.0724258290 0.0802792321 0.1448516579
7 0.3883071553 0.0261780105 0.0924956370 0.0523560209
0 0.3952879581 0.0820244328 0.0994764398 0.0837696335
0 0.4912739965 0.0567190227 0.0924956370 0.1134380454
2 0.6169284468 0.0401396161 0.1588132635 0.0802792321
2 0.7643979058 0.0270506108 0.1535776614 0.0541012216
5 0.1701570681 0.2094240838 0.1134380454 0.0767888307
0 0.2260034904 0.0907504363 0.1029668412 0.1465968586
5 0.2766143106 0.1998254799 0.0959860384 0.0715532286
0 0.5541012216 0.2198952880 0.1064572426 0.1745200698
1 0.7574171030 0.1849912740 0.0942408377 0.1884816754
1 0.6579406632 0.1614310646 0.1012216405 0.0855148342
1 0.8507853403 0.1736474695 0.0924956370 0.1937172775
1 0.9467713787 0.1457242583 0.0994764398 0.1832460733
1 0.9956369983 0.1335078534 0.0087260035 0.1937172775
5 0.1823734729 0.3010471204 0.0610820244 0.1343804538
5 0.3202443281 0.2783595113 0.0541012216 0.1378708551
5 0.2643979058 0.2931937173 0.0645724258 0.1326352531
0 0.3865619546 0.2504363002 0.0855148342 0.1553228621
0 0.4642233857 0.2364746946 0.0767888307 0.1553228621
1 0.6596858639 0.2495636998 0.0977312391 0.0872600349
1 0.8315881326 0.3743455497 0.1064572426 0.0820244328
1 0.9371727749 0.3551483421 0.1047120419 0.1099476440
1 0.9938917976 0.3411867365 0.0122164049 0.1029668412
5 0.1998254799 0.4938917976 0.0471204188 0.1326352531
5 0.1413612565 0.5000000000 0.0523560209 0.1308900524
5 0.2530541012 0.3856893543 0.0628272251 0.0558464223
5 0.2547993019 0.4450261780 0.0698080279 0.0663176265
5 0.2591623037 0.5209424084 0.0610820244 0.0855148342
6 0.3376963351 0.5104712042 0.0820244328 0.0890052356
1 0.4249563700 0.4589877836 0.0959860384 0.1675392670
6 0.3333333333 0.4136125654 0.0942408377 0.1012216405
1 0.5235602094 0.4572425829 0.1082024433 0.1710296684
1 0.6247818499 0.4904013962 0.0802792321 0.0802792321
1 0.7198952880 0.4694589878 0.1169284468 0.0977312391
1 0.8307155323 0.4650959860 0.1116928447 0.0994764398
1 0.9214659686 0.4554973822 0.0802792321 0.0907504363
1 0.9904013962 0.4380453752 0.0191972077 0.1012216405
7 0.1876090750 0.6134380454 0.0994764398 0.0575916230
7 0.2827225131 0.6186736475 0.0907504363 0.0401396161
0 0.3612565445 0.6012216405 0.0698080279 0.0575916230
0 0.4485165794 0.5898778360 0.1012216405 0.0488656195
0 0.6204188482 0.5959860384 0.0610820244 0.0506108202
1 0.6980802792 0.6797556719 0.0977312391 0.1797556719
1 0.8743455497 0.5602094241 0.1047120419 0.0767888307
1 0.8856893543 0.6300174520 0.0924956370 0.0837696335
1 0.9694589878 0.6335078534 0.0610820244 0.0837696335
1 0.9659685864 0.5479930192 0.0680628272 0.0942408377
7 0.1902268761 0.7085514834 0.1012216405 0.1361256545
7 0.2818499127 0.7068062827 0.0890052356 0.1361256545
7 0.2870855148 0.8307155323 0.0680628272 0.0523560209
0 0.3577661431 0.7015706806 0.0802792321 0.1500872600
0 0.4520069808 0.6945898778 0.1116928447 0.1640488656
0 0.6134380454 0.6963350785 0.0715532286 0.1535776614
0 0.5488656195 0.6928446771 0.0785340314 0.1675392670
1 0.8804537522 0.7181500873 0.0994764398 0.0924956370
1 0.9685863874 0.7111692845 0.0628272251 0.0959860384
7 0.1980802792 0.9563699825 0.0436300175 0.0453752182
7 0.1692844677 0.9380453752 0.0349040140 0.0785340314
7 0.2050610820 0.8682373473 0.0401396161 0.0471204188
7 0.3036649215 0.9301919721 0.0383944154 0.1082024433
7 0.2678883072 0.9319371728 0.0401396161 0.1047120419
7 0.2364746946 0.9371727749 0.0296684119 0.0907504363
4 0.3900523560 0.9101221640 0.0820244328 0.1727748691
7 0.3359511344 0.9293193717 0.0331588133 0.1134380454
0 0.4877835951 0.9240837696 0.1204188482 0.1483420593
7 0.6108202443 0.9389179756 0.1291448517 0.1221640489
7 0.7033158813 0.9188481675 0.0663176265 0.1623036649
1 0.8368237347 0.9223385689 0.0680628272 0.1553228621
1 0.7705061082 0.9223385689 0.0610820244 0.1553228621
1 0.9659685864 0.9197207679 0.0680628272 0.1605584642
1 0.9022687609 0.9223385689 0.0698080279 0.1553228621
