7 0.0163363685 0.0125870380 0.0326727370 0.0251740761
7 0.0937332619 0.0219603642 0.1339046599 0.0439207284
7 0.2238885913 0.0289234065 0.1306909480 0.0578468131
7 0.3186930905 0.0286555972 0.0674879486 0.0573111944
7 0.3851098018 0.0332083557 0.0610605249 0.0664167113
1 0.4890198179 0.0495447242 0.1264059989 0.0990894483
7 0.9493840386 0.0353508302 0.0358864488 0.0707016604
1 0.6119442957 0.0516871987 0.1247991430 0.1033743974
1 0.7271023032 0.0621317622 0.1205141939 0.1092662025
7 0.8419925013 0.0535618640 0.0428494912 0.0353508302
1 0.7999464381 0.0969469738 0.0380289234 0.0878414569
7 0.8757364756 0.1170326727 0.0353508302 0.0637386181
7 0.8425281200 0.0910551687 0.0374933048 0.0439207284
7 0.8773433315 0.0538296733 0.0364220675 0.0744509909
7 0.9014461703 0.0506159614 0.0310658811 0.0658810927
7 0.9440278522 0.1122121050 0.0380289234 0.0851633637
7 0.9105516872 0.1156936261 0.0385645420 0.0803427959
7 0.9775040171 0.1146223889 0.0396357793 0.1006963042
7 0.0072308516 0.1644349223 0.0144617033 0.1178361007
7 0.0782003214 0.1722013926 0.1328334226 0.1280128548
7 0.2094268881 0.1955008034 0.1071237279 0.1189073380
7 0.3200321371 0.1955008034 0.1237279057 0.1253347616
7 0.4118907338 0.2024638457 0.0642742367 0.1189073380
7 0.8414568827 0.1269416176 0.0407070166 0.0364220675
7 0.9935725763 0.1285484735 0.0128548473 0.0728441350
1 0.6671130155 0.2324584896 0.0508837708 0.1124799143
1 0.6221210498 0.2284413498 0.0519550080 0.1140867702
1 0.7171933583 0.2292447777 0.0514193894 0.0964113551
1 0.7619175147 0.2335297268 0.0455275844 0.0921264060
4 0.8602035351 0.2391537225 0.0632029995 0.1119442957
1 0.8111944296 0.2348687734 0.0540974826 0.0958757365
4 0.9649169791 0.2495982860 0.0562399572 0.1114086770
4 0.9153722550 0.2445099089 0.0599892876 0.1151580075
4 0.9914301018 0.2645956079 0.0171397965 0.1028387788
0 0.0259775040 0.3160149973 0.0519550080 0.0728441350
0 0.0969469738 0.3867166577 0.0964113551 0.0749866095
0 0.2742367434 0.3387787895 0.0771290841 0.0583824317
0 0.3540439207 0.3891269416 0.0803427959 0.0744509909
1 0.5069630423 0.3928762721 0.0723085163 0.0669523299
1 0.6480985538 0.3936797001 0.0728441350 0.0621317622
1 0.7217461168 0.3926084628 0.0755222282 0.0664167113
1 0.8561863953 0.3623460096 0.0723085163 0.0551687199
1 0.9242099625 0.3655597215 0.0744509909 0.0573111944
0 0.0275843599 0.4078735940 0.0551687199 0.1173004821
0 0.0972147831 0.4528655597 0.0990894483 0.0605249063
0 0.1871987145 0.4220674879 0.0905195501 0.1135511516
0 0.2718264596 0.4252811998 0.0894483128 0.1124799143
0 0.3561863953 0.4547402250 0.0792715587 0.0557043385
1 0.5026780932 0.4542046063 0.0723085163 0.0567755758
0 0.4335832887 0.4215318693 0.0755222282 0.1221210498
1 0.5731119443 0.4584895554 0.0674879486 0.0524906267
1 0.5765934655 0.4001071237 0.0701660418 0.0664167113
1 0.6443492234 0.4520621318 0.0749866095 0.0557043385
1 0.7833422603 0.4611676486 0.0573111944 0.0535618640
1 0.7174611676 0.4536689877 0.0733797536 0.0621317622
1 0.8452062132 0.4622388859 0.0664167113 0.0449919657
1 0.8524370648 0.4148366363 0.0690948045 0.0519550080
1 0.7897696840 0.4019817890 0.0648098554 0.0658810927
1 0.9185859668 0.4169791109 0.0653454740 0.0540974826
1 0.9100160686 0.4617032673 0.0653454740 0.0417782539
1 0.9758971612 0.4169791109 0.0482056776 0.0540974826
1 0.9713444028 0.4692019282 0.0573111944 0.0503481521
0 0.0500803428 0.6148901982 0.0926620246 0.1039100161
0 0.1164970541 0.6494376004 0.0873058382 0.0401713980
0 0.1955008034 0.6194429566 0.0921264060 0.0915907874
0 0.2857525442 0.6116764863 0.0948044992 0.1060524906
0 0.3749330477 0.6430101768 0.0824852705 0.0369576861
0 0.3757364756 0.5902517408 0.0862346010 0.0696304231
0 0.4512587038 0.6261381896 0.0723085163 0.0374933048
1 0.5878414569 0.6167648634 0.0680235672 0.1055168720
1 0.5195500803 0.6189073380 0.0728441350 0.1108730584
1 0.6502410284 0.6186395287 0.0674879486 0.1071237279
1 0.7763792180 0.6119442957 0.0733797536 0.1119442957
1 0.7102303160 0.6162292448 0.0674879486 0.1012319229
1 0.8403856454 0.6106052491 0.0771290841 0.0953401178
1 0.9595607927 0.6119442957 0.0744509909 0.1023031601
1 0.9019817890 0.6159614355 0.0792715587 0.0964113551
7 0.9967862882 0.5996250670 0.0064274237 0.0487412962
7 0.9943760043 0.6430101768 0.0112479914 0.0412426352
0 0.0072308516 0.8095875736 0.0144617033 0.0605249063
0 0.1448848420 0.8446705945 0.0744509909 0.0546331012
0 0.1427423674 0.7865559721 0.0787359400 0.0712372791
0 0.0613283342 0.8548473487 0.0883770755 0.0364220675
0 0.0599892876 0.8074450991 0.0889126942 0.0615961435
0 0.2198714515 0.7865559721 0.0744509909 0.0680235672
0 0.2214783074 0.8417246920 0.0776647027 0.0465988216
0 0.2970005356 0.8098553830 0.0765934655 0.1039100161
0 0.3730583824 0.8069094804 0.0755222282 0.0980182110
1 0.5048205678 0.7988752009 0.0626673808 0.0969469738
1 0.4418853776 0.8012854847 0.0642742367 0.0985538297
1 0.5653454740 0.7975361543 0.0562399572 0.0878414569
1 0.6186395287 0.7959292983 0.0557043385 0.0996250670
1 0.6716657740 0.7983395822 0.0642742367 0.0990894483
1 0.7477236208 0.7932512051 0.1071237279 0.0931976433
1 0.8714515265 0.7704874130 0.0599892876 0.1258703803
1 0.8205677558 0.7707552223 0.0546331012 0.1242635244
7 0.9282271023 0.7651312266 0.0760578468 0.1151580075
7 0.9734868773 0.7686127477 0.0530262453 0.1231922871
0 0.0074986610 0.8596679164 0.0149973219 0.0428494912
1 0.4697375469 0.2150508838 0.0524906267 0.1119442957
1 0.5200856990 0.2209426888 0.0524906267 0.1162292448
1 0.5728441350 0.2233529727 0.0551687199 0.1124799143
