1 0.1754057428 0.1672908864 0.1885143571 0.0749063670
1 0.1897627965 0.2833957553 0.1922596754 0.0274656679
1 0.0230961298 0.3570536829 0.0461922597 0.1373283396
1 0.2309612984 0.3545568040 0.2072409488 0.0624219725
1 0.1579275905 0.5181023720 0.1510611735 0.1248439451
1 0.5599250936 0.4981273408 0.0761548065 0.0649188514
1 0.4868913858 0.4931335830 0.0749063670 0.0649188514
1 0.6317103620 0.4981273408 0.0724094881 0.0674157303
1 0.3208489388 0.5274656679 0.1173533084 0.1186017478
1 0.4088639201 0.5243445693 0.0811485643 0.1273408240
1 0.5543071161 0.5586766542 0.0749063670 0.0636704120
1 0.4843945069 0.5593008739 0.0724094881 0.0649188514
1 0.6279650437 0.5617977528 0.0749063670 0.0624219725
1 0.7022471910 0.5443196005 0.0736579276 0.0973782772
1 0.8283395755 0.5399500624 0.0611735331 0.0911360799
1 0.7671660424 0.5436953808 0.0711610487 0.0986267166
4 0.9375780275 0.5287141074 0.1123595506 0.1186017478
4 0.9950062422 0.5436953808 0.0099875156 0.1161048689
1 0.0555555556 0.7365792759 0.0711610487 0.0374531835
1 0.0099875156 0.7334581773 0.0199750312 0.0337078652
1 0.1092384519 0.7359550562 0.0411985019 0.0337078652
1 0.7134831461 0.7353308365 0.0811485643 0.0674157303
1 0.6242197253 0.7303370787 0.0873907615 0.0649188514
7 0.9463171036 0.7209737828 0.0923845194 0.0486891386
1 0.0093632959 0.7890137328 0.0187265918 0.0724094881
1 0.0549313358 0.7865168539 0.0699126092 0.0649188514
1 0.1217228464 0.7852684145 0.0686641698 0.0649188514
1 0.2652933833 0.7409488140 0.0661672909 0.0461922597
1 0.2765293383 0.7971285893 0.0411985019 0.0661672909
1 0.1928838951 0.7908863920 0.0811485643 0.0636704120
1 0.4138576779 0.7415730337 0.0461922597 0.0449438202
1 0.4051186017 0.7933832709 0.0711610487 0.0711610487
1 0.3295880150 0.7908863920 0.0774032459 0.0711610487
1 0.4719101124 0.7883895131 0.0699126092 0.0586766542
1 0.5424469413 0.7883895131 0.0661672909 0.0661672909
1 0.4725343321 0.7397003745 0.0711610487 0.0362047441
1 0.5280898876 0.7397003745 0.0424469413 0.0337078652
1 0.7097378277 0.8021223471 0.0861423221 0.0661672909
1 0.6210986267 0.8027465668 0.0861423221 0.0624219725
4 0.7759051186 0.7627965044 0.0461922597 0.1198501873
4 0.8220973783 0.7609238452 0.0486891386 0.1260923845
4 0.8726591760 0.7590511860 0.0549313358 0.1198501873
7 0.9475655431 0.7590511860 0.1023720350 0.0374531835
7 0.9481897628 0.8002496879 0.1036204744 0.0474406991
1 0.2796504370 0.9394506866 0.0898876404 0.0661672909
1 0.3657927591 0.9388264669 0.0848938826 0.0624219725
1 0.7372034956 0.9488139825 0.0811485643 0.0674157303
7 0.9569288390 0.9382022472 0.0861423221 0.0461922597
1 0.0393258427 0.9856429463 0.0786516854 0.0287141074
1 0.1117353308 0.9856429463 0.0811485643 0.0287141074
1 0.1872659176 0.9862671660 0.0699126092 0.0274656679
1 0.1741573034 0.9538077403 0.0461922597 0.0374531835
1 0.1161048689 0.9525593009 0.0749063670 0.0374531835
1 0.2765293383 0.9837702871 0.0936329588 0.0324594257
1 0.3682896380 0.9843945069 0.0873907615 0.0312109863
1 0.5349563046 0.9600499376 0.0536828964 0.0349563046
1 0.5368289638 0.9887640449 0.0599250936 0.0224719101
1 0.4581772784 0.9900124844 0.0799001248 0.0199750312
1 0.4687890137 0.9594257179 0.0686641698 0.0312109863
4 0.8451935081 0.9725343321 0.0449438202 0.0549313358
4 0.7971285893 0.9725343321 0.0486891386 0.0549313358
4 0.8926342072 0.9737827715 0.0499375780 0.0524344569
7 0.9506866417 0.9756554307 0.0986267166 0.0486891386
