1 0.0259740260 0.1566558442 0.0519480519 0.1412337662
1 0.1834415584 0.1672077922 0.1558441558 0.1006493506
1 0.4099025974 0.1939935065 0.1964285714 0.0892857143
7 0.6477272727 0.1899350649 0.1623376623 0.0844155844
1 0.0243506494 0.2775974026 0.0487012987 0.1396103896
1 0.1777597403 0.2589285714 0.1509740260 0.1022727273
1 0.4050324675 0.2897727273 0.1931818182 0.0925324675
7 0.6420454545 0.2597402597 0.1639610390 0.0811688312
1 0.0227272727 0.3944805195 0.0454545455 0.1201298701
1 0.1753246753 0.3506493506 0.1525974026 0.1071428571
1 0.4009740260 0.3839285714 0.1915584416 0.0925324675
7 0.6347402597 0.3774350649 0.1655844156 0.1769480519
7 0.8871753247 0.3831168831 0.2224025974 0.1136363636
1 0.0202922078 0.4991883117 0.0405844156 0.1152597403
1 0.1720779221 0.4496753247 0.1525974026 0.0941558442
1 0.3961038961 0.4748376623 0.1915584416 0.0827922078
7 0.8839285714 0.4764610390 0.2321428571 0.1022727273
1 0.0162337662 0.6095779221 0.0324675325 0.1087662338
1 0.1663961039 0.5422077922 0.1509740260 0.0909090909
1 0.3936688312 0.5673701299 0.1931818182 0.0925324675
7 0.6282467532 0.5422077922 0.1688311688 0.1720779221
7 0.8823051948 0.5746753247 0.2353896104 0.1136363636
1 0.0162337662 0.7199675325 0.0324675325 0.1022727273
1 0.1176948052 0.6534090909 0.0665584416 0.1250000000
1 0.1972402597 0.6534090909 0.0860389610 0.1282467532
1 0.3896103896 0.6631493506 0.1850649351 0.0892857143
3 0.6720779221 0.6607142857 0.0584415584 0.0681818182
3 0.6120129870 0.7191558442 0.0616883117 0.0616883117
3 0.6704545455 0.7207792208 0.0551948052 0.0584415584
3 0.6168831169 0.6566558442 0.0584415584 0.0698051948
7 0.8733766234 0.7224025974 0.2370129870 0.1915584416
1 0.1144480519 0.7800324675 0.0633116883 0.1217532468
1 0.1915584416 0.7849025974 0.0844155844 0.1282467532
1 0.3896103896 0.7897727273 0.1850649351 0.1607142857
3 0.6331168831 0.7759740260 0.1266233766 0.0649350649
1 0.0146103896 0.8319805195 0.0292207792 0.0990259740
1 0.1095779221 0.9099025974 0.0665584416 0.1152597403
1 0.1866883117 0.9115259740 0.0909090909 0.1185064935
2 0.8896103896 0.8685064935 0.1980519481 0.1071428571
1 0.0137987013 0.9358766234 0.0275974026 0.1022727273
1 0.1079545455 0.9845779221 0.0730519481 0.0308441558
1 0.1850649351 0.9862012987 0.0876623377 0.0275974026
1 0.3806818182 0.9366883117 0.1834415584 0.1266233766
8 0.6128246753 0.9050324675 0.1574675325 0.1899350649
2 0.8798701299 0.9545454545 0.1915584416 0.0909090909
1 0.0097402597 0.9926948052 0.0194805195 0.0146103896
