1 0.5765822785 0.0139240506 0.1000000000 0.0278481013
1 0.6816455696 0.0082278481 0.1075949367 0.0164556962
1 0.8037974684 0.0056962025 0.1189873418 0.0113924051
5 0.9487341772 0.0063291139 0.1025316456 0.0126582278
1 0.3468354430 0.1088607595 0.0759493671 0.0430379747
1 0.5689873418 0.0803797468 0.1000000000 0.0924050633
1 0.6822784810 0.0664556962 0.1063291139 0.1075949367
1 0.7987341772 0.0588607595 0.1139240506 0.0924050633
5 0.9563291139 0.1500000000 0.0873417722 0.0772151899
1 0.3322784810 0.2056962025 0.0721518987 0.0772151899
1 0.4183544304 0.2018987342 0.0924050633 0.0797468354
1 0.5094936709 0.1930379747 0.0949367089 0.0772151899
1 0.6075949367 0.1860759494 0.0987341772 0.0936708861
1 0.7113924051 0.1708860759 0.1063291139 0.0911392405
1 0.7139240506 0.2582278481 0.1037974684 0.0835443038
1 0.8215189873 0.2563291139 0.1113924051 0.0974683544
1 0.8208860759 0.1632911392 0.1075949367 0.0911392405
5 0.9569620253 0.2405063291 0.0860759494 0.0911392405
1 0.3291139241 0.2829113924 0.0759493671 0.0746835443
1 0.4227848101 0.2797468354 0.0911392405 0.0759493671
1 0.5126582278 0.2715189873 0.0936708861 0.0797468354
1 0.6120253165 0.2772151899 0.1000000000 0.0936708861
1 0.2202531646 0.4094936709 0.0582278481 0.0721518987
1 0.2981012658 0.4094936709 0.0696202532 0.0797468354
1 0.3829113924 0.4018987342 0.0822784810 0.0848101266
1 0.4689873418 0.4753164557 0.0797468354 0.0822784810
1 0.4658227848 0.3943037975 0.0759493671 0.0848101266
1 0.5512658228 0.4721518987 0.0873417722 0.0810126582
1 0.5531645570 0.3886075949 0.0860759494 0.0886075949
1 0.6392405063 0.4670886076 0.0936708861 0.0835443038
1 0.6417721519 0.3848101266 0.0835443038 0.0886075949
1 0.7360759494 0.4658227848 0.0974683544 0.0886075949
1 0.7335443038 0.3784810127 0.0949367089 0.0886075949
1 0.8341772152 0.4626582278 0.1012658228 0.0898734177
1 0.8329113924 0.3734177215 0.0987341772 0.0936708861
5 0.9556962025 0.3715189873 0.0886075949 0.0848101266
5 0.9575949367 0.4563291139 0.0848101266 0.0898734177
1 0.2234177215 0.4867088608 0.0696202532 0.0772151899
1 0.3056962025 0.4860759494 0.0721518987 0.0734177215
1 0.3854430380 0.4816455696 0.0797468354 0.0797468354
5 0.9968354430 0.5613924051 0.0063291139 0.0493670886
1 0.1481012658 0.5917721519 0.0759493671 0.0746835443
1 0.1455696203 0.6696202532 0.0759493671 0.0784810127
1 0.2208860759 0.5892405063 0.0822784810 0.0772151899
1 0.2227848101 0.6664556962 0.0835443038 0.0797468354
1 0.3088607595 0.5879746835 0.0835443038 0.0772151899
1 0.3050632911 0.6677215190 0.0784810127 0.0797468354
1 0.3886075949 0.5873417722 0.0784810127 0.0784810127
1 0.3898734177 0.6702531646 0.0835443038 0.0822784810
1 0.4759493671 0.5841772152 0.0835443038 0.0822784810
1 0.4734177215 0.6664556962 0.0860759494 0.0848101266
1 0.5664556962 0.5841772152 0.0873417722 0.0848101266
1 0.5620253165 0.6708860759 0.0860759494 0.0911392405
1 0.6518987342 0.6727848101 0.0886075949 0.0924050633
1 0.6537974684 0.5854430380 0.0873417722 0.0848101266
1 0.7481012658 0.6772151899 0.0911392405 0.0886075949
1 0.7443037975 0.5873417722 0.0936708861 0.0911392405
1 0.8411392405 0.5873417722 0.0949367089 0.0911392405
1 0.8424050633 0.6803797468 0.0974683544 0.0924050633
5 0.9575949367 0.5943037975 0.0696202532 0.1177215190
3 0.8158227848 0.7835443038 0.0620253165 0.0582278481
3 0.8791139241 0.7879746835 0.0721518987 0.0620253165
1 0.1746835443 0.8278481013 0.1265822785 0.1772151899
8 0.2943037975 0.8386075949 0.1025316456 0.1962025316
8 0.4107594937 0.8291139241 0.1151898734 0.1746835443
1 0.5645569620 0.8234177215 0.0683544304 0.1531645570
1 0.5012658228 0.8196202532 0.0632911392 0.1506329114
1 0.6278481013 0.8259493671 0.0683544304 0.1582278481
1 0.6974683544 0.8278481013 0.0734177215 0.1594936709
3 0.8208860759 0.8430379747 0.0620253165 0.0632911392
3 0.7601265823 0.8107594937 0.0620253165 0.1177215190
3 0.8841772152 0.8468354430 0.0670886076 0.0632911392
5 0.9753164557 0.8170886076 0.0493670886 0.0974683544
5 0.9848101266 0.8936708861 0.0303797468 0.0481012658
1 0.1727848101 0.9917721519 0.1379746835 0.0164556962
1 0.3101265823 0.9968354430 0.1443037975 0.0063291139
