7 0.0108017283 0.1000960154 0.0216034566 0.1137782045
7 0.0763322132 0.1125780125 0.1200192031 0.1224195871
7 0.1929908785 0.1224195871 0.1171387422 0.1277004321
7 0.2779644743 0.1339414306 0.0604896783 0.1036965915
7 0.3374939990 0.1447431589 0.0547287566 0.0984157465
1 0.4306289006 0.1483437350 0.1132981277 0.1497839654
7 0.8432549208 0.1593855017 0.0321651464 0.0768122900
1 0.5408065290 0.1793086894 0.1118578973 0.0955352856
1 0.6440230437 0.1901104177 0.1080172828 0.0979356697
7 0.7469995199 0.1824291887 0.0384061450 0.0316850696
1 0.7093134902 0.2213154105 0.0340854537 0.0787325972
7 0.7772443591 0.2393182909 0.0316850696 0.0571291407
7 0.7474795967 0.2160345655 0.0336053769 0.0393662986
7 0.7786845895 0.1826692271 0.0326452232 0.0667306769
7 0.8002880461 0.1797887662 0.0278444551 0.0590494479
7 0.8384541527 0.2349975996 0.0340854537 0.0763322132
7 0.8084493519 0.2381180989 0.0345655305 0.0720115218
7 0.8684589534 0.2371579453 0.0355256841 0.0902544407
7 0.9920787326 0.2201152184 0.0158425348 0.0600096015
7 0.0026404225 0.2818050888 0.0052808449 0.1056168987
7 0.0624099856 0.2887662026 0.1190590494 0.1147383581
7 0.1800288046 0.3096495439 0.0960153625 0.1065770523
7 0.2791646663 0.3096495439 0.1108977436 0.1123379741
7 0.3614978397 0.3158905425 0.0576092175 0.1065770523
7 0.7465194431 0.2481997120 0.0364858377 0.0326452232
7 0.8941430629 0.2496399424 0.0340854537 0.0652904465
7 0.9215074412 0.2491598656 0.0350456073 0.0739318291
7 0.9923187710 0.2707633221 0.0153624580 0.0528084494
7 0.9498319731 0.2532405185 0.0312049928 0.0734517523
7 0.9750360058 0.2503600576 0.0355256841 0.0724915987
1 0.5902544407 0.3427748440 0.0456072972 0.1008161306
1 0.5499279885 0.3391742679 0.0465674508 0.1022563610
1 0.6351416227 0.3398943831 0.0460873740 0.0864138262
1 0.6752280365 0.3437349976 0.0408065290 0.0825732117
4 0.7633221315 0.3487758041 0.0566490639 0.1003360538
1 0.7193951032 0.3449351896 0.0484877580 0.0859337494
4 0.8571771483 0.3581373020 0.0504080653 0.0998559770
4 0.8127700432 0.3535765723 0.0537686030 0.1032165146
4 0.8960633701 0.3715794527 0.0456072972 0.0921747480
4 0.9351896303 0.3749399904 0.0432069131 0.0883341335
4 0.9901584253 0.3826212194 0.0196831493 0.0912145943
4 0.9704752760 0.3790206433 0.0446471435 0.0907345175
0 0.0194431109 0.4176668267 0.0388862218 0.0652904465
0 0.0792126740 0.4810369659 0.0864138262 0.0672107537
0 0.2381180989 0.4380700912 0.0691310610 0.0523283725
0 0.3096495439 0.4831973116 0.0720115218 0.0667306769
1 0.4467114738 0.4865578493 0.0648103697 0.0600096015
1 0.5732117139 0.4872779645 0.0652904465 0.0556889102
1 0.6392222756 0.4863178108 0.0676908305 0.0595295247
1 0.7597215554 0.4591934710 0.0648103697 0.0494479117
1 0.8206913106 0.4620739318 0.0667306769 0.0513682189
0 0.0208833413 0.5000000000 0.0417666827 0.1051368219
0 0.0794527124 0.5403264522 0.0888142103 0.0542486798
0 0.1601056169 0.5127220355 0.0811329813 0.1017762842
0 0.2359577532 0.5156024964 0.0801728277 0.1008161306
0 0.3115698512 0.5420067211 0.0710513682 0.0499279885
1 0.4428708593 0.5415266443 0.0648103697 0.0508881421
0 0.3809409506 0.5122419587 0.0676908305 0.1094575132
1 0.5060009602 0.5453672588 0.0604896783 0.0470475276
1 0.5091214594 0.4930388862 0.0628900624 0.0595295247
1 0.5698511762 0.5396063370 0.0672107537 0.0499279885
1 0.6944311090 0.5477676428 0.0513682189 0.0480076812
1 0.6353816611 0.5410465675 0.0657705233 0.0556889102
1 0.7498799808 0.5487277964 0.0595295247 0.0403264522
1 0.7563610178 0.5062409986 0.0619299088 0.0465674508
1 0.7001920307 0.4947191551 0.0580892943 0.0590494479
1 0.8156505041 0.5081613058 0.0585693711 0.0484877580
1 0.8079692751 0.5482477196 0.0585693711 0.0374459914
1 0.8766202592 0.5081613058 0.0624099856 0.0484877580
7 0.9217474796 0.5350456073 0.0403264522 0.0878540566
1 0.8686989918 0.5549687950 0.0628900624 0.0451272204
4 0.9560729717 0.5168026884 0.0465674508 0.1195391263
4 0.9812770043 0.5355256841 0.0374459914 0.0868939030
7 0.9260681709 0.6337013922 0.0499279885 0.0336053769
7 0.9759961594 0.6339414306 0.0480076812 0.0628900624
0 0.0393662986 0.6855496880 0.0787325972 0.0931349016
0 0.0967354777 0.7165146423 0.0782525204 0.0360057609
0 0.1675468075 0.6896303409 0.0825732117 0.0820931349
0 0.2484397504 0.6826692271 0.0849735958 0.0950552088
0 0.3283725396 0.7107537206 0.0739318291 0.0331253000
0 0.3290926548 0.6634661546 0.0772923668 0.0624099856
0 0.3967834854 0.6956313010 0.0648103697 0.0336053769
1 0.5192030725 0.6872299568 0.0609697552 0.0945751320
1 0.4579932789 0.6891502640 0.0652904465 0.0993759001
1 0.5751320211 0.6889102256 0.0604896783 0.0960153625
1 0.6881901104 0.6829092655 0.0657705233 0.1003360538
1 0.6289006241 0.6867498800 0.0604896783 0.0907345175
1 0.7455592895 0.6817090735 0.0691310610 0.0854536726
1 0.8523763802 0.6829092655 0.0667306769 0.0916946711
1 0.8007681229 0.6865098416 0.0710513682 0.0864138262
7 0.9071051368 0.6718674988 0.0484877580 0.0436869899
7 0.9347095535 0.7093134902 0.0384061450 0.0465674508
7 0.9003840614 0.7107537206 0.0436869899 0.0369659145
7 0.9764762362 0.6975516083 0.0470475276 0.0643302928
7 0.9659145463 0.8118098896 0.0374459914 0.0460873740
7 0.9618338934 0.7724435910 0.0302448392 0.0403264522
0 0.0026404225 0.8600576092 0.0052808449 0.0542486798
0 0.1221795487 0.8915026404 0.0667306769 0.0489678349
0 0.1202592415 0.8394143063 0.0705712914 0.0638502160
0 0.0472875660 0.9006240999 0.0792126740 0.0326452232
0 0.0460873740 0.8581373020 0.0796927508 0.0552088334
0 0.1893903024 0.8394143063 0.0667306769 0.0609697552
0 0.1908305329 0.8888622180 0.0696111378 0.0417666827
0 0.2585213634 0.8602976476 0.0686509842 0.0931349016
0 0.3266922708 0.8576572252 0.0676908305 0.0878540566
1 0.4447911666 0.8504560730 0.0561689870 0.0868939030
1 0.3883821411 0.8526164186 0.0576092175 0.0883341335
1 0.4990398464 0.8492558809 0.0504080653 0.0787325972
1 0.5468074892 0.8478156505 0.0499279885 0.0892942871
1 0.5943350936 0.8499759962 0.0576092175 0.0888142103
1 0.6625060010 0.8454152664 0.0960153625 0.0835333653
1 0.7734037446 0.8250120019 0.0537686030 0.1128180509
1 0.7277964474 0.8252520403 0.0489678349 0.1113778205
7 0.8242918867 0.8202112338 0.0681709073 0.1032165146
7 0.9207873260 0.8206913106 0.0585693711 0.1080172828
7 0.8718194911 0.8233317331 0.0614498320 0.1104176668
7 0.9613538166 0.8511761882 0.0456072972 0.0422467595
0 0.0028804609 0.9049447912 0.0057609217 0.0384061450
1 0.4133461354 0.3271723476 0.0470475276 0.1003360538
1 0.4584733557 0.3324531925 0.0470475276 0.1041766683
1 0.5057609217 0.3346135382 0.0494479117 0.1008161306
