1 0.4086908691 0.0770077008 0.1265126513 0.1540154015
1 0.5341034103 0.0638063806 0.1507150715 0.1276127613
1 0.6749174917 0.0495049505 0.1551155116 0.0990099010
1 0.8426842684 0.0214521452 0.1936193619 0.0429042904
1 0.1391639164 0.1479647965 0.0715071507 0.1353135314
1 0.2156215622 0.1188118812 0.0880088009 0.1540154015
1 0.3058305831 0.0918591859 0.0946094609 0.1595159516
1 0.8305830583 0.1314631463 0.2024202420 0.2277227723
1 0.9521452145 0.1111111111 0.0957095710 0.2222222222
1 0.2211221122 0.2431243124 0.0946094609 0.1474147415
1 0.3080308031 0.2288228823 0.0990099010 0.1540154015
1 0.4081408141 0.2051705171 0.1078107811 0.1617161716
1 0.5247524752 0.1903190319 0.1364136414 0.1782178218
1 0.6644664466 0.1644664466 0.1694169417 0.2013201320
1 0.1336633663 0.2612761276 0.0869086909 0.1331133113
1 0.1050605061 0.3998899890 0.0253025303 0.1023102310
1 0.1314631463 0.4020902090 0.0275027503 0.1045104510
1 0.2062706271 0.3938393839 0.0165016502 0.1144114411
1 0.1573157316 0.3976897690 0.0286028603 0.1133113311
1 0.1875687569 0.3932893289 0.0341034103 0.1133113311
1 0.3349834983 0.3894389439 0.0297029703 0.1210121012
1 0.2942794279 0.3883388339 0.0407040704 0.1210121012
1 0.3652365237 0.3866886689 0.0374037404 0.1265126513
1 0.4053905391 0.3855885589 0.0495049505 0.1331133113
1 0.4449944994 0.3817381738 0.0385038504 0.1386138614
1 0.4807480748 0.3756875688 0.0396039604 0.1485148515
1 0.5517051705 0.3740374037 0.0605060506 0.1584158416
1 0.6138613861 0.3685368537 0.0726072607 0.1672167217
1 0.6848184818 0.3657865787 0.0803080308 0.1727172717
1 0.7568756876 0.3608360836 0.0946094609 0.1848184818
1 0.8388338834 0.3580858086 0.0979097910 0.1903190319
1 0.9290429043 0.3525852585 0.1133113311 0.2013201320
1 0.0693069307 0.4966996700 0.0374037404 0.0979097910
1 0.1012101210 0.4994499450 0.0352035204 0.0946094609
1 0.1336633663 0.5011001100 0.0275027503 0.0935093509
1 0.2090209021 0.5049504950 0.0110011001 0.1122112211
1 0.1600660066 0.5022002200 0.0297029703 0.0957095710
1 0.1892189219 0.5055005501 0.0286028603 0.1067106711
1 0.3245324532 0.5093509351 0.0330033003 0.1232123212
1 0.2898789879 0.5066006601 0.0385038504 0.1221122112
1 0.3602860286 0.5104510451 0.0407040704 0.1210121012
1 0.3987898790 0.5126512651 0.0429042904 0.1276127613
1 0.4741474147 0.5176017602 0.0418041804 0.1331133113
1 0.4400440044 0.5165016502 0.0396039604 0.1309130913
1 0.5484048405 0.5236523652 0.0671067107 0.1496149615
1 0.6067106711 0.5269526953 0.0693069307 0.1540154015
1 0.6760176018 0.5297029703 0.0825082508 0.1595159516
1 0.7513751375 0.5324532453 0.0880088009 0.1672167217
1 0.8272827283 0.5357535754 0.0990099010 0.1716171617
1 0.9169416942 0.5385038504 0.1133113311 0.1815181518
1 0.0753575358 0.7062706271 0.0451045105 0.0660066007
1 0.1281628163 0.7156215622 0.0495049505 0.0627062706
1 0.1650165017 0.7233223322 0.0374037404 0.0627062706
1 0.7216721672 0.7189218922 0.0638063806 0.0627062706
1 0.0610561056 0.7634763476 0.0561056106 0.0616061606
1 0.1111111111 0.7750275028 0.0484048405 0.0583058306
1 0.2018701870 0.7299229923 0.0363036304 0.0759075908
1 0.1947194719 0.7975797580 0.0484048405 0.0792079208
1 0.1501650165 0.7876787679 0.0407040704 0.0660066007
1 0.3085808581 0.7431243124 0.0517051705 0.0627062706
1 0.3514851485 0.7563256326 0.0429042904 0.0627062706
1 0.3965896590 0.7656765677 0.0517051705 0.0660066007
1 0.4686468647 0.7651265127 0.0396039604 0.0715071507
1 0.6474147415 0.7315731573 0.0649064906 0.0682068207
1 0.0561056106 0.8976897690 0.0396039604 0.0638063806
1 0.2843784378 0.8377337734 0.0473047305 0.0693069307
1 0.2387238724 0.8206820682 0.0484048405 0.0726072607
1 0.3349834983 0.8525852585 0.0605060506 0.0814081408
1 0.3899889989 0.8646864686 0.0495049505 0.0858085809
1 0.4488448845 0.8872387239 0.0748074807 0.0847084708
1 0.5594059406 0.8630363036 0.0693069307 0.1639163916
1 0.6127612761 0.8800880088 0.0660066007 0.1628162816
1 0.6699669967 0.8822882288 0.0616061606 0.2002200220
1 0.7326732673 0.9092409241 0.0792079208 0.1815181518
1 0.0566556656 0.9504950495 0.0429042904 0.0682068207
1 0.0577557756 0.9812981298 0.0429042904 0.0374037404
1 0.1012101210 0.9196919692 0.0550055006 0.0704070407
1 0.1028602860 0.9757975798 0.0561056106 0.0484048405
1 0.1474147415 0.9350935094 0.0396039604 0.0682068207
1 0.1479647965 0.9845984598 0.0407040704 0.0308030803
1 0.1870187019 0.9570957096 0.0484048405 0.0704070407
1 0.8140814081 0.9185918592 0.0880088009 0.1628162816
1 0.8976897690 0.9213421342 0.0792079208 0.1573157316
1 0.1012101210 0.9922992299 0.0506050605 0.0154015402
1 0.1930693069 0.9939493949 0.0495049505 0.0121012101
