0 0.2895569620 0.0340189873 0.1107594937 0.0648734177
0 0.5126582278 0.0395569620 0.0854430380 0.0791139241
0 0.6083860759 0.0601265823 0.0996835443 0.1202531646
5 0.0039556962 0.1574367089 0.0079113924 0.2325949367
0 0.1819620253 0.1178797468 0.1170886076 0.2357594937
0 0.4145569620 0.1242088608 0.1170886076 0.1376582278
0 0.5015822785 0.1629746835 0.1139240506 0.1677215190
3 0.1439873418 0.2705696203 0.1202531646 0.0632911392
7 0.2697784810 0.2840189873 0.1408227848 0.0490506329
7 0.4058544304 0.3085443038 0.1376582278 0.0537974684
7 0.5450949367 0.2848101266 0.1503164557 0.0822784810
5 0.0055379747 0.4137658228 0.0110759494 0.2104430380
7 0.2745253165 0.3393987342 0.1408227848 0.0553797468
7 0.4153481013 0.3560126582 0.1218354430 0.0632911392
7 0.5403481013 0.3662974684 0.1218354430 0.0680379747
1 0.5553797468 0.5593354430 0.1265822785 0.2294303797
5 0.0063291139 0.6843354430 0.0126582278 0.1250000000
5 0.0039556962 0.7958860759 0.0079113924 0.1075949367
1 0.0878164557 0.7650316456 0.1155063291 0.2009493671
1 0.2072784810 0.7761075949 0.1265822785 0.2009493671
1 0.3314873418 0.7681962025 0.1218354430 0.1946202532
1 0.4580696203 0.7674050633 0.1218354430 0.2088607595
1 0.5743670886 0.7737341772 0.1265822785 0.1993670886
1 0.5751582278 0.9731012658 0.1028481013 0.0537974684
1 0.1487341772 0.9786392405 0.1107594937 0.0427215190
1 0.2555379747 0.9786392405 0.1060126582 0.0427215190
1 0.3607594937 0.9802215190 0.1012658228 0.0395569620
1 0.4691455696 0.9762658228 0.1123417722 0.0474683544
