0 0.2066744731 0.0240046838 0.1065573770 0.0480093677
0 0.3026932084 0.0281030445 0.0925058548 0.0562060890
0 0.4250585480 0.0380562061 0.1147540984 0.0761124122
0 0.5199063232 0.0415690867 0.0843091335 0.0831381733
0 0.6188524590 0.0480093677 0.0573770492 0.0960187354
7 0.7459016393 0.0567915691 0.0725995316 0.1135831382
1 0.2529274005 0.1627634660 0.0585480094 0.1475409836
1 0.3717798595 0.1621779859 0.1229508197 0.1510538642
1 0.4877049180 0.1744730679 0.1135831382 0.1405152225
1 0.5831381733 0.1914519906 0.0749414520 0.1042154567
7 0.6451990632 0.1908665105 0.0562060890 0.1124121780
7 0.7388758782 0.1896955504 0.0702576112 0.1124121780
1 0.3261124122 0.3413348946 0.0573770492 0.1416861827
1 0.3899297424 0.3419203747 0.0608899297 0.1217798595
1 0.4443793911 0.3401639344 0.0503512881 0.1299765808
1 0.5029274005 0.3372365340 0.0456674473 0.1241217799
1 0.5421545667 0.3348946136 0.0444964871 0.1241217799
1 0.6194379391 0.3243559719 0.0374707260 0.1100702576
1 0.5848946136 0.3284543326 0.0456674473 0.1182669789
1 0.6557377049 0.3231850117 0.0374707260 0.1124121780
1 0.6885245902 0.3261124122 0.0398126464 0.1088992974
1 0.7242388759 0.3220140515 0.0339578454 0.1053864169
1 0.2125292740 0.3477751756 0.0644028103 0.1475409836
1 0.2722482436 0.3436768150 0.0597189696 0.1463700234
1 0.5585480094 0.4396955504 0.0702576112 0.0714285714
1 0.6188524590 0.4297423888 0.0550351288 0.0772833724
1 0.6768149883 0.4256440281 0.0398126464 0.0644028103
1 0.7195550351 0.4203747073 0.0386416862 0.0585480094
1 0.2587822014 0.5040983607 0.1264637002 0.1674473068
1 0.3548009368 0.5345433255 0.0772833724 0.0784543326
1 0.3542154567 0.4566744731 0.0737704918 0.0796252927
1 0.4256440281 0.5240046838 0.0667447307 0.0784543326
1 0.4256440281 0.4496487119 0.0690866511 0.0843091335
1 0.4923887588 0.4467213115 0.0690866511 0.0807962529
1 0.5562060890 0.5070257611 0.0679156909 0.0725995316
1 0.6217798595 0.4953161593 0.0585480094 0.0749414520
1 0.6715456674 0.4853629977 0.0480093677 0.0573770492
1 0.7183840749 0.4795081967 0.0480093677 0.0597189696
1 0.5421545667 0.6159250585 0.0468384075 0.1428571429
1 0.4871194379 0.6276346604 0.0725995316 0.1498829040
1 0.5813817330 0.6030444965 0.0456674473 0.1311475410
7 0.6662763466 0.5913348946 0.0351288056 0.0304449649
7 0.6932084309 0.5720140515 0.0281030445 0.0526932084
7 0.6375878220 0.5696721311 0.0128805621 0.0409836066
7 0.6405152225 0.6200234192 0.0234192037 0.0667447307
1 0.2488290398 0.6967213115 0.1018735363 0.1803278689
1 0.3389929742 0.6692037471 0.0831381733 0.1768149883
1 0.4168618267 0.6522248244 0.0843091335 0.1569086651
1 0.4414519906 0.8407494145 0.1053864169 0.1920374707
4 0.5292740047 0.8173302108 0.0655737705 0.1498829040
4 0.5802107728 0.7921545667 0.0433255269 0.1393442623
4 0.6159250585 0.7798594848 0.0421545667 0.1241217799
4 0.6621779859 0.7634660422 0.0480093677 0.1170960187
4 0.7002341920 0.7535128806 0.0398126464 0.1112412178
4 0.7312646370 0.7453161593 0.0362997658 0.1112412178
1 0.3407494145 0.8788056206 0.0819672131 0.1674473068
8 0.2933255269 0.9853629977 0.1557377049 0.0292740047
8 0.4069086651 0.9677985948 0.1088992974 0.0644028103
1 0.2693208431 0.9010538642 0.0515222482 0.1393442623
