1 0.3031123139 0.0581867388 0.1542625169 0.1163734777
1 0.4445196211 0.0561569689 0.1529093369 0.1123139378
1 0.5872801083 0.0541271989 0.1461434371 0.1082543978
1 0.7307171854 0.0514208390 0.1461434371 0.1028416779
1 0.8741542625 0.0493910690 0.1596752368 0.0987821380
5 0.9837618403 0.0446549391 0.0324763194 0.0893098782
1 0.3085250338 0.2327469553 0.1542625169 0.1217861976
1 0.4485791610 0.2699594046 0.1393775372 0.2449255751
1 0.5764546685 0.2679296346 0.1326116373 0.2381596752
1 0.6975642760 0.2591339648 0.1285520974 0.2395128552
1 0.8193504736 0.2530446549 0.1258457375 0.2381596752
1 0.3119079838 0.3464140731 0.1502029770 0.1190798376
1 0.3125845737 0.6156968877 0.1623815968 0.2625169147
1 0.4702300406 0.6163734777 0.1583220568 0.2692828146
1 0.6244925575 0.6123139378 0.1583220568 0.2665764547
1 0.7719891746 0.5947225981 0.1637347767 0.2584573748
1 0.9140730717 0.5947225981 0.1583220568 0.2638700947
2 0.7875507442 0.8802435724 0.2083897158 0.1556156969
1 0.3410013532 0.9248985115 0.2110960758 0.1502029770
2 0.8024357240 0.9776725304 0.2029769959 0.0446549391
