1 0.3285151117 0.0045992116 0.1208935611 0.0091984231
1 0.6990801577 0.0223390276 0.1103810775 0.0446780552
1 0.3180026281 0.0525624179 0.1314060447 0.0525624179
1 0.3147174770 0.0978975033 0.1327201051 0.0643889619
1 0.3212877792 0.0275952694 0.1274638633 0.0551905388
1 0.5039421813 0.1222076216 0.0565045992 0.0709592641
1 0.7470433640 0.0965834428 0.0722733246 0.0591327201
1 0.6780551905 0.0893561104 0.0709592641 0.0657030223
1 0.2838370565 0.1609724047 0.0998685940 0.0749014455
1 0.2772667543 0.2253613666 0.0972404731 0.0749014455
1 0.3580814717 0.2187910644 0.0643889619 0.0775295664
1 0.3626806833 0.1491458607 0.0630749014 0.0643889619
1 0.4474375821 0.1327201051 0.0565045992 0.0709592641
1 0.4494086728 0.2003942181 0.0551905388 0.0749014455
1 0.5065703022 0.1911957950 0.0617608410 0.0722733246
1 0.5755584757 0.1346911958 0.0604467806 0.0722733246
1 0.5781865966 0.2056504599 0.0657030223 0.0643889619
1 0.6806833114 0.2135348226 0.0657030223 0.0775295664
1 0.7483574244 0.1412614980 0.0696452037 0.0433639947
1 0.7483574244 0.1918528252 0.0749014455 0.0735873850
1 0.6793692510 0.1438896189 0.0683311432 0.0696452037
1 0.2411300920 0.3009198423 0.0486202365 0.0657030223
1 0.2739816032 0.2936925099 0.1064388962 0.0722733246
1 0.3607095926 0.2956636005 0.0643889619 0.0762155059
1 0.4816031537 0.2654402102 0.1143232589 0.0840998686
1 0.4875164258 0.3265440210 0.1235216820 0.0749014455
1 0.5808147175 0.3344283837 0.0630749014 0.0827858081
1 0.5749014455 0.2667542707 0.0617608410 0.0683311432
1 0.6846254928 0.2805519054 0.0735873850 0.0775295664
1 0.7575558476 0.2674113009 0.0801576873 0.0801576873
1 0.2339027595 0.3646517740 0.0551905388 0.0749014455
1 0.2220762155 0.4382391590 0.0578186597 0.0749014455
1 0.2890932983 0.3541392904 0.0578186597 0.0696452037
1 0.2720105125 0.4323258870 0.0630749014 0.0814717477
1 0.3580814717 0.4480946124 0.0512483574 0.0814717477
1 0.3607095926 0.3679369251 0.0486202365 0.0709592641
1 0.4540078844 0.3909329829 0.0538764783 0.0643889619
1 0.4816031537 0.4540078844 0.1169513798 0.0827858081
1 0.5164257556 0.3876478318 0.0814717477 0.0709592641
1 0.5946123522 0.4296977661 0.0643889619 0.0762155059
1 0.7030223390 0.4513797635 0.0762155059 0.0906701708
1 0.6898817346 0.3580814717 0.0762155059 0.0932982917
1 0.7779237845 0.4402102497 0.0840998686 0.0867279895
1 0.7667542707 0.3521681997 0.0801576873 0.0972404731
1 0.2155059133 0.5197109067 0.0578186597 0.0827858081
1 0.2956636005 0.5183968463 0.0551905388 0.0827858081
1 0.3620236531 0.5302233903 0.0696452037 0.0880420499
1 0.4520367937 0.5367936925 0.0709592641 0.0906701708
1 0.5091984231 0.5243101183 0.0643889619 0.0814717477
1 0.5952693824 0.5000000000 0.0657030223 0.0775295664
1 0.7109067017 0.5440210250 0.0762155059 0.1051248357
1 0.7936925099 0.5354796321 0.0946123522 0.1011826544
1 0.2063074901 0.6760840999 0.0814717477 0.0880420499
1 0.2148488830 0.5985545335 0.0591327201 0.0775295664
1 0.2772667543 0.6839684625 0.0788436268 0.0906701708
1 0.2858081472 0.5992115637 0.0749014455 0.0814717477
1 0.3561103811 0.6136662286 0.0683311432 0.0867279895
1 0.4934296978 0.6208935611 0.1248357424 0.0932982917
1 0.5972404731 0.5775295664 0.0670170828 0.0854139290
1 0.6090670171 0.6636005256 0.0722733246 0.0919842313
1 0.7128777924 0.6458607096 0.0880420499 0.1038107753
1 0.8002628121 0.6412614980 0.0919842313 0.1130091984
1 0.1984231275 0.7621550591 0.0867279895 0.0946123522
1 0.2634691196 0.7674113009 0.0749014455 0.0893561104
1 0.4349540079 0.7102496715 0.1024967148 0.0932982917
1 0.5229960578 0.7109067017 0.0814717477 0.0867279895
1 0.6103810775 0.7634691196 0.0801576873 0.1051248357
1 0.7214191853 0.7595269382 0.0919842313 0.1182654402
1 0.8094612352 0.7608409987 0.0946123522 0.1208935611
