1 0.0481283422 0.1423796791 0.0962566845 0.1564171123
1 0.2052139037 0.1296791444 0.2205882353 0.1443850267
1 0.4344919786 0.2205882353 0.2165775401 0.3315508021
7 0.6343582888 0.1423796791 0.1938502674 0.1671122995
7 0.8322192513 0.1390374332 0.1991978610 0.1684491979
7 0.9639037433 0.2854278075 0.0721925134 0.1537433155
7 0.9672459893 0.1343582888 0.0655080214 0.1644385027
1 0.0401069519 0.3155080214 0.0802139037 0.1657754011
1 0.2098930481 0.3094919786 0.2352941176 0.1617647059
7 0.6310160428 0.3014705882 0.1898395722 0.1537433155
7 0.6844919786 0.5180481283 0.1818181818 0.1056149733
7 0.8268716578 0.2974598930 0.1938502674 0.1564171123
7 0.8689839572 0.4966577540 0.1871657754 0.1136363636
7 0.9872994652 0.5006684492 0.0254010695 0.1002673797
1 0.3248663102 0.6457219251 0.1898395722 0.1524064171
1 0.5013368984 0.6397058824 0.1764705882 0.1617647059
7 0.8629679144 0.6189839572 0.1671122995 0.1256684492
7 0.6824866310 0.6256684492 0.1831550802 0.1363636364
7 0.9819518717 0.6082887701 0.0360962567 0.1390374332
7 0.9672459893 0.7413101604 0.0655080214 0.1296791444
1 0.0300802139 0.7827540107 0.0601604278 0.1457219251
1 0.1537433155 0.7660427807 0.2032085561 0.1470588235
1 0.3375668449 0.7787433155 0.1804812834 0.1270053476
1 0.5080213904 0.7727272727 0.1764705882 0.1229946524
7 0.6778074866 0.7620320856 0.1871657754 0.1497326203
7 0.8509358289 0.7500000000 0.1885026738 0.1497326203
1 0.0227272727 0.6223262032 0.0454545455 0.1671122995
1 0.1350267380 0.6169786096 0.1925133690 0.1617647059
