1 0.0496632997 0.0269360269 0.0993265993 0.0538720539
1 0.3038720539 0.0260942761 0.2037037037 0.0521885522
1 0.3005050505 0.0984848485 0.2138047138 0.0858585859
7 0.5690235690 0.0395622896 0.1750841751 0.0791245791
7 0.5698653199 0.1136363636 0.1767676768 0.0791245791
1 0.0471380471 0.1506734007 0.0942760943 0.2003367003
7 0.5580808081 0.1902356902 0.1531986532 0.0774410774
4 0.0488215488 0.3030303030 0.0976430976 0.1111111111
4 0.3156565657 0.3030303030 0.2441077441 0.1346801347
7 0.5454545455 0.2601010101 0.1279461279 0.0757575758
7 0.5622895623 0.3308080808 0.1582491582 0.0791245791
4 0.0471380471 0.4158249158 0.0942760943 0.1144781145
4 0.3173400673 0.4250841751 0.2407407407 0.1060606061
7 0.5757575758 0.4099326599 0.1885521886 0.0824915825
4 0.0454545455 0.5084175084 0.0909090909 0.0909090909
4 0.3156565657 0.5244107744 0.2474747475 0.1094276094
7 0.5294612795 0.5412457912 0.0892255892 0.1902356902
7 0.6043771044 0.5420875421 0.0976430976 0.1952861953
4 0.0446127946 0.5925925926 0.0892255892 0.0976430976
4 0.3198653199 0.6388888889 0.2491582492 0.1161616162
7 0.0420875421 0.6868686869 0.0841750842 0.1077441077
0 0.3156565657 0.7390572391 0.2474747475 0.1111111111
7 0.5353535354 0.7398989899 0.0740740741 0.2070707071
7 0.6136363636 0.7432659933 0.0824915825 0.1969696970
0 0.3173400673 0.8493265993 0.2508417508 0.1262626263
7 0.0412457912 0.8644781145 0.0824915825 0.2710437710
0 0.3164983165 0.9520202020 0.2558922559 0.0959595960
7 0.5404040404 0.9225589226 0.0875420875 0.1548821549
7 0.6271043771 0.9175084175 0.0959595960 0.1481481481
