6 0.7582534611 0.0095846645 0.1171458999 0.0191693291
1 0.2577209798 0.0356762513 0.0511182109 0.0713525027
1 0.3152289670 0.0287539936 0.0532481363 0.0575079872
1 0.4068157614 0.0362087327 0.0532481363 0.0724174654
1 0.3642172524 0.0383386581 0.0404685836 0.0766773163
1 0.4595314164 0.0362087327 0.0521831736 0.0724174654
1 0.5143769968 0.0335463259 0.0511182109 0.0670926518
1 0.5638977636 0.0319488818 0.0521831736 0.0638977636
1 0.6176783813 0.0324813632 0.0532481363 0.0649627263
1 0.2571884984 0.1043663472 0.0692225772 0.0724174654
1 0.3280085197 0.0990415335 0.0788072417 0.0788072417
1 0.4046858360 0.1107561235 0.0681576145 0.0681576145
1 0.4717784878 0.1075612354 0.0702875399 0.0702875399
1 0.5420660277 0.1033013845 0.0702875399 0.0745473908
1 0.6123535676 0.1006389776 0.0745473908 0.0692225772
6 0.8780617678 0.1176783813 0.1011714590 0.1480298190
1 0.2609158679 0.1735889244 0.0702875399 0.0638977636
1 0.3343982961 0.1735889244 0.0766773163 0.0724174654
1 0.4057507987 0.1778487753 0.0660276890 0.0638977636
1 0.4739084132 0.1773162939 0.0702875399 0.0628328009
1 0.5441959531 0.1741214058 0.0724174654 0.0713525027
1 0.6123535676 0.1709265176 0.0724174654 0.0670926518
6 0.7060702875 0.1219382322 0.0745473908 0.1522896699
6 0.7779552716 0.1261980831 0.0734824281 0.1480298190
6 0.9558040469 0.1272630458 0.0756123536 0.1565495208
1 0.2758253461 0.2561235357 0.0766773163 0.0649627263
1 0.3546325879 0.2513312034 0.0766773163 0.0638977636
1 0.4371671991 0.2550585729 0.0798722045 0.0713525027
1 0.5207667732 0.2497337593 0.0830670927 0.0628328009
1 0.6054313099 0.2449414271 0.0905218317 0.0702875399
5 0.6874334398 0.2955271565 0.0521831736 0.1160809372
5 0.7348242812 0.2987220447 0.0489882854 0.1118210863
5 0.7854100106 0.2949946752 0.0521831736 0.1171458999
5 0.8929712460 0.2577209798 0.0777422790 0.0404685836
5 0.8940362087 0.2971246006 0.0841320554 0.0383386581
5 0.9685835996 0.2955271565 0.0628328009 0.0415335463
5 0.9696485623 0.2555910543 0.0607028754 0.0340788072
1 0.2774227902 0.3210862620 0.0798722045 0.0649627263
1 0.3530351438 0.3205537806 0.0777422790 0.0660276890
1 0.4376996805 0.3205537806 0.0809371672 0.0638977636
1 0.5207667732 0.3194888179 0.0830670927 0.0660276890
1 0.6054313099 0.3173588924 0.0883919063 0.0681576145
5 0.8301384452 0.3019169329 0.0394036209 0.1096911608
5 0.8929712460 0.3354632588 0.0841320554 0.0404685836
5 0.9669861555 0.3349307774 0.0660276890 0.0372736954
1 0.2715654952 0.4217252396 0.0724174654 0.0638977636
1 0.3487752929 0.4472843450 0.0756123536 0.1363152290
1 0.4217252396 0.4446219382 0.0681576145 0.1288604899
1 0.4925452609 0.4440894569 0.0713525027 0.1341853035
1 0.5644302449 0.4414270501 0.0745473908 0.1395101171
5 0.7321618743 0.4504792332 0.0862619808 0.1171458999
5 0.8152289670 0.4510117146 0.0756123536 0.1160809372
5 0.8833865815 0.4520766773 0.0670926518 0.1160809372
5 0.9467518637 0.4547390841 0.0638977636 0.1171458999
5 0.9914802982 0.4584664537 0.0170394036 0.1160809372
1 0.2774227902 0.4866879659 0.0692225772 0.0638977636
5 0.7561235357 0.5479233227 0.0404685836 0.0330138445
5 0.7007454739 0.5654952077 0.0660276890 0.0489882854
5 0.8221512247 0.5681576145 0.0788072417 0.0628328009
1 0.2779552716 0.6347177849 0.0851970181 0.1341853035
1 0.3562300319 0.6389776358 0.0820021299 0.1405750799
1 0.4414270501 0.6384451544 0.0820021299 0.1309904153
1 0.5250266241 0.6331203408 0.0851970181 0.1352502662
1 0.6054313099 0.6405750799 0.0777422790 0.1352502662
5 0.6890308839 0.6198083067 0.0596379127 0.0724174654
5 0.7593184239 0.6320553781 0.0766773163 0.0670926518
5 0.8370607029 0.6309904153 0.0766773163 0.0649627263
5 0.9068157614 0.6395101171 0.0820021299 0.0649627263
5 0.9078807242 0.5734824281 0.0883919063 0.0692225772
5 0.9744408946 0.6411075612 0.0511182109 0.0638977636
5 0.9776357827 0.5729499468 0.0447284345 0.0638977636
5 0.6863684771 0.6948881789 0.0607028754 0.0841320554
5 0.7539936102 0.7183173589 0.0681576145 0.0308839191
5 0.7539936102 0.6863684771 0.0724174654 0.0372736954
5 0.9520766773 0.7145899894 0.0958466454 0.0745473908
1 0.2907348243 0.7790202343 0.0851970181 0.1544195953
5 0.6927582535 0.7736954207 0.0607028754 0.0670926518
5 0.7662406816 0.7854100106 0.0947816826 0.0798722045
5 0.8620873269 0.7619808307 0.0926517572 0.1437699681
5 0.9515441960 0.7864749734 0.0969116081 0.0734824281
7 0.3008519702 0.9089456869 0.0820021299 0.0457933972
7 0.3849840256 0.9158679446 0.0820021299 0.0425985091
7 0.4797657082 0.9270500532 0.0947816826 0.0372736954
5 0.6959531416 0.8769968051 0.0777422790 0.1416400426
5 0.7747603834 0.9009584665 0.0926517572 0.1384451544
5 0.8626198083 0.9020234292 0.0873269436 0.1320553781
5 0.9387646432 0.9036208733 0.0756123536 0.1373801917
5 0.9882854100 0.9084132055 0.0234291800 0.1448349308
7 0.2976570820 0.9637912673 0.1011714590 0.0553780618
7 0.3913738019 0.9478168264 0.0926517572 0.0362087327
7 0.4829605964 0.9643237487 0.0947816826 0.0330138445
5 0.6943556976 0.9584664537 0.0617678381 0.0276890309
0 0.3269435570 0.9946751864 0.0766773163 0.0106496273
5 0.7012779553 0.9856230032 0.0841320554 0.0287539936
3 0.5676251331 0.9733759318 0.0809371672 0.0425985091
