5 0.9804372842 0.1162255466 0.0391254315 0.0483314154
5 0.9815880322 0.0667433832 0.0368239356 0.0529344074
5 0.7813578826 0.1271576525 0.0713463751 0.0402761795
5 0.7865362486 0.2140391254 0.0771001151 0.0207134638
5 0.9217491369 0.1242807825 0.0667433832 0.0391254315
5 0.8619102417 0.2117376295 0.0782508631 0.0230149597
5 0.8527042578 0.1277330265 0.0736478711 0.0414269275
5 0.9453394707 0.1858457998 0.0817031070 0.0356731876
5 0.9942462601 0.1835443038 0.0115074799 0.0402761795
5 0.7871116226 0.2704257768 0.0759493671 0.0966628308
5 0.8653624856 0.2658227848 0.0805523590 0.0989643268
5 0.9487917146 0.2594936709 0.0817031070 0.1047180667
5 0.9959723820 0.2560414269 0.0080552359 0.1047180667
1 0.6927502877 0.3388952819 0.0621403913 0.0356731876
5 0.7882623705 0.3924050633 0.0782508631 0.1081703107
5 0.8734177215 0.3889528193 0.0874568470 0.1104718067
5 0.9579976985 0.3849252014 0.0840046030 0.1162255466
1 0.6864211738 0.4867663982 0.0586881473 0.0552359033
5 0.7922899885 0.5040276180 0.0794016110 0.0345224396
5 0.8751438435 0.5040276180 0.0817031070 0.0414269275
5 0.9585730725 0.5023014960 0.0828538550 0.0402761795
1 0.5247410817 0.5517836594 0.0667433832 0.0586881473
1 0.6006904488 0.5471806674 0.0667433832 0.0655926352
1 0.6766398159 0.5506329114 0.0713463751 0.0609896433
5 0.8728423475 0.5523590334 0.0840046030 0.0575373993
5 0.9597238205 0.5506329114 0.0805523590 0.0609896433
1 0.3555811277 0.6156501726 0.0391254315 0.0506329114
1 0.3532796318 0.6697353280 0.0460299194 0.0529344074
1 0.4769850403 0.6720368239 0.0655926352 0.0575373993
1 0.4764096663 0.6162255466 0.0690448792 0.0517836594
1 0.4108170311 0.6731875719 0.0690448792 0.0575373993
1 0.4108170311 0.6173762946 0.0690448792 0.0540851554
1 0.5477560414 0.6214039125 0.0690448792 0.0598388953
1 0.5466052934 0.6829689298 0.0713463751 0.0632911392
1 0.6179516686 0.6179516686 0.0736478711 0.0575373993
1 0.6179516686 0.6743383199 0.0713463751 0.0575373993
1 0.6915995397 0.6823935558 0.0713463751 0.0621403913
1 0.6910241657 0.6208285386 0.0701956272 0.0586881473
5 0.7859608746 0.6731875719 0.0690448792 0.0483314154
5 0.7842347526 0.6202531646 0.0678941312 0.0552359033
5 0.8567318757 0.6789413119 0.0724971231 0.0529344074
5 0.8550057537 0.6242807825 0.0690448792 0.0540851554
5 0.9252013809 0.6852704258 0.0667433832 0.0517836594
5 0.9804372842 0.6846950518 0.0391254315 0.0529344074
5 0.9280782509 0.6352128884 0.0724971231 0.0391254315
5 0.9810126582 0.6357882624 0.0379746835 0.0379746835
1 0.2451093211 0.7589182969 0.0483314154 0.0448791715
1 0.3107019563 0.7554660529 0.0644418872 0.0540851554
1 0.3734177215 0.7629459148 0.0609896433 0.0644418872
1 0.4361334868 0.7571921749 0.0552359033 0.0575373993
1 0.5000000000 0.7566168009 0.0655926352 0.0586881473
1 0.5638665132 0.7583429229 0.0644418872 0.0598388953
1 0.6294591484 0.7589182969 0.0644418872 0.0609896433
1 0.6962025316 0.7606444189 0.0690448792 0.0621403913
5 0.7899884925 0.7663981588 0.0747986191 0.0598388953
5 0.8653624856 0.7686996548 0.0782508631 0.0575373993
5 0.9401611047 0.7692750288 0.0713463751 0.0563866513
5 0.9873417722 0.7698504028 0.0253164557 0.0575373993
1 0.1777905639 0.8941311853 0.0632911392 0.0575373993
1 0.2382048331 0.8929804373 0.0713463751 0.0598388953
1 0.2451093211 0.8158803222 0.0621403913 0.0598388953
1 0.3084004603 0.8964326812 0.0713463751 0.0598388953
1 0.3037974684 0.8124280783 0.0667433832 0.0575373993
1 0.3705408516 0.8987341772 0.0644418872 0.0621403913
1 0.4349827388 0.8993095512 0.0644418872 0.0609896433
1 0.4338319908 0.8187571922 0.0621403913 0.0632911392
1 0.4965477560 0.8181818182 0.0655926352 0.0621403913
1 0.5017261220 0.8998849252 0.0667433832 0.0621403913
1 0.5667433832 0.9033371692 0.0655926352 0.0621403913
1 0.6283084005 0.8204833142 0.0667433832 0.0621403913
1 0.5621403913 0.8193325662 0.0632911392 0.0621403913
1 0.6962025316 0.8222094361 0.0690448792 0.0632911392
5 0.7899884925 0.8268124281 0.0794016110 0.0678941312
5 0.8676639816 0.8285385501 0.0805523590 0.0644418872
5 0.9850402762 0.8268124281 0.0299194476 0.0586881473
1 0.1703107020 0.9528193326 0.0621403913 0.0644418872
1 0.2364787112 0.9539700806 0.0724971231 0.0621403913
1 0.3020713464 0.9556962025 0.0701956272 0.0609896433
1 0.3670886076 0.9597238205 0.0621403913 0.0644418872
1 0.4298043728 0.9620253165 0.0632911392 0.0690448792
1 0.4948216341 0.9654775604 0.0690448792 0.0690448792
1 0.5650172612 0.9677790564 0.0667433832 0.0644418872
1 0.6311852704 0.9085155351 0.0655926352 0.0701956272
1 0.6973532796 0.9119677791 0.0667433832 0.0724971231
1 0.6329113924 0.9706559264 0.0690448792 0.0586881473
5 0.8360184120 0.9407364787 0.0678941312 0.0425776755
5 0.7773302647 0.9257767549 0.0448791715 0.0863060990
5 0.8365937860 0.9815880322 0.0690448792 0.0368239356
5 0.8981588032 0.9321058688 0.0586881473 0.0368239356
5 0.9016110472 0.9758342923 0.0586881473 0.0483314154
5 0.9620253165 0.9781357883 0.0621403913 0.0437284235
5 0.9602991945 0.9344073648 0.0632911392 0.0391254315
