0 0.3077519380 0.0217054264 0.0697674419 0.0434108527
0 0.4000000000 0.0403100775 0.1023255814 0.0806201550
0 0.5015503876 0.0449612403 0.1038759690 0.0899224806
0 0.5891472868 0.0635658915 0.1023255814 0.1271317829
0 0.6798449612 0.0736434109 0.0883720930 0.1472868217
0 0.7604651163 0.0821705426 0.0852713178 0.1643410853
0 0.9162790698 0.0542635659 0.0713178295 0.1023255814
0 0.9124031008 0.1434108527 0.0759689922 0.1069767442
0 0.9736434109 0.1658914729 0.0527131783 0.1054263566
0 0.9782945736 0.0821705426 0.0434108527 0.0992248062
0 0.2674418605 0.2046511628 0.1410852713 0.2294573643
0 0.3945736434 0.2193798450 0.1224806202 0.2217054264
0 0.5565891473 0.2403100775 0.1519379845 0.2325581395
0 0.6821705426 0.2658914729 0.1116279070 0.2000000000
0 0.8131782946 0.2883720930 0.0759689922 0.1891472868
7 0.9666666667 0.3248062016 0.0666666667 0.1627906977
1 0.3286821705 0.4713178295 0.0775193798 0.1953488372
1 0.4860465116 0.4705426357 0.1627906977 0.2000000000
1 0.6395348837 0.4868217054 0.1503875969 0.1860465116
1 0.7658914729 0.5093023256 0.0992248062 0.1379844961
7 0.8480620155 0.5085271318 0.0744186047 0.1488372093
7 0.9627906977 0.5069767442 0.0744186047 0.1488372093
1 0.4255813953 0.7077519380 0.0759689922 0.1875968992
1 0.5100775194 0.7085271318 0.0806201550 0.1612403101
1 0.5821705426 0.7062015504 0.0666666667 0.1720930233
1 0.6596899225 0.7023255814 0.0604651163 0.1643410853
1 0.7116279070 0.6992248062 0.0589147287 0.1643410853
1 0.8139534884 0.6852713178 0.0496124031 0.1457364341
1 0.7682170543 0.6906976744 0.0604651163 0.1565891473
1 0.8620155039 0.6837209302 0.0496124031 0.1488372093
1 0.9054263566 0.6875968992 0.0527131783 0.1441860465
1 0.9527131783 0.6821705426 0.0449612403 0.1395348837
1 0.2751937984 0.7162790698 0.0852713178 0.1953488372
1 0.3542635659 0.7108527132 0.0790697674 0.1937984496
1 0.7333333333 0.8379844961 0.0930232558 0.0945736434
1 0.8131782946 0.8248062016 0.0728682171 0.1023255814
1 0.8899224806 0.8193798450 0.0527131783 0.0852713178
1 0.9465116279 0.8124031008 0.0511627907 0.0775193798
1 0.3364341085 0.9062015504 0.1674418605 0.1875968992
1 0.4635658915 0.9558139535 0.1023255814 0.0883720930
1 0.4627906977 0.8604651163 0.0976744186 0.1054263566
1 0.5573643411 0.9488372093 0.0883720930 0.1023255814
1 0.5573643411 0.8511627907 0.0914728682 0.1116279070
1 0.6457364341 0.8472868217 0.0914728682 0.1069767442
1 0.7302325581 0.9271317829 0.0899224806 0.0961240310
1 0.8170542636 0.9116279070 0.0775193798 0.0992248062
1 0.8829457364 0.8984496124 0.0635658915 0.0759689922
1 0.9449612403 0.8906976744 0.0635658915 0.0790697674
1 0.7116279070 0.9883720930 0.0620155039 0.0232558140
1 0.6387596899 0.9937984496 0.0961240310 0.0124031008
1 0.7635658915 0.9837209302 0.0604651163 0.0325581395
7 0.9116279070 0.9891472868 0.0372093023 0.0217054264
7 0.8379844961 0.9914728682 0.0170542636 0.0170542636
