0 0.0142473118 0.0940860215 0.0284946237 0.1344086022
0 0.0685483871 0.0943548387 0.1112903226 0.1413978495
0 0.1701612903 0.0983870968 0.1091397849 0.1344086022
0 0.2650537634 0.1182795699 0.0978494624 0.0774193548
0 0.2690860215 0.0551075269 0.0994623656 0.0596774194
0 0.3607526882 0.0626344086 0.0935483871 0.0661290323
7 0.4338709677 0.0948924731 0.0634408602 0.1274193548
7 0.4951612903 0.0954301075 0.0645161290 0.1241935484
7 0.5567204301 0.0970430108 0.0618279570 0.1188172043
7 0.6153225806 0.0973118280 0.0639784946 0.1225806452
7 0.6744623656 0.1016129032 0.0618279570 0.1215053763
7 0.7319892473 0.1016129032 0.0650537634 0.1236559140
7 0.7884408602 0.1032258065 0.0682795699 0.1215053763
1 0.8483870968 0.1032258065 0.0698924731 0.1172043011
1 0.9075268817 0.1037634409 0.0677419355 0.1129032258
1 0.9927419355 0.1037634409 0.0145161290 0.1129032258
1 0.9642473118 0.1043010753 0.0715053763 0.1096774194
0 0.3577956989 0.1301075269 0.0940860215 0.0817204301
0 0.0293010753 0.2701612903 0.0586021505 0.0768817204
0 0.1155913978 0.2723118280 0.1150537634 0.0725806452
0 0.2223118280 0.2771505376 0.1016129032 0.0747311828
6 0.3723118280 0.3086021505 0.0693548387 0.1376344086
6 0.3040322581 0.3067204301 0.0661290323 0.1392473118
6 0.4389784946 0.3096774194 0.0682795699 0.1376344086
4 0.5026881720 0.3056451613 0.0677419355 0.1274193548
4 0.5717741935 0.3120967742 0.0779569892 0.1403225806
4 0.7043010753 0.3120967742 0.0860215054 0.1360215054
1 0.8000000000 0.3010752688 0.1150537634 0.1043010753
0 0.0147849462 0.3467741935 0.0295698925 0.0752688172
4 0.6392473118 0.3153225806 0.0580645161 0.1306451613
1 0.8884408602 0.3153225806 0.0758064516 0.1306451613
1 0.9475806452 0.3150537634 0.0747311828 0.1322580645
1 0.9836021505 0.3163978495 0.0327956989 0.1317204301
0 0.0317204301 0.5774193548 0.0634408602 0.1892473118
0 0.0986559140 0.5701612903 0.1177419355 0.1661290323
0 0.1932795699 0.5701612903 0.1112903226 0.1736559140
5 0.3876344086 0.5629032258 0.0956989247 0.1677419355
4 0.5505376344 0.5604838710 0.0677419355 0.1639784946
4 0.6137096774 0.5602150538 0.0715053763 0.1623655914
4 0.7432795699 0.5599462366 0.0564516129 0.1596774194
4 0.6793010753 0.5612903226 0.0682795699 0.1666666667
7 0.8059139785 0.5580645161 0.0763440860 0.1559139785
7 0.8771505376 0.5586021505 0.0768817204 0.1516129032
7 0.9510752688 0.5594086022 0.0978494624 0.1596774194
0 0.2927419355 0.5991935484 0.1123655914 0.1145161290
0 0.0083333333 0.8204301075 0.0166666667 0.0913978495
0 0.1618279570 0.8180107527 0.1053763441 0.1048387097
0 0.2658602151 0.8147849462 0.1080645161 0.1048387097
0 0.3672043011 0.8080645161 0.1010752688 0.0978494624
5 0.5634408602 0.8491935484 0.1075268817 0.1779569892
5 0.6631720430 0.8465053763 0.1069892473 0.1758064516
4 0.8268817204 0.8534946237 0.0892473118 0.2016129032
7 0.9034946237 0.8427419355 0.0897849462 0.1736559140
7 0.9674731183 0.8405913978 0.0650537634 0.1758064516
0 0.0056451613 0.9112903226 0.0112903226 0.1032258065
0 0.0575268817 0.9112903226 0.1000000000 0.0978494624
0 0.1607526882 0.9209677419 0.1096774194 0.1107526882
0 0.2639784946 0.9172043011 0.1043010753 0.1064516129
0 0.3629032258 0.9091397849 0.1032258065 0.1086021505
4 0.7518817204 0.8784946237 0.0876344086 0.2397849462
