1 0.2326621924 0.0620805369 0.0693512304 0.0436241611
1 0.1868008949 0.0631991051 0.0671140940 0.0436241611
1 0.2863534676 0.0615212528 0.0648769575 0.0402684564
1 0.4228187919 0.0665548098 0.0626398210 0.0570469799
1 0.4809843400 0.0810961969 0.0671140940 0.0458612975
1 0.6940715884 0.0749440716 0.0995525727 0.0380313199
1 0.1616331096 0.1073825503 0.0727069351 0.0514541387
1 0.2046979866 0.1090604027 0.0536912752 0.0570469799
1 0.2639821029 0.1073825503 0.0715883669 0.0559284116
1 0.4110738255 0.1168903803 0.0592841163 0.0480984340
1 0.4714765101 0.1347874720 0.0637583893 0.0503355705
1 0.6895973154 0.1403803132 0.0950782998 0.0279642058
1 0.6912751678 0.1073825503 0.0961968680 0.0357941834
1 0.7925055928 0.1112975391 0.1040268456 0.0257270694
1 0.7902684564 0.1381431767 0.1062639821 0.0279642058
1 0.9328859060 0.1403803132 0.1342281879 0.0883668904
1 0.9899328859 0.1459731544 0.0201342282 0.0727069351
1 0.1208053691 0.1991051454 0.0648769575 0.0492170022
1 0.1392617450 0.1543624161 0.0592841163 0.0447427293
1 0.1683445190 0.2007829978 0.0525727069 0.0503355705
1 0.2483221477 0.1543624161 0.0693512304 0.0402684564
1 0.1884787472 0.1549217002 0.0503355705 0.0413870246
1 0.2259507830 0.1946308725 0.0715883669 0.0492170022
1 0.3982102908 0.1571588367 0.0671140940 0.0413870246
1 0.4569351230 0.2097315436 0.0771812081 0.0369127517
1 0.3887024609 0.2019015660 0.0794183445 0.0503355705
1 0.4636465324 0.1722595078 0.0637583893 0.0380313199
1 0.6884787472 0.1672259508 0.0973154362 0.0302013423
1 0.6851230425 0.1968680089 0.1085011186 0.0290827740
1 0.6856823266 0.2170022371 0.1140939597 0.0111856823
1 0.7992170022 0.1951901566 0.1152125280 0.0346756152
1 0.7947427293 0.1644295302 0.1152125280 0.0290827740
1 0.7992170022 0.2142058166 0.1152125280 0.0167785235
1 0.1135346756 0.2785234899 0.1107382550 0.0559284116
1 0.3646532438 0.2472035794 0.0738255034 0.0492170022
1 0.3473154362 0.2936241611 0.0704697987 0.0480984340
1 0.9384787472 0.2293064877 0.1230425056 0.0961968680
1 0.0961968680 0.3322147651 0.1230425056 0.0536912752
1 0.3333333333 0.3450782998 0.0827740492 0.0615212528
1 0.4300894855 0.3618568233 0.0637583893 0.0436241611
1 0.4435123043 0.3182326622 0.0637583893 0.0525727069
1 0.6840044743 0.2992170022 0.1241610738 0.0391498881
1 0.6812080537 0.3344519016 0.1252796421 0.0335570470
1 0.8031319911 0.3450782998 0.1230425056 0.0302013423
1 0.8042505593 0.3036912752 0.1230425056 0.0413870246
1 0.9440715884 0.3176733781 0.1118568233 0.1006711409
1 0.0654362416 0.3847874720 0.1129753915 0.0581655481
1 0.3199105145 0.4010067114 0.0872483221 0.0503355705
1 0.4205816555 0.4077181208 0.0671140940 0.0525727069
1 0.6800894855 0.3708053691 0.1230425056 0.0413870246
1 0.6778523490 0.4099552573 0.1297539150 0.0436241611
1 0.8076062640 0.4166666667 0.1364653244 0.0503355705
1 0.8059284116 0.3758389262 0.1286353468 0.0380313199
1 0.9541387025 0.4194630872 0.0917225951 0.1096196868
1 0.0548098434 0.4513422819 0.1096196868 0.0749440716
1 0.2975391499 0.4608501119 0.0850111857 0.0760626398
1 0.4211409396 0.4809843400 0.0727069351 0.0402684564
1 0.6728187919 0.4865771812 0.1353467562 0.0425055928
1 0.6739373602 0.4519015660 0.1331096197 0.0402684564
1 0.8171140940 0.4932885906 0.1510067114 0.0402684564
1 0.8109619687 0.4563758389 0.1409395973 0.0380313199
1 0.3215883669 0.5727069351 0.1666666667 0.0693512304
1 0.6666666667 0.5620805369 0.1521252796 0.0682326622
1 0.8187919463 0.5654362416 0.1610738255 0.0615212528
1 0.9574944072 0.5380313199 0.0850111857 0.1387024609
2 0.0464205817 0.5878076063 0.0928411633 0.1510067114
2 0.1101789709 0.6202460850 0.1420581655 0.1554809843
1 0.3042505593 0.6275167785 0.1655480984 0.0671140940
1 0.6633109620 0.6213646532 0.1565995526 0.0704697987
1 0.8243847875 0.6286353468 0.1700223714 0.0738255034
2 0.0151006711 0.7242729306 0.0302013423 0.1599552573
1 0.3020134228 0.6856823266 0.2035794183 0.0626398210
1 0.4558165548 0.6627516779 0.0682326622 0.0659955257
1 0.6605145414 0.6918344519 0.1621923937 0.0838926174
1 0.8271812081 0.7007829978 0.1756152125 0.0816554810
1 0.9647651007 0.6800894855 0.0704697987 0.1722595078
1 0.2701342282 0.7494407159 0.1935123043 0.0805369128
1 0.4681208054 0.7382550336 0.0637583893 0.0648769575
1 0.6577181208 0.7684563758 0.1700223714 0.0894854586
1 0.8322147651 0.7740492170 0.1879194631 0.0961968680
1 0.2483221477 0.8322147651 0.1991051454 0.0894854586
1 0.6543624161 0.8456375839 0.1744966443 0.1006711409
1 0.8350111857 0.8573825503 0.1935123043 0.0995525727
1 0.9748322148 0.8489932886 0.0503355705 0.2058165548
1 0.2376957494 0.9172259508 0.2091722595 0.0805369128
1 0.6515659955 0.9368008949 0.1845637584 0.1152125280
1 0.8406040268 0.9457494407 0.2046979866 0.1085011186
1 0.9865771812 0.9619686801 0.0268456376 0.0760626398
