7 0.0210905350 0.2536008230 0.0421810700 0.0452674897
7 0.1131687243 0.2834362140 0.0658436214 0.1183127572
7 0.0606995885 0.2862654321 0.0627572016 0.1157407407
7 0.1640946502 0.2867798354 0.0730452675 0.1105967078
1 0.2674897119 0.2813786008 0.0524691358 0.1193415638
1 0.2186213992 0.2816358025 0.0576131687 0.1208847737
1 0.3374485597 0.2597736626 0.1028806584 0.0895061728
1 0.4104938272 0.2548868313 0.0617283951 0.0951646091
1 0.4614197531 0.2572016461 0.0534979424 0.0956790123
1 0.5126028807 0.2556584362 0.0540123457 0.0843621399
1 0.6311728395 0.2520576132 0.0617283951 0.0946502058
1 0.5707304527 0.2543724280 0.0601851852 0.0931069959
0 0.6975308642 0.2466563786 0.0730452675 0.0941358025
0 0.7703189300 0.2438271605 0.0735596708 0.0997942387
0 0.8428497942 0.2132201646 0.0745884774 0.0447530864
0 0.8443930041 0.2662037037 0.0715020576 0.0653292181
0 0.9776234568 0.2461419753 0.0447530864 0.0591563786
0 0.9771090535 0.2006172840 0.0457818930 0.0349794239
0 0.9184670782 0.2662037037 0.0756172840 0.0684156379
0 0.9164094650 0.2103909465 0.0715020576 0.0524691358
7 0.0162037037 0.2957818930 0.0324074074 0.0493827160
7 0.0167181070 0.3379629630 0.0324074074 0.0432098765
7 0.0131172840 0.4182098765 0.0262345679 0.0689300412
7 0.0753600823 0.4457304527 0.0519547325 0.0468106996
7 0.0825617284 0.4040637860 0.0468106996 0.0396090535
7 0.0457818930 0.4056069959 0.0411522634 0.0498971193
1 0.1340020576 0.4338991770 0.0715020576 0.0982510288
1 0.1893004115 0.4300411523 0.0761316872 0.0925925926
1 0.2484567901 0.4351851852 0.0740740741 0.0915637860
1 0.3099279835 0.4338991770 0.0704732510 0.1075102881
1 0.3734567901 0.4297839506 0.0648148148 0.0972222222
1 0.4310699588 0.4277263374 0.0648148148 0.1033950617
1 0.4909979424 0.4292695473 0.0653292181 0.1013374486
1 0.5565843621 0.4272119342 0.0699588477 0.1064814815
0 0.6221707819 0.4202674897 0.0694444444 0.0360082305
0 0.6954732510 0.4040637860 0.0792181070 0.0354938272
0 0.6947016461 0.4547325103 0.0828189300 0.0668724280
0 0.7811213992 0.4341563786 0.0910493827 0.1018518519
0 0.8677983539 0.4266975309 0.0884773663 0.0879629630
0 0.9436728395 0.3978909465 0.0838477366 0.0385802469
0 0.9814814815 0.4310699588 0.0370370370 0.0997942387
7 0.0136316872 0.4863683128 0.0272633745 0.0673868313
7 0.0550411523 0.4866255144 0.0534979424 0.0360082305
4 0.0239197531 0.6118827160 0.0478395062 0.1280864198
4 0.0079732510 0.5918209877 0.0159465021 0.0931069959
1 0.1165123457 0.5709876543 0.0673868313 0.0483539095
7 0.0596707819 0.5923353909 0.0432098765 0.0941358025
1 0.1080246914 0.6211419753 0.0668724280 0.0519547325
1 0.1733539095 0.6211419753 0.0627572016 0.0519547325
1 0.1815843621 0.5781893004 0.0627572016 0.0401234568
1 0.2970679012 0.6355452675 0.0622427984 0.0632716049
1 0.2368827160 0.6231995885 0.0663580247 0.0498971193
1 0.2438271605 0.5776748971 0.0637860082 0.0432098765
1 0.3032407407 0.5787037037 0.0550411523 0.0514403292
1 0.3665123457 0.5859053498 0.0704732510 0.0596707819
1 0.4367283951 0.5874485597 0.0720164609 0.0534979424
1 0.5051440329 0.5812757202 0.0648148148 0.0504115226
1 0.5018004115 0.6373456790 0.0673868313 0.0637860082
1 0.5727880658 0.5853909465 0.0694444444 0.0545267490
0 0.6391460905 0.6167695473 0.0725308642 0.1172839506
0 0.7134773663 0.5848765432 0.0761316872 0.0534979424
0 0.7944958848 0.6131687243 0.0859053498 0.1080246914
0 0.8757716049 0.6162551440 0.0869341564 0.1090534979
0 0.9573045267 0.5866769547 0.0853909465 0.0581275720
1 0.1679526749 0.6705246914 0.0715020576 0.0550411523
1 0.2332818930 0.6736111111 0.0694444444 0.0529835391
1 0.3623971193 0.6445473251 0.0725308642 0.0637860082
1 0.4331275720 0.6435185185 0.0699588477 0.0596707819
1 0.5686728395 0.6442901235 0.0694444444 0.0643004115
0 0.7155349794 0.6478909465 0.0771604938 0.0715020576
0 0.7921810700 0.6962448560 0.0740740741 0.0560699588
0 0.9580761317 0.6502057613 0.0838477366 0.0720164609
4 0.0156893004 0.7595164609 0.0313786008 0.0972222222
4 0.0871913580 0.7674897119 0.0488683128 0.0987654321
4 0.0452674897 0.7638888889 0.0462962963 0.0946502058
4 0.1288580247 0.7818930041 0.0540123457 0.1069958848
4 0.1764403292 0.7867798354 0.0576131687 0.1105967078
1 0.2764917695 0.7960390947 0.0519547325 0.0920781893
4 0.2294238683 0.7919238683 0.0606995885 0.1075102881
1 0.3667695473 0.8014403292 0.0493827160 0.0925925926
1 0.3238168724 0.7973251029 0.0437242798 0.0884773663
1 0.4580761317 0.8022119342 0.0498971193 0.1095679012
1 0.4148662551 0.7983539095 0.0488683128 0.1080246914
1 0.5560699588 0.8094135802 0.0504115226 0.1116255144
1 0.5054012346 0.8073559671 0.0529835391 0.1075102881
7 0.0108024691 0.8973765432 0.0216049383 0.0776748971
7 0.0295781893 0.8942901235 0.0334362140 0.0787037037
7 0.0599279835 0.8986625514 0.0375514403 0.0792181070
7 0.0892489712 0.8981481481 0.0365226337 0.0699588477
7 0.2474279835 0.8996913580 0.0390946502 0.0349794239
1 0.6046810700 0.8150720165 0.0509259259 0.1075102881
7 0.6599794239 0.8271604938 0.0617283951 0.1141975309
7 0.7481995885 0.8338477366 0.1188271605 0.1203703704
7 0.8544238683 0.8338477366 0.1028806584 0.1141975309
7 0.9583333333 0.8562242798 0.0833333333 0.1229423868
7 0.1167695473 0.9115226337 0.0380658436 0.0967078189
7 0.1810699588 0.9104938272 0.0370370370 0.0771604938
7 0.1489197531 0.9138374486 0.0365226337 0.0817901235
7 0.1898148148 0.9706790123 0.0298353909 0.0586419753
1 0.2872942387 0.9284979424 0.0365226337 0.0843621399
7 0.2129629630 0.9670781893 0.0349794239 0.0658436214
7 0.2463991770 0.9341563786 0.0360082305 0.0421810700
7 0.2145061728 0.9092078189 0.0339506173 0.0612139918
7 0.2469135802 0.9701646091 0.0411522634 0.0339506173
1 0.3572530864 0.9547325103 0.1157407407 0.0905349794
1 0.4678497942 0.9611625514 0.1198559671 0.0776748971
7 0.1437757202 0.9768518519 0.0344650206 0.0462962963
1 0.5859053498 0.9632201646 0.1213991770 0.0735596708
7 0.6856995885 0.9789094650 0.0586419753 0.0421810700
7 0.7494855967 0.9832818930 0.0648148148 0.0334362140
7 0.8405349794 0.9830246914 0.1255144033 0.0339506173
7 0.9506172840 0.9897119342 0.0987654321 0.0205761317
