1 0.7696629213 0.0112359551 0.2263242376 0.0224719101
1 0.9237560193 0.0048154093 0.1524879615 0.0096308186
1 0.0353130016 0.0264847512 0.0706260032 0.0529695024
1 0.2271268058 0.0425361156 0.1781701445 0.0850722311
1 0.5016051364 0.0072231140 0.1717495987 0.0144462279
1 0.5136436597 0.0377207063 0.1797752809 0.0754414125
1 0.0385232745 0.1099518459 0.0770465490 0.1107544141
7 0.5593900482 0.1332263242 0.1524879615 0.1412520064
1 0.8186195827 0.0778491172 0.2407704655 0.1556982343
1 0.9815409310 0.1171749599 0.0369181380 0.1252006421
1 0.0337078652 0.2158908507 0.0674157303 0.0947030498
0 0.2247191011 0.2174959872 0.0834670947 0.0658105939
0 0.3065810594 0.1998394864 0.0930979133 0.0947030498
1 0.8707865169 0.2303370787 0.2584269663 0.2070626003
1 0.0393258427 0.3218298555 0.0786516854 0.1139646870
0 0.2078651685 0.2728731942 0.0850722311 0.0481540931
0 0.3057784912 0.2648475120 0.1075441413 0.0577849117
0 0.5714285714 0.2720706260 0.2182985554 0.1813804173
1 0.0345104334 0.4349919743 0.0690208668 0.1669341894
0 0.2640449438 0.3531300161 0.2199036918 0.1380417335
4 0.5842696629 0.4028892456 0.2632423756 0.1573033708
6 0.9373996790 0.4069020867 0.1252006421 0.1845906902
0 0.2889245586 0.5048154093 0.2311396469 0.1621187801
7 0.6284109149 0.5192616372 0.2038523274 0.0979133226
4 0.9157303371 0.5489566613 0.1685393258 0.1316211878
6 0.0321027287 0.5963081862 0.0642054575 0.1685393258
7 0.6573033708 0.5947030498 0.1878009631 0.0947030498
4 0.9293739968 0.6412520064 0.1412520064 0.1460674157
5 0.0321027287 0.7431781701 0.0642054575 0.1316211878
7 0.1548956661 0.6845906902 0.0626003210 0.2134831461
7 0.2961476726 0.6813804173 0.2359550562 0.2295345104
7 0.5032102729 0.7022471910 0.0947030498 0.1653290530
7 0.6733547352 0.6725521669 0.1910112360 0.0995184591
4 0.9301765650 0.7495987159 0.1396468700 0.1508828250
7 0.5939004815 0.8579454254 0.0930979133 0.0979133226
7 0.7600321027 0.8258426966 0.0979133226 0.0818619583
7 0.6990369181 0.7584269663 0.1653290530 0.0979133226
5 0.0264847512 0.9542536116 0.0529695024 0.0914927769
5 0.0337078652 0.8651685393 0.0674157303 0.1284109149
7 0.1404494382 0.8900481541 0.0979133226 0.2199036918
7 0.3138041734 0.8924558587 0.2552166934 0.2150882825
7 0.6268057785 0.9422150883 0.0914927769 0.0802568218
7 0.7447833066 0.9333868379 0.1573033708 0.0947030498
4 0.9181380417 0.8764044944 0.1637239165 0.1637239165
