2 0.4278947368 0.0289473684 0.1421052632 0.0578947368
1 0.5563157895 0.0368421053 0.0705263158 0.0736842105
1 0.6189473684 0.0426315789 0.0547368421 0.0852631579
2 0.3973684211 0.0742105263 0.1463157895 0.1336842105
1 0.6684210526 0.0610526316 0.0505263158 0.1157894737
1 0.7189473684 0.0773684211 0.0526315789 0.1042105263
1 0.7936842105 0.0842105263 0.0463157895 0.0610526316
1 0.8357894737 0.1015789474 0.0421052632 0.0557894737
1 0.7921052632 0.1289473684 0.0473684211 0.0494736842
1 0.8800000000 0.1226315789 0.0484210526 0.0684210526
1 0.1178947368 0.1942105263 0.0757894737 0.1968421053
1 0.1978947368 0.2042105263 0.0842105263 0.1873684211
1 0.7978947368 0.1831578947 0.0463157895 0.0673684211
1 0.8352631579 0.1478947368 0.0389473684 0.0473684211
1 0.8357894737 0.2042105263 0.0378947368 0.0652631579
1 0.8784210526 0.1631578947 0.0536842105 0.0505263158
1 0.8800000000 0.2189473684 0.0526315789 0.0673684211
1 0.9215789474 0.1463157895 0.0410526316 0.0631578947
1 0.9226315789 0.1894736842 0.0410526316 0.0652631579
1 0.2757894737 0.2247368421 0.0757894737 0.1821052632
1 0.3357894737 0.2547368421 0.0589473684 0.1915789474
1 0.3905263158 0.2568421053 0.0631578947 0.1557894737
1 0.4421052632 0.2731578947 0.0652631579 0.1568421053
1 0.5473684211 0.2505263158 0.0715789474 0.0800000000
1 0.6042105263 0.2715789474 0.0463157895 0.0821052632
1 0.6563157895 0.2842105263 0.0578947368 0.0778947368
1 0.7489473684 0.3136842105 0.0452631579 0.0694736842
1 0.7047368421 0.2973684211 0.0452631579 0.0663157895
1 0.9231578947 0.2400000000 0.0378947368 0.0610526316
1 0.3573684211 0.3994736842 0.0621052632 0.0642105263
1 0.5284210526 0.3668421053 0.0378947368 0.0684210526
1 0.5973684211 0.3663157895 0.0494736842 0.0631578947
1 0.6815789474 0.3878947368 0.0494736842 0.0600000000
1 0.6405263158 0.3752631579 0.0410526316 0.0600000000
1 0.8336842105 0.3452631579 0.0400000000 0.0631578947
1 0.7910526316 0.3363157895 0.0473684211 0.0747368421
1 0.7836842105 0.4005263158 0.0347368421 0.0726315789
1 0.8710526316 0.3573684211 0.0452631579 0.0557894737
1 0.9184210526 0.3684210526 0.0536842105 0.0589473684
1 0.2863157895 0.4110526316 0.0610526316 0.0600000000
1 0.8189473684 0.4068421053 0.0357894737 0.0600000000
1 0.8542105263 0.4142105263 0.0473684211 0.0600000000
1 0.9047368421 0.4231578947 0.0431578947 0.0631578947
1 0.0994736842 0.5836842105 0.1084210526 0.1736842105
1 0.1852631579 0.5863157895 0.0947368421 0.1642105263
1 0.2578947368 0.5894736842 0.0842105263 0.1600000000
1 0.3300000000 0.5921052632 0.0789473684 0.1526315789
1 0.3963157895 0.5947368421 0.0663157895 0.1473684211
1 0.4521052632 0.5978947368 0.0642105263 0.1431578947
1 0.5557894737 0.6047368421 0.0378947368 0.1252631579
1 0.5231578947 0.6036842105 0.0400000000 0.1273684211
1 0.5952631579 0.6084210526 0.0410526316 0.1221052632
1 0.6321052632 0.6105263158 0.0389473684 0.1157894737
1 0.6994736842 0.6142105263 0.0368421053 0.1168421053
1 0.6663157895 0.6115789474 0.0315789474 0.1178947368
1 0.7957894737 0.6152631579 0.0273684211 0.1021052632
1 0.8236842105 0.6184210526 0.0284210526 0.0915789474
1 0.7768421053 0.6157894737 0.0105263158 0.1073684211
1 0.8489473684 0.6194736842 0.0263157895 0.0894736842
1 0.8800000000 0.6210526316 0.0336842105 0.0905263158
1 0.9105263158 0.6236842105 0.0357894737 0.0936842105
1 0.0878947368 0.7615789474 0.1084210526 0.1926315789
1 0.1742105263 0.7563157895 0.0936842105 0.1821052632
1 0.2526315789 0.7536842105 0.0905263158 0.1768421053
1 0.3215789474 0.7489473684 0.0768421053 0.1652631579
1 0.3894736842 0.7463157895 0.0694736842 0.1600000000
1 0.4489473684 0.7410526316 0.0578947368 0.1515789474
1 0.5168421053 0.7394736842 0.0378947368 0.1421052632
1 0.5515789474 0.7336842105 0.0357894737 0.1326315789
1 0.5889473684 0.7305263158 0.0473684211 0.1284210526
1 0.6273684211 0.7289473684 0.0357894737 0.1210526316
1 0.6952631579 0.7273684211 0.0389473684 0.1157894737
1 0.6563157895 0.7263157895 0.0284210526 0.1157894737
1 0.7973684211 0.7226315789 0.0326315789 0.1084210526
1 0.8263157895 0.7184210526 0.0273684211 0.1084210526
1 0.7794736842 0.7226315789 0.0157894737 0.1084210526
1 0.8510526316 0.7142105263 0.0263157895 0.1000000000
1 0.8763157895 0.7163157895 0.0242105263 0.0978947368
1 0.8489473684 0.8489473684 0.0831578947 0.1273684211
1 0.3410526316 0.9226315789 0.1621052632 0.1547368421
1 0.4747368421 0.9157894737 0.1305263158 0.1684210526
1 0.5863157895 0.9026315789 0.1031578947 0.1547368421
1 0.6821052632 0.8800000000 0.0947368421 0.1473684211
1 0.7652631579 0.8663157895 0.0905263158 0.1410526316
1 0.0557894737 0.9431578947 0.1115789474 0.1136842105
1 0.1821052632 0.9321052632 0.1936842105 0.1357894737
1 0.6842105263 0.9673684211 0.0905263158 0.0652631579
1 0.7705263158 0.9557894737 0.0842105263 0.0884210526
1 0.8436842105 0.9463157895 0.0684210526 0.1073684211
1 0.4657894737 0.9884210526 0.1442105263 0.0231578947
1 0.5857894737 0.9757894737 0.1210526316 0.0484210526
