1 0.0994575045 0.0578661844 0.0795660036 0.1157323689
1 0.4339963834 0.0117540687 0.1844484629 0.0235081374
1 0.5280289331 0.0388788427 0.1772151899 0.0777576854
1 0.1907775769 0.0650994575 0.0922242315 0.1301989150
1 0.3707052441 0.0786618445 0.0867992767 0.1573236890
1 0.2848101266 0.0669077758 0.0886075949 0.1338155515
1 0.4538878843 0.1075949367 0.0904159132 0.1428571429
1 0.5406871609 0.1157323689 0.0723327306 0.1084990958
7 0.6735985533 0.1103074141 0.2441229656 0.1193490054
1 0.8047016275 0.1772151899 0.1627486438 0.0867992767
2 0.8074141049 0.2576853526 0.1898734177 0.1066907776
1 0.9032549729 0.1971066908 0.1537070524 0.0759493671
7 0.9358047016 0.2983725136 0.0849909584 0.0867992767
1 0.1057866184 0.3752260398 0.1030741410 0.2188065099
1 0.2025316456 0.3860759494 0.0976491863 0.2188065099
1 0.3372513562 0.4005424955 0.1645569620 0.2296564195
1 0.5045207957 0.4141048825 0.1555153707 0.2206148282
0 0.7079566004 0.4041591320 0.0886075949 0.1175406872
0 0.7965641953 0.4556962025 0.0994575045 0.1844484629
0 0.8815551537 0.4773960217 0.0922242315 0.1844484629
0 0.9638336347 0.4728752260 0.0723327306 0.1573236890
1 0.1618444846 0.5931283906 0.1681735986 0.1844484629
1 0.3300180832 0.6012658228 0.1681735986 0.1790235081
1 0.4891500904 0.6202531646 0.1537070524 0.1699819168
1 0.6274864376 0.6238698011 0.1446654611 0.1627486438
1 0.7712477396 0.6365280289 0.1320072333 0.1591320072
6 0.8842676311 0.6238698011 0.0940325497 0.1048824593
4 0.9502712477 0.6654611212 0.0524412297 0.1518987342
6 0.8815551537 0.7233273056 0.0994575045 0.1048824593
4 0.9837251356 0.6717902351 0.0325497288 0.1500904159
1 0.1175406872 0.8634719711 0.0867992767 0.1826401447
1 0.2025316456 0.8661844485 0.0867992767 0.1772151899
1 0.3544303797 0.8661844485 0.0723327306 0.1663652803
1 0.2857142857 0.8661844485 0.0759493671 0.1772151899
1 0.4222423146 0.8670886076 0.0705244123 0.1645569620
1 0.4909584087 0.8679927667 0.0632911392 0.1627486438
7 0.5605786618 0.8688969259 0.0687160940 0.1754068716
7 0.6564195298 0.8517179024 0.1338155515 0.1265822785
0 0.7839059675 0.8670886076 0.1247739602 0.1537070524
7 0.9412296564 0.8616636528 0.0343580470 0.1175406872
4 0.8851717902 0.8815551537 0.0849909584 0.1790235081
7 0.9954792043 0.8589511754 0.0090415913 0.1084990958
7 0.9746835443 0.8607594937 0.0397830018 0.1121157324
7 0.9783001808 0.9638336347 0.0433996383 0.0542495479
