5 0.1262626263 0.0269360269 0.0347923681 0.0538720539
5 0.1980920314 0.0252525253 0.1021324355 0.0505050505
5 0.3204264871 0.0213243547 0.1133557800 0.0426487093
5 0.4349046016 0.0207631874 0.0392817059 0.0415263749
5 0.4820426487 0.0196408530 0.0594837262 0.0392817059
5 0.5645342312 0.0331088664 0.0381593715 0.0662177329
5 0.6133557800 0.0336700337 0.0505050505 0.0650953984
5 0.6952861953 0.0269360269 0.0549943883 0.0538720539
5 0.8563411897 0.0151515152 0.0381593715 0.0303030303
5 0.9051627385 0.0140291807 0.0549943883 0.0280583614
5 0.9820426487 0.0157126824 0.0359147026 0.0314253648
5 0.1515151515 0.0953984287 0.0224466891 0.0763187430
5 0.0662177329 0.0370370370 0.0381593715 0.0650953984
5 0.0695847363 0.1043771044 0.0404040404 0.0718294052
5 0.2042648709 0.0920314254 0.0965207632 0.0785634119
5 0.3243546577 0.0841750842 0.1077441077 0.0852974186
5 0.4365881033 0.0824915825 0.0404040404 0.0796857464
5 0.4837261504 0.0847362514 0.0561167228 0.0819304153
5 0.6071829405 0.1004489338 0.0516273850 0.0707070707
5 0.5538720539 0.1021324355 0.0527497194 0.0673400673
5 0.6947250281 0.0920314254 0.0561167228 0.0763187430
5 0.7530864198 0.0897867565 0.0628507295 0.0785634119
5 0.8540965208 0.0600448934 0.0359147026 0.0572390572
5 0.9023569024 0.0566778900 0.0583613917 0.0572390572
5 0.9809203143 0.0695847363 0.0381593715 0.0763187430
5 0.0690235690 0.1739618406 0.0392817059 0.0695847363
5 0.1537598204 0.1689113356 0.0202020202 0.0751964085
5 0.2087542088 0.1683501684 0.0942760943 0.0740740741
5 0.3277216611 0.1672278339 0.1054994388 0.0763187430
5 0.4365881033 0.1632996633 0.0336700337 0.0774410774
5 0.6015712682 0.1694725028 0.0471380471 0.0673400673
5 0.5499438833 0.1711560045 0.0538720539 0.0662177329
5 0.6924803591 0.1655443322 0.0583613917 0.0729517396
5 0.7514029181 0.1655443322 0.0662177329 0.0774410774
5 0.9074074074 0.1200897868 0.0460157127 0.0673400673
5 0.8479236813 0.1778900112 0.0841750842 0.0437710438
5 0.8625140292 0.1206509540 0.0415263749 0.0662177329
5 0.9792368126 0.1655443322 0.0415263749 0.0415263749
5 0.9820426487 0.1257014590 0.0359147026 0.0404040404
3 0.9764309764 0.2340067340 0.0448933782 0.0460157127
1 0.2755331089 0.2603815937 0.0347923681 0.0606060606
1 0.4197530864 0.2665544332 0.0538720539 0.0572390572
1 0.4820426487 0.2760942761 0.0594837262 0.0695847363
1 0.5505050505 0.2620650954 0.0572390572 0.0684624018
1 0.6105499439 0.2615039282 0.0606060606 0.0695847363
1 0.6851851852 0.3221099888 0.0594837262 0.0628507295
1 0.6868686869 0.2570145903 0.0606060606 0.0673400673
1 0.7469135802 0.2570145903 0.0617283951 0.0673400673
1 0.8344556678 0.2558922559 0.0707070707 0.0650953984
1 0.8310886644 0.3204264871 0.0684624018 0.0639730640
1 0.8967452301 0.3187429854 0.0673400673 0.0673400673
3 0.9730639731 0.2772166105 0.0426487093 0.0426487093
3 0.9753086420 0.3159371493 0.0493827160 0.0392817059
3 0.9966329966 0.2755331089 0.0067340067 0.0415263749
1 0.4786756453 0.3501683502 0.0639730640 0.0650953984
1 0.6026936027 0.3333333333 0.0561167228 0.0695847363
1 0.5476992144 0.3333333333 0.0561167228 0.0718294052
1 0.6846240180 0.3860830527 0.0583613917 0.0628507295
1 0.7452300786 0.3232323232 0.0606060606 0.0650953984
1 0.8260381594 0.3832772166 0.0606060606 0.0639730640
1 0.7441077441 0.3877665544 0.0606060606 0.0617283951
1 0.8905723906 0.3849607183 0.0662177329 0.0650953984
1 0.9736251403 0.3535353535 0.0527497194 0.0493827160
1 0.4831649832 0.4242424242 0.0572390572 0.0650953984
1 0.6111111111 0.4029180696 0.0617283951 0.0695847363
1 0.5510662177 0.4017957351 0.0583613917 0.0673400673
1 0.6829405163 0.4483726150 0.0572390572 0.0639730640
1 0.8226711560 0.4466891134 0.0606060606 0.0650953984
1 0.7429854097 0.4517396184 0.0606060606 0.0639730640
1 0.8877665544 0.4534231201 0.0695847363 0.0673400673
1 0.9719416386 0.4012345679 0.0561167228 0.0482603816
1 0.9713804714 0.4483726150 0.0572390572 0.0505050505
1 0.5471380471 0.5353535354 0.0527497194 0.0673400673
1 0.6015712682 0.5353535354 0.0561167228 0.0673400673
1 0.5460157127 0.4713804714 0.0505050505 0.0673400673
1 0.6004489338 0.4708193042 0.0561167228 0.0639730640
1 0.6835016835 0.5106621773 0.0561167228 0.0538720539
1 0.8221099888 0.5117845118 0.0594837262 0.0628507295
1 0.7435465769 0.5129068462 0.0617283951 0.0606060606
1 0.8832772166 0.5168350168 0.0673400673 0.0617283951
1 0.9696969697 0.4943883277 0.0606060606 0.0482603816
1 0.5982042649 0.5914702581 0.0516273850 0.0448933782
1 0.5454545455 0.5892255892 0.0493827160 0.0381593715
1 0.6891133558 0.5718294052 0.0628507295 0.0594837262
1 0.8215488215 0.5746352413 0.0606060606 0.0628507295
1 0.8810325477 0.5780022447 0.0628507295 0.0606060606
8 0.9702581369 0.5723905724 0.0594837262 0.0785634119
1 0.6818181818 0.6329966330 0.0527497194 0.0628507295
1 0.7373737374 0.6397306397 0.0561167228 0.0650953984
1 0.8193041526 0.6352413019 0.0583613917 0.0695847363
1 0.8771043771 0.6414141414 0.0594837262 0.0684624018
8 0.9680134680 0.6649831650 0.0639730640 0.0909090909
1 0.6851851852 0.6969696970 0.0437710438 0.0471380471
1 0.8159371493 0.7037037037 0.0583613917 0.0695847363
1 0.7407407407 0.6969696970 0.0583613917 0.0606060606
1 0.8754208754 0.7053872054 0.0606060606 0.0707070707
1 0.8170594837 0.7626262626 0.0561167228 0.0617283951
1 0.8742985410 0.7699214366 0.0628507295 0.0606060606
1 0.9668911336 0.7575757576 0.0662177329 0.1099887767
