5 0.0131027254 0.0199161426 0.0262054507 0.0398322851
5 0.0738993711 0.0183438155 0.0953878407 0.0366876310
5 0.4198113208 0.0319706499 0.0345911950 0.0639412998
5 0.5419287212 0.0262054507 0.0524109015 0.0524109015
5 0.5938155136 0.0283018868 0.0534591195 0.0566037736
4 0.9958071279 0.0277777778 0.0083857442 0.0555555556
5 0.0131027254 0.0791404612 0.0262054507 0.0744234801
5 0.0770440252 0.0759958071 0.0953878407 0.0744234801
5 0.1912997904 0.0644654088 0.1058700210 0.0828092243
5 0.2982180294 0.0649895178 0.0366876310 0.0796645702
5 0.3422431866 0.0607966457 0.0555555556 0.0838574423
5 0.4192872117 0.0948637317 0.0356394130 0.0660377358
5 0.4643605870 0.0330188679 0.0482180294 0.0639412998
5 0.4648846960 0.0974842767 0.0471698113 0.0607966457
5 0.5414046122 0.0838574423 0.0513626834 0.0649895178
5 0.6918238994 0.0655136268 0.0356394130 0.0576519916
5 0.7374213836 0.0639412998 0.0513626834 0.0566037736
5 0.8128930818 0.0534591195 0.0408805031 0.0838574423
5 0.8888888889 0.0482180294 0.0440251572 0.0838574423
5 0.8511530398 0.0492662474 0.0419287212 0.0838574423
4 0.9947589099 0.0880503145 0.0104821803 0.0607966457
5 0.0335429769 0.1551362683 0.0209643606 0.0712788260
5 0.0828092243 0.1519916143 0.0901467505 0.0733752621
5 0.1949685535 0.1446540881 0.1006289308 0.0796645702
5 0.2997903564 0.1430817610 0.0377358491 0.0744234801
5 0.3438155136 0.1451781971 0.0524109015 0.0765199161
5 0.4591194969 0.1598532495 0.0482180294 0.0660377358
5 0.4093291405 0.1614255765 0.0492662474 0.0628930818
5 0.5408805031 0.1519916143 0.0524109015 0.0712788260
5 0.5953878407 0.1498951782 0.0587002096 0.0733752621
5 0.6897274633 0.1221174004 0.0335429769 0.0534591195
5 0.7348008386 0.1189727463 0.0545073375 0.0534591195
5 0.8092243187 0.1310272537 0.0377358491 0.0712788260
5 0.8474842767 0.1273584906 0.0387840671 0.0723270440
5 0.8852201258 0.1252620545 0.0408805031 0.0723270440
4 0.9937106918 0.1477987421 0.0125786164 0.0566037736
5 0.0356394130 0.2237945493 0.0188679245 0.0702306080
5 0.0870020964 0.2232704403 0.0880503145 0.0691823899
5 0.1981132075 0.2222222222 0.0985324948 0.0712788260
5 0.2997903564 0.2185534591 0.0314465409 0.0723270440
5 0.4538784067 0.2243186583 0.0440251572 0.0628930818
5 0.4056603774 0.2258909853 0.0503144654 0.0618448637
5 0.5387840671 0.2206498952 0.0545073375 0.0681341719
5 0.5938155136 0.2206498952 0.0618448637 0.0723270440
5 0.7395178197 0.1781970650 0.0429769392 0.0628930818
5 0.6839622642 0.2321802935 0.0786163522 0.0408805031
5 0.6975890985 0.1787211740 0.0387840671 0.0618448637
5 0.8223270440 0.2206498952 0.0702306080 0.0387840671
5 0.8254716981 0.1834381551 0.0660377358 0.0377358491
5 0.8747379455 0.1996855346 0.0345911950 0.0618448637
4 0.9916142558 0.2080712788 0.0167714885 0.0555555556
3 0.8427672956 0.2835429769 0.0419287212 0.0429769392
3 0.8039832285 0.2845911950 0.0419287212 0.0429769392
4 0.9895178197 0.2662473795 0.0209643606 0.0545073375
1 0.1493710692 0.3092243187 0.0324947589 0.0566037736
1 0.2840670860 0.3149895178 0.0503144654 0.0534591195
1 0.3422431866 0.3238993711 0.0555555556 0.0649895178
1 0.4061844864 0.3107966457 0.0534591195 0.0639412998
1 0.4622641509 0.3102725367 0.0566037736 0.0649895178
1 0.5319706499 0.3668763103 0.0555555556 0.0587002096
1 0.5335429769 0.3060796646 0.0566037736 0.0628930818
1 0.5896226415 0.3060796646 0.0576519916 0.0628930818
1 0.6713836478 0.3050314465 0.0660377358 0.0607966457
1 0.6682389937 0.3653039832 0.0639412998 0.0597484277
1 0.7295597484 0.3637316562 0.0628930818 0.0628930818
3 0.8008385744 0.3249475891 0.0398322851 0.0398322851
3 0.8197064990 0.3611111111 0.0796645702 0.0366876310
3 0.8401467505 0.3233752621 0.0408805031 0.0387840671
4 0.9868972746 0.3197064990 0.0262054507 0.0566037736
1 0.3390985325 0.3930817610 0.0597484277 0.0607966457
1 0.4549266247 0.3773584906 0.0524109015 0.0649895178
1 0.4035639413 0.3773584906 0.0524109015 0.0670859539
1 0.5314465409 0.4266247379 0.0545073375 0.0587002096
1 0.5880503145 0.3679245283 0.0566037736 0.0607966457
1 0.6635220126 0.4240041929 0.0566037736 0.0597484277
1 0.5870020964 0.4281970650 0.0566037736 0.0576519916
1 0.7237945493 0.4255765199 0.0618448637 0.0607966457
1 0.8307127883 0.3962264151 0.1079664570 0.0461215933
4 0.9853249476 0.3752620545 0.0293501048 0.0545073375
1 0.3432914046 0.4622641509 0.0534591195 0.0607966457
1 0.4627882600 0.4423480084 0.0576519916 0.0649895178
1 0.4067085954 0.4412997904 0.0545073375 0.0628930818
1 0.5298742138 0.4848008386 0.0534591195 0.0597484277
1 0.6603773585 0.4832285115 0.0566037736 0.0607966457
1 0.5859538784 0.4879454927 0.0566037736 0.0597484277
1 0.7211740042 0.4895178197 0.0649895178 0.0628930818
1 0.8291404612 0.4407756813 0.1111111111 0.0450733753
1 0.8265199161 0.4848008386 0.1079664570 0.0471698113
1 0.9795597484 0.4643605870 0.0408805031 0.1111111111
1 0.4030398323 0.5660377358 0.0492662474 0.0628930818
1 0.4538784067 0.5660377358 0.0524109015 0.0628930818
1 0.4019916143 0.5062893082 0.0471698113 0.0628930818
1 0.4528301887 0.5057651992 0.0524109015 0.0597484277
1 0.5303983229 0.5429769392 0.0524109015 0.0503144654
1 0.6598532495 0.5440251572 0.0555555556 0.0587002096
1 0.5864779874 0.5450733753 0.0576519916 0.0566037736
1 0.7169811321 0.5487421384 0.0628930818 0.0576519916
1 0.8228511530 0.5277777778 0.1069182390 0.0450733753
1 0.4507337526 0.6184486373 0.0482180294 0.0419287212
1 0.4014675052 0.6163522013 0.0461215933 0.0356394130
1 0.5356394130 0.6001048218 0.0587002096 0.0555555556
1 0.6593291405 0.6027253669 0.0566037736 0.0587002096
1 0.7148846960 0.6058700210 0.0587002096 0.0566037736
8 0.8296645702 0.6006289308 0.1184486373 0.0733752621
1 0.9774633124 0.5738993711 0.0450733753 0.1142557652
1 0.5288259958 0.6572327044 0.0492662474 0.0587002096
1 0.5807127883 0.6635220126 0.0524109015 0.0607966457
1 0.6572327044 0.6593291405 0.0545073375 0.0649895178
1 0.7112159329 0.6650943396 0.0555555556 0.0639412998
8 0.8343815514 0.6871069182 0.1362683438 0.0849056604
1 0.9758909853 0.6792452830 0.0482180294 0.1027253669
1 0.5319706499 0.7169811321 0.0408805031 0.0440251572
1 0.6540880503 0.7232704403 0.0545073375 0.0649895178
1 0.5838574423 0.7169811321 0.0545073375 0.0566037736
1 0.7096436059 0.7248427673 0.0566037736 0.0660377358
1 0.6551362683 0.7783018868 0.0524109015 0.0576519916
1 0.7085953878 0.7851153040 0.0587002096 0.0566037736
1 0.8265199161 0.7735849057 0.1247379455 0.1027253669
1 0.9722222222 0.7861635220 0.0555555556 0.1090146751
