0 0.0100000000 0.0383333333 0.0200000000 0.0766666667
2 0.0958333333 0.0225000000 0.1516666667 0.0450000000
2 0.2366666667 0.0100000000 0.1466666667 0.0200000000
0 0.0433333333 0.1783333333 0.0866666667 0.1666666667
1 0.2300000000 0.1450000000 0.0900000000 0.1800000000
1 0.1350000000 0.1225000000 0.0966666667 0.0816666667
1 0.3191666667 0.1341666667 0.0883333333 0.1850000000
1 0.4108333333 0.1075000000 0.0950000000 0.1750000000
1 0.5041666667 0.0958333333 0.1016666667 0.1850000000
1 0.6016666667 0.0808333333 0.0966666667 0.1616666667
1 0.1366666667 0.2066666667 0.0933333333 0.0833333333
1 0.3008333333 0.3258333333 0.1016666667 0.0783333333
1 0.4016666667 0.3075000000 0.1000000000 0.1050000000
1 0.4983333333 0.2941666667 0.0966666667 0.0983333333
1 0.5941666667 0.2783333333 0.0883333333 0.0966666667
1 0.0291666667 0.4050000000 0.0583333333 0.1633333333
1 0.1033333333 0.4366666667 0.0766666667 0.0766666667
1 0.1941666667 0.4166666667 0.1116666667 0.0933333333
1 0.3000000000 0.4125000000 0.1066666667 0.0950000000
1 0.3866666667 0.4033333333 0.0766666667 0.0866666667
1 0.4925000000 0.3866666667 0.0983333333 0.0966666667
1 0.5658333333 0.4725000000 0.1050000000 0.1016666667
1 0.5875000000 0.3658333333 0.0850000000 0.0950000000
0 0.0991666667 0.5375000000 0.0583333333 0.0483333333
1 0.1733333333 0.6175000000 0.0933333333 0.1716666667
1 0.3416666667 0.5033333333 0.1000000000 0.0733333333
1 0.3525000000 0.5700000000 0.0883333333 0.0800000000
1 0.4591666667 0.5733333333 0.1116666667 0.0800000000
1 0.4566666667 0.4916666667 0.1200000000 0.0900000000
1 0.5741666667 0.5583333333 0.1116666667 0.0800000000
0 0.0925000000 0.6333333333 0.0683333333 0.1466666667
0 0.0341666667 0.6300000000 0.0683333333 0.1600000000
1 0.3475000000 0.6541666667 0.0950000000 0.0883333333
1 0.4491666667 0.6475000000 0.0950000000 0.0916666667
1 0.5691666667 0.6433333333 0.1050000000 0.0900000000
0 0.0150000000 0.8508333333 0.0300000000 0.1416666667
7 0.0900000000 0.8650000000 0.1233333333 0.1166666667
7 0.1783333333 0.8491666667 0.0633333333 0.1616666667
1 0.3058333333 0.8508333333 0.0650000000 0.1516666667
1 0.2425000000 0.8500000000 0.0583333333 0.1500000000
1 0.4316666667 0.8516666667 0.0700000000 0.1633333333
1 0.3683333333 0.8516666667 0.0666666667 0.1533333333
1 0.5083333333 0.8516666667 0.0800000000 0.1633333333
1 0.5866666667 0.8550000000 0.0800000000 0.1666666667
1 0.0225000000 0.9950000000 0.0450000000 0.0100000000
