4 0.0614754098 0.0136612022 0.0792349727 0.0273224044
4 0.1379781421 0.0191256831 0.0792349727 0.0382513661
4 0.2137978142 0.0239071038 0.0778688525 0.0478142077
4 0.2882513661 0.0259562842 0.0765027322 0.0519125683
4 0.3606557377 0.0293715847 0.0710382514 0.0587431694
1 0.4740437158 0.0464480874 0.1448087432 0.0928961749
4 0.0122950820 0.1120218579 0.0245901639 0.1912568306
4 0.0628415301 0.1188524590 0.0737704918 0.1830601093
4 0.1413934426 0.1256830601 0.0724043716 0.1803278689
4 0.2172131148 0.1318306011 0.0710382514 0.1789617486
4 0.2868852459 0.1379781421 0.0737704918 0.1803278689
4 0.3592896175 0.1407103825 0.0710382514 0.1830601093
1 0.6202185792 0.0525956284 0.1448087432 0.1051912568
1 0.7650273224 0.0601092896 0.1448087432 0.1202185792
1 0.9030054645 0.0601092896 0.1475409836 0.1202185792
1 0.4754098361 0.1700819672 0.1448087432 0.1543715847
1 0.6181693989 0.1734972678 0.1489071038 0.1584699454
1 0.7554644809 0.1844262295 0.1338797814 0.1448087432
1 0.8961748634 0.1933060109 0.1420765027 0.1461748634
5 0.0403005464 0.3442622951 0.0806010929 0.0519125683
5 0.0416666667 0.3934426230 0.0833333333 0.0519125683
5 0.1304644809 0.3572404372 0.0806010929 0.0450819672
5 0.0437158470 0.4426229508 0.0874316940 0.0491803279
5 0.1577868852 0.4255464481 0.0505464481 0.0915300546
5 0.1092896175 0.4214480874 0.0491803279 0.0860655738
3 0.2411202186 0.4501366120 0.0560109290 0.0560109290
3 0.2397540984 0.3989071038 0.0560109290 0.0546448087
3 0.2937158470 0.4535519126 0.0519125683 0.0519125683
3 0.2916666667 0.4023224044 0.0505464481 0.0532786885
3 0.3408469945 0.4289617486 0.0478142077 0.1038251366
1 0.3866120219 0.4146174863 0.0601092896 0.1407103825
1 0.4446721311 0.4166666667 0.0587431694 0.1448087432
1 0.5020491803 0.4200819672 0.0614754098 0.1407103825
1 0.5580601093 0.4248633880 0.0587431694 0.1393442623
8 0.6530054645 0.4159836066 0.0956284153 0.1543715847
8 0.7657103825 0.4098360656 0.1106557377 0.1775956284
1 0.8784153005 0.4200819672 0.1338797814 0.1625683060
5 0.0300546448 0.5396174863 0.0601092896 0.0710382514
5 0.0321038251 0.5983606557 0.0642076503 0.0437158470
5 0.1728142077 0.6058743169 0.0532786885 0.1024590164
5 0.1024590164 0.5334699454 0.0819672131 0.0560109290
5 0.1031420765 0.5881147541 0.0806010929 0.0505464481
1 0.3442622951 0.5464480874 0.0819672131 0.0819672131
1 0.3463114754 0.6263661202 0.0778688525 0.0833333333
1 0.2677595628 0.6222677596 0.0792349727 0.0860655738
1 0.4248633880 0.5539617486 0.0792349727 0.0806010929
1 0.5081967213 0.5573770492 0.0819672131 0.0846994536
1 0.5853825137 0.5628415301 0.0751366120 0.0819672131
1 0.6598360656 0.5655737705 0.0737704918 0.0765027322
1 0.7377049180 0.5703551913 0.0819672131 0.0724043716
1 0.8155737705 0.5724043716 0.0874316940 0.0737704918
1 0.8934426230 0.5737704918 0.0737704918 0.0765027322
5 0.0655737705 0.7219945355 0.0956284153 0.0751366120
5 0.1577868852 0.7240437158 0.0942622951 0.0792349727
1 0.2691256831 0.7288251366 0.0819672131 0.0751366120
1 0.4282786885 0.7322404372 0.0751366120 0.0737704918
1 0.3497267760 0.7308743169 0.0792349727 0.0737704918
1 0.4228142077 0.6325136612 0.0778688525 0.0737704918
1 0.5006830601 0.6366120219 0.0806010929 0.0737704918
1 0.5061475410 0.7336065574 0.0778688525 0.0737704918
1 0.5812841530 0.7329234973 0.0724043716 0.0751366120
1 0.5792349727 0.6372950820 0.0765027322 0.0724043716
1 0.6557377049 0.6379781421 0.0765027322 0.0737704918
1 0.7349726776 0.7404371585 0.0792349727 0.0683060109
1 0.7295081967 0.6407103825 0.0846994536 0.0710382514
1 0.8128415301 0.6448087432 0.0846994536 0.0710382514
1 0.8046448087 0.7363387978 0.0737704918 0.0710382514
1 0.8852459016 0.6434426230 0.0765027322 0.0683060109
5 0.0109289617 0.7916666667 0.0218579235 0.0669398907
5 0.0683060109 0.7923497268 0.0928961749 0.0683060109
5 0.1577868852 0.7950819672 0.0887978142 0.0710382514
1 0.2691256831 0.8019125683 0.0819672131 0.0737704918
1 0.3483606557 0.8039617486 0.0765027322 0.0724043716
1 0.4262295082 0.8046448087 0.0765027322 0.0710382514
1 0.5020491803 0.8066939891 0.0778688525 0.0696721311
1 0.5778688525 0.8060109290 0.0655737705 0.0683060109
1 0.6523224044 0.7991803279 0.0724043716 0.0765027322
1 0.7267759563 0.8080601093 0.0765027322 0.0642076503
1 0.8046448087 0.8039617486 0.0573770492 0.0532786885
5 0.0184426230 0.9508196721 0.0368852459 0.0464480874
5 0.0184426230 0.8913934426 0.0368852459 0.0614754098
5 0.0806010929 0.9637978142 0.0819672131 0.0642076503
5 0.0785519126 0.8989071038 0.0860655738 0.0628415301
5 0.1646174863 0.9678961749 0.0806010929 0.0642076503
5 0.1625683060 0.9057377049 0.0819672131 0.0573770492
1 0.2752732240 0.9665300546 0.0833333333 0.0669398907
1 0.2745901639 0.8948087432 0.0846994536 0.0737704918
1 0.3620218579 0.9043715847 0.0846994536 0.0683060109
1 0.3620218579 0.9685792350 0.0874316940 0.0628415301
1 0.4467213115 0.8941256831 0.0846994536 0.0751366120
1 0.4453551913 0.9658469945 0.0819672131 0.0683060109
1 0.6079234973 0.9699453552 0.0819672131 0.0601092896
1 0.6079234973 0.9057377049 0.0819672131 0.0683060109
1 0.5300546448 0.9713114754 0.0819672131 0.0573770492
1 0.5293715847 0.9077868852 0.0778688525 0.0669398907
1 0.6762295082 0.9098360656 0.0546448087 0.0628415301
1 0.6734972678 0.9726775956 0.0464480874 0.0546448087
