1 0.5117333333 0.0757333333 0.1296000000 0.1514666667
0 0.7600000000 0.0616000000 0.1770666667 0.1232000000
7 0.9680000000 0.0440000000 0.0640000000 0.0880000000
1 0.0429333333 0.1429333333 0.0858666667 0.1408000000
1 0.2981333333 0.1221333333 0.1205333333 0.1493333333
0 0.7586666667 0.1453333333 0.1754666667 0.0986666667
7 0.9669333333 0.1602666667 0.0661333333 0.1306666667
1 0.0426666667 0.2381333333 0.0853333333 0.0688000000
1 0.2992000000 0.2176000000 0.1205333333 0.0757333333
1 0.5082666667 0.2349333333 0.1301333333 0.0826666667
1 0.5077333333 0.1781333333 0.1312000000 0.0853333333
0 0.7605333333 0.2160000000 0.1717333333 0.0970666667
7 0.9722666667 0.2565333333 0.0554666667 0.0682666667
1 0.0370666667 0.3469333333 0.0741333333 0.0720000000
1 0.0421333333 0.2906666667 0.0842666667 0.0672000000
1 0.2981333333 0.3328000000 0.1088000000 0.0746666667
1 0.2976000000 0.2760000000 0.1120000000 0.0752000000
1 0.5085333333 0.2930666667 0.1306666667 0.0773333333
1 0.5072000000 0.3512000000 0.1312000000 0.0741333333
7 0.7496000000 0.3226666667 0.1584000000 0.1472000000
7 0.9706666667 0.3240000000 0.0586666667 0.0794666667
1 0.0376000000 0.4040000000 0.0752000000 0.0656000000
1 0.2976000000 0.3909333333 0.1120000000 0.0672000000
1 0.5074666667 0.4098666667 0.1296000000 0.0752000000
7 0.7488000000 0.4210666667 0.1504000000 0.0762666667
7 0.9722666667 0.3949333333 0.0554666667 0.0890666667
1 0.0338666667 0.4624000000 0.0677333333 0.0693333333
1 0.0328000000 0.5189333333 0.0656000000 0.0672000000
7 0.2970666667 0.5090666667 0.1205333333 0.0677333333
1 0.2970666667 0.4496000000 0.1162666667 0.0693333333
1 0.4933333333 0.4976000000 0.1034666667 0.1141333333
7 0.7482666667 0.4917333333 0.1546666667 0.0757333333
4 0.9706666667 0.4709333333 0.0586666667 0.0885333333
1 0.0322666667 0.5760000000 0.0645333333 0.0650666667
7 0.2954666667 0.6221333333 0.1205333333 0.0613333333
7 0.2954666667 0.5650666667 0.1226666667 0.0645333333
4 0.5042666667 0.5928000000 0.1349333333 0.0858666667
4 0.7501333333 0.5538666667 0.1584000000 0.0560000000
4 0.7514666667 0.6173333333 0.1653333333 0.0677333333
4 0.9736000000 0.5453333333 0.0528000000 0.0869333333
7 0.0328000000 0.6944000000 0.0656000000 0.0650666667
7 0.0320000000 0.6346666667 0.0640000000 0.0661333333
7 0.1277333333 0.6336000000 0.0837333333 0.0725333333
7 0.1261333333 0.6909333333 0.0880000000 0.0666666667
7 0.2912000000 0.6808000000 0.1216000000 0.0634666667
4 0.5074666667 0.6570666667 0.1296000000 0.0576000000
4 0.7504000000 0.6824000000 0.1610666667 0.0709333333
5 0.9736000000 0.6336000000 0.0528000000 0.1056000000
7 0.0317333333 0.7528000000 0.0634666667 0.0666666667
7 0.1242666667 0.7509333333 0.0896000000 0.0629333333
7 0.1232000000 0.8125333333 0.0874666667 0.0677333333
7 0.2893333333 0.8000000000 0.1232000000 0.0640000000
7 0.2909333333 0.7389333333 0.1178666667 0.0613333333
4 0.4978666667 0.7925333333 0.1264000000 0.0672000000
4 0.5042666667 0.7240000000 0.1392000000 0.0773333333
4 0.7506666667 0.7450666667 0.1626666667 0.0672000000
5 0.9744000000 0.7325333333 0.0512000000 0.1072000000
7 0.0296000000 0.8762666667 0.0592000000 0.0650666667
7 0.0314666667 0.8138666667 0.0629333333 0.0650666667
7 0.1213333333 0.8701333333 0.0869333333 0.0730666667
7 0.2888000000 0.8608000000 0.1264000000 0.0629333333
6 0.5018666667 0.8557333333 0.1365333333 0.0677333333
7 0.0288000000 0.9341333333 0.0576000000 0.0656000000
7 0.1178666667 0.9296000000 0.0896000000 0.0778666667
7 0.1146666667 0.9744000000 0.0928000000 0.0512000000
0 0.2568000000 0.9333333333 0.0656000000 0.0928000000
0 0.3237333333 0.9362666667 0.0810666667 0.0933333333
6 0.5008000000 0.9218666667 0.1365333333 0.0688000000
6 0.4989333333 0.9784000000 0.1381333333 0.0432000000
5 0.7530666667 0.9066666667 0.1664000000 0.0949333333
0 0.9738666667 0.9269333333 0.0522666667 0.1002666667
7 0.0269333333 0.9810666667 0.0538666667 0.0378666667
0 0.2493333333 0.9874666667 0.0592000000 0.0250666667
0 0.3120000000 0.9898666667 0.0768000000 0.0202666667
0 0.7890666667 0.9725333333 0.1136000000 0.0549333333
0 0.9754666667 0.9869333333 0.0490666667 0.0261333333
