5 0.5909090909 0.0067567568 0.0442260442 0.0135135135
5 0.6382063882 0.0049140049 0.0454545455 0.0098280098
5 0.0853808354 0.0786240786 0.0970515971 0.0737100737
5 0.2420147420 0.0829238329 0.1228501229 0.0601965602
5 0.4281326781 0.0227272727 0.1314496314 0.0454545455
5 0.4269041769 0.0651105651 0.1339066339 0.0638820639
5 0.6160933661 0.0343980344 0.0995085995 0.0565110565
5 0.8206388206 0.0251842752 0.1056511057 0.0503685504
5 0.8427518428 0.0706388206 0.0515970516 0.0405405405
5 0.7911547912 0.0737100737 0.0515970516 0.0466830467
5 0.0829238329 0.1547911548 0.0921375921 0.0810810811
5 0.2407862408 0.1351351351 0.1228501229 0.0589680590
5 0.4238329238 0.1234643735 0.1277641278 0.0552825553
5 0.6222358722 0.1308353808 0.1068796069 0.0503685504
5 0.6154791155 0.0847665848 0.0982800983 0.0466830467
3 0.7942260442 0.1240786241 0.0528255528 0.0515970516
3 0.8550368550 0.1222358722 0.0589680590 0.0528255528
5 0.0804668305 0.2291154791 0.0921375921 0.0724815725
1 0.2285012285 0.2106879607 0.1081081081 0.1044226044
5 0.4201474201 0.1799754300 0.1277641278 0.0626535627
1 0.6449631450 0.1947174447 0.1474201474 0.0700245700
3 0.8323095823 0.1756756757 0.1191646192 0.0491400491
3 0.8396805897 0.2278869779 0.1388206388 0.0675675676
5 0.0755528256 0.2972972973 0.0945945946 0.0712530713
1 0.2364864865 0.2886977887 0.1289926290 0.0565110565
1 0.4244471744 0.2770270270 0.1437346437 0.1437346437
1 0.6455773956 0.2549140049 0.1461916462 0.0601965602
1 0.6455773956 0.3163390663 0.1486486486 0.0626535627
7 0.8433660934 0.2819410319 0.1437346437 0.0601965602
1 0.2328009828 0.3439803440 0.1289926290 0.0565110565
1 0.6431203931 0.3814496314 0.1560196560 0.0626535627
7 0.8390663391 0.3378378378 0.1277641278 0.0589680590
7 0.8396805897 0.3925061425 0.1289926290 0.0577395577
6 0.0503685504 0.4029484029 0.0663390663 0.1474201474
6 0.0933660934 0.4047911548 0.0466830467 0.1584766585
1 0.2229729730 0.4588452088 0.1314496314 0.0577395577
1 0.2291154791 0.3998771499 0.1314496314 0.0577395577
1 0.4213759214 0.4195331695 0.1425061425 0.1461916462
7 0.8310810811 0.4484029484 0.1117936118 0.0565110565
6 0.0552825553 0.5491400491 0.1105651106 0.1228501229
4 0.4226044226 0.5307125307 0.1449631450 0.0810810811
4 0.6541769042 0.5307125307 0.1781326781 0.0982800983
7 0.8218673219 0.4993857494 0.0933660934 0.0552825553
7 0.8341523342 0.5509828010 0.1154791155 0.0577395577
1 0.2199017199 0.5565110565 0.1277641278 0.1375921376
4 0.4195331695 0.6130221130 0.1461916462 0.0835380835
4 0.6554054054 0.6197788698 0.1756756757 0.0773955774
7 0.8439803440 0.6087223587 0.1375921376 0.0601965602
7 0.0491400491 0.6713759214 0.0982800983 0.1289926290
7 0.2082309582 0.6922604423 0.1339066339 0.1363636364
4 0.4176904177 0.6805896806 0.1449631450 0.0663390663
4 0.6541769042 0.6922604423 0.1805896806 0.0798525799
7 0.8101965602 0.7045454545 0.0651105651 0.1388206388
7 0.8648648649 0.7051597052 0.0712530713 0.1425061425
4 0.4164619165 0.7420147420 0.1449631450 0.0712530713
4 0.6572481572 0.7757985258 0.1818181818 0.0847665848
7 0.0460687961 0.7948402948 0.0921375921 0.1326781327
5 0.2039312039 0.8206388206 0.1375921376 0.1449631450
7 0.4066339066 0.8108108108 0.1572481572 0.0786240786
0 0.6541769042 0.8488943489 0.1805896806 0.0810810811
7 0.8144963145 0.8495085995 0.0540540541 0.1511056511
7 0.8716216216 0.8519656020 0.0601965602 0.1437346437
7 0.0411547912 0.9219901720 0.0823095823 0.1412776413
0 0.6554054054 0.9293611794 0.1830466830 0.0921375921
0 0.0362407862 0.9920147420 0.0724815725 0.0159705160
7 0.2008599509 0.9410319410 0.1339066339 0.1179361179
7 0.4054054054 0.9207616708 0.1572481572 0.1584766585
0 0.6547911548 0.9846437346 0.1867321867 0.0307125307
7 0.8181818182 0.9631449631 0.0638820639 0.0737100737
7 0.8814496314 0.9625307125 0.0700245700 0.0749385749
