7 0.1189151599 0.0431154381 0.2211404729 0.0862308762
7 0.2691237830 0.0452016690 0.0848400556 0.0904033380
5 0.4408901252 0.0361613352 0.2169680111 0.0723226704
5 0.5737134910 0.1008344924 0.0792767733 0.1210013908
5 0.6863699583 0.0528511822 0.1515994437 0.1057023644
5 0.8094575800 0.0458970793 0.1001390821 0.0917941586
0 0.9290681502 0.0730180807 0.1418636996 0.1460361613
7 0.1342141864 0.1759388039 0.2044506259 0.1988873435
7 0.2566063978 0.1731571627 0.0542420028 0.1849791377
5 0.3922114047 0.1223922114 0.1140472879 0.1140472879
5 0.4916550765 0.1161335188 0.1015299026 0.1321279555
5 0.6752433936 0.1613351878 0.1682892907 0.1140472879
6 0.3929068150 0.2496522949 0.1154381085 0.1460361613
6 0.5034770515 0.2475660640 0.1390820584 0.1474269819
0 0.6856745480 0.2760778860 0.1863699583 0.1460361613
0 0.8678720445 0.2100139082 0.1001390821 0.1196105702
7 0.9499304590 0.2023643950 0.1001390821 0.1404728790
0 0.1404728790 0.3289290682 0.2002781641 0.1404728790
0 0.6675938804 0.3776077886 0.1863699583 0.1237830320
0 0.8776077886 0.3254520167 0.1502086231 0.1223922114
0 0.1627260083 0.4603616134 0.1891515994 0.1196105702
1 0.3817802503 0.3894297636 0.1015299026 0.1446453408
1 0.4756606398 0.3789986092 0.1001390821 0.1210013908
1 0.9728789986 0.4186369958 0.0542420028 0.1307371349
0 0.1258692629 0.5368567455 0.0931849791 0.0500695410
0 0.2107093185 0.5299026426 0.0737134910 0.0417246175
1 0.3720445063 0.4874826147 0.0987482615 0.0987482615
1 0.4652294854 0.4798331015 0.0848400556 0.0973574409
0 0.6564673157 0.4749652295 0.1780250348 0.1349095967
2 0.8581363004 0.4673157163 0.1947148818 0.1863699583
1 0.9561891516 0.5396383866 0.0876216968 0.1223922114
0 0.1251738526 0.5931849791 0.0806675939 0.0820584145
0 0.1961057024 0.5778859527 0.0723226704 0.0570236439
1 0.3796940195 0.5792767733 0.0945757997 0.0820584145
1 0.4617524339 0.5730180807 0.0945757997 0.0973574409
1 0.5890125174 0.5757997218 0.0792767733 0.0778859527
1 0.6634214186 0.5667593880 0.0695410292 0.0737134910
1 0.6599443672 0.6411682893 0.0681502086 0.0834492350
2 0.8296244784 0.6105702364 0.1821974965 0.1585535466
1 0.9485396384 0.6404728790 0.1029207232 0.1070931850
1 0.3685674548 0.6710709318 0.0890125174 0.0959666203
1 0.4527121001 0.6613351878 0.0876216968 0.0904033380
1 0.5855354659 0.6495132128 0.0834492350 0.0806675939
1 0.5688456189 0.7260083449 0.0778859527 0.0778859527
1 0.6390820584 0.7190542420 0.0625869263 0.0695410292
2 0.8164116829 0.7204450626 0.1780250348 0.1057023644
1 0.0118219750 0.7392211405 0.0236439499 0.0764951321
1 0.0152990264 0.7899860918 0.0305980529 0.0723226704
1 0.1940194715 0.7440890125 0.1543810848 0.1029207232
1 0.2294853964 0.8212795549 0.0584144645 0.0625869263
1 0.2913769124 0.8122392211 0.0570236439 0.0695410292
1 0.3706536857 0.7614742698 0.0820584145 0.0820584145
1 0.4513212796 0.7413073713 0.0792767733 0.0751043115
1 0.4436717663 0.8129346314 0.0834492350 0.0709318498
1 0.6314325452 0.7802503477 0.0667593880 0.0556328234
1 0.5625869263 0.7920723227 0.0625869263 0.0625869263
1 0.7795549374 0.7858136300 0.1349095967 0.0667593880
1 0.9214186370 0.7468706537 0.1432545202 0.1168289291
1 0.0201668985 0.8365785814 0.0403337969 0.0737134910
1 0.0229485396 0.8796940195 0.0458970793 0.0709318498
1 0.1571627260 0.8372739917 0.0723226704 0.0639777469
1 0.1543810848 0.9047287900 0.0667593880 0.0764951321
1 0.2260083449 0.8810848401 0.0598052851 0.0820584145
1 0.2878998609 0.8741307371 0.0639777469 0.0764951321
1 0.3713490960 0.8226703755 0.0695410292 0.0570236439
1 0.3699582754 0.8873435327 0.0695410292 0.0723226704
1 0.4422809458 0.8741307371 0.0723226704 0.0681502086
1 0.6216968011 0.8915159944 0.0667593880 0.0639777469
1 0.6216968011 0.8337969402 0.0611961057 0.0598052851
1 0.5563282337 0.9095966620 0.0695410292 0.0611961057
1 0.5535465925 0.8511821975 0.0611961057 0.0556328234
1 0.7392211405 0.8463143255 0.0709318498 0.0625869263
1 0.8052851182 0.8351877608 0.0667593880 0.0681502086
1 0.0278164117 0.9401947149 0.0556328234 0.0751043115
1 0.0319888734 0.9756606398 0.0639777469 0.0486787204
1 0.1752433936 0.9680111266 0.0723226704 0.0639777469
1 0.2378303199 0.9638386648 0.0556328234 0.0667593880
1 0.3734353268 0.9506258693 0.0737134910 0.0514603616
1 0.2976356050 0.9499304590 0.0639777469 0.0751043115
1 0.4401947149 0.9346314325 0.0653685675 0.0584144645
