1 0.1916565901 0.0368802902 0.0882708585 0.0737605804
1 0.2847642080 0.0362756953 0.1027811366 0.0725513906
1 0.3827085852 0.0380894800 0.0906892382 0.0761789601
1 0.4631197098 0.0392986699 0.0701330109 0.0785973398
1 0.0912938331 0.0985489722 0.0979443773 0.0374848851
1 0.0864570738 0.1499395405 0.0931076179 0.0652962515
1 0.1952841596 0.1221281741 0.1051995163 0.0773881499
1 0.2805320435 0.1342200726 0.0725513906 0.0556227328
1 0.3603385732 0.1420798065 0.0918984281 0.0761789601
1 0.4407496977 0.1511487304 0.0737605804 0.0628778718
5 0.8579201935 0.0828295042 0.0640870617 0.0785973398
5 0.9165659008 0.0906892382 0.0677146312 0.0870616687
3 0.0997581620 0.2243047158 0.1221281741 0.0616686820
1 0.2079806530 0.2297460701 0.0991535671 0.0773881499
1 0.3119709794 0.2345828295 0.0967351874 0.0846432890
1 0.3899637243 0.2629987908 0.0737605804 0.1390568319
1 0.5096735187 0.2636033857 0.0640870617 0.1330108827
1 0.4528415961 0.2623941959 0.0640870617 0.1354292624
1 0.5538089480 0.2660217654 0.0483675937 0.1330108827
5 0.9032648126 0.2412333736 0.0652962515 0.1269649335
3 0.0646916566 0.3403869407 0.0665054414 0.0568319226
3 0.0991535671 0.2799274486 0.1233373640 0.0640870617
3 0.1263603386 0.3367593712 0.0592503023 0.0544135429
1 0.2067714631 0.3131801693 0.1039903265 0.0822249093
1 0.3029020556 0.3270858525 0.0955259976 0.0834340992
5 0.8077388150 0.4679564692 0.0628778718 0.0338573156
5 0.8246674728 0.4026602177 0.0266021765 0.0338573156
5 0.8905683192 0.4661426844 0.0568319226 0.0374848851
5 0.9008464329 0.4129383313 0.0459492140 0.0713422007
5 0.8621523579 0.4153567110 0.0459492140 0.0713422007
1 0.0792019347 0.5223700121 0.0882708585 0.1717049577
1 0.1608222491 0.5133010883 0.0773881499 0.1704957678
1 0.2309552600 0.5048367594 0.0798065296 0.1656590085
1 0.3016928658 0.4981862152 0.0737605804 0.1620314389
1 0.4074969770 0.4909310762 0.1523579202 0.1571946796
1 0.5435308343 0.4842805320 0.1438935913 0.1487303507
5 0.8155985490 0.5320435308 0.0640870617 0.0362756953
5 0.7926239420 0.4987908102 0.0278113664 0.0302297461
5 0.8228536880 0.4981862152 0.0326481258 0.0338573156
5 0.8712212817 0.5000000000 0.0302297461 0.0350665054
5 0.8440145103 0.4806529625 0.0120918984 0.0640870617
5 0.9087061669 0.4981862152 0.0302297461 0.0362756953
