1 0.1895104895 0.0657342657 0.0797202797 0.1314685315
1 0.2594405594 0.0664335664 0.0769230769 0.1328671329
1 0.3307692308 0.0678321678 0.0713286713 0.1356643357
1 0.4013986014 0.0692307692 0.0755244755 0.1384615385
1 0.5447552448 0.0720279720 0.0713286713 0.1440559441
1 0.4741258741 0.0713286713 0.0699300699 0.1426573427
1 0.6139860140 0.0734265734 0.0755244755 0.1468531469
1 0.6846153846 0.0741258741 0.0769230769 0.1482517483
1 0.7538461538 0.0748251748 0.0783216783 0.1496503497
1 0.8237762238 0.0762237762 0.0811188811 0.1524475524
1 0.8944055944 0.0769230769 0.0797202797 0.1538461538
1 0.9622377622 0.0776223776 0.0755244755 0.1552447552
1 0.9958041958 0.0797202797 0.0083916084 0.1594405594
1 0.1874125874 0.3090909091 0.0923076923 0.0951048951
1 0.2818181818 0.3153846154 0.0937062937 0.0937062937
1 0.3769230769 0.3160839161 0.0965034965 0.1006993007
1 0.4741258741 0.3216783217 0.0979020979 0.0923076923
1 0.5699300699 0.3272727273 0.0965034965 0.0923076923
1 0.6671328671 0.3328671329 0.0951048951 0.0867132867
1 0.7636363636 0.2937062937 0.1034965035 0.1762237762
1 0.8545454545 0.2923076923 0.1062937063 0.1846153846
1 0.9510489510 0.2930069930 0.0979020979 0.1832167832
1 0.1874125874 0.4440559441 0.0951048951 0.0853146853
1 0.2867132867 0.4496503497 0.0979020979 0.0825174825
1 0.3867132867 0.4559440559 0.0993006993 0.0867132867
1 0.4790209790 0.4573426573 0.0909090909 0.0839160839
1 0.1902097902 0.5307692308 0.0895104895 0.0825174825
1 0.2888111888 0.5342657343 0.0993006993 0.0811188811
1 0.3811188811 0.5405594406 0.0881118881 0.0825174825
1 0.4706293706 0.5440559441 0.0853146853 0.0783216783
1 0.5671328671 0.5447552448 0.0881118881 0.0825174825
1 0.5699300699 0.4601398601 0.0909090909 0.0839160839
1 0.6622377622 0.5055944056 0.0937062937 0.1608391608
1 0.7573426573 0.5146853147 0.0993006993 0.1566433566
1 0.8475524476 0.5160839161 0.1034965035 0.1622377622
1 0.9440559441 0.5174825175 0.1118881119 0.1650349650
1 0.9958041958 0.5202797203 0.0083916084 0.1650349650
1 0.1979020979 0.6475524476 0.1048951049 0.0671328671
1 0.3034965035 0.6510489510 0.0979020979 0.0629370629
1 0.4034965035 0.6524475524 0.0993006993 0.0573426573
1 0.5153846154 0.6566433566 0.1048951049 0.0545454545
1 0.6244755245 0.6594405594 0.1076923077 0.0573426573
1 0.2000000000 0.7125874126 0.1034965035 0.0713286713
1 0.2986013986 0.7174825175 0.1020979021 0.0755244755
1 0.4020979021 0.7188811189 0.1020979021 0.0783216783
1 0.5111888112 0.7230769231 0.1104895105 0.0727272727
1 0.6244755245 0.7279720280 0.1104895105 0.0741258741
1 0.7202797203 0.7013986014 0.0783216783 0.1300699301
1 0.8000000000 0.7062937063 0.0811188811 0.1314685315
1 0.8853146853 0.7090909091 0.0923076923 0.1314685315
1 0.9601398601 0.7111888112 0.0797202797 0.1300699301
1 0.2223776224 0.8748251748 0.1426573427 0.1580419580
1 0.3636363636 0.8860139860 0.1426573427 0.1580419580
1 0.5069930070 0.8937062937 0.1384615385 0.1594405594
1 0.6160839161 0.8937062937 0.0769230769 0.1594405594
1 0.6986013986 0.8972027972 0.0797202797 0.1664335664
1 0.7783216783 0.8993006993 0.0713286713 0.1650349650
1 0.8566433566 0.9034965035 0.0797202797 0.1650349650
1 0.9377622378 0.9069930070 0.0797202797 0.1664335664
1 0.9909090909 0.9111888112 0.0181818182 0.1692307692
