0 0.6153433476 0.0123390558 0.1298283262 0.0246781116
7 0.0246781116 0.0590128755 0.0493562232 0.0944206009
7 0.0740343348 0.0525751073 0.0557939914 0.1051502146
0 0.2167381974 0.0337982833 0.1630901288 0.0675965665
7 0.4345493562 0.0895922747 0.1373390558 0.1791845494
7 0.6131974249 0.0783261803 0.1169527897 0.1309012876
0 0.7709227468 0.0273605150 0.0912017167 0.0547210300
0 0.2162017167 0.1024678112 0.1598712446 0.0804721030
7 0.7623390558 0.1089055794 0.0912017167 0.1233905579
7 0.9018240343 0.1212446352 0.0869098712 0.0622317597
7 0.0273605150 0.1700643777 0.0525751073 0.1255364807
7 0.0772532189 0.1722103004 0.0472103004 0.1319742489
0 0.2172746781 0.1727467811 0.1577253219 0.0708154506
7 0.4334763948 0.2060085837 0.1373390558 0.0686695279
5 0.6105150215 0.1974248927 0.1201716738 0.1266094421
7 0.7575107296 0.2199570815 0.0987124464 0.1158798283
7 0.8969957082 0.1759656652 0.0858369099 0.0643776824
4 0.2145922747 0.2365879828 0.1587982833 0.0740343348
4 0.4248927039 0.2660944206 0.1266094421 0.0622317597
7 0.8819742489 0.2655579399 0.0922746781 0.0740343348
7 0.9935622318 0.2269313305 0.0128755365 0.0675965665
7 0.0332618026 0.2982832618 0.0622317597 0.1244635193
7 0.0810085837 0.2988197425 0.0568669528 0.1212446352
4 0.2172746781 0.3095493562 0.1577253219 0.0697424893
4 0.4238197425 0.3197424893 0.1266094421 0.0579399142
7 0.6067596567 0.3095493562 0.1169527897 0.1190987124
7 0.7500000000 0.3277896996 0.0944206009 0.1126609442
7 0.8739270386 0.3546137339 0.0804721030 0.1019313305
7 0.0557939914 0.3825107296 0.1115879828 0.0525751073
4 0.2162017167 0.3728540773 0.1534334764 0.0675965665
4 0.4222103004 0.3787553648 0.1276824034 0.0729613734
1 0.5965665236 0.4281115880 0.1115879828 0.1201716738
7 0.0600858369 0.4329399142 0.1008583691 0.0504291845
7 0.0708154506 0.4780042918 0.0815450644 0.0482832618
4 0.2172746781 0.4506437768 0.1555793991 0.0858369099
4 0.4195278970 0.4506437768 0.1266094421 0.0708154506
6 0.7430257511 0.4345493562 0.1019313305 0.1072961373
7 0.8680257511 0.4458154506 0.0815450644 0.0869098712
7 0.0627682403 0.5225321888 0.0976394850 0.0493562232
1 0.4206008584 0.5477467811 0.1244635193 0.1276824034
1 0.5938841202 0.5134120172 0.1148068670 0.0504291845
1 0.5885193133 0.5649141631 0.1148068670 0.0504291845
6 0.7070815451 0.5606223176 0.0407725322 0.1384120172
6 0.7446351931 0.5622317597 0.0579399142 0.1287553648
7 0.8605150215 0.5257510730 0.0708154506 0.0557939914
7 0.0557939914 0.6190987124 0.1115879828 0.0515021459
7 0.0557939914 0.5713519313 0.1115879828 0.0504291845
1 0.2269313305 0.5810085837 0.1362660944 0.0547210300
1 0.5853004292 0.6137339056 0.1126609442 0.0493562232
2 0.8631974249 0.6233905579 0.0740343348 0.1373390558
7 0.0574034335 0.6679184549 0.1148068670 0.0525751073
1 0.2247854077 0.6915236052 0.1276824034 0.0525751073
1 0.2247854077 0.6378755365 0.1298283262 0.0547210300
1 0.4179184549 0.6722103004 0.1255364807 0.1255364807
1 0.5820815451 0.6620171674 0.1126609442 0.0493562232
5 0.7226394850 0.6545064378 0.0826180258 0.0622317597
3 0.0579399142 0.7151287554 0.1158798283 0.0590128755
3 0.0616952790 0.7607296137 0.1040772532 0.0429184549
1 0.2253218884 0.7440987124 0.1287553648 0.0611587983
5 0.4216738197 0.7569742489 0.1115879828 0.0547210300
1 0.5890557940 0.7301502146 0.0944206009 0.0912017167
5 0.7183476395 0.7140557940 0.0804721030 0.0633047210
3 0.0418454936 0.8074034335 0.0515021459 0.0461373391
3 0.0949570815 0.8057939914 0.0461373391 0.0450643777
5 0.2510729614 0.8401287554 0.0858369099 0.0407725322
5 0.2451716738 0.7998927039 0.0933476395 0.0439914163
5 0.4184549356 0.8063304721 0.1115879828 0.0482832618
5 0.5788626609 0.7961373391 0.1062231760 0.0515021459
5 0.7162017167 0.7789699571 0.0804721030 0.0708154506
2 0.8299356223 0.8143776824 0.0568669528 0.1137339056
2 0.9608369099 0.7811158798 0.0783261803 0.1330472103
5 0.0976394850 0.8497854077 0.0450643777 0.0407725322
5 0.0525751073 0.8524678112 0.0450643777 0.0354077253
5 0.0724248927 0.8986051502 0.0912017167 0.0568669528
5 0.2505364807 0.8841201717 0.0869098712 0.0493562232
5 0.4157725322 0.8572961373 0.1169527897 0.0557939914
5 0.4146995708 0.9034334764 0.1148068670 0.0579399142
5 0.5772532189 0.8417381974 0.1072961373 0.0525751073
5 0.7140557940 0.8454935622 0.0847639485 0.0643776824
5 0.0826180258 0.9393776824 0.0751072961 0.0396995708
5 0.2312231760 0.9248927039 0.0396995708 0.0386266094
5 0.2725321888 0.9222103004 0.0386266094 0.0396995708
