1 0.4366740088 0.2395374449 0.0781938326 0.0781938326
1 0.5066079295 0.2439427313 0.0660792952 0.0892070485
1 0.6029735683 0.2307268722 0.1310572687 0.0958149780
1 0.8001101322 0.1938325991 0.1398678414 0.0748898678
1 0.9763215859 0.1740088106 0.0473568282 0.0748898678
2 0.0655286344 0.2951541850 0.1046255507 0.1321585903
2 0.1442731278 0.2835903084 0.0528634361 0.1420704846
1 0.2753303965 0.2450440529 0.1585903084 0.0980176211
1 0.7946035242 0.2522026432 0.1332599119 0.0704845815
1 0.7957048458 0.3122246696 0.1354625551 0.0671806167
1 0.9719162996 0.2808370044 0.0561674009 0.1475770925
1 0.2758810573 0.3171806167 0.1596916300 0.0837004405
1 0.4372246696 0.3193832599 0.0837004405 0.0814977974
1 0.5110132159 0.3281938326 0.0594713656 0.0726872247
1 0.6035242291 0.3160792952 0.1233480176 0.0947136564
1 0.8012114537 0.3827092511 0.1486784141 0.0870044053
2 0.0853524229 0.3970264317 0.1266519824 0.0870044053
1 0.2764317181 0.3920704846 0.1651982379 0.0770925110
1 0.4383259912 0.4008810573 0.0814977974 0.0837004405
1 0.5049559471 0.3964757709 0.0539647577 0.0660792952
1 0.6035242291 0.4019823789 0.1123348018 0.0770925110
1 0.9702643172 0.4251101322 0.0594713656 0.1453744493
2 0.0870044053 0.4829295154 0.1233480176 0.0892070485
1 0.2824889868 0.4603524229 0.1618942731 0.0748898678
1 0.4399779736 0.4763215859 0.0715859031 0.0737885463
1 0.5115638767 0.4713656388 0.0715859031 0.0814977974
1 0.6062775330 0.4812775330 0.1112334802 0.0704845815
1 0.8006607930 0.4609030837 0.1453744493 0.0803964758
1 0.0803964758 0.5506607930 0.1079295154 0.0704845815
1 0.2868942731 0.5324889868 0.1530837004 0.0715859031
1 0.4399779736 0.5523127753 0.0715859031 0.0825991189
1 0.5121145374 0.5539647577 0.0770925110 0.0814977974
1 0.6519823789 0.5644273128 0.0594713656 0.0803964758
1 0.5864537445 0.5655286344 0.0605726872 0.0825991189
1 0.7990088106 0.5412995595 0.1420704846 0.0825991189
1 0.9675110132 0.5682819383 0.0649779736 0.1409691630
1 0.0991189427 0.6128854626 0.1123348018 0.0693832599
1 0.2890969163 0.6062775330 0.1464757709 0.0825991189
1 0.8056167401 0.6255506608 0.1464757709 0.1035242291
1 0.9686123348 0.6657488987 0.0627753304 0.0605726872
7 0.2731277533 0.7230176211 0.0947136564 0.1244493392
7 0.3832599119 0.7362334802 0.0969162996 0.1354625551
7 0.5308370044 0.6965859031 0.1541850220 0.0693832599
7 0.5302863436 0.7511013216 0.1552863436 0.0682819383
7 0.5280837004 0.8078193833 0.1530837004 0.0693832599
7 0.6376651982 0.7692731278 0.0660792952 0.1640969163
7 0.6965859031 0.7813876652 0.0605726872 0.1662995595
7 0.7907488987 0.7378854626 0.1145374449 0.1211453744
7 0.9311674009 0.7450440529 0.1178414097 0.1266519824
7 0.5302863436 0.8628854626 0.1530837004 0.0737885463
7 0.7901982379 0.8458149780 0.1134361233 0.1189427313
7 0.9906387665 0.8634361233 0.0187224670 0.1409691630
7 0.2538546256 0.8816079295 0.1068281938 0.1354625551
7 0.3617841410 0.8953744493 0.1024229075 0.1629955947
7 0.5286343612 0.9190528634 0.1497797357 0.0759911894
7 0.6321585903 0.9256607930 0.0572687225 0.1486784141
7 0.8226872247 0.9394273128 0.0572687225 0.0770925110
7 0.7648678414 0.9306167401 0.0583700441 0.0770925110
7 0.9245594714 0.8887665198 0.1156387665 0.1674008811
7 0.5319383260 0.9675110132 0.1475770925 0.0649779736
7 0.8210352423 0.9845814978 0.0605726872 0.0308370044
7 0.7643171806 0.9790748899 0.0572687225 0.0418502203
7 0.9240088106 0.9834801762 0.1167400881 0.0330396476
7 0.9900881057 0.9570484581 0.0198237885 0.0859030837
