1 0.7505296610 0.2134533898 0.1048728814 0.1048728814
1 0.8495762712 0.2055084746 0.0953389831 0.0974576271
1 0.9443855932 0.1996822034 0.1112288136 0.0773305085
1 0.1228813559 0.2415254237 0.2055084746 0.1271186441
1 0.3336864407 0.2409957627 0.0932203390 0.1175847458
1 0.4226694915 0.2383474576 0.0953389831 0.1207627119
1 0.5609110169 0.2341101695 0.0942796610 0.1207627119
1 0.6509533898 0.2304025424 0.0963983051 0.1175847458
1 0.9443855932 0.2812500000 0.1112288136 0.0773305085
1 0.3935381356 0.3479872881 0.1917372881 0.1091101695
1 0.5625000000 0.3448093220 0.0911016949 0.1197033898
1 0.6525423729 0.3405720339 0.0974576271 0.1133474576
1 0.7552966102 0.3119703390 0.1122881356 0.1069915254
1 0.8559322034 0.3056144068 0.1059322034 0.1069915254
1 0.9412076271 0.3437500000 0.1175847458 0.0603813559
1 0.1223516949 0.3649364407 0.2108050847 0.1239406780
1 0.7526483051 0.4104872881 0.0921610169 0.0942796610
1 0.8421610169 0.4030720339 0.0889830508 0.0942796610
1 0.9433262712 0.4030720339 0.1133474576 0.0773305085
1 0.1255296610 0.4856991525 0.2086864407 0.1239406780
1 0.3951271186 0.4480932203 0.1864406780 0.1038135593
1 0.5630296610 0.4565677966 0.0858050847 0.1144067797
1 0.6530720339 0.4518008475 0.1006355932 0.1133474576
1 0.8416313559 0.4941737288 0.0921610169 0.0942796610
1 0.9454449153 0.4703389831 0.1091101695 0.0741525424
1 0.4020127119 0.5429025424 0.1875000000 0.1006355932
1 0.7558262712 0.5005296610 0.0879237288 0.1006355932
1 0.9454449153 0.5439618644 0.1091101695 0.0752118644
1 0.1393008475 0.6011652542 0.2023305085 0.1281779661
1 0.5656779661 0.5688559322 0.0826271186 0.1144067797
1 0.6567796610 0.5640889831 0.1038135593 0.1197033898
1 0.7595338983 0.5911016949 0.0911016949 0.0974576271
1 0.8501059322 0.5868644068 0.0942796610 0.0974576271
1 0.9475635593 0.6096398305 0.1048728814 0.0752118644
1 0.4067796610 0.6382415254 0.1864406780 0.0985169492
1 0.5741525424 0.6811440678 0.0932203390 0.1250000000
1 0.6689618644 0.6800847458 0.0985169492 0.1271186441
1 0.7621822034 0.6859110169 0.0900423729 0.0985169492
1 0.8511652542 0.6822033898 0.0942796610 0.0995762712
1 0.9475635593 0.6758474576 0.1048728814 0.0762711864
1 0.1393008475 0.7123940678 0.2065677966 0.1239406780
5 0.0540254237 0.8336864407 0.1038135593 0.0889830508
5 0.1620762712 0.8283898305 0.1038135593 0.0911016949
5 0.2452330508 0.8310381356 0.0688559322 0.0942796610
5 0.3998940678 0.8315677966 0.1536016949 0.0529661017
5 0.6059322034 0.7870762712 0.1419491525 0.0656779661
6 0.8193855932 0.7950211864 0.1853813559 0.1048728814
6 0.9713983051 0.8336864407 0.0572033898 0.1186440678
5 0.3993644068 0.8882415254 0.1525423729 0.0625000000
5 0.6038135593 0.8522245763 0.1377118644 0.0603813559
6 0.8146186441 0.8861228814 0.1800847458 0.0900423729
5 0.0730932203 0.9173728814 0.0529661017 0.0974576271
5 0.0296610169 0.9200211864 0.0402542373 0.0900423729
5 0.1583686441 0.9179025424 0.0942796610 0.1112288136
5 0.2621822034 0.9030720339 0.0497881356 0.0519067797
5 0.2473516949 0.9618644068 0.0858050847 0.0762711864
5 0.3998940678 0.9634533898 0.1536016949 0.0730932203
5 0.6069915254 0.9173728814 0.1419491525 0.0550847458
5 0.1567796610 0.9841101695 0.0932203390 0.0317796610
5 0.6059322034 0.9729872881 0.1419491525 0.0540254237
6 0.8199152542 0.9682203390 0.1991525424 0.0635593220
