7 0.9431239389 0.0067911715 0.1137521222 0.0135823430
7 0.5492359932 0.0067911715 0.1035653650 0.0135823430
7 0.6137521222 0.0466893039 0.1748726655 0.0933786078
4 0.2775891341 0.0653650255 0.3310696095 0.1307300509
7 0.6409168081 0.1324278438 0.2020373514 0.1052631579
7 0.8208828523 0.1010186757 0.1001697793 0.1748726655
7 0.9575551783 0.1230899830 0.0848896435 0.2427843803
0 0.0585738540 0.1757215620 0.1171477080 0.1680814941
4 0.2979626486 0.1655348048 0.2937181664 0.1544991511
7 0.6578947368 0.2147707980 0.1986417657 0.1001697793
0 0.0713073005 0.3217317487 0.1426146010 0.1375212224
4 0.3327674024 0.2631578947 0.2818336163 0.1392190153
7 0.6884550085 0.2945670628 0.2156196944 0.1035653650
0 0.9626485569 0.3098471986 0.0747028862 0.1714770798
0 0.1095076401 0.4592529711 0.2190152801 0.1680814941
6 0.3302207131 0.4134125637 0.1952461800 0.1952461800
4 0.7351443124 0.4176570458 0.2784380306 0.1663837012
0 0.9796264856 0.4702886248 0.0407470289 0.1460101868
0 0.7487266553 0.5560271647 0.2308998302 0.1918505942
0 0.9864176570 0.5636672326 0.0271646859 0.0611205433
0 0.1324278438 0.6086587436 0.2648556876 0.1646859083
1 0.4252971138 0.6001697793 0.2869269949 0.2190152801
0 0.9898132428 0.6324278438 0.0203735144 0.1001697793
6 0.1561969440 0.7606112054 0.2037351443 0.1494057725
1 0.3039049236 0.7198641766 0.0611205433 0.1324278438
1 0.4872665535 0.7733446520 0.2546689304 0.1884550085
7 0.7614601019 0.7028862479 0.1612903226 0.1494057725
1 0.8098471986 0.8106960951 0.1901528014 0.0933786078
1 0.8225806452 0.8726655348 0.1816638370 0.0882852292
1 0.3047538200 0.9168081494 0.3039049236 0.1663837012
1 0.5390492360 0.9100169779 0.2393887946 0.1799660441
1 0.8378607810 0.9295415959 0.1748726655 0.0899830221
1 0.8480475382 0.9694397284 0.1680814941 0.0611205433
1 0.5925297114 0.9923599321 0.2241086587 0.0152801358
