1 0.2180851064 0.0254137116 0.0768321513 0.0508274232
1 0.2966903073 0.0242316785 0.0874704492 0.0484633570
1 0.3817966903 0.0277777778 0.0756501182 0.0555555556
1 0.4562647754 0.0265957447 0.0780141844 0.0531914894
1 0.5342789598 0.0254137116 0.0780141844 0.0508274232
1 0.6122931442 0.0224586288 0.0827423168 0.0449172577
6 0.9072104019 0.0537825059 0.1122931442 0.1075650118
1 0.2222222222 0.0874704492 0.0780141844 0.0709219858
1 0.3037825059 0.0874704492 0.0851063830 0.0803782506
1 0.3829787234 0.0921985816 0.0732860520 0.0709219858
1 0.4586288416 0.0916075650 0.0780141844 0.0697399527
1 0.5366430260 0.0880614657 0.0803782506 0.0791962175
1 0.6122931442 0.0845153664 0.0803782506 0.0744680851
6 0.7163120567 0.0573286052 0.0827423168 0.1146572104
6 0.7960992908 0.0585106383 0.0815602837 0.1170212766
6 0.9757683215 0.0614657210 0.0484633570 0.1229314421
1 0.2387706856 0.1790780142 0.0851063830 0.0721040189
1 0.3262411348 0.1737588652 0.0851063830 0.0709219858
1 0.4178486998 0.1778959811 0.0886524823 0.0791962175
1 0.5106382979 0.1719858156 0.0921985816 0.0697399527
1 0.6046099291 0.1666666667 0.1004728132 0.0780141844
5 0.6956264775 0.2228132388 0.0579196217 0.1288416076
5 0.7482269504 0.2263593381 0.0543735225 0.1241134752
5 0.8043735225 0.2222222222 0.0579196217 0.1300236407
5 0.9237588652 0.1808510638 0.0862884161 0.0449172577
5 0.9249408983 0.2245862884 0.0933806147 0.0425531915
5 0.9864066194 0.2228132388 0.0271867612 0.0460992908
5 0.9875886525 0.1784869976 0.0248226950 0.0378250591
1 0.2405437352 0.2511820331 0.0886524823 0.0721040189
1 0.3244680851 0.2505910165 0.0862884161 0.0732860520
1 0.4184397163 0.2505910165 0.0898345154 0.0709219858
1 0.5106382979 0.2494089835 0.0921985816 0.0732860520
1 0.6046099291 0.2470449173 0.0981087470 0.0756501182
5 0.8540189125 0.2299054374 0.0437352246 0.1217494090
5 0.9237588652 0.2671394799 0.0933806147 0.0449172577
5 0.9846335697 0.2665484634 0.0307328605 0.0413711584
1 0.2340425532 0.3628841608 0.0803782506 0.0709219858
1 0.3197399527 0.3912529551 0.0839243499 0.1513002364
1 0.4007092199 0.3882978723 0.0756501182 0.1430260047
1 0.4793144208 0.3877068558 0.0791962175 0.1489361702
1 0.5591016548 0.3847517730 0.0827423168 0.1548463357
5 0.7452718676 0.3947990544 0.0957446809 0.1300236407
5 0.8374704492 0.3953900709 0.0839243499 0.1288416076
5 0.9131205674 0.3965721040 0.0744680851 0.1288416076
5 0.9739952719 0.3995271868 0.0520094563 0.1300236407
1 0.2405437352 0.4349881797 0.0768321513 0.0709219858
5 0.7718676123 0.5029550827 0.0449172577 0.0366430260
5 0.7104018913 0.5224586288 0.0732860520 0.0543735225
5 0.8451536643 0.5254137116 0.0874704492 0.0697399527
1 0.2411347518 0.5992907801 0.0945626478 0.1489361702
1 0.3280141844 0.6040189125 0.0910165485 0.1560283688
1 0.4225768322 0.6034278960 0.0910165485 0.1453900709
1 0.5153664303 0.5975177305 0.0945626478 0.1501182033
1 0.6046099291 0.6057919622 0.0862884161 0.1501182033
5 0.6973995272 0.5827423168 0.0661938534 0.0803782506
5 0.7754137116 0.5963356974 0.0851063830 0.0744680851
5 0.8617021277 0.5951536643 0.0851063830 0.0721040189
5 0.9391252955 0.6046099291 0.0910165485 0.0721040189
5 0.9403073286 0.5313238771 0.0981087470 0.0768321513
5 0.9929078014 0.6063829787 0.0141843972 0.0709219858
5 0.9964539007 0.5307328605 0.0070921986 0.0709219858
5 0.6944444444 0.6660756501 0.0673758865 0.0933806147
5 0.7695035461 0.6920803783 0.0756501182 0.0342789598
5 0.7695035461 0.6566193853 0.0803782506 0.0413711584
5 0.9680851064 0.6879432624 0.0638297872 0.0827423168
1 0.2553191489 0.7594562648 0.0945626478 0.1713947991
5 0.7015366430 0.7535460993 0.0673758865 0.0744680851
5 0.7830969267 0.7665484634 0.1052009456 0.0886524823
5 0.8894799054 0.7405437352 0.1028368794 0.1595744681
5 0.9674940898 0.7677304965 0.0650118203 0.0815602837
7 0.2665484634 0.9036643026 0.0910165485 0.0508274232
7 0.3599290780 0.9113475177 0.0910165485 0.0472813239
7 0.4651300236 0.9237588652 0.1052009456 0.0413711584
5 0.7050827423 0.8682033097 0.0862884161 0.1572104019
5 0.7925531915 0.8947990544 0.1028368794 0.1536643026
5 0.8900709220 0.8959810875 0.0969267139 0.1465721040
5 0.9663120567 0.8977541371 0.0673758865 0.1524822695
7 0.2630023641 0.9645390071 0.1122931442 0.0614657210
7 0.3670212766 0.9468085106 0.1028368794 0.0401891253
7 0.4686761229 0.9651300236 0.1052009456 0.0366430260
5 0.7033096927 0.9586288416 0.0685579196 0.0307328605
0 0.2955082742 0.9964539007 0.0851063830 0.0070921986
5 0.7109929078 0.9864066194 0.0933806147 0.0271867612
3 0.5626477541 0.9751773050 0.0898345154 0.0472813239
