7 0.0134529148 0.2701793722 0.0246636771 0.0291479821
7 0.0532511211 0.2679372197 0.0526905830 0.0336322870
7 0.1109865471 0.2948430493 0.0493273543 0.0336322870
8 0.6866591928 0.2589686099 0.0549327354 0.0672645740
8 0.7673766816 0.2584080717 0.0482062780 0.0706278027
8 0.8391255605 0.2578475336 0.0459641256 0.0717488789
1 0.8800448430 0.3318385650 0.0538116592 0.0426008969
2 0.6322869955 0.3570627803 0.0538116592 0.1042600897
2 0.6917040359 0.3873318386 0.0695067265 0.1513452915
1 0.7628923767 0.3581838565 0.0885650224 0.1020179372
1 0.8273542601 0.3923766816 0.0448430493 0.0493273543
1 0.8778026906 0.4204035874 0.0515695067 0.0448430493
1 0.8800448430 0.3766816143 0.0515695067 0.0403587444
1 0.8290358744 0.3374439462 0.0482062780 0.0560538117
1 0.6317264574 0.4355381166 0.0549327354 0.0571748879
1 0.8200672646 0.4417040359 0.0526905830 0.0493273543
1 0.7623318386 0.4366591928 0.0627802691 0.0571748879
1 0.6401345291 0.6126681614 0.0672645740 0.0594170404
1 0.6591928251 0.5246636771 0.0560538117 0.0986547085
1 0.7107623318 0.5403587444 0.0538116592 0.0695067265
1 0.7668161435 0.5409192825 0.0605381166 0.0683856502
1 0.8262331839 0.5426008969 0.0650224215 0.0717488789
1 0.8856502242 0.5442825112 0.0650224215 0.0728699552
1 0.6401345291 0.6659192825 0.0672645740 0.0515695067
1 0.7522421525 0.6524663677 0.0538116592 0.0695067265
1 0.7001121076 0.6395739910 0.0549327354 0.1020179372
1 0.8043721973 0.6496636771 0.0526905830 0.0616591928
1 0.8211883408 0.7029147982 0.0639013453 0.0448430493
1 0.8598654709 0.6524663677 0.0582959641 0.0627802691
1 0.8873318386 0.7051569507 0.0661434978 0.0448430493
1 0.6692825112 0.7791479821 0.0650224215 0.0269058296
3 0.6238789238 0.7825112108 0.0257847534 0.0336322870
3 0.6233183857 0.7488789238 0.0291479821 0.0336322870
1 0.7331838565 0.7791479821 0.0650224215 0.0246636771
1 0.7942825112 0.7634529148 0.0571748879 0.0538116592
1 0.8475336323 0.7640134529 0.0560538117 0.0571748879
1 0.9047085202 0.7662556054 0.0605381166 0.0571748879
3 0.6238789238 0.8161434978 0.0235426009 0.0358744395
1 0.6670403587 0.8161434978 0.0627802691 0.0515695067
1 0.7309417040 0.8150224215 0.0650224215 0.0493273543
1 0.7965246637 0.8167040359 0.0661434978 0.0549327354
1 0.8520179372 0.8167040359 0.0470852018 0.0504484305
1 0.9052690583 0.8239910314 0.0571748879 0.0582959641
1 0.6782511211 0.9075112108 0.1008968610 0.1020179372
1 0.7483183857 0.9103139013 0.0504484305 0.1031390135
1 0.7942825112 0.9125560538 0.0526905830 0.1008968610
1 0.8391255605 0.9125560538 0.0504484305 0.1008968610
1 0.8828475336 0.9147982063 0.0526905830 0.1031390135
1 0.9260089686 0.9153587444 0.0538116592 0.1042600897
1 0.6378923767 0.9770179372 0.0426008969 0.0459641256
1 0.7135650224 0.9781390135 0.1020179372 0.0437219731
1 0.8127802691 0.9798206278 0.1076233184 0.0403587444
1 0.8845291480 0.9815022422 0.0515695067 0.0369955157
1 0.9282511211 0.9831838565 0.0515695067 0.0336322870
