6 0.0590062112 0.0136645963 0.1180124224 0.0273291925
5 0.2596273292 0.0248447205 0.1614906832 0.0496894410
5 0.4993788820 0.0043478261 0.1788819876 0.0086956522
5 0.9813664596 0.0385093168 0.0372670807 0.0770186335
6 0.0577639752 0.0813664596 0.1155279503 0.1229813665
5 0.2571428571 0.0906832298 0.1664596273 0.0770186335
5 0.4987577640 0.0385093168 0.1801242236 0.0621118012
5 0.6801242236 0.0472049689 0.0807453416 0.0944099379
5 0.7776397516 0.0478260870 0.1217391304 0.0956521739
5 0.9043478261 0.0440993789 0.1217391304 0.0881987578
1 0.8043478261 0.1782608696 0.2422360248 0.1453416149
1 0.0124223602 0.2136645963 0.0248447205 0.1167701863
1 0.0739130435 0.2093167702 0.1055900621 0.1155279503
1 0.1832298137 0.2161490683 0.1155279503 0.1490683230
1 0.2944099379 0.2149068323 0.1093167702 0.1465838509
1 0.4906832298 0.2652173913 0.2186335404 0.1155279503
1 0.0130434783 0.3254658385 0.0260869565 0.1142857143
1 0.0770186335 0.3204968944 0.1068322981 0.1142857143
1 0.1975155280 0.3521739130 0.1217391304 0.1403726708
1 0.3043478261 0.3465838509 0.0968944099 0.1341614907
1 0.8043478261 0.3086956522 0.2372670807 0.1503105590
1 0.0813664596 0.4267080745 0.1031055901 0.1180124224
1 0.4962732919 0.3770186335 0.2198757764 0.1180124224
1 0.0173913043 0.4341614907 0.0347826087 0.1105590062
1 0.2018633540 0.4838509317 0.1180124224 0.1329192547
1 0.3074534161 0.4782608696 0.1006211180 0.1341614907
1 0.5043478261 0.4881987578 0.2186335404 0.1217391304
1 0.8204968944 0.4440993789 0.2447204969 0.1453416149
1 0.0161490683 0.5409937888 0.0322981366 0.1105590062
1 0.0850931677 0.5322981366 0.1080745342 0.1105590062
1 0.8242236025 0.5857142857 0.2472049689 0.1453416149
1 0.0130434783 0.6552795031 0.0260869565 0.1254658385
1 0.0819875776 0.6478260870 0.1316770186 0.1254658385
1 0.2024844720 0.6142857143 0.1142857143 0.1329192547
1 0.3080745342 0.6093167702 0.1068322981 0.1403726708
1 0.5062111801 0.6055900621 0.2248447205 0.1279503106
1 0.2043478261 0.7434782609 0.1130434783 0.1378881988
1 0.3099378882 0.7391304348 0.1105590062 0.1416149068
1 0.4720496894 0.7341614907 0.1118012422 0.1416149068
1 0.5763975155 0.7310559006 0.1093167702 0.1378881988
1 0.8236024845 0.7304347826 0.2409937888 0.1490683230
1 0.0136645963 0.7726708075 0.0273291925 0.1142857143
1 0.0875776398 0.7633540373 0.1229813665 0.1229813665
