1 0.0778097983 0.0043227666 0.1397694524 0.0086455331
4 0.0925792507 0.0601585014 0.1822766571 0.1159942363
4 0.4247118156 0.0226945245 0.2139769452 0.0453890490
4 0.4265129683 0.0932997118 0.2233429395 0.0914985591
4 0.8454610951 0.0273775216 0.3090778098 0.0547550432
4 0.0969020173 0.1469740634 0.1750720461 0.0778097983
4 0.4250720461 0.1811959654 0.2175792507 0.0958213256
5 0.8087175793 0.1152737752 0.2355907781 0.1426512968
4 0.0846541787 0.3299711816 0.1693083573 0.0907780980
4 0.0932997118 0.2373919308 0.1865994236 0.1044668588
4 0.4254322767 0.2658501441 0.2197406340 0.0907780980
5 0.8123198847 0.2489193084 0.2384726225 0.1448126801
6 0.0907780980 0.4153458213 0.1815561960 0.0914985591
6 0.0900576369 0.5046829971 0.1801152738 0.0929394813
6 0.0893371758 0.5961815562 0.1786743516 0.0886167147
5 0.4286743516 0.4841498559 0.2247838617 0.1282420749
0 0.7572046110 0.5115273775 0.1311239193 0.1354466859
0 0.8926512968 0.5172910663 0.1455331412 0.1383285303
0 0.0479106628 0.7056916427 0.0958213256 0.1361671470
0 0.4773054755 0.6113112392 0.1534582133 0.1505763689
0 0.7662103746 0.6473342939 0.1404899135 0.1448126801
0 0.9034582133 0.6498559078 0.1426512968 0.1397694524
0 0.0439481268 0.8487031700 0.0878962536 0.1541786744
0 0.4384005764 0.7445965418 0.2327089337 0.1491354467
0 0.7705331412 0.7867435159 0.1404899135 0.1412103746
0 0.9085014409 0.7881844380 0.1484149856 0.1469740634
0 0.4384005764 0.8713976945 0.2226224784 0.1577809798
0 0.8955331412 0.9265129683 0.1311239193 0.1340057637
0 0.0439481268 0.9625360231 0.0878962536 0.0749279539
0 0.1390489914 0.9819884726 0.1008645533 0.0360230548
0 0.4481268012 0.9592939481 0.2536023055 0.0814121037
0 0.7737752161 0.9906340058 0.1224783862 0.0187319885
0 0.8955331412 0.9942363112 0.1383285303 0.0115273775
