1 0.5535976505 0.1556534508 0.1292217327 0.1233480176
2 0.4390602056 0.1776798825 0.1262848752 0.2261380323
1 0.6718061674 0.1718061674 0.1395007342 0.1174743025
8 0.7723935389 0.2092511013 0.1027900147 0.1512481645
1 0.4544787078 0.3480176211 0.1218795888 0.1321585903
1 0.5565345081 0.3641703377 0.1086637298 0.1350954479
1 0.6409691630 0.3854625551 0.0925110132 0.1571218796
1 0.7129221733 0.3861967695 0.1013215859 0.1174743025
1 0.7716593245 0.4052863436 0.0925110132 0.1556534508
1 0.8421439060 0.4082232012 0.1071953010 0.1321585903
1 0.4632892805 0.6321585903 0.1130690162 0.1512481645
1 0.5506607930 0.6328928047 0.0969162996 0.1497797357
1 0.6350954479 0.6108663730 0.0983847283 0.0851688693
1 0.7386196769 0.6123348018 0.0998531571 0.0792951542
1 0.8289280470 0.6189427313 0.0895741557 0.0748898678
1 0.6284875184 0.7180616740 0.0822320117 0.0881057269
1 0.7107195301 0.7151248164 0.0881057269 0.0763582966
1 0.8046989721 0.7151248164 0.0881057269 0.0704845815
1 0.4654919236 0.8972099853 0.1027900147 0.1086637298
1 0.4691629956 0.8032305433 0.0925110132 0.0881057269
1 0.5638766520 0.8039647577 0.0910425844 0.0866372981
1 0.5653450808 0.8913362702 0.0939794420 0.0910425844
1 0.6497797357 0.8069016153 0.0925110132 0.0866372981
1 0.6593245228 0.8891336270 0.0910425844 0.0895741557
1 0.7342143906 0.8039647577 0.0851688693 0.0807635830
1 0.7400881057 0.8817914831 0.0822320117 0.0954478708
1 0.8149779736 0.8531571219 0.0763582966 0.1850220264
1 0.8913362702 0.8024963289 0.0969162996 0.0690161527
1 0.8986784141 0.8751835536 0.0939794420 0.0792951542
3 0.8054331865 0.9867841410 0.0719530103 0.0264317181
3 0.8546255507 0.9867841410 0.0704845815 0.0264317181
3 0.9471365639 0.9867841410 0.0587371512 0.0264317181
3 0.9001468429 0.9853157122 0.0587371512 0.0293685756
1 0.4882525698 0.9889867841 0.0837004405 0.0220264317
1 0.5594713656 0.9867841410 0.0792951542 0.0264317181
1 0.6857562408 0.9845814978 0.0734214391 0.0308370044
1 0.6218795888 0.9867841410 0.0778267254 0.0264317181
1 0.7525697504 0.9831130690 0.0778267254 0.0337738620
