1 0.6617486339 0.0868852459 0.0775956284 0.0775956284
2 0.5486338798 0.1606557377 0.1333333333 0.0786885246
2 0.5486338798 0.1229508197 0.1311475410 0.0797814208
1 0.6655737705 0.1371584699 0.0808743169 0.0797814208
1 0.3803278689 0.2535519126 0.1005464481 0.0590163934
2 0.5245901639 0.2245901639 0.0874316940 0.0863387978
2 0.5284153005 0.2732240437 0.0950819672 0.0655737705
1 0.6715846995 0.1918032787 0.0885245902 0.0885245902
1 0.3748633880 0.3120218579 0.1005464481 0.0535519126
1 0.3792349727 0.2836065574 0.1027322404 0.0513661202
1 0.3759562842 0.3453551913 0.1005464481 0.0546448087
2 0.6060109290 0.2907103825 0.0448087432 0.0502732240
1 0.6765027322 0.2814207650 0.0874316940 0.0841530055
1 0.6841530055 0.3546448087 0.0918032787 0.0950819672
1 0.3672131148 0.4087431694 0.1092896175 0.0437158470
1 0.3644808743 0.4464480874 0.1103825137 0.0535519126
1 0.3699453552 0.3808743169 0.1060109290 0.0601092896
1 0.5218579235 0.4666666667 0.0469945355 0.0590163934
1 0.7240437158 0.4453551913 0.0601092896 0.0491803279
1 0.6666666667 0.4393442623 0.0590163934 0.0546448087
1 0.3387978142 0.4989071038 0.0830601093 0.0622950820
1 0.3333333333 0.5524590164 0.0808743169 0.0622950820
1 0.4005464481 0.5469945355 0.0535519126 0.0644808743
1 0.4043715847 0.4890710383 0.0524590164 0.0535519126
1 0.4748633880 0.4754098361 0.0469945355 0.0590163934
1 0.4765027322 0.5316939891 0.0459016393 0.0622950820
1 0.5240437158 0.5240437158 0.0513661202 0.0601092896
1 0.5814207650 0.4770491803 0.0502732240 0.0601092896
1 0.5836065574 0.5360655738 0.0546448087 0.0535519126
1 0.6688524590 0.5426229508 0.0546448087 0.0644808743
1 0.7251366120 0.4825136612 0.0579234973 0.0360655738
1 0.7251366120 0.5245901639 0.0622950820 0.0612021858
1 0.6677595628 0.4846994536 0.0568306011 0.0579234973
1 0.3032786885 0.6153005464 0.0404371585 0.0546448087
1 0.3306010929 0.6092896175 0.0885245902 0.0601092896
1 0.4027322404 0.6109289617 0.0535519126 0.0633879781
1 0.5032786885 0.5857923497 0.0950819672 0.0699453552
1 0.5081967213 0.6366120219 0.1027322404 0.0622950820
1 0.5857923497 0.6431693989 0.0524590164 0.0688524590
1 0.5808743169 0.5868852459 0.0513661202 0.0568306011
1 0.6721311475 0.5983606557 0.0612021858 0.0644808743
1 0.7327868852 0.5874316940 0.0666666667 0.0666666667
1 0.2972677596 0.6683060109 0.0459016393 0.0622950820
1 0.2874316940 0.7295081967 0.0480874317 0.0622950820
1 0.3431693989 0.6595628415 0.0480874317 0.0579234973
1 0.3289617486 0.7245901639 0.0524590164 0.0677595628
1 0.4005464481 0.7377049180 0.0426229508 0.0677595628
1 0.4027322404 0.6710382514 0.0404371585 0.0590163934
1 0.4803278689 0.6901639344 0.0448087432 0.0535519126
1 0.5032786885 0.7426229508 0.0972677596 0.0688524590
1 0.5322404372 0.6874316940 0.0677595628 0.0590163934
1 0.5972677596 0.7224043716 0.0535519126 0.0633879781
1 0.6874316940 0.7404371585 0.0633879781 0.0754098361
1 0.6765027322 0.6628415301 0.0633879781 0.0775956284
1 0.7497267760 0.7311475410 0.0699453552 0.0721311475
1 0.7404371585 0.6579234973 0.0666666667 0.0808743169
1 0.2819672131 0.7972677596 0.0480874317 0.0688524590
1 0.3486338798 0.7961748634 0.0459016393 0.0688524590
1 0.4038251366 0.8060109290 0.0579234973 0.0732240437
1 0.4786885246 0.8114754098 0.0590163934 0.0754098361
1 0.5262295082 0.8010928962 0.0535519126 0.0677595628
1 0.5978142077 0.7808743169 0.0546448087 0.0644808743
1 0.6939890710 0.8174863388 0.0633879781 0.0874316940
1 0.7628415301 0.8103825137 0.0786885246 0.0841530055
1 0.2743169399 0.9273224044 0.0677595628 0.0732240437
1 0.2814207650 0.8628415301 0.0491803279 0.0644808743
1 0.3333333333 0.9338797814 0.0655737705 0.0754098361
1 0.3404371585 0.8633879781 0.0622950820 0.0677595628
1 0.3989071038 0.8754098361 0.0568306011 0.0721311475
1 0.5131147541 0.8814207650 0.1038251366 0.0775956284
1 0.5994535519 0.8453551913 0.0557377049 0.0710382514
1 0.6092896175 0.9169398907 0.0601092896 0.0765027322
1 0.6956284153 0.9021857923 0.0732240437 0.0863387978
1 0.7683060109 0.8983606557 0.0765027322 0.0939890710
1 0.2677595628 0.9797814208 0.0721311475 0.0404371585
1 0.3218579235 0.9830601093 0.0622950820 0.0338797814
1 0.4644808743 0.9557377049 0.0852459016 0.0775956284
1 0.5377049180 0.9562841530 0.0677595628 0.0721311475
1 0.6103825137 0.9781420765 0.0666666667 0.0437158470
1 0.7027322404 0.9737704918 0.0765027322 0.0524590164
1 0.7759562842 0.9737704918 0.0786885246 0.0524590164
