1 0.2302709069 0.3115429918 0.2508833922 0.1283863369
1 0.6678445230 0.2732626620 0.1837455830 0.0800942285
1 0.9022379270 0.3180212014 0.1955241461 0.1719670200
1 0.0282685512 0.3392226148 0.0565371025 0.0683156655
1 0.4628975265 0.3303886926 0.1978798587 0.1354534747
1 0.6713780919 0.3433451119 0.1813898704 0.0742049470
1 0.0553592462 0.4275618375 0.1107184923 0.0824499411
1 0.2585394582 0.4240282686 0.2296819788 0.1060070671
1 0.4299175501 0.4428739694 0.0989399293 0.0918727915
1 0.5253239105 0.4440518257 0.0918727915 0.0871613663
1 0.6731448763 0.4157832744 0.1731448763 0.0659599529
1 0.0871613663 0.5447585395 0.1743227326 0.1236749117
1 0.2944640754 0.5159010601 0.2025912839 0.0942285041
1 0.4499411072 0.5259128386 0.0895170789 0.0812720848
1 0.5359246172 0.5270906949 0.0965842167 0.0789163722
1 0.6707891637 0.4858657244 0.1542991755 0.0742049470
1 0.6749116608 0.5506478210 0.1601884570 0.0624263840
1 0.8969375736 0.4770318021 0.1990577150 0.1507656066
1 0.3203769140 0.5948174323 0.2002355713 0.0824499411
1 0.4640753828 0.6024734982 0.0848056537 0.0718492344
1 0.5453474676 0.6042402827 0.0942285041 0.0777385159
1 0.6778563015 0.6189634865 0.1590106007 0.0553592462
1 0.8816254417 0.6060070671 0.1755005889 0.1283863369
4 0.1260306243 0.7008244994 0.1719670200 0.0494699647
4 0.0901060071 0.6419316843 0.1778563015 0.0848056537
1 0.3356890459 0.6625441696 0.1743227326 0.0506478210
1 0.4705535925 0.6760895171 0.0859835100 0.0848056537
1 0.5524146054 0.6784452297 0.0989399293 0.0800942285
1 0.6796230860 0.6672555948 0.1484098940 0.0459363958
4 0.1431095406 0.7473498233 0.1354534747 0.0341578327
7 0.3321554770 0.7697290931 0.0753828033 0.0223792697
1 0.3521790342 0.7049469965 0.1625441696 0.0506478210
1 0.4835100118 0.7514723204 0.0836277974 0.0683156655
7 0.3939929329 0.7656065960 0.0482921084 0.0141342756
1 0.5665488810 0.7485276796 0.0895170789 0.0577149588
1 0.6861012956 0.7579505300 0.1425206125 0.0435806832
1 0.6843345112 0.7167255595 0.1484098940 0.0530035336
1 0.8557126031 0.7102473498 0.1307420495 0.0824499411
0 0.9846878681 0.7614840989 0.0306242638 0.0742049470
4 0.1778563015 0.8327444052 0.1272084806 0.0400471143
4 0.1578327444 0.7879858657 0.1272084806 0.0541813899
7 0.3686690224 0.7974087161 0.0353356890 0.0447585395
7 0.3939929329 0.8286219081 0.0694935218 0.0318021201
1 0.5700824499 0.8127208481 0.0824499411 0.0471142521
1 0.4976442874 0.8080094229 0.0694935218 0.0471142521
1 0.6872791519 0.8321554770 0.1354534747 0.0435806832
1 0.6878680801 0.7950530035 0.1389870436 0.0424028269
7 0.8527679623 0.7815076561 0.1342756184 0.0624263840
4 0.1914016490 0.8669022379 0.1236749117 0.0353356890
1 0.5777385159 0.8610129564 0.0765606596 0.0494699647
1 0.5058892815 0.8586572438 0.0694935218 0.0447585395
1 0.6908127208 0.8716136631 0.1283863369 0.0400471143
7 0.8515901060 0.8851590106 0.1319199058 0.0859835100
7 0.9699646643 0.8945818610 0.0600706714 0.0789163722
