1 0.3759562842 0.0524590164 0.1595628415 0.1049180328
1 0.5234972678 0.0557377049 0.1398907104 0.1114754098
1 0.6431693989 0.0573770492 0.1191256831 0.1147540984
1 0.7398907104 0.0590163934 0.0765027322 0.1180327869
7 0.8060109290 0.0612021858 0.0579234973 0.1224043716
7 0.9021857923 0.0612021858 0.0797814208 0.1224043716
1 0.8185792350 0.2131147541 0.0393442623 0.1289617486
1 0.8896174863 0.2103825137 0.0371584699 0.1191256831
1 0.3344262295 0.2316939891 0.0743169399 0.1704918033
1 0.3994535519 0.2284153005 0.0688524590 0.1683060109
1 0.4666666667 0.2267759563 0.0612021858 0.1606557377
1 0.5316939891 0.2289617486 0.0688524590 0.1431693989
1 0.5918032787 0.2251366120 0.0579234973 0.1486338798
1 0.6551912568 0.2224043716 0.0513661202 0.1475409836
1 0.7000000000 0.2207650273 0.0426229508 0.1377049180
1 0.7841530055 0.2147540984 0.0404371585 0.1322404372
1 0.7459016393 0.2163934426 0.0491803279 0.1377049180
1 0.8530054645 0.2136612022 0.0404371585 0.1256830601
1 0.4928961749 0.3639344262 0.0808743169 0.0852459016
1 0.5699453552 0.3540983607 0.0732240437 0.0896174863
1 0.6415300546 0.3453551913 0.0721311475 0.0874316940
1 0.7103825137 0.3387978142 0.0743169399 0.0918032787
1 0.3874316940 0.4218579235 0.1256830601 0.1836065574
1 0.4918032787 0.4524590164 0.0852459016 0.0918032787
1 0.5688524590 0.4338797814 0.0754098361 0.0830601093
1 0.6398907104 0.4207650273 0.0666666667 0.0786885246
1 0.7081967213 0.4147540984 0.0786885246 0.0797814208
1 0.7781420765 0.4027322404 0.0633879781 0.0775956284
7 0.7912568306 0.4857923497 0.0131147541 0.0448087432
7 0.8497267760 0.4857923497 0.0295081967 0.0644808743
1 0.5595628415 0.5781420765 0.0874316940 0.1879781421
1 0.6327868852 0.5540983607 0.0765027322 0.1857923497
1 0.6956284153 0.5398907104 0.0469945355 0.1617486339
1 0.7349726776 0.5245901639 0.0469945355 0.1508196721
7 0.7950819672 0.5431693989 0.0207650273 0.0699453552
7 0.8207650273 0.5092896175 0.0415300546 0.0327868852
1 0.3699453552 0.6377049180 0.1191256831 0.2327868852
1 0.4743169399 0.6114754098 0.0983606557 0.2131147541
4 0.8852459016 0.6737704918 0.0327868852 0.1147540984
4 0.7311475410 0.7344262295 0.0459016393 0.1595628415
4 0.6765027322 0.7677595628 0.0786885246 0.1650273224
4 0.7743169399 0.7185792350 0.0316939891 0.1256830601
4 0.8535519126 0.6863387978 0.0371584699 0.1180327869
4 0.8120218579 0.7049180328 0.0502732240 0.1180327869
1 0.4775956284 0.8535519126 0.0765027322 0.2098360656
1 0.5863387978 0.7950819672 0.1147540984 0.2109289617
1 0.3956284153 0.8852459016 0.0633879781 0.1726775956
1 0.7754098361 0.3262295082 0.0535519126 0.0819672131
1 0.8349726776 0.3224043716 0.0437158470 0.0765027322
1 0.8797814208 0.3153005464 0.0459016393 0.0710382514
1 0.8775956284 0.3819672131 0.0415300546 0.0644808743
1 0.8306010929 0.3896174863 0.0437158470 0.0644808743
8 0.5387978142 0.9546448087 0.1311475410 0.0907103825
8 0.4486338798 0.9754098361 0.1016393443 0.0491803279
