1 0.0287958115 0.1982984293 0.0575916230 0.0824607330
1 0.0281413613 0.2643979058 0.0562827225 0.0785340314
1 0.1891361257 0.2297120419 0.1688481675 0.1112565445
1 0.3939790576 0.2467277487 0.1544502618 0.1138743455
1 0.5772251309 0.2552356021 0.1256544503 0.0811518325
1 0.7598167539 0.2768324607 0.1583769634 0.0719895288
7 0.9430628272 0.2735602094 0.1138743455 0.0680628272
1 0.0261780105 0.3278795812 0.0523560209 0.0772251309
1 0.1812827225 0.3304973822 0.1714659686 0.1138743455
1 0.3913612565 0.3442408377 0.1544502618 0.1125654450
1 0.5726439791 0.3291884817 0.1217277487 0.0824607330
1 0.7558900524 0.3540575916 0.1557591623 0.0746073298
7 0.9404450262 0.3298429319 0.1191099476 0.0654450262
1 0.0255235602 0.3946335079 0.0510471204 0.0746073298
1 0.1806282723 0.4319371728 0.1727748691 0.0994764398
1 0.3900523560 0.4384816754 0.1518324607 0.0968586387
1 0.5706806283 0.4031413613 0.1230366492 0.0863874346
1 0.7526178010 0.4299738220 0.1544502618 0.0746073298
7 0.9371727749 0.4247382199 0.1256544503 0.1426701571
1 0.0235602094 0.5261780105 0.0471204188 0.0732984293
1 0.0248691099 0.4607329843 0.0497382199 0.0759162304
1 0.1819371728 0.5170157068 0.1649214660 0.0968586387
1 0.3887434555 0.5229057592 0.1465968586 0.0929319372
1 0.5680628272 0.4829842932 0.1230366492 0.0759162304
1 0.7486910995 0.5032722513 0.1544502618 0.0667539267
1 0.0229057592 0.5909685864 0.0458115183 0.0719895288
1 0.2185863874 0.6073298429 0.0811518325 0.0890052356
1 0.3802356021 0.6119109948 0.1505235602 0.0876963351
1 0.5634816754 0.5575916230 0.1217277487 0.0732984293
1 0.7467277487 0.5778795812 0.1557591623 0.0746073298
7 0.9339005236 0.5575916230 0.1321989529 0.1387434555
1 0.0222513089 0.6570680628 0.0445026178 0.0706806283
1 0.2133507853 0.6982984293 0.0863874346 0.0903141361
1 0.4168848168 0.7009162304 0.0772251309 0.0824607330
1 0.3376963351 0.6982984293 0.0785340314 0.0850785340
1 0.5242146597 0.6472513089 0.0536649215 0.1007853403
1 0.5883507853 0.6472513089 0.0693717277 0.1034031414
1 0.7434554974 0.6551047120 0.1492146597 0.0719895288
3 0.9712041885 0.6531413613 0.0471204188 0.0549738220
3 0.9227748691 0.7002617801 0.0497382199 0.0497382199
3 0.9698952880 0.7015706806 0.0445026178 0.0471204188
3 0.9267015707 0.6498691099 0.0471204188 0.0562827225
1 0.0209424084 0.7218586387 0.0418848168 0.0667539267
1 0.0202879581 0.7879581152 0.0405759162 0.0654450262
1 0.2081151832 0.7879581152 0.0863874346 0.0916230366
1 0.3350785340 0.7833769634 0.0785340314 0.0850785340
1 0.5215968586 0.7493455497 0.0510471204 0.0981675393
1 0.5837696335 0.7532722513 0.0680628272 0.1034031414
1 0.7434554974 0.7571989529 0.1492146597 0.1295811518
3 0.9397905759 0.7460732984 0.1020942408 0.0523560209
1 0.0183246073 0.8560209424 0.0366492147 0.0706806283
1 0.3337696335 0.8697643979 0.0811518325 0.0929319372
1 0.4162303665 0.7912303665 0.0732984293 0.0798429319
1 0.5176701571 0.8540575916 0.0536649215 0.0929319372
1 0.5798429319 0.8553664921 0.0732984293 0.0955497382
1 0.0170157068 0.9221204188 0.0340314136 0.0667539267
1 0.2028795812 0.8789267016 0.0942408377 0.0903141361
1 0.4129581152 0.8750000000 0.0772251309 0.0824607330
1 0.5163612565 0.9476439791 0.0589005236 0.0916230366
1 0.5785340314 0.9522251309 0.0706806283 0.0955497382
1 0.7362565445 0.8913612565 0.1479057592 0.1335078534
8 0.9234293194 0.8782722513 0.1269633508 0.2094240838
1 0.0157068063 0.9764397906 0.0314136126 0.0471204188
1 0.2022251309 0.9620418848 0.0876963351 0.0759162304
1 0.3278795812 0.9587696335 0.0772251309 0.0824607330
1 0.4070680628 0.9574607330 0.0759162304 0.0850785340
1 0.7257853403 0.9784031414 0.1479057592 0.0431937173
8 0.9162303665 0.9921465969 0.1256544503 0.0157068063
