5 0.5500000000 0.0787878788 0.0666666667 0.0727272727
5 0.4992424242 0.0810606061 0.0469696970 0.0772727273
5 0.7287878788 0.0681818182 0.1090909091 0.0848484848
7 0.2106060606 0.1666666667 0.0393939394 0.0939393939
7 0.4560606061 0.1378787879 0.0636363636 0.0606060606
5 0.7189393939 0.1416666667 0.0984848485 0.0803030303
5 0.9174242424 0.0848484848 0.1590909091 0.0818181818
7 0.4136363636 0.1901515152 0.0515151515 0.0590909091
1 0.1931818182 0.5674242424 0.2196969697 0.1287878788
1 0.9325757576 0.5227272727 0.1348484848 0.0606060606
1 0.4090909091 0.6462121212 0.0878787879 0.1015151515
1 0.4787878788 0.6431818182 0.1000000000 0.0954545455
1 0.6598484848 0.6363636364 0.1075757576 0.0878787879
1 0.8045454545 0.6643939394 0.0787878788 0.0924242424
1 0.9310606061 0.5780303030 0.1378787879 0.0803030303
1 0.9295454545 0.6492424242 0.1409090909 0.0803030303
1 0.1446969697 0.6719696970 0.2227272727 0.1136363636
1 0.1348484848 0.7590909091 0.1727272727 0.0969696970
1 0.4371212121 0.7462121212 0.1803030303 0.1136363636
1 0.6545454545 0.7371212121 0.1121212121 0.1136363636
1 0.9287878788 0.7280303030 0.1424242424 0.0924242424
1 0.1181818182 0.8522727273 0.1515151515 0.0954545455
1 0.4295454545 0.8522727273 0.1651515152 0.1075757576
1 0.7931818182 0.7651515152 0.0954545455 0.1151515152
1 0.9090909091 0.8257575758 0.1060606061 0.1212121212
1 0.9863636364 0.8371212121 0.0272727273 0.1196969697
1 0.6484848485 0.8598484848 0.1151515152 0.1287878788
1 0.7833333333 0.8659090909 0.0696969697 0.0893939394
2 0.1265151515 0.9553030303 0.2196969697 0.0893939394
1 0.4234848485 0.9553030303 0.1833333333 0.0893939394
1 0.6484848485 0.9606060606 0.1181818182 0.0787878788
1 0.7681818182 0.9530303030 0.0969696970 0.0939393939
1 0.9030303030 0.9469696970 0.0969696970 0.1060606061
1 0.9780303030 0.9462121212 0.0439393939 0.1075757576
