1 0.4910714286 0.0309873950 0.0766806723 0.0619747899
1 0.5609243697 0.0246848739 0.0651260504 0.0493697479
1 0.6260504202 0.0210084034 0.0693277311 0.0420168067
7 0.6922268908 0.0131302521 0.0525210084 0.0262605042
1 0.4191176471 0.0383403361 0.0777310924 0.0766806723
7 0.7605042017 0.1123949580 0.0777310924 0.0903361345
6 0.8576680672 0.1087184874 0.1207983193 0.0976890756
6 0.9579831933 0.0908613445 0.0840336134 0.0913865546
1 0.4164915966 0.1517857143 0.0808823529 0.0871848739
1 0.4852941176 0.1460084034 0.0651260504 0.0861344538
1 0.5525210084 0.1349789916 0.0735294118 0.0955882353
7 0.6192226891 0.1250000000 0.0661764706 0.0735294118
7 0.6869747899 0.1176470588 0.0756302521 0.0840336134
1 0.3981092437 0.2626050420 0.0672268908 0.0546218487
1 0.4653361345 0.2599789916 0.0756302521 0.0619747899
1 0.5477941176 0.2515756303 0.0808823529 0.0619747899
1 0.6307773109 0.2447478992 0.0955882353 0.0609243697
1 0.7268907563 0.2400210084 0.1050420168 0.0682773109
5 0.8335084034 0.2657563025 0.1144957983 0.1407563025
5 0.9259453782 0.2599789916 0.1060924370 0.1418067227
6 0.9826680672 0.2316176471 0.0346638655 0.0934873950
1 0.3865546218 0.3177521008 0.0714285714 0.0598739496
1 0.4611344538 0.3167016807 0.0756302521 0.0598739496
1 0.5430672269 0.3151260504 0.0819327731 0.0735294118
1 0.6292016807 0.3098739496 0.1008403361 0.0798319328
1 0.7300420168 0.3082983193 0.1071428571 0.0850840336
6 0.9858193277 0.3067226891 0.0283613445 0.0756302521
1 0.3834033613 0.4338235294 0.0714285714 0.0735294118
1 0.4579831933 0.4353991597 0.0756302521 0.0766806723
1 0.5425420168 0.4353991597 0.0913865546 0.0808823529
1 0.6370798319 0.4332983193 0.0997899160 0.0829831933
5 0.7510504202 0.4632352941 0.1218487395 0.1449579832
5 0.8576680672 0.4595588235 0.1102941176 0.1439075630
5 0.9495798319 0.4606092437 0.1008403361 0.1502100840
1 0.3476890756 0.5887605042 0.0714285714 0.0829831933
1 0.4201680672 0.5924369748 0.0756302521 0.0798319328
1 0.5047268908 0.5945378151 0.0808823529 0.0840336134
6 0.5877100840 0.6439075630 0.0787815126 0.1617647059
6 0.6638655462 0.6491596639 0.0798319328 0.1659663866
5 0.7626050420 0.6102941176 0.1197478992 0.0840336134
5 0.8792016807 0.6160714286 0.1050420168 0.0871848739
5 0.9632352941 0.6213235294 0.0735294118 0.0913865546
5 0.7699579832 0.6901260504 0.1323529412 0.1050420168
1 0.3256302521 0.7631302521 0.0798319328 0.0871848739
1 0.3996848739 0.7746848739 0.0724789916 0.0871848739
1 0.4742647059 0.7857142857 0.0808823529 0.0945378151
6 0.5551470588 0.8004201681 0.0829831933 0.1071428571
6 0.6402310924 0.8046218487 0.0871848739 0.0945378151
6 0.7263655462 0.8140756303 0.0871848739 0.0924369748
5 0.8392857143 0.8303571429 0.1239495798 0.1060924370
6 0.6418067227 0.8918067227 0.0882352941 0.0945378151
6 0.7289915966 0.9012605042 0.0882352941 0.0966386555
5 0.8371848739 0.9180672269 0.1197478992 0.1071428571
5 0.9459033613 0.8382352941 0.1081932773 0.1113445378
