1 0.9007782101 0.0389105058 0.1984435798 0.0778210117
1 0.0719844358 0.0924124514 0.1439688716 0.1848249027
1 0.2334630350 0.0749027237 0.1906614786 0.1498054475
1 0.4396887160 0.0690661479 0.2412451362 0.1381322957
1 0.6867704280 0.0564202335 0.2996108949 0.1128404669
1 0.1040856031 0.3326848249 0.0525291829 0.2140077821
1 0.0340466926 0.3307392996 0.0680933852 0.2140077821
1 0.1575875486 0.3278210117 0.0661478599 0.2237354086
1 0.2285992218 0.3258754864 0.0875486381 0.2354085603
1 0.2986381323 0.3190661479 0.0680933852 0.2451361868
1 0.3618677043 0.3083657588 0.0700389105 0.2626459144
1 0.4873540856 0.3054474708 0.1070038911 0.2801556420
1 0.5972762646 0.2957198444 0.1284046693 0.2957198444
1 0.7227626459 0.2908560311 0.1420233463 0.3054474708
1 0.8501945525 0.2821011673 0.1673151751 0.3268482490
1 0.9542801556 0.2772373541 0.0914396887 0.3365758755
1 0.0856031128 0.5447470817 0.0583657588 0.2178988327
1 0.0291828794 0.5398832685 0.0583657588 0.2159533074
1 0.1488326848 0.5466926070 0.0719844358 0.2140077821
1 0.2169260700 0.5505836576 0.0758754864 0.2256809339
1 0.3501945525 0.5593385214 0.0739299611 0.2354085603
1 0.2898832685 0.5573929961 0.0700389105 0.2315175097
1 0.4815175097 0.5700389105 0.1186770428 0.2645914397
1 0.5846303502 0.5758754864 0.1225680934 0.2723735409
1 0.7071984436 0.5807392996 0.1459143969 0.2821011673
1 0.8404669261 0.5856031128 0.1556420233 0.2957198444
1 0.9435797665 0.5914396887 0.1128404669 0.3035019455
1 0.7879377432 0.9153696498 0.1128404669 0.1108949416
1 0.0573929961 0.9513618677 0.0914396887 0.0972762646
1 0.1332684825 0.9630350195 0.0758754864 0.0739299611
1 0.2130350195 0.9698443580 0.0914396887 0.0603112840
1 0.3404669261 0.9669260700 0.0700389105 0.0661478599
1 0.6566147860 0.9377431907 0.1147859922 0.1206225681
