0 0.0530726257 0.0218808194 0.0959031657 0.0437616387
0 0.1422253259 0.0214152700 0.0907821229 0.0428305400
0 0.3568435754 0.0363128492 0.1503724395 0.0726256983
0 0.6147579143 0.0034916201 0.0628491620 0.0069832402
0 0.7653631285 0.0258379888 0.1163873371 0.0516759777
0 0.9851024209 0.0067504655 0.0297951583 0.0135009311
0 0.0563314711 0.0856610801 0.0921787709 0.0903165736
0 0.1450186220 0.0872905028 0.0907821229 0.0935754190
0 0.3317039106 0.1105679702 0.0991620112 0.0972998138
0 0.6105679702 0.0495810056 0.0647113594 0.0879888268
0 0.8028398510 0.0900837989 0.0516759777 0.0861266294
0 0.7481378026 0.0865921788 0.0670391061 0.0847299814
7 0.9867318436 0.1149906890 0.0265363128 0.0586592179
0 0.9848696462 0.0463221601 0.0302607076 0.0842644320
0 0.0633147114 0.1713221601 0.0940409683 0.0893854749
0 0.1508379888 0.1750465549 0.0847299814 0.0875232775
5 0.3631284916 0.1927374302 0.1452513966 0.0828677840
6 0.5849627561 0.1203445065 0.1205772812 0.0572625698
6 0.5833333333 0.1794692737 0.1191806331 0.0600558659
0 0.7378957169 0.1668994413 0.0707635009 0.0814711359
0 0.7963221601 0.1694599628 0.0572625698 0.0810055866
7 0.9203910615 0.1201117318 0.0810055866 0.0716945996
7 0.9175977654 0.1727188082 0.0782122905 0.0679702048
7 0.9851024209 0.1687616387 0.0297951583 0.0572625698
6 0.5824022346 0.2371973929 0.1191806331 0.0591247672
7 0.7683891993 0.2327746741 0.1103351955 0.0549348231
7 0.9145716946 0.2246275605 0.0758845438 0.0637802607
7 0.9827746741 0.2737430168 0.0344506518 0.0567970205
7 0.9844040968 0.2192737430 0.0311918063 0.0567970205
5 0.1152234637 0.3449720670 0.1540968343 0.0931098696
4 0.3652234637 0.3337988827 0.1419925512 0.0586592179
4 0.5858938547 0.2923649907 0.1103351955 0.0586592179
4 0.5803072626 0.3521880819 0.1215083799 0.0675046555
7 0.7679236499 0.2858472998 0.1075418994 0.0558659218
7 0.7665270019 0.3391527002 0.1028864060 0.0535381750
7 0.9120111732 0.3286778399 0.0782122905 0.0549348231
7 0.9129422719 0.2749068901 0.0763500931 0.0591247672
7 0.9825418994 0.3270484171 0.0349162011 0.0581936685
5 0.1175512104 0.4313314711 0.1522346369 0.0926443203
4 0.3654562384 0.3885009311 0.1405959032 0.0619180633
4 0.5775139665 0.4106145251 0.1131284916 0.0502793296
7 0.7662942272 0.3898975791 0.1061452514 0.0554003724
7 0.9103817505 0.3810521415 0.0768156425 0.0581936685
7 0.9089851024 0.4310986965 0.0730912477 0.0633147114
7 0.9823091248 0.4301675978 0.0353817505 0.0577281192
7 0.9816108007 0.3780260708 0.0367783985 0.0567970205
4 0.0968342644 0.5081471136 0.1936685289 0.0758845438
4 0.3656890130 0.5006983240 0.1382681564 0.0488826816
4 0.3645251397 0.4452979516 0.1443202980 0.0591247672
4 0.5803072626 0.4669459963 0.1177839851 0.0744878957
7 0.7625698324 0.4909217877 0.1070763501 0.0563314711
7 0.7625698324 0.4411080074 0.1052141527 0.0535381750
1 0.9820763501 0.4813780261 0.0358472998 0.0567970205
4 0.1114990689 0.5730912477 0.1745810056 0.0772811918
7 0.3673184358 0.5549348231 0.1350093110 0.0661080074
1 0.5898510242 0.5498137803 0.0903165736 0.0996275605
7 0.7611731844 0.5398044693 0.1052141527 0.0591247672
1 0.7611731844 0.5917132216 0.1014897579 0.0605214153
1 0.9816108007 0.5311918063 0.0367783985 0.0586592179
1 0.9806797020 0.5805400372 0.0386405959 0.0605214153
7 0.1208100559 0.6394320298 0.1503724395 0.0777467412
7 0.3668528864 0.6166201117 0.1312849162 0.0665735568
1 0.5775139665 0.6263966480 0.1131284916 0.0656424581
1 0.7607076350 0.6429236499 0.0977653631 0.0586592179
1 0.9774208566 0.6315176909 0.0451582868 0.0572625698
7 0.1226722533 0.7013500931 0.1522346369 0.0693668529
7 0.3661545624 0.7025139665 0.1382681564 0.1284916201
1 0.5777467412 0.6776070764 0.1145251397 0.0647113594
1 0.5765828678 0.7283519553 0.1140595903 0.0675046555
1 0.7607076350 0.7432495345 0.0977653631 0.0656424581
1 0.7602420857 0.6936685289 0.0949720670 0.0651769088
1 0.9734636872 0.7304469274 0.0530726257 0.0586592179
1 0.9778864060 0.6813314711 0.0442271881 0.0628491620
7 0.1261638734 0.7602420857 0.1396648045 0.0595903166
0 0.3566108007 0.7956238361 0.1499068901 0.0847299814
1 0.5768156425 0.7790968343 0.1135940410 0.0721601490
1 0.5772811918 0.8286778399 0.1145251397 0.0744878957
1 0.7593109870 0.7942271881 0.1052141527 0.0661080074
1 0.9729981378 0.7763035382 0.0540037244 0.0600558659
7 0.1331471136 0.8442737430 0.1443202980 0.1140595903
0 0.3582402235 0.8573091248 0.1531657356 0.0861266294
1 0.7602420857 0.8775605214 0.1052141527 0.1303538175
1 0.9727653631 0.8594040968 0.0544692737 0.1229050279
7 0.1273277467 0.9536778399 0.1522346369 0.0926443203
0 0.3570763501 0.9369180633 0.1545623836 0.1205772812
1 0.5737895717 0.9224860335 0.1131284916 0.1410614525
