1 0.1606574761 0.0137857900 0.0689289502 0.0275715801
1 0.2343584305 0.0042417815 0.0848356310 0.0084835631
1 0.8271474019 0.0281018028 0.1951219512 0.0562036055
1 0.9490986214 0.0169671262 0.1018027572 0.0339342524
1 0.2396606575 0.0625662778 0.0911983033 0.1251325557
1 0.3234358431 0.0572640509 0.0954400848 0.1145281018
1 0.4199363733 0.0477200424 0.1039236479 0.0954400848
1 0.5323435843 0.0445387063 0.1314952280 0.0890774125
1 0.6670201485 0.0376458112 0.1633085896 0.0752916225
1 0.1553552492 0.0715800636 0.0837751856 0.1283138918
1 0.1277836691 0.2051961824 0.0243902439 0.0986214210
1 0.1532343584 0.2073170732 0.0265111347 0.1007423118
1 0.2253446448 0.1993637328 0.0159066808 0.1102863203
1 0.1781548250 0.2030752916 0.0275715801 0.1092258749
1 0.2073170732 0.1988335101 0.0328738070 0.1092258749
1 0.3494167550 0.1951219512 0.0286320255 0.1166489926
1 0.3101802757 0.1940615058 0.0392364793 0.1166489926
1 0.3785790032 0.1924708378 0.0360551432 0.1219512195
1 0.4172852598 0.1914103924 0.0477200424 0.1283138918
1 0.4554612937 0.1876988335 0.0371155885 0.1336161188
1 0.4899257688 0.1818663839 0.0381760339 0.1431601273
1 0.5583244963 0.1802757158 0.0583244963 0.1527041357
1 0.6182396607 0.1749734889 0.0699893955 0.1611876988
1 0.6866383881 0.1723223754 0.0774125133 0.1664899258
1 0.7560975610 0.1675503712 0.0911983033 0.1781548250
1 0.8351007423 0.1648992577 0.0943796394 0.1834570520
1 0.9220572641 0.1595970308 0.1092258749 0.1940615058
1 0.0933191941 0.2985153765 0.0360551432 0.0943796394
1 0.1240721103 0.3011664899 0.0339342524 0.0911983033
1 0.1553552492 0.3027571580 0.0265111347 0.0901378579
1 0.2279957582 0.3064687169 0.0106044539 0.1081654295
1 0.1808059385 0.3038176034 0.0286320255 0.0922587487
1 0.2089077413 0.3069989396 0.0275715801 0.1028632025
1 0.3393425239 0.3107104984 0.0318133616 0.1187698834
1 0.3059384942 0.3080593849 0.0371155885 0.1177094380
1 0.3738069989 0.3117709438 0.0392364793 0.1166489926
1 0.4109225875 0.3138918346 0.0413573701 0.1230116649
1 0.4835630965 0.3186638388 0.0402969247 0.1283138918
1 0.4506892895 0.3176033934 0.0381760339 0.1261930011
1 0.5551431601 0.3244962884 0.0646871686 0.1442205726
1 0.6113467656 0.3276776246 0.0668080594 0.1484623542
1 0.6781548250 0.3303287381 0.0795334040 0.1537645811
1 0.7507953340 0.3329798515 0.0848356310 0.1611876988
1 0.8239660657 0.3361611877 0.0954400848 0.1654294804
1 0.9103923648 0.3388123012 0.1092258749 0.1749734889
1 0.0991516437 0.5005302227 0.0434782609 0.0636267232
1 0.1500530223 0.5095440085 0.0477200424 0.0604453871
1 0.1855779427 0.5169671262 0.0360551432 0.0604453871
1 0.7221633086 0.5127253446 0.0615058324 0.0604453871
1 0.0853658537 0.5556733828 0.0540827147 0.0593849417
1 0.1336161188 0.5668080594 0.0466595970 0.0562036055
1 0.2211028632 0.5233297985 0.0349946978 0.0731707317
1 0.2142099682 0.5885471898 0.0466595970 0.0763520679
1 0.1712619300 0.5790031813 0.0392364793 0.0636267232
1 0.3239660657 0.5360551432 0.0498409332 0.0604453871
1 0.3653234358 0.5487804878 0.0413573701 0.0604453871
1 0.4088016967 0.5577942736 0.0498409332 0.0636267232
1 0.4782608696 0.5572640509 0.0381760339 0.0689289502
1 0.6505832450 0.5249204666 0.0625662778 0.0657476140
1 0.0805938494 0.6850477200 0.0381760339 0.0615058324
1 0.3006362672 0.6272534464 0.0455991516 0.0668080594
1 0.2566277837 0.6108165429 0.0466595970 0.0699893955
1 0.3494167550 0.6415694592 0.0583244963 0.0784729586
1 0.4024390244 0.6532343584 0.0477200424 0.0827147402
1 0.4591728526 0.6749734889 0.0721102863 0.0816542948
1 0.5657476140 0.6516436903 0.0668080594 0.1580063627
1 0.6171792153 0.6680805938 0.0636267232 0.1569459173
1 0.6723223754 0.6702014846 0.0593849417 0.1930010604
1 0.7327677625 0.7004241782 0.0763520679 0.1834570520
1 0.0811240721 0.7359490986 0.0413573701 0.0657476140
1 0.0821845175 0.7794273595 0.0413573701 0.0636267232
1 0.1240721103 0.7062566278 0.0530222694 0.0678685048
1 0.1256627784 0.7624602333 0.0540827147 0.0509013786
1 0.1686108165 0.7211028632 0.0381760339 0.0657476140
1 0.1691410392 0.7778366914 0.0392364793 0.0477200424
1 0.2067868505 0.7423117709 0.0466595970 0.0678685048
1 0.8112407211 0.7211028632 0.0848356310 0.1887592789
1 0.8918345705 0.7311770944 0.0763520679 0.1983032874
1 0.1240721103 0.8032873807 0.0487804878 0.0689289502
1 0.2126193001 0.7969247084 0.0477200424 0.0498409332
1 0.1686108165 0.8244962884 0.0424178155 0.0562036055
1 0.2863202545 0.8488865323 0.0530222694 0.1049840933
1 0.3372216331 0.8653234358 0.0509013786 0.1166489926
2 0.6102863203 0.8520678685 0.1474019088 0.1346765642
1 0.3870625663 0.8944856840 0.0551431601 0.1071049841
1 0.4501590668 0.9247083775 0.0710498409 0.1442205726
2 0.5800636267 0.9342523860 0.1442205726 0.1314952280
2 0.7089077413 0.9639448568 0.1516436903 0.0721102863
1 0.2110286320 0.8419936373 0.0466595970 0.0615058324
