2 0.3811953353 0.0918367347 0.2492711370 0.1836734694
2 0.6137026239 0.0655976676 0.2769679300 0.1311953353
2 0.8367346939 0.0408163265 0.1807580175 0.0816326531
2 0.0335276968 0.1399416910 0.0670553936 0.2565597668
2 0.1647230321 0.1151603499 0.2215743440 0.2303206997
2 0.5298833819 0.2747813411 0.1676384840 0.3134110787
2 0.7645772595 0.2303206997 0.3454810496 0.3469387755
2 0.0080174927 0.3717201166 0.0160349854 0.2594752187
2 0.0517492711 0.3586005831 0.1034985423 0.2682215743
2 0.1603498542 0.3403790087 0.1166180758 0.2725947522
2 0.2820699708 0.3199708455 0.1209912536 0.2755102041
2 0.4067055394 0.3010204082 0.1399416910 0.2871720117
4 0.3017492711 0.5218658892 0.0437317784 0.1020408163
4 0.2572886297 0.5269679300 0.0451895044 0.1005830904
4 0.3483965015 0.5167638484 0.0495626822 0.1064139942
4 0.3965014577 0.5131195335 0.0495626822 0.0991253644
4 0.4460641399 0.5080174927 0.0553935860 0.0976676385
2 0.7594752187 0.4701166181 0.3527696793 0.1967930029
4 0.0131195335 0.5597667638 0.0262390671 0.0874635569
4 0.0852769679 0.5473760933 0.0422740525 0.0860058309
4 0.0444606414 0.5539358601 0.0393586006 0.0845481050
4 0.1260932945 0.5437317784 0.0422740525 0.0903790087
4 0.2142857143 0.5320699708 0.0466472303 0.0991253644
4 0.1698250729 0.5357142857 0.0422740525 0.0976676385
6 0.5276967930 0.6311953353 0.0524781341 0.0612244898
4 0.0072886297 0.6763848397 0.0145772595 0.1020408163
4 0.0364431487 0.6741982507 0.0466472303 0.1034985423
4 0.0830903790 0.6712827988 0.0524781341 0.1064139942
7 0.2172011662 0.7755102041 0.0728862974 0.0349854227
4 0.1785714286 0.6639941691 0.0510204082 0.1064139942
4 0.1311953353 0.6669096210 0.0495626822 0.1034985423
4 0.2725947522 0.6632653061 0.0524781341 0.1253644315
7 0.2842565598 0.7725947522 0.0641399417 0.0349854227
4 0.2259475219 0.6676384840 0.0495626822 0.1166180758
4 0.3214285714 0.6596209913 0.0510204082 0.1239067055
7 0.3680758017 0.7704081633 0.0364431487 0.0306122449
4 0.3688046647 0.6559766764 0.0495626822 0.1253644315
7 0.4008746356 0.7682215743 0.0349854227 0.0291545190
7 0.3338192420 0.7704081633 0.0349854227 0.0306122449
4 0.4672011662 0.6574344023 0.0510204082 0.1253644315
7 0.4351311953 0.7594752187 0.0364431487 0.0466472303
4 0.4154518950 0.6574344023 0.0524781341 0.1282798834
7 0.4693877551 0.7602040816 0.0379008746 0.0481049563
6 0.5940233236 0.6938775510 0.0597667638 0.1195335277
7 0.0182215743 0.7842565598 0.0364431487 0.0291545190
7 0.0874635569 0.8134110787 0.0612244898 0.0437317784
7 0.0327988338 0.8126822157 0.0539358601 0.0335276968
7 0.0750728863 0.7806122449 0.0801749271 0.0306122449
7 0.1501457726 0.8104956268 0.0699708455 0.0408163265
7 0.1486880466 0.7784256560 0.0728862974 0.0320699708
7 0.2186588921 0.8083090379 0.0728862974 0.0451895044
7 0.2879008746 0.8075801749 0.0655976676 0.0408163265
7 0.2616618076 0.8454810496 0.0655976676 0.0408163265
7 0.3906705539 0.8039358601 0.0553935860 0.0393586006
7 0.4380466472 0.8024781341 0.0422740525 0.0422740525
4 0.0240524781 0.9584548105 0.0481049563 0.0830903790
4 0.0663265306 0.9606413994 0.0481049563 0.0787172012
4 0.1137026239 0.9599125364 0.0495626822 0.0801749271
4 0.1603498542 0.9606413994 0.0466472303 0.0787172012
4 0.2069970845 0.9606413994 0.0495626822 0.0787172012
4 0.2558309038 0.9591836735 0.0510204082 0.0816326531
4 0.3039358601 0.9606413994 0.0510204082 0.0787172012
7 0.3527696793 0.9599125364 0.0495626822 0.0801749271
4 0.4606413994 0.9548104956 0.0583090379 0.0903790087
4 0.4088921283 0.9613702624 0.0568513120 0.0772594752
4 0.5721574344 0.9548104956 0.0685131195 0.0903790087
4 0.5160349854 0.9540816327 0.0641399417 0.0918367347
4 0.6253644315 0.9548104956 0.0641399417 0.0903790087
