1 0.1695205479 0.1609589041 0.0582191781 0.0844748858
1 0.2226027397 0.1592465753 0.0547945205 0.0856164384
1 0.3179223744 0.1529680365 0.0673515982 0.0730593607
1 0.3886986301 0.1506849315 0.0696347032 0.0776255708
1 0.4988584475 0.1506849315 0.0776255708 0.0753424658
1 0.7146118721 0.1523972603 0.1415525114 0.0650684932
1 0.0507990868 0.1792237443 0.1015981735 0.1164383562
1 0.3150684932 0.2334474886 0.0662100457 0.0810502283
1 0.3841324201 0.2317351598 0.0673515982 0.0799086758
1 0.4937214612 0.2277397260 0.0764840183 0.0764840183
1 0.7128995434 0.2094748858 0.1404109589 0.0627853881
1 0.0462328767 0.2945205479 0.0924657534 0.1164383562
1 0.1655251142 0.2414383562 0.0616438356 0.0833333333
1 0.2197488584 0.2454337900 0.0513698630 0.0799086758
1 0.3099315068 0.3087899543 0.0673515982 0.0719178082
1 0.4931506849 0.3053652968 0.0821917808 0.0787671233
1 0.7100456621 0.2676940639 0.1392694064 0.0582191781
1 0.1643835616 0.3259132420 0.0639269406 0.0833333333
1 0.2186073059 0.3270547945 0.0468036530 0.0810502283
1 0.3070776256 0.3818493151 0.0639269406 0.0696347032
1 0.3789954338 0.3133561644 0.0707762557 0.0810502283
1 0.7083333333 0.3253424658 0.1404109589 0.0616438356
1 0.0433789954 0.4115296804 0.0867579909 0.1130136986
1 0.1609589041 0.4149543379 0.0593607306 0.0901826484
1 0.2151826484 0.4183789954 0.0445205479 0.0856164384
1 0.3778538813 0.3886986301 0.0684931507 0.0742009132
1 0.4885844749 0.3847031963 0.0753424658 0.0799086758
1 0.7037671233 0.3847031963 0.1381278539 0.0570776256
1 0.7026255708 0.4423515982 0.1381278539 0.0582191781
1 0.0433789954 0.5005707763 0.0867579909 0.0627853881
1 0.1569634703 0.5074200913 0.0605022831 0.0901826484
1 0.2128995434 0.5074200913 0.0468036530 0.0878995434
1 0.3755707763 0.4628995434 0.0684931507 0.0742009132
1 0.3065068493 0.4606164384 0.0673515982 0.0719178082
1 0.4840182648 0.4628995434 0.0753424658 0.0787671233
1 0.7003424658 0.4988584475 0.1381278539 0.0616438356
1 0.9006849315 0.4600456621 0.1438356164 0.1324200913
1 0.0433789954 0.5679223744 0.0867579909 0.0650684932
1 0.1786529680 0.5856164384 0.1061643836 0.0639269406
1 0.3384703196 0.5382420091 0.1312785388 0.0764840183
1 0.4794520548 0.5422374429 0.0707762557 0.0776255708
1 0.6992009132 0.5565068493 0.1381278539 0.0627853881
1 0.8909817352 0.5799086758 0.1244292237 0.1073059361
1 0.0422374429 0.6329908676 0.0844748858 0.0582191781
1 0.1746575342 0.6506849315 0.1073059361 0.0662100457
1 0.3310502283 0.6158675799 0.1278538813 0.0810502283
1 0.5114155251 0.6210045662 0.1438356164 0.0844748858
1 0.6974885845 0.6130136986 0.1369863014 0.0639269406
1 0.6952054795 0.6700913242 0.1369863014 0.0662100457
1 0.0405251142 0.6969178082 0.0810502283 0.0650684932
1 0.1723744292 0.7203196347 0.1073059361 0.0753424658
1 0.3299086758 0.6894977169 0.1324200913 0.0844748858
1 0.5125570776 0.6952054795 0.1506849315 0.0867579909
1 0.6934931507 0.7277397260 0.1358447489 0.0650684932
1 0.8875570776 0.6912100457 0.1244292237 0.1084474886
1 0.0393835616 0.7631278539 0.0787671233 0.0650684932
1 0.1706621005 0.7848173516 0.1061643836 0.0719178082
1 0.3287671233 0.7716894977 0.1347031963 0.0981735160
1 0.5119863014 0.7836757991 0.1495433790 0.0993150685
1 0.6912100457 0.7859589041 0.1335616438 0.0673515982
1 0.8915525114 0.7802511416 0.1392694064 0.0696347032
1 0.0382420091 0.8304794521 0.0764840183 0.0627853881
1 0.1666666667 0.8493150685 0.1095890411 0.0707762557
1 0.3264840183 0.8567351598 0.1347031963 0.0993150685
1 0.5051369863 0.8715753425 0.1472602740 0.0970319635
1 0.6883561644 0.8413242009 0.1347031963 0.0684931507
1 0.8915525114 0.8430365297 0.1461187215 0.0742009132
1 0.6877853881 0.8989726027 0.1358447489 0.0719178082
1 0.8909817352 0.9121004566 0.1404109589 0.0753424658
