5 0.8737541528 0.0141196013 0.1860465116 0.0282392027
4 0.2607973422 0.0240863787 0.2458471761 0.0481727575
4 0.5863787375 0.0423588040 0.1960132890 0.0847176080
7 0.0141196013 0.0913621262 0.0282392027 0.1827242525
7 0.0539867110 0.0905315615 0.0880398671 0.1810631229
4 0.2649501661 0.1038205980 0.2441860465 0.1079734219
4 0.5847176080 0.1196013289 0.1960132890 0.0897009967
7 0.8679401993 0.1038205980 0.1810631229 0.1843853821
7 0.0506644518 0.2167774086 0.1013289037 0.0813953488
4 0.2632890365 0.2018272425 0.2375415282 0.1046511628
4 0.5822259136 0.2109634551 0.1976744186 0.1129568106
1 0.8521594684 0.2873754153 0.1727574751 0.1860465116
7 0.0498338870 0.2948504983 0.0996677741 0.0780730897
7 0.0506644518 0.3646179402 0.1013289037 0.0747508306
4 0.2649501661 0.3222591362 0.2408637874 0.1328903654
4 0.5780730897 0.3222591362 0.1960132890 0.1096345515
7 0.0506644518 0.4335548173 0.1013289037 0.0764119601
1 0.5797342193 0.4725913621 0.1926910299 0.1976744186
1 0.8480066445 0.4194352159 0.1777408638 0.0780730897
1 0.8397009967 0.4991694352 0.1777408638 0.0780730897
6 0.9958471761 0.4925249169 0.0083056478 0.2142857143
7 0.0506644518 0.5830564784 0.1013289037 0.0797342193
7 0.0506644518 0.5091362126 0.1013289037 0.0780730897
1 0.2799003322 0.5240863787 0.2109634551 0.0847176080
1 0.8347176080 0.5747508306 0.1744186047 0.0764119601
7 0.0531561462 0.6586378738 0.1063122924 0.0813953488
1 0.2765780731 0.6951827243 0.1976744186 0.0813953488
1 0.2765780731 0.6121262458 0.2009966777 0.0847176080
1 0.5755813953 0.6652823920 0.1943521595 0.1943521595
1 0.8297342193 0.6495016611 0.1744186047 0.0764119601
5 0.9916943522 0.6378737542 0.0166112957 0.0963455150
3 0.0539867110 0.7317275748 0.1079734219 0.0913621262
3 0.0523255814 0.8023255814 0.1046511628 0.0664451827
1 0.2774086379 0.7765780731 0.1993355482 0.0946843854
5 0.5813953488 0.7965116279 0.1727574751 0.0847176080
1 0.8405315615 0.7549833887 0.1461794020 0.1411960133
5 0.9892026578 0.7300664452 0.0215946844 0.0980066445
3 0.0166112957 0.8745847176 0.0332225914 0.0714285714
3 0.0755813953 0.8720930233 0.0714285714 0.0697674419
5 0.3172757475 0.9252491694 0.1328903654 0.0631229236
5 0.3081395349 0.8629568106 0.1445182724 0.0681063123
5 0.5764119601 0.8729235880 0.1727574751 0.0747508306
5 0.8247508306 0.8571428571 0.1644518272 0.0797342193
5 0.9875415282 0.8305647841 0.0249169435 0.1096345515
5 0.0797342193 0.9401993355 0.0697674419 0.0631229236
5 0.0224252492 0.9443521595 0.0448504983 0.0548172757
5 0.0556478405 0.9858803987 0.1112956811 0.0282392027
5 0.3164451827 0.9775747508 0.1345514950 0.0448504983
5 0.5722591362 0.9518272425 0.1810631229 0.0863787375
5 0.5705980066 0.9892026578 0.1777408638 0.0215946844
5 0.8222591362 0.9277408638 0.1661129568 0.0813953488
5 0.9842192691 0.9335548173 0.0315614618 0.0996677741
