3 0.0272314675 0.1263237519 0.0544629349 0.0590015129
1 0.4364599092 0.1028744327 0.0711043873 0.1089258699
1 0.5733736762 0.1081694402 0.0816944024 0.1013615734
1 0.5083207262 0.1059001513 0.0786686838 0.1119515885
1 0.7677760968 0.1111951589 0.1406959153 0.0953101362
2 0.9341906203 0.1316187595 0.1316187595 0.1149773071
3 0.0287443268 0.1815431165 0.0453857791 0.0574886536
1 0.0249621785 0.2382753404 0.0499243570 0.0711043873
3 0.0045385779 0.1800302572 0.0090771558 0.0514372163
1 0.1285930408 0.2428139183 0.0756429652 0.0922844175
1 0.1369137670 0.1550680787 0.0832072617 0.1013615734
1 0.2095310136 0.1656580938 0.0741301059 0.1074130106
1 0.2806354009 0.1724659607 0.0771558245 0.0968229955
1 0.4288956127 0.2102874433 0.0771558245 0.1059001513
1 0.5627836611 0.2080181543 0.0665658094 0.1043872920
1 0.4969742814 0.2118003026 0.0771558245 0.1059001513
1 0.7602118003 0.2042360061 0.1406959153 0.0877458396
1 0.0249621785 0.2987897126 0.0499243570 0.0680786687
1 0.2034795764 0.2496217852 0.0741301059 0.0937972769
1 0.1285930408 0.3229954614 0.0786686838 0.0832072617
1 0.1959152799 0.3267776097 0.0741301059 0.0756429652
1 0.2753403933 0.2579425113 0.0786686838 0.0862329803
1 0.2670196672 0.3373676248 0.0711043873 0.0756429652
1 0.4175491679 0.3078668684 0.0877458396 0.0922844175
1 0.5514372163 0.3040847201 0.0680786687 0.0937972769
1 0.4886535552 0.3071104387 0.0695915280 0.0937972769
1 0.7503782148 0.2874432678 0.1270801815 0.0726172466
1 0.9674735250 0.2503782148 0.0650529501 0.1285930408
1 0.0234493192 0.3555219365 0.0468986384 0.0665658094
1 0.0226928896 0.4107413011 0.0453857791 0.0620272315
1 0.1928895613 0.4130105900 0.0711043873 0.0816944024
1 0.2647503782 0.4175491679 0.0665658094 0.0847201210
1 0.4031770045 0.3971255673 0.0801815431 0.0832072617
1 0.4765506808 0.3993948563 0.0726172466 0.0847201210
1 0.5378214826 0.3940998487 0.0680786687 0.0922844175
1 0.7246596067 0.4349470499 0.1210287443 0.0680786687
1 0.7329803328 0.3638426626 0.1285930408 0.0771558245
1 0.9364599092 0.3502269289 0.1270801815 0.0801815431
1 0.9288956127 0.4258698941 0.1422087746 0.0832072617
1 0.0219364599 0.5173978820 0.0438729198 0.0514372163
1 0.0226928896 0.4652042360 0.0453857791 0.0559757943
1 0.1822995461 0.4962178517 0.0741301059 0.0847201210
1 0.2564296520 0.5007564297 0.0680786687 0.0847201210
1 0.4561270802 0.4757942511 0.0680786687 0.0741301059
1 0.3903177005 0.4742813918 0.0786686838 0.0741301059
1 0.5219364599 0.4818456884 0.0695915280 0.0832072617
1 0.7110438729 0.5068078669 0.1240544629 0.0726172466
1 0.9228441755 0.5000000000 0.1543116490 0.0711043873
1 0.0204236006 0.6217851740 0.0408472012 0.0544629349
1 0.0211800303 0.5680786687 0.0423600605 0.0499243570
1 0.1822995461 0.5839636914 0.0711043873 0.0816944024
1 0.2541603631 0.5854765507 0.0635400908 0.0816944024
1 0.3767019667 0.5446293495 0.0786686838 0.0726172466
1 0.3782148260 0.6202723147 0.0635400908 0.0695915280
1 0.4432677761 0.6202723147 0.0695915280 0.0726172466
1 0.4493192133 0.5499243570 0.0756429652 0.0741301059
1 0.5143721634 0.5559757943 0.0665658094 0.0711043873
1 0.5090771558 0.6240544629 0.0711043873 0.0741301059
1 0.6981845688 0.5711043873 0.1316187595 0.0590015129
1 0.9205748865 0.5695915280 0.1588502269 0.0711043873
1 0.0189107413 0.7170953101 0.0378214826 0.0453857791
1 0.0196671710 0.6717095310 0.0393343419 0.0484114977
1 0.1800302572 0.6641452345 0.0695915280 0.0756429652
1 0.2481089259 0.6649016641 0.0665658094 0.0771558245
1 0.4387291982 0.6921331316 0.0726172466 0.0711043873
1 0.3661119516 0.6845688351 0.0695915280 0.0741301059
1 0.5000000000 0.6936459909 0.0590015129 0.0711043873
1 0.6951588502 0.7012102874 0.1043872920 0.0771558245
1 0.6868381241 0.6331316188 0.1270801815 0.0590015129
7 0.9077155825 0.7269288956 0.1633888048 0.0468986384
2 0.9266263238 0.6422087746 0.1467473525 0.0832072617
5 0.0204236006 0.7889561271 0.0317700454 0.0347957640
5 0.0219364599 0.7556732224 0.0257186082 0.0317700454
5 0.0037821483 0.7541603631 0.0075642965 0.0317700454
5 0.1853252648 0.7972768533 0.0559757943 0.0635400908
5 0.1853252648 0.7375189107 0.0559757943 0.0650529501
5 0.2420574887 0.7987897126 0.0574886536 0.0605143722
5 0.2435703480 0.7352496218 0.0635400908 0.0635400908
5 0.4583963691 0.7692889561 0.1240544629 0.0832072617
5 0.3698940998 0.7647503782 0.0620272315 0.0953101362
5 0.6732223903 0.7723146747 0.1240544629 0.0711043873
5 0.0189107413 0.8290468986 0.0317700454 0.0363086233
5 0.0158850227 0.9167927383 0.0317700454 0.0635400908
5 0.0181543116 0.8676248109 0.0302571861 0.0347957640
5 0.1195158850 0.9175491679 0.0665658094 0.0650529501
5 0.1815431165 0.9183055976 0.0544629349 0.0605143722
5 0.1225416036 0.8313161876 0.0726172466 0.1043872920
5 0.1845688351 0.8577912254 0.0544629349 0.0605143722
5 0.2397881997 0.8585476551 0.0559757943 0.0590015129
5 0.3472012103 0.8494704992 0.0862329803 0.0801815431
5 0.2360060514 0.9167927383 0.0514372163 0.0605143722
5 0.4462934947 0.8509833585 0.1180030257 0.0801815431
5 0.6565809380 0.9077155825 0.1119515885 0.0635400908
5 0.6588502269 0.8411497731 0.1074130106 0.0695915280
5 0.0151285930 0.9750378215 0.0302571861 0.0499243570
5 0.1777609682 0.9742813918 0.0559757943 0.0514372163
5 0.1202723147 0.9757942511 0.0590015129 0.0484114977
5 0.2329803328 0.9750378215 0.0484114977 0.0499243570
5 0.3434190620 0.9311649017 0.0756429652 0.0771558245
5 0.4288956127 0.9848714070 0.1285930408 0.0302571861
5 0.4425113464 0.9311649017 0.1195158850 0.0771558245
5 0.6482602118 0.9689863843 0.1164901664 0.0620272315
7 0.8048411498 0.9848714070 0.0514372163 0.0302571861
7 0.8275340393 0.9402420575 0.0665658094 0.0559757943
7 0.9137670197 0.9689863843 0.0695915280 0.0620272315
