8 0.0093632959 0.0608614232 0.0187265918 0.1217228464
8 0.0552434457 0.0655430712 0.0692883895 0.1310861423
8 0.1554307116 0.0524344569 0.0861423221 0.1048689139
8 0.2312734082 0.0524344569 0.0767790262 0.1048689139
8 0.0084269663 0.1872659176 0.0168539326 0.1385767790
8 0.0524344569 0.1947565543 0.0749063670 0.1273408240
8 0.1535580524 0.1676029963 0.0786516854 0.1329588015
8 0.2350187266 0.1676029963 0.0842696629 0.1329588015
8 0.0468164794 0.3370786517 0.0936329588 0.1310861423
8 0.1816479401 0.3117977528 0.0749063670 0.1292134831
8 0.2471910112 0.3080524345 0.0599250936 0.1292134831
8 0.0458801498 0.4700374532 0.0917602996 0.1310861423
8 0.2294007491 0.4541198502 0.0955056180 0.1554307116
8 0.0449438202 0.6732209738 0.0898876404 0.2003745318
8 0.2013108614 0.6488764045 0.1591760300 0.1779026217
8 0.0458801498 0.8586142322 0.0917602996 0.2041198502
8 0.2116104869 0.8305243446 0.1498127341 0.2003745318
8 0.0458801498 0.9728464419 0.0917602996 0.0543071161
8 0.2078651685 0.9625468165 0.1460674157 0.0749063670
