1 0.3983918129 0.0153508772 0.0921052632 0.0307017544
2 0.5709064327 0.0109649123 0.1184210526 0.0219298246
2 0.6849415205 0.0109649123 0.1154970760 0.0219298246
2 0.8355263158 0.0255847953 0.1885964912 0.0511695906
7 0.0657894737 0.1615497076 0.1315789474 0.1418128655
7 0.2521929825 0.1871345029 0.1652046784 0.1257309942
1 0.4071637427 0.2083333333 0.1096491228 0.1944444444
1 0.5051169591 0.2054093567 0.0950292398 0.2032163743
1 0.6008771930 0.1995614035 0.0994152047 0.2149122807
1 0.6915204678 0.1915204678 0.1023391813 0.2192982456
1 0.7909356725 0.1907894737 0.1111111111 0.2119883041
1 0.8866959064 0.1900584795 0.1301169591 0.2105263158
7 0.0657894737 0.3048245614 0.1315789474 0.1359649123
7 0.2346491228 0.3333333333 0.1798245614 0.1286549708
1 0.4788011696 0.4086257310 0.1096491228 0.0950292398
1 0.5796783626 0.4086257310 0.0979532164 0.0950292398
1 0.6798245614 0.4064327485 0.1111111111 0.1081871345
1 0.7880116959 0.4049707602 0.1081871345 0.1111111111
1 0.8940058480 0.4042397661 0.1038011696 0.1038011696
7 0.0211988304 0.5263157895 0.0423976608 0.1988304094
7 0.0665204678 0.5285087719 0.0979532164 0.2032163743
7 0.2149122807 0.5285087719 0.0906432749 0.2061403509
7 0.1396198830 0.5255847953 0.0921052632 0.2032163743
7 0.2872807018 0.5292397661 0.0921052632 0.2046783626
1 0.4766081871 0.5043859649 0.1081871345 0.1023391813
1 0.5862573099 0.5036549708 0.1081871345 0.0950292398
1 0.6856725146 0.4948830409 0.0877192982 0.0716374269
1 0.7763157895 0.5029239766 0.0964912281 0.0789473684
1 0.8881578947 0.4970760234 0.1184210526 0.0877192982
7 0.0409356725 0.6637426901 0.0818713450 0.0760233918
7 0.1907894737 0.6710526316 0.2178362573 0.0877192982
1 0.4627192982 0.6900584795 0.1067251462 0.0789473684
1 0.4612573099 0.6030701754 0.1096491228 0.0804093567
1 0.5730994152 0.6293859649 0.0935672515 0.1476608187
1 0.6783625731 0.6257309942 0.1023391813 0.1491228070
1 0.7923976608 0.6257309942 0.1257309942 0.1637426901
1 0.9057017544 0.6250000000 0.1271929825 0.1739766082
7 0.1747076023 0.7492690058 0.2207602339 0.0804093567
7 0.0138888889 0.8399122807 0.0277777778 0.0774853801
7 0.0080409357 0.9166666667 0.0160818713 0.0760233918
7 0.0891812865 0.8735380117 0.1578947368 0.1505847953
7 0.2324561404 0.8742690058 0.1608187135 0.1520467836
1 0.3815789474 0.8940058480 0.1374269006 0.1944444444
1 0.4934210526 0.8852339181 0.1096491228 0.1885964912
1 0.6001461988 0.8874269006 0.1067251462 0.1929824561
1 0.7039473684 0.8881578947 0.1154970760 0.1973684211
1 0.7975146199 0.8808479532 0.0891812865 0.1798245614
1 0.8771929825 0.8793859649 0.0935672515 0.1769005848
1 0.9524853801 0.8866959064 0.0950292398 0.1856725146
7 0.0716374269 0.9875730994 0.1432748538 0.0248538012
7 0.2229532164 0.9912280702 0.1681286550 0.0175438596
