4 0.3399772210 0.0472665148 0.3473804100 0.0945330296
4 0.8587699317 0.0751708428 0.2824601367 0.1503416856
4 0.3405466970 0.1566059226 0.3439635535 0.1514806378
4 0.8593394077 0.2107061503 0.2767653759 0.1230068337
4 0.3411161731 0.4310933941 0.3382687927 0.1195899772
4 0.3382687927 0.2955580866 0.3530751708 0.1446469248
4 0.8610478360 0.3485193622 0.2779043280 0.1822323462
7 0.3451025057 0.5637813212 0.3302961276 0.1617312073
1 0.8895216401 0.5512528474 0.2209567198 0.2437357631
7 0.3439635535 0.7146924829 0.3211845103 0.1628701595
1 0.8593394077 0.7386104784 0.2767653759 0.1605922551
7 0.3422551253 0.8838268793 0.3382687927 0.2323462415
1 0.8599088838 0.8638952164 0.2801822323 0.1583143508
1 0.8570615034 0.9527334852 0.2790432802 0.0945330296
