1 0.0984848485 0.0160984848 0.1174242424 0.0321969697
1 0.2660984848 0.0255681818 0.1723484848 0.0511363636
1 0.8901515152 0.0340909091 0.1780303030 0.0681818182
1 0.0776515152 0.0738636364 0.1553030303 0.0946969697
1 0.2206439394 0.1060606061 0.1003787879 0.1136363636
1 0.3106060606 0.1060606061 0.0871212121 0.1136363636
3 0.5075757576 0.1335227273 0.0568181818 0.0435606061
3 0.4507575758 0.1344696970 0.0568181818 0.0492424242
1 0.5018939394 0.0568181818 0.0454545455 0.1098484848
1 0.5643939394 0.0606060606 0.0871212121 0.1060606061
3 0.5643939394 0.1335227273 0.0606060606 0.0397727273
1 0.7187500000 0.0634469697 0.1723484848 0.1268939394
1 0.8863636364 0.1098484848 0.1780303030 0.0719696970
