7 0.0564005070 0.0253485425 0.0950570342 0.0506970849
5 0.4252217997 0.0272496831 0.1711026616 0.0544993663
5 0.6673003802 0.0114068441 0.1812420786 0.0228136882
7 0.0468948035 0.0963244613 0.0633713561 0.0912547529
6 0.2427122940 0.0728770596 0.1178707224 0.1457541191
5 0.6660329531 0.0728770596 0.1736375158 0.1330798479
5 0.8548795944 0.0551330798 0.1051964512 0.1102661597
5 0.4321926489 0.1020278834 0.1698352345 0.1381495564
5 0.9404309252 0.1787072243 0.1191381496 0.1596958175
7 0.0665399240 0.1907477820 0.0747782003 0.0798479087
7 0.2471482890 0.1901140684 0.1089987326 0.0937896071
1 0.4011406844 0.2306717364 0.0823827630 0.1267427123
1 0.4835234474 0.2268694550 0.1026615970 0.1292775665
5 0.6704689480 0.2015209125 0.1749049430 0.1470215463
5 0.8479087452 0.1875792142 0.1013941698 0.1444866920
7 0.1007604563 0.2724968314 0.0849176172 0.0633713561
7 0.2534854246 0.2788339670 0.1013941698 0.0912547529
1 0.6343472750 0.3390367554 0.1001267427 0.1204055767
6 0.8948035488 0.3067173638 0.2002534854 0.0963244613
1 0.1128010139 0.3523447402 0.0988593156 0.0836501901
7 0.2623574144 0.3605830165 0.0887198986 0.0798479087
1 0.4068441065 0.3466413181 0.0735107731 0.1153358682
1 0.4854245881 0.3485424588 0.0963244613 0.1216730038
6 0.8884664132 0.3986058302 0.1951837769 0.0950570342
1 0.1223067174 0.4309252218 0.0975918885 0.0785804816
1 0.2743979721 0.4410646388 0.1153358682 0.0887198986
1 0.4150823828 0.4467680608 0.0747782003 0.0975918885
1 0.4917617237 0.4524714829 0.0887198986 0.0988593156
1 0.6368821293 0.4531051965 0.0975918885 0.1102661597
1 0.8288973384 0.4987325729 0.1013941698 0.0975918885
1 0.1375158428 0.5152091255 0.0975918885 0.0925221800
1 0.2877059569 0.5221799747 0.1039290241 0.0785804816
1 0.4252217997 0.5462610900 0.0747782003 0.0912547529
1 0.4936628644 0.5513307985 0.0722433460 0.0912547529
1 0.6368821293 0.5551330798 0.0925221800 0.0912547529
1 0.1514575412 0.6020278834 0.1051964512 0.0937896071
1 0.2946768061 0.6051964512 0.1051964512 0.0975918885
1 0.4283903676 0.6273764259 0.0659062104 0.0811153359
1 0.4949302915 0.6413181242 0.0722433460 0.0861850444
1 0.6349809886 0.6451204056 0.0887198986 0.0861850444
1 0.8263624842 0.6007604563 0.0963244613 0.0912547529
1 0.9968314322 0.6254752852 0.0063371356 0.0874524715
1 0.8219264892 0.6882129278 0.1001267427 0.0861850444
1 0.9898605830 0.7148288973 0.0202788340 0.0963244613
