1 0.1503906250 0.3255208333 0.2200520833 0.0833333333
1 0.4016927083 0.3763020833 0.0950520833 0.1666666667
1 0.5605468750 0.3326822917 0.0872395833 0.0924479167
1 0.6477864583 0.3326822917 0.0872395833 0.0924479167
1 0.8417968750 0.3235677083 0.1601562500 0.0742187500
1 0.1503906250 0.4023437500 0.2252604167 0.0833333333
1 0.3098958333 0.3789062500 0.0911458333 0.1796875000
1 0.5625000000 0.4264322917 0.0859375000 0.0898437500
1 0.6477864583 0.4225260417 0.0872395833 0.0872395833
1 0.8391927083 0.4583333333 0.1601562500 0.0677083333
1 0.8404947917 0.3912760417 0.1575520833 0.0664062500
1 0.1503906250 0.4785156250 0.2174479167 0.0768229167
1 0.5579427083 0.5221354167 0.0924479167 0.1041666667
1 0.6464843750 0.5156250000 0.0872395833 0.1015625000
1 0.8365885417 0.5260416667 0.1679687500 0.0729166667
1 0.1354166667 0.5468750000 0.1875000000 0.0651041667
1 0.1321614583 0.6132812500 0.1783854167 0.0703125000
1 0.3209635417 0.5592447917 0.1080729167 0.1783854167
1 0.4290364583 0.5501302083 0.1080729167 0.1783854167
1 0.5507812500 0.6250000000 0.1015625000 0.1015625000
1 0.6549479167 0.6230468750 0.0833333333 0.1106770833
1 0.8365885417 0.5950520833 0.1601562500 0.0755208333
1 0.1399739583 0.6822916667 0.1835937500 0.0729166667
3 0.7838541667 0.6848958333 0.0598958333 0.1171875000
3 0.8437500000 0.6582031250 0.0598958333 0.0585937500
1 0.3281250000 0.7454427083 0.1119791667 0.1861979167
1 0.4368489583 0.7434895833 0.1132812500 0.1979166667
1 0.6464843750 0.7265625000 0.0820312500 0.0963541667
1 0.5527343750 0.7246093750 0.0872395833 0.0950520833
3 0.8417968750 0.7760416667 0.0611979167 0.0651041667
3 0.8470052083 0.7161458333 0.0507812500 0.0572916667
1 0.1399739583 0.8268229167 0.1914062500 0.0781250000
1 0.5579427083 0.8203125000 0.0976562500 0.0989583333
1 0.6503906250 0.8222656250 0.0950520833 0.1002604167
3 0.7858072917 0.8059895833 0.0638020833 0.1276041667
3 0.8424479167 0.8385416667 0.0625000000 0.0677083333
1 0.6061197917 0.6868489583 0.3007812500 0.0664062500
