1 0.0344387755 0.0669642857 0.0688775510 0.1339285714
1 0.1371173469 0.0714285714 0.1364795918 0.1326530612
1 0.3488520408 0.0867346939 0.1517857143 0.1250000000
1 0.4923469388 0.0727040816 0.0714285714 0.0688775510
1 0.5573979592 0.0809948980 0.0637755102 0.0701530612
1 0.4910714286 0.1460459184 0.0688775510 0.0803571429
1 0.6441326531 0.1556122449 0.0663265306 0.0688775510
1 0.5586734694 0.1479591837 0.0663265306 0.0790816327
1 0.7072704082 0.1556122449 0.0497448980 0.0535714286
1 0.0344387755 0.1926020408 0.0688775510 0.1352040816
1 0.1288265306 0.2015306122 0.1352040816 0.1250000000
8 0.3392857143 0.1919642857 0.1658163265 0.1033163265
1 0.4891581633 0.2187500000 0.0676020408 0.0778061224
1 0.5548469388 0.2257653061 0.0663265306 0.0790816327
1 0.6479591837 0.2206632653 0.0637755102 0.0739795918
1 0.7110969388 0.2283163265 0.0599489796 0.0714285714
1 0.0274234694 0.3278061224 0.0548469388 0.1352040816
1 0.1186224490 0.3297193878 0.1479591837 0.1390306122
8 0.3450255102 0.2971938776 0.1441326531 0.0892857143
1 0.4846938776 0.2908163265 0.0714285714 0.0688775510
1 0.5522959184 0.2946428571 0.0688775510 0.0714285714
1 0.7028061224 0.2978316327 0.0714285714 0.0676020408
1 0.8667091837 0.2780612245 0.0548469388 0.0433673469
1 0.8061224490 0.2755102041 0.0586734694 0.0510204082
1 0.3533163265 0.3858418367 0.1301020408 0.0548469388
1 0.4821428571 0.3603316327 0.0765306122 0.0701530612
1 0.6409438776 0.3647959184 0.0701530612 0.0688775510
1 0.5516581633 0.3660714286 0.0676020408 0.0714285714
1 0.7091836735 0.3673469388 0.0637755102 0.0612244898
1 0.8641581633 0.3392857143 0.0599489796 0.0765306122
1 0.8022959184 0.3392857143 0.0637755102 0.0765306122
1 0.8654336735 0.4119897959 0.0573979592 0.0765306122
1 0.8042091837 0.4126275510 0.0625000000 0.0727040816
1 0.0216836735 0.4642857143 0.0433673469 0.1352040816
1 0.1154336735 0.4630102041 0.1441326531 0.1352040816
1 0.3488520408 0.4381377551 0.1313775510 0.0573979592
1 0.3456632653 0.4917091837 0.1352040816 0.0548469388
1 0.4770408163 0.4323979592 0.0790816327 0.0765306122
1 0.6415816327 0.4343112245 0.0688775510 0.0727040816
1 0.5510204082 0.4400510204 0.0688775510 0.0739795918
1 0.7098214286 0.4381377551 0.0650510204 0.0727040816
1 0.7914540816 0.4897959184 0.0701530612 0.0790816327
1 0.8596938776 0.4910714286 0.0663265306 0.0765306122
1 0.9368622449 0.4655612245 0.0650510204 0.0739795918
4 0.0057397959 0.5701530612 0.0114795918 0.0663265306
4 0.0880102041 0.5714285714 0.1709183673 0.0663265306
1 0.3437500000 0.5459183673 0.1313775510 0.0561224490
1 0.4738520408 0.5102040816 0.0752551020 0.0739795918
1 0.6403061224 0.5070153061 0.0688775510 0.0701530612
1 0.5471938776 0.5121173469 0.0688775510 0.0727040816
1 0.6390306122 0.5803571429 0.0688775510 0.0739795918
1 0.7079081633 0.5089285714 0.0663265306 0.0714285714
1 0.8010204082 0.5688775510 0.0637755102 0.0790816327
1 0.8635204082 0.5688775510 0.0637755102 0.0816326531
1 0.9419642857 0.5497448980 0.0727040816 0.0739795918
4 0.0854591837 0.6390306122 0.1683673469 0.0688775510
3 0.3801020408 0.6326530612 0.0484693878 0.0484693878
3 0.3571428571 0.5886479592 0.0969387755 0.0446428571
3 0.3322704082 0.6345663265 0.0497448980 0.0471938776
1 0.4668367347 0.5854591837 0.0765306122 0.0765306122
1 0.5414540816 0.5835459184 0.0778061224 0.0727040816
1 0.5376275510 0.6568877551 0.0803571429 0.0739795918
1 0.6371173469 0.6556122449 0.0701530612 0.0765306122
1 0.7053571429 0.6556122449 0.0688775510 0.0765306122
1 0.7072704082 0.5816326531 0.0676020408 0.0714285714
1 0.8603316327 0.6498724490 0.0650510204 0.0778061224
1 0.7920918367 0.6505102041 0.0688775510 0.0790816327
1 0.9381377551 0.6339285714 0.0676020408 0.0790816327
1 0.9891581633 0.6447704082 0.0216836735 0.0650510204
4 0.0816326531 0.7040816327 0.1632653061 0.0663265306
3 0.3769132653 0.6817602041 0.0522959184 0.0522959184
3 0.3290816327 0.6830357143 0.0510204082 0.0522959184
4 0.0790816327 0.7748724490 0.1581632653 0.0676020408
5 0.2901785714 0.7850765306 0.0420918367 0.0752551020
5 0.3501275510 0.8048469388 0.0803571429 0.0459183673
5 0.3539540816 0.7595663265 0.0854591837 0.0471938776
5 0.5057397959 0.8105867347 0.0471938776 0.0752551020
5 0.5223214286 0.7455357143 0.0956632653 0.0497448980
5 0.4547193878 0.8112244898 0.0522959184 0.0765306122
5 0.6326530612 0.7595663265 0.0739795918 0.0880102041
5 0.6989795918 0.7595663265 0.0663265306 0.0829081633
5 0.8022959184 0.7551020408 0.0535714286 0.0765306122
5 0.8609693878 0.7531887755 0.0612244898 0.0752551020
5 0.9853316327 0.7621173469 0.0293367347 0.0880102041
4 0.0765306122 0.8482142857 0.1530612245 0.0688775510
5 0.3239795918 0.8730867347 0.0484693878 0.0880102041
5 0.2780612245 0.8756377551 0.0484693878 0.0880102041
5 0.3698979592 0.8686224490 0.0459183673 0.0867346939
5 0.5153061224 0.8794642857 0.0408163265 0.0650510204
5 0.4604591837 0.8832908163 0.0663265306 0.0650510204
5 0.6307397959 0.8456632653 0.0701530612 0.0892857143
5 0.6964285714 0.8431122449 0.0637755102 0.0867346939
5 0.7959183673 0.8335459184 0.0586734694 0.0803571429
5 0.8565051020 0.8316326531 0.0599489796 0.0765306122
5 0.9362244898 0.8514030612 0.0637755102 0.0931122449
5 0.9834183673 0.8539540816 0.0331632653 0.0905612245
4 0.0752551020 0.9209183673 0.1505102041 0.0739795918
5 0.3188775510 0.9585459184 0.0510204082 0.0829081633
5 0.2735969388 0.9591836735 0.0522959184 0.0816326531
5 0.3660714286 0.9559948980 0.0484693878 0.0880102041
5 0.4572704082 0.9502551020 0.0625000000 0.0688775510
5 0.5127551020 0.9483418367 0.0433673469 0.0701530612
5 0.6957908163 0.9260204082 0.0625000000 0.0790816327
5 0.7895408163 0.9744897959 0.0586734694 0.0510204082
5 0.8443877551 0.9126275510 0.0433673469 0.0803571429
5 0.7889030612 0.9094387755 0.0573979592 0.0739795918
5 0.9381377551 0.9515306122 0.0676020408 0.0969387755
5 0.9846938776 0.9489795918 0.0306122449 0.0969387755
4 0.0739795918 0.9802295918 0.1479591837 0.0395408163
5 0.6320153061 0.9795918367 0.0650510204 0.0408163265
5 0.6957908163 0.9821428571 0.0625000000 0.0357142857
5 0.8437500000 0.9751275510 0.0420918367 0.0497448980
