0 0.0060182956 0.1547905633 0.0120365912 0.1189215214
0 0.0481463649 0.1545498315 0.0962927299 0.1088107848
7 0.2012518055 0.1533461724 0.0606644198 0.1044776119
0 0.1302359172 0.1535869042 0.0871449206 0.1116995667
7 0.2568608570 0.1535869042 0.0592200289 0.1107366394
7 0.3090996630 0.1555127588 0.0587385652 0.1097737121
7 0.3654309100 0.1586422725 0.0587385652 0.1102551757
7 0.4205584978 0.1610495908 0.0601829562 0.1064034665
7 0.4732787675 0.1634569090 0.0587385652 0.1054405392
7 0.5272026962 0.1634569090 0.0597014925 0.1025517573
1 0.5801636976 0.1651420318 0.0587385652 0.1001444391
1 0.6316803081 0.1670678864 0.0606644198 0.0982185845
1 0.6827154550 0.1685122773 0.0625902744 0.0991815118
1 0.7354357246 0.1728454502 0.0592200289 0.1039961483
1 0.8377467501 0.1860857005 0.0606644198 0.0938854117
1 0.7869523351 0.1745305729 0.0649975927 0.0987000481
1 0.8851709196 0.1870486278 0.0621088108 0.0938854117
1 0.9537794896 0.1880115551 0.0924410207 0.0929224844
7 0.2609532980 0.2633606163 0.0702936928 0.0808858931
7 0.2065479056 0.2604718344 0.0741454020 0.0837746750
7 0.3146364949 0.2664901300 0.0659605200 0.0784785749
7 0.4222436206 0.2691381801 0.0568127106 0.0808858931
7 0.3666345691 0.2681752528 0.0611458835 0.0789600385
7 0.4764082812 0.2708233028 0.0601829562 0.0794415022
7 0.5281656235 0.2722676938 0.0654790563 0.0755897930
0 0.0228695234 0.4171882523 0.0457390467 0.1266249398
0 0.0869041887 0.4207992297 0.0977371208 0.1203659124
0 0.1718825229 0.4386133847 0.0876263842 0.0693307655
0 0.1754935002 0.3820414059 0.0890707752 0.0534424651
0 0.2575830525 0.3887818970 0.0837746750 0.0592200289
7 0.3230621088 0.4176697159 0.0568127106 0.1141068849
7 0.3779489649 0.4181511796 0.0577756379 0.1112181030
7 0.4330765527 0.4195955705 0.0553683197 0.1064034665
7 0.4855560905 0.4198363024 0.0572941743 0.1097737121
7 0.5385170920 0.4236880116 0.0553683197 0.1088107848
7 0.5900337025 0.4236880116 0.0582571016 0.1107366394
7 0.6405873857 0.4251324025 0.0611458835 0.1088107848
1 0.6942705826 0.4251324025 0.0625902744 0.1049590756
1 0.7472315840 0.4256138662 0.0606644198 0.1011073664
1 0.8509870005 0.4256138662 0.0678863746 0.1011073664
1 0.7997111218 0.4260953298 0.0674049109 0.0982185845
1 0.9037072701 0.4270582571 0.0683678382 0.1088107848
1 0.9612421762 0.4260953298 0.0775156476 0.1088107848
0 0.2549350024 0.4492055850 0.0842561387 0.0731824747
0 0.0447761194 0.5765527203 0.0895522388 0.0649975927
0 0.1336061627 0.5808858931 0.0909966298 0.0669234473
6 0.2679345209 0.6090515166 0.0621088108 0.1232546943
6 0.2067886375 0.6073663938 0.0592200289 0.1246990852
6 0.3276360135 0.6100144439 0.0611458835 0.1232546943
4 0.3846894559 0.6064034665 0.0606644198 0.1141068849
4 0.4465575349 0.6121810303 0.0698122292 0.1256620125
4 0.5652383245 0.6121810303 0.0770341839 0.1218103033
1 0.6509388541 0.6023110255 0.1030332210 0.0934039480
4 0.5069812229 0.6150698122 0.0519980741 0.1169956668
1 0.7301396245 0.6150698122 0.0678863746 0.1169956668
1 0.7831006259 0.6148290804 0.0669234473 0.1184400578
1 0.8355801637 0.6160327395 0.0698122292 0.1179585941
1 0.8880597015 0.6157920077 0.0746268657 0.1174771305
1 0.9393355802 0.6153105441 0.0770341839 0.1184400578
1 0.9817043813 0.6189215214 0.0365912374 0.1169956668
0 0.0377948965 0.8432835821 0.0755897930 0.1487722677
0 0.1076071257 0.8432835821 0.0996629754 0.1555127588
5 0.2816562350 0.8367838228 0.0857005296 0.1502166586
4 0.4275397208 0.8346172364 0.0606644198 0.1468464131
4 0.4841116996 0.8343765046 0.0640346654 0.1454020221
4 0.6001444391 0.8341357727 0.0505536832 0.1429947039
4 0.5428502648 0.8353394319 0.0611458835 0.1492537313
7 0.6562349543 0.8324506500 0.0683678382 0.1396244584
7 0.7200288878 0.8329321136 0.0688493019 0.1357727492
7 0.8088589312 0.8336543091 0.1328839673 0.1429947039
0 0.9051516610 0.8435243139 0.0876263842 0.1550312951
0 0.9622051035 0.8418391911 0.0755897930 0.1584015407
0 0.9944631680 0.8430428503 0.0110736639 0.1598459316
0 0.1966779008 0.8692826192 0.1006259027 0.1025517573
