0 0.5021413276 0.0299785867 0.0706638116 0.0599571734
0 0.5760171306 0.0380085653 0.0770877944 0.0760171306
0 0.6472162741 0.0535331906 0.0653104925 0.1070663812
0 0.7114561028 0.0626338330 0.0695931478 0.1252676660
0 0.8254817987 0.1167023555 0.0578158458 0.0877944325
0 0.8340471092 0.0455032120 0.0620985011 0.0802997859
0 0.8822269807 0.0706638116 0.0492505353 0.0770877944
0 0.3126338330 0.1274089936 0.1199143469 0.2312633833
0 0.4164882227 0.1504282655 0.1006423983 0.1980728051
0 0.5524625268 0.1755888651 0.1327623126 0.2034261242
0 0.6536402570 0.2077087794 0.0910064240 0.1755888651
0 0.8779443255 0.1461456103 0.0513918630 0.0910064240
0 0.7478586724 0.2366167024 0.0674518201 0.1648822270
7 0.8688436831 0.2767665953 0.0717344754 0.1381156317
1 0.3447537473 0.3736616702 0.1563169165 0.1905781585
1 0.4892933619 0.3849036403 0.1370449679 0.1809421842
1 0.6065310493 0.3988222698 0.1167023555 0.1595289079
1 0.7012847966 0.4223768737 0.0749464668 0.1188436831
7 0.7660599572 0.4250535332 0.0567451820 0.1220556745
7 0.8602783726 0.4261241970 0.0781584582 0.1199143469
1 0.7783725910 0.5749464668 0.0385438972 0.1263383298
1 0.8479657388 0.5722698073 0.0364025696 0.1167023555
1 0.3040685225 0.5931477516 0.0728051392 0.1670235546
1 0.3677730193 0.5899357602 0.0674518201 0.1648822270
1 0.4336188437 0.5883297645 0.0599571734 0.1573875803
1 0.4973233405 0.5904710921 0.0674518201 0.1402569593
1 0.5562098501 0.5867237687 0.0567451820 0.1456102784
1 0.6183083512 0.5840471092 0.0503211991 0.1445396146
1 0.6622055675 0.5824411135 0.0417558887 0.1349036403
1 0.7446466809 0.5765524625 0.0396145610 0.1295503212
1 0.7071734475 0.5781584582 0.0481798715 0.1349036403
1 0.8120985011 0.5754817987 0.0396145610 0.1231263383
1 0.4593147752 0.7226980728 0.0792291221 0.0835117773
1 0.5347965739 0.7130620985 0.0717344754 0.0877944325
1 0.6049250535 0.7044967880 0.0706638116 0.0856531049
1 0.6723768737 0.6980728051 0.0728051392 0.0899357602
1 0.3559957173 0.7794432548 0.1231263383 0.1798715203
1 0.4582441113 0.8094218415 0.0835117773 0.0899357602
1 0.5337259101 0.7912205567 0.0738758030 0.0813704497
1 0.6033190578 0.7783725910 0.0653104925 0.0770877944
1 0.6702355460 0.7724839400 0.0770877944 0.0781584582
1 0.7387580300 0.7607066381 0.0620985011 0.0760171306
7 0.7516059957 0.8420770878 0.0128479657 0.0438972163
7 0.8088865096 0.8420770878 0.0289079229 0.0631691649
1 0.5246252677 0.9202355460 0.0856531049 0.1595289079
1 0.5963597430 0.9089935760 0.0749464668 0.1820128480
1 0.6579229122 0.8950749465 0.0460385439 0.1584582441
1 0.6964668094 0.8800856531 0.0460385439 0.1477516060
7 0.7553533191 0.8982869379 0.0203426124 0.0685224839
7 0.7805139186 0.8650963597 0.0406852248 0.0321199143
1 0.3388650964 0.9384368308 0.1167023555 0.1231263383
1 0.4411134904 0.9304068522 0.0963597430 0.1391862955
4 0.8436830835 0.9850107066 0.0321199143 0.0299785867
4 0.8126338330 0.9903640257 0.0364025696 0.0192719486
1 0.7360813704 0.6857601713 0.0524625268 0.0802997859
1 0.7944325482 0.6820128480 0.0428265525 0.0749464668
1 0.8383297645 0.6750535332 0.0449678801 0.0695931478
1 0.8361884368 0.7403640257 0.0406852248 0.0631691649
1 0.7901498929 0.7478586724 0.0428265525 0.0631691649
