1 0.4238544474 0.0269541779 0.0741239892 0.0539083558
1 0.4252021563 0.0997304582 0.0822102426 0.0700808625
3 0.8591644205 0.0902964960 0.0525606469 0.0485175202
1 0.4225067385 0.1738544474 0.0876010782 0.0835579515
1 0.5047169811 0.1778975741 0.0822102426 0.0754716981
1 0.5053908356 0.1030997305 0.0781671159 0.0768194070
1 0.5916442049 0.1778975741 0.0916442049 0.0754716981
1 0.5936657682 0.1037735849 0.0929919137 0.0754716981
1 0.6832884097 0.1832884097 0.0997304582 0.0781671159
1 0.6920485175 0.1057951482 0.1010781671 0.0795148248
1 0.7809973046 0.1886792453 0.0876010782 0.0808625337
1 0.7884097035 0.1044474394 0.0943396226 0.0795148248
1 0.5788409704 0.3308625337 0.1442048518 0.1415094340
1 0.4366576819 0.3483827493 0.1455525606 0.1738544474
1 0.7237196765 0.3315363881 0.1482479784 0.1401617251
1 0.8281671159 0.3335579515 0.0660377358 0.1388140162
1 0.3921832884 0.5377358491 0.0808625337 0.1536388140
1 0.4568733154 0.5417789757 0.0781671159 0.1563342318
1 0.5269541779 0.5444743935 0.0808625337 0.1617250674
1 0.5929919137 0.5485175202 0.0808625337 0.1617250674
1 0.6570080863 0.5532345013 0.0741239892 0.1630727763
1 0.7223719677 0.5592991914 0.0727762803 0.1617250674
1 0.7870619946 0.5572776280 0.0781671159 0.1630727763
1 0.8564690027 0.5626684636 0.0741239892 0.1630727763
1 0.6758760108 0.7136118598 0.1549865229 0.1711590296
1 0.8180592992 0.7136118598 0.1239892183 0.1495956873
