1 0.0945639864 0.1806342016 0.1460928652 0.0962627407
1 0.2718006795 0.1953567384 0.1336353341 0.0985277463
1 0.4303510759 0.2027180068 0.1087202718 0.0702151755
1 0.5883352208 0.2214043035 0.1370328426 0.0622876557
7 0.7542468856 0.2185730464 0.1132502831 0.0588901472
1 0.0877689694 0.2678369196 0.1483578709 0.0985277463
1 0.2695356738 0.2797281993 0.1336353341 0.0973952435
1 0.4263873160 0.2667044168 0.1053227633 0.0713476784
1 0.5849377123 0.2882219706 0.1347678369 0.0645526614
7 0.7502831257 0.2672706682 0.1143827860 0.0566251416
1 0.0872027180 0.3556058890 0.1494903737 0.0860702152
1 0.2684031710 0.3612684032 0.1313703284 0.0838052095
1 0.4246885617 0.3306908267 0.1064552661 0.0747451869
1 0.5821064553 0.3539071348 0.1336353341 0.0645526614
7 0.7451868630 0.3493771234 0.1155152888 0.1234428086
7 0.9212910532 0.3533408834 0.1551528879 0.0792751982
1 0.0883352208 0.4292185730 0.1426953567 0.0838052095
1 0.2672706682 0.4343148358 0.1268403171 0.0804077010
1 0.4224235561 0.3997734994 0.1064552661 0.0656851642
1 0.5787089468 0.4173272933 0.1336353341 0.0577576444
7 0.9190260476 0.4184597961 0.1619479049 0.0713476784
1 0.1200453001 0.5073612684 0.0702151755 0.0770101925
1 0.2599093998 0.5113250283 0.1302378256 0.0758776897
1 0.4184597961 0.4643261608 0.1053227633 0.0634201586
1 0.5770101925 0.4818799547 0.1347678369 0.0645526614
7 0.7406568516 0.4643261608 0.1177802945 0.1200453001
7 0.9178935447 0.4869762174 0.1642129105 0.0792751982
1 0.1155152888 0.5860702152 0.0747451869 0.0781426954
1 0.2916194790 0.5883352208 0.0668176670 0.0713476784
1 0.2231030578 0.5860702152 0.0679501699 0.0736126840
1 0.3844847112 0.5419026048 0.0464326161 0.0872027180
1 0.4399773499 0.5419026048 0.0600226501 0.0894677237
1 0.5741789354 0.5486976217 0.1291053228 0.0622876557
3 0.7712344281 0.5469988675 0.0407701019 0.0475651189
3 0.7293318233 0.5877689694 0.0430351076 0.0430351076
3 0.7701019253 0.5889014723 0.0385050963 0.0407701019
3 0.7327293318 0.5441676104 0.0407701019 0.0486976217
7 0.9116647792 0.5900339751 0.1653454134 0.1336353341
1 0.1109852775 0.6636466591 0.0747451869 0.0792751982
1 0.2208380521 0.6596828992 0.0679501699 0.0736126840
1 0.3822197055 0.6302378256 0.0441676104 0.0849377123
1 0.4360135900 0.6336353341 0.0588901472 0.0894677237
1 0.5741789354 0.6370328426 0.1291053228 0.1121177803
3 0.7440543601 0.6274065685 0.0883352208 0.0453001133
1 0.2197055493 0.7344280861 0.0702151755 0.0804077010
1 0.2910532276 0.6664779162 0.0634201586 0.0690826727
1 0.3788221971 0.7208380521 0.0464326161 0.0804077010
1 0.4326160815 0.7219705549 0.0634201586 0.0826727067
2 0.9229898075 0.6919592299 0.1381653454 0.0747451869
1 0.1064552661 0.7423556059 0.0815402039 0.0781426954
1 0.2882219706 0.7389580974 0.0668176670 0.0713476784
1 0.3776896942 0.8018120045 0.0509626274 0.0792751982
1 0.4314835787 0.8057757644 0.0611551529 0.0826727067
1 0.5679501699 0.7531143828 0.1279728199 0.1155152888
8 0.7298980747 0.7417893545 0.1098527746 0.1812004530
2 0.9161947905 0.7593431484 0.1336353341 0.0781426954
1 0.1058890147 0.8193657984 0.0758776897 0.0758776897
1 0.2146092865 0.8154020385 0.0668176670 0.0792751982
1 0.2831257078 0.8137032843 0.0656851642 0.0804077010
1 0.5588901472 0.8674971687 0.1279728199 0.1155152888
8 0.7236693092 0.8799546999 0.1087202718 0.0928652322
2 0.9144960362 0.8640996602 0.1347678369 0.1381653454
1 0.1007927520 0.8958097395 0.0770101925 0.0747451869
1 0.2100792752 0.8958097395 0.0690826727 0.0770101925
1 0.2802944507 0.8935447339 0.0668176670 0.0724801812
1 0.3748584371 0.8873159683 0.0543601359 0.0849377123
1 0.4275198188 0.8856172140 0.0577576444 0.0838052095
