1 0.0852981969 0.1699029126 0.0707350902 0.1608876560
1 0.0291262136 0.1702496533 0.0582524272 0.1629680999
1 0.1796116505 0.1407766990 0.1386962552 0.1206657420
1 0.2780859917 0.1341886269 0.0832177531 0.1282940361
1 0.3467406380 0.1373092926 0.0721220527 0.1289875173
1 0.4157420250 0.1352288488 0.0728155340 0.1137309293
1 0.5755894591 0.1303744799 0.0832177531 0.1276005548
1 0.4941054092 0.1334951456 0.0811373093 0.1255201110
0 0.6650485437 0.1230929265 0.0984743412 0.1269070735
0 0.7631761442 0.1192787795 0.0991678225 0.1345353675
0 0.8609570042 0.0780166436 0.1005547850 0.0603328710
0 0.8630374480 0.1494452150 0.0963938974 0.0880721221
0 0.9559639390 0.1494452150 0.0880721221 0.0922330097
0 0.9559639390 0.0742024965 0.0880721221 0.0707350902
1 0.0156033287 0.3703190014 0.0312066574 0.1248266297
1 0.0596393897 0.3772538141 0.0998613037 0.1234396671
1 0.1425104022 0.3755201110 0.0950069348 0.1449375867
1 0.2281553398 0.3699722607 0.0873786408 0.1310679612
1 0.3058252427 0.3671983356 0.0873786408 0.1393897365
1 0.3866158114 0.3692787795 0.0880721221 0.1366158114
1 0.4750346741 0.3665048544 0.0943134535 0.1435506241
0 0.5634535368 0.3571428571 0.0936199723 0.0485436893
0 0.6622746186 0.3352981969 0.1067961165 0.0478502080
0 0.6612343967 0.4036061026 0.1116504854 0.0901525659
0 0.7777392510 0.3758668516 0.1227461859 0.1373092926
0 0.8945908460 0.3658113731 0.1192787795 0.1185852982
0 0.9701803051 0.3269764216 0.0596393897 0.0520110957
1 0.0058945908 0.5700416089 0.0117891817 0.0540915395
1 0.1251733703 0.6473647712 0.0839112344 0.0852981969
1 0.0443828017 0.6307212205 0.0887656033 0.0672676838
1 0.0533980583 0.5693481276 0.0859916782 0.0582524272
1 0.1334951456 0.5707350902 0.0742024965 0.0693481276
1 0.2187933426 0.5804438280 0.0950069348 0.0804438280
1 0.3134535368 0.5825242718 0.0970873786 0.0721220527
1 0.4056865465 0.5742024965 0.0873786408 0.0679611650
1 0.4011789182 0.6497919556 0.0908460472 0.0859916782
1 0.4968793343 0.5797503467 0.0936199723 0.0735090153
0 0.5863384189 0.6220527046 0.0977808599 0.1581137309
0 0.6865464632 0.5790568655 0.1026352288 0.0721220527
0 0.7957697642 0.6171983356 0.1158113731 0.1456310680
0 0.9053398058 0.6213592233 0.1171983356 0.1470180305
0 0.9788488211 0.5814840499 0.0423023578 0.0783633842
1 0.0429958391 0.6986823856 0.0859916782 0.0714285714
1 0.2132454924 0.6595006935 0.0977808599 0.0859916782
1 0.3085991678 0.6581137309 0.0943134535 0.0804438280
1 0.4913314840 0.6591539528 0.0936199723 0.0866851595
0 0.6893203883 0.6640083218 0.1040221914 0.0963938974
0 0.7926490985 0.7291955617 0.0998613037 0.0755894591
0 0.9798890430 0.6671289875 0.0402219140 0.0970873786
1 0.0974341193 0.8637309293 0.0700416089 0.1241331484
4 0.0374479889 0.8581830791 0.0748959778 0.1449375867
1 0.2191400832 0.8710124827 0.0665742025 0.1248266297
1 0.1612343967 0.8654646325 0.0589459085 0.1192787795
1 0.3422330097 0.8720527046 0.0672676838 0.1477115118
1 0.2839805825 0.8668515950 0.0658807212 0.1456310680
1 0.4743411928 0.8817614424 0.0679611650 0.1504854369
1 0.4060332871 0.8789875173 0.0714285714 0.1449375867
7 0.0582524272 0.9899445215 0.0527045770 0.0201109570
1 0.5398751734 0.8893897365 0.0686546463 0.1449375867
7 0.6144244105 0.9056865465 0.0832177531 0.1539528433
7 0.7333564494 0.9147018031 0.1601941748 0.1622746186
7 0.8765603329 0.9147018031 0.1386962552 0.1539528433
7 0.9802357836 0.9309986130 0.0395284327 0.1380027739
1 0.1119972261 0.9927184466 0.0492371706 0.0145631068
7 0.0183772538 0.9875173370 0.0367545076 0.0249653259
