0 0.4597701149 0.0536398467 0.0977011494 0.1072796935
0 0.5636973180 0.0536398467 0.1273946360 0.1072796935
0 0.8089080460 0.0340038314 0.0718390805 0.0680076628
0 0.4650383142 0.1776819923 0.0833333333 0.1388888889
0 0.5636973180 0.1748084291 0.1216475096 0.1331417625
0 0.8625478927 0.1312260536 0.1637931034 0.1647509579
0 0.5220306513 0.3127394636 0.1858237548 0.1369731801
0 0.8764367816 0.2926245211 0.1896551724 0.1695402299
0 0.5272988506 0.4487547893 0.1752873563 0.1350574713
0 0.8204022989 0.4521072797 0.0660919540 0.1475095785
0 0.9147509579 0.4535440613 0.1245210728 0.1542145594
1 0.5416666667 0.6843869732 0.1733716475 0.1120689655
1 0.5373563218 0.5718390805 0.1762452107 0.1149425287
0 0.8505747126 0.5886015326 0.0670498084 0.1293103448
1 0.5440613027 0.7926245211 0.1570881226 0.1005747126
1 0.8673371648 0.8328544061 0.1886973180 0.1216475096
1 0.8635057471 0.7107279693 0.1982758621 0.1302681992
1 0.5469348659 0.8879310345 0.1781609195 0.0996168582
1 0.5426245211 0.9626436782 0.1772030651 0.0747126437
1 0.8644636015 0.9420498084 0.1925287356 0.1159003831
1 0.8682950192 0.9956896552 0.1810344828 0.0086206897
