1 0.2132829374 0.2095032397 0.0637149028 0.0647948164
1 0.1468682505 0.2073434125 0.0669546436 0.0647948164
1 0.0437365011 0.2321814255 0.0874730022 0.1079913607
1 0.2154427646 0.2715982721 0.0658747300 0.0701943844
1 0.1495680346 0.2732181425 0.0680345572 0.0712742981
1 0.3029157667 0.2737580994 0.0658747300 0.0593952484
1 0.3693304536 0.2710583153 0.0626349892 0.0496760259
8 0.0431965443 0.3342332613 0.0863930886 0.0874730022
1 0.2165226782 0.3466522678 0.0658747300 0.0712742981
1 0.1484881210 0.3434125270 0.0680345572 0.0669546436
1 0.3039956803 0.3439524838 0.0637149028 0.0615550756
1 0.3687904968 0.3374730022 0.0680345572 0.0593952484
1 0.4767818575 0.3639308855 0.0637149028 0.0647948164
1 0.5426565875 0.3666306695 0.0658747300 0.0615550756
8 0.0426565875 0.4335853132 0.0853131749 0.0982721382
1 0.2170626350 0.4146868251 0.0669546436 0.0669546436
1 0.1463282937 0.4157667387 0.0701943844 0.0712742981
1 0.3077753780 0.4119870410 0.0669546436 0.0680345572
1 0.3752699784 0.4098272138 0.0723542117 0.0701943844
1 0.6252699784 0.3790496760 0.0367170626 0.0647948164
1 0.8444924406 0.4346652268 0.0755939525 0.1457883369
1 0.2197624190 0.4892008639 0.0701943844 0.0712742981
1 0.1495680346 0.4870410367 0.0723542117 0.0734341253
1 0.3131749460 0.4832613391 0.0691144708 0.0680345572
1 0.3817494600 0.4805615551 0.0723542117 0.0647948164
1 0.4794816415 0.4438444924 0.0647948164 0.0777537797
1 0.5458963283 0.4400647948 0.0680345572 0.0788336933
1 0.0404967603 0.5647948164 0.0809935205 0.0583153348
1 0.0415766739 0.5107991361 0.0831533477 0.0539956803
1 0.1457883369 0.5626349892 0.0777537797 0.0734341253
1 0.2197624190 0.5664146868 0.0723542117 0.0745140389
1 0.3866090713 0.5550755940 0.0755939525 0.0734341253
1 0.3153347732 0.5534557235 0.0691144708 0.0745140389
1 0.4865010799 0.5205183585 0.0680345572 0.0799136069
1 0.5534557235 0.5178185745 0.0658747300 0.0809935205
1 0.6495680346 0.5685745140 0.0788336933 0.0853131749
1 0.7289416847 0.5750539957 0.0691144708 0.0853131749
1 0.0404967603 0.6187904968 0.0809935205 0.0583153348
1 0.1441684665 0.6393088553 0.0788336933 0.0755939525
1 0.2192224622 0.6409287257 0.0712742981 0.0745140389
1 0.3903887689 0.6306695464 0.0766738661 0.0712742981
1 0.3196544276 0.6285097192 0.0712742981 0.0799136069
1 0.4816414687 0.6052915767 0.0799136069 0.0853131749
1 0.5599352052 0.6015118790 0.0788336933 0.0842332613
1 0.8709503240 0.5901727862 0.1069114471 0.1565874730
1 0.0399568035 0.6781857451 0.0799136069 0.0626349892
1 0.3207343413 0.7111231102 0.0755939525 0.0831533477
1 0.3952483801 0.7089632829 0.0755939525 0.0809935205
1 0.4978401728 0.6922246220 0.0712742981 0.0885529158
1 0.5723542117 0.6900647948 0.0777537797 0.0907127430
1 0.6614470842 0.6652267819 0.0917926566 0.0907127430
1 0.7440604752 0.6646868251 0.0799136069 0.0917926566
1 0.8347732181 0.6598272138 0.0842332613 0.0907127430
1 0.9076673866 0.6879049676 0.0723542117 0.0302375810
3 0.0388768898 0.7316414687 0.0777537797 0.0529157667
3 0.0129589633 0.7834773218 0.0259179266 0.0529157667
3 0.0496760259 0.7791576674 0.0496760259 0.0529157667
1 0.1403887689 0.7213822894 0.0755939525 0.0777537797
1 0.2170626350 0.7181425486 0.0777537797 0.0799136069
1 0.5788336933 0.7834773218 0.0777537797 0.0917926566
1 0.4994600432 0.7840172786 0.0831533477 0.0950323974
1 0.6679265659 0.7645788337 0.0788336933 0.0971922246
1 0.7516198704 0.7688984881 0.0863930886 0.1015118790
1 0.8185745140 0.7618790497 0.0626349892 0.0961123110
3 0.0113390929 0.8374730022 0.0226781857 0.0572354212
3 0.0458963283 0.8331533477 0.0529157667 0.0615550756
1 0.1382289417 0.8018358531 0.0799136069 0.0831533477
1 0.2170626350 0.8007559395 0.0777537797 0.0809935205
1 0.3995680346 0.7937365011 0.0799136069 0.0842332613
1 0.3239740821 0.7948164147 0.0777537797 0.0863930886
5 0.0313174946 0.9190064795 0.0626349892 0.0496760259
5 0.2111231102 0.9001079914 0.1004319654 0.0593952484
5 0.3288336933 0.9130669546 0.0766738661 0.0982721382
5 0.4011879050 0.9092872570 0.0723542117 0.0971922246
5 0.5129589633 0.9082073434 0.0777537797 0.0907127430
5 0.5901727862 0.9049676026 0.0658747300 0.0863930886
5 0.7478401728 0.9044276458 0.0809935205 0.1112311015
5 0.0313174946 0.9730021598 0.0626349892 0.0539956803
5 0.1328293737 0.9670626350 0.0583153348 0.0658747300
5 0.1889848812 0.9659827214 0.0496760259 0.0680345572
5 0.2392008639 0.9654427646 0.0421166307 0.0691144708
5 0.5188984881 0.9767818575 0.0680345572 0.0464362851
5 0.5934125270 0.9757019438 0.0723542117 0.0485961123
5 0.6749460043 0.9794816415 0.0799136069 0.0410367171
5 0.3250539957 0.9827213823 0.0777537797 0.0345572354
5 0.4017278618 0.9811015119 0.0755939525 0.0377969762
5 0.7456803456 0.9816414687 0.0637149028 0.0367170626
