1 0.1333333333 0.0339506173 0.1407407407 0.0679012346
1 0.2623456790 0.0320987654 0.1395061728 0.0641975309
1 0.3925925926 0.0302469136 0.1333333333 0.0604938272
1 0.5234567901 0.0277777778 0.1333333333 0.0555555556
1 0.6543209877 0.0259259259 0.1456790123 0.0518518519
5 0.7777777778 0.0216049383 0.0765432099 0.0432098765
5 0.8537037037 0.0216049383 0.0703703704 0.0432098765
5 0.9296296296 0.0209876543 0.0641975309 0.0419753086
5 0.9814814815 0.0216049383 0.0370370370 0.0432098765
1 0.1382716049 0.1740740741 0.1407407407 0.1111111111
1 0.2660493827 0.2080246914 0.1271604938 0.2234567901
1 0.3827160494 0.2061728395 0.1209876543 0.2172839506
1 0.4932098765 0.1981481481 0.1172839506 0.2185185185
1 0.6043209877 0.1925925926 0.1148148148 0.2172839506
5 0.8296296296 0.2006172840 0.0617283951 0.1790123457
5 0.8956790123 0.2012345679 0.0728395062 0.1777777778
5 0.9703703704 0.2006172840 0.0592592593 0.1790123457
1 0.1413580247 0.2777777778 0.1370370370 0.1086419753
5 0.8290123457 0.3808641975 0.1098765432 0.0802469136
5 0.9685185185 0.3783950617 0.0629629630 0.1000000000
5 0.9129629630 0.3611111111 0.0604938272 0.0580246914
1 0.1419753086 0.5234567901 0.1481481481 0.2395061728
1 0.2858024691 0.5240740741 0.1444444444 0.2456790123
1 0.4265432099 0.5203703704 0.1444444444 0.2432098765
1 0.5611111111 0.5043209877 0.1493827160 0.2358024691
1 0.6907407407 0.5043209877 0.1444444444 0.2407407407
5 0.8259259259 0.4777777778 0.1061728395 0.1209876543
5 0.9302469136 0.4820987654 0.1296296296 0.1098765432
5 0.9944444444 0.4839506173 0.0111111111 0.1086419753
5 0.8320987654 0.6037037037 0.1037037037 0.1209876543
5 0.9327160494 0.6320987654 0.1049382716 0.0469135802
5 0.9296296296 0.5814814815 0.1135802469 0.0617283951
2 0.5753086420 0.7648148148 0.1901234568 0.1419753086
5 0.8401234568 0.7209876543 0.0975308642 0.1185185185
5 0.9475308642 0.7333333333 0.1049382716 0.1111111111
1 0.1679012346 0.8475308642 0.1925925926 0.2209876543
7 0.1820987654 0.9722222222 0.1345679012 0.0555555556
2 0.5888888889 0.9043209877 0.1851851852 0.1419753086
5 0.8592592593 0.8956790123 0.1283950617 0.2086419753
5 0.9580246914 0.8969135802 0.0839506173 0.2061728395
7 0.1728395062 0.9969135802 0.1432098765 0.0061728395
7 0.3209876543 0.9913580247 0.1604938272 0.0172839506
7 0.4839506173 0.9802469136 0.1604938272 0.0395061728
