7 0.1566265060 0.0072289157 0.0698795181 0.0144578313
7 0.2180722892 0.0096385542 0.0722891566 0.0192771084
7 0.3186746988 0.0198795181 0.0831325301 0.0397590361
7 0.4186746988 0.0210843373 0.1144578313 0.0421686747
7 0.5210843373 0.0246987952 0.0975903614 0.0493975904
7 0.6108433735 0.0259036145 0.0626506024 0.0518072289
2 0.7204819277 0.0253012048 0.1542168675 0.0506024096
2 0.9349397590 0.0463855422 0.1277108434 0.0638554217
0 0.0409638554 0.1126506024 0.0819277108 0.1024096386
7 0.1427710843 0.1222891566 0.1385542169 0.1024096386
7 0.2674698795 0.1277108434 0.1301204819 0.1108433735
7 0.3885542169 0.1361445783 0.1265060241 0.1060240964
6 0.5084337349 0.1439759036 0.1204819277 0.1144578313
6 0.6518072289 0.1421686747 0.1445783133 0.0650602410
6 0.6500000000 0.1843373494 0.1554216867 0.0457831325
5 0.7554216867 0.1668674699 0.0698795181 0.0927710843
5 0.8222891566 0.1716867470 0.0710843373 0.0903614458
5 0.8951807229 0.1740963855 0.0795180723 0.0903614458
5 0.9668674699 0.1765060241 0.0662650602 0.0951807229
0 0.0240963855 0.2873493976 0.0481927711 0.1457831325
7 0.1084337349 0.2897590361 0.1469879518 0.1313253012
5 0.2421686747 0.2927710843 0.1421686747 0.1349397590
7 0.3680722892 0.2969879518 0.1337349398 0.1313253012
1 0.5012048193 0.3084337349 0.1349397590 0.1253012048
1 0.6548192771 0.3174698795 0.0566265060 0.1289156627
1 0.5969879518 0.3114457831 0.0566265060 0.1289156627
1 0.7096385542 0.3210843373 0.0554216867 0.1265060241
1 0.7638554217 0.3246987952 0.0554216867 0.1265060241
1 0.8403614458 0.3168674699 0.1024096386 0.1060240964
5 0.9144578313 0.3289156627 0.0578313253 0.1204819277
5 0.9656626506 0.3301204819 0.0590361446 0.1204819277
7 0.1108433735 0.4903614458 0.2216867470 0.1542168675
7 0.2518072289 0.4915662651 0.0771084337 0.1542168675
4 0.3192771084 0.5012048193 0.0698795181 0.1421686747
4 0.3795180723 0.5024096386 0.0650602410 0.1421686747
4 0.4457831325 0.5042168675 0.0819277108 0.1433734940
4 0.5265060241 0.5072289157 0.0795180723 0.1421686747
1 0.6355421687 0.5060240964 0.1433734940 0.1397590361
1 0.7753012048 0.5090361446 0.1409638554 0.1409638554
5 0.8704819277 0.5048192771 0.0614457831 0.1253012048
5 0.9259036145 0.5084337349 0.0542168675 0.1253012048
5 0.9759036145 0.5114457831 0.0481927711 0.1313253012
5 0.9186746988 0.7030120482 0.0493975904 0.1048192771
5 0.9638554217 0.6963855422 0.0457831325 0.0963855422
5 0.9927710843 0.6969879518 0.0144578313 0.0975903614
0 0.0518072289 0.7349397590 0.0891566265 0.1831325301
0 0.1355421687 0.7355421687 0.0903614458 0.1795180723
0 0.2144578313 0.7343373494 0.0795180723 0.1771084337
4 0.2861445783 0.7373493976 0.0831325301 0.1783132530
4 0.3680722892 0.7343373494 0.0783132530 0.1771084337
4 0.4391566265 0.7355421687 0.0759036145 0.1722891566
4 0.5265060241 0.7343373494 0.0963855422 0.1746987952
1 0.6728915663 0.7234939759 0.0614457831 0.1530120482
1 0.7969879518 0.7259036145 0.0590361446 0.1433734940
1 0.7367469880 0.7259036145 0.0614457831 0.1457831325
1 0.8560240964 0.7253012048 0.0686746988 0.1445783133
7 0.0783132530 0.8951807229 0.1204819277 0.0626506024
7 0.2138554217 0.8915662651 0.1481927711 0.0530120482
7 0.3560240964 0.8873493976 0.1361445783 0.0638554217
7 0.4500000000 0.9204819277 0.0590361446 0.1349397590
7 0.5572289157 0.8987951807 0.0542168675 0.0915662651
7 0.5066265060 0.9108433735 0.0566265060 0.1132530120
7 0.6072289157 0.9078313253 0.0554216867 0.1096385542
7 0.7156626506 0.9156626506 0.0578313253 0.1253012048
7 0.6620481928 0.9162650602 0.0566265060 0.1265060241
7 0.7704819277 0.9198795181 0.0590361446 0.1409638554
3 0.8234939759 0.9162650602 0.0662650602 0.1361445783
3 0.8746987952 0.9090361446 0.0481927711 0.1168674699
3 0.9253012048 0.8716867470 0.0506024096 0.0518072289
5 0.9746987952 0.8686746988 0.0457831325 0.0506024096
5 0.9777108434 0.9192771084 0.0397590361 0.0506024096
7 0.0867469880 0.9572289157 0.1060240964 0.0686746988
7 0.2114457831 0.9475903614 0.1409638554 0.0590361446
7 0.3554216867 0.9409638554 0.1397590361 0.0698795181
3 0.9271084337 0.9313253012 0.0518072289 0.0578313253
