1 0.4452423698 0.0134649910 0.0682226212 0.0269299820
1 0.0484739677 0.0520646320 0.0538599641 0.1041292639
1 0.1543985637 0.0520646320 0.0574506284 0.1041292639
1 0.1005385996 0.0502692998 0.0574506284 0.1005385996
1 0.2118491921 0.0511669659 0.0538599641 0.1023339318
1 0.2719928187 0.0547576302 0.0556552962 0.1095152603
1 0.3842010772 0.0556552962 0.0574506284 0.1113105925
1 0.3267504488 0.0538599641 0.0502692998 0.1077199282
1 0.4461400359 0.0520646320 0.0664272890 0.0538599641
1 0.0188509874 0.1929982047 0.0377019749 0.0987432675
1 0.0888689408 0.1876122083 0.1059245961 0.1059245961
1 0.1929982047 0.1885098743 0.1023339318 0.0969479354
1 0.2962298025 0.1876122083 0.1077199282 0.1023339318
1 0.3716337522 0.1885098743 0.0502692998 0.0969479354
1 0.4578096948 0.1876122083 0.0394973070 0.1059245961
1 0.4174147217 0.1858168761 0.0448833034 0.1059245961
1 0.0134649910 0.3366247756 0.0269299820 0.0592459605
1 0.1202872531 0.3348294434 0.0610412926 0.0592459605
1 0.0610412926 0.3375224417 0.0646319569 0.0610412926
1 0.1849192101 0.3402154399 0.0646319569 0.0484739677
1 0.3213644524 0.3330341113 0.0646319569 0.0592459605
1 0.2513464991 0.3357271095 0.0682226212 0.0646319569
1 0.0143626571 0.3967684022 0.0287253142 0.0682226212
1 0.0771992819 0.3958707361 0.0610412926 0.0592459605
1 0.1355475763 0.3904847397 0.0520646320 0.0592459605
1 0.2621184919 0.3940754039 0.0610412926 0.0556552962
1 0.1894075404 0.3922800718 0.0592459605 0.0556552962
1 0.3222621185 0.3904847397 0.0664272890 0.0664272890
1 0.3779174147 0.3536804309 0.0448833034 0.1041292639
1 0.4210053860 0.3635547576 0.0448833034 0.0807899461
1 0.4596050269 0.3590664273 0.0359066427 0.0897666068
1 0.0134649910 0.5359066427 0.0269299820 0.1166965889
1 0.0619389587 0.5368043088 0.0771992819 0.1220825853
1 0.1364452424 0.5350089767 0.0754039497 0.1220825853
1 0.2854578097 0.5664272890 0.0718132855 0.0628366248
1 0.2100538600 0.5359066427 0.0754039497 0.1274685817
1 0.2836624776 0.5044883303 0.0789946140 0.0646319569
1 0.3581687612 0.5008976661 0.0700179533 0.0610412926
1 0.4362657092 0.5044883303 0.0825852783 0.0682226212
1 0.3581687612 0.5646319569 0.0700179533 0.0628366248
1 0.4335727110 0.5718132855 0.0843806104 0.0700179533
8 0.5682226212 0.5071813285 0.1238779174 0.0736086176
8 0.6903052065 0.5035906643 0.1274685817 0.0807899461
8 0.8285457810 0.5547576302 0.1238779174 0.0718132855
8 0.8249551167 0.4919210054 0.1238779174 0.0574506284
8 0.9452423698 0.5089766607 0.1095152603 0.0915619390
8 0.5691202873 0.5798922801 0.1220825853 0.0825852783
8 0.5807899461 0.6759425494 0.1490125673 0.0664272890
8 0.7163375224 0.6786355476 0.1220825853 0.0718132855
8 0.6903052065 0.5816876122 0.1274685817 0.0754039497
8 0.0628366248 0.7217235189 0.1256732496 0.1400359066
8 0.2127468582 0.7181328546 0.1741472172 0.1328545781
8 0.3859964093 0.7172351885 0.1759425494 0.1346499102
8 0.5754039497 0.7477558348 0.1418312388 0.0736086176
8 0.7091561939 0.7495511670 0.1328545781 0.0736086176
8 0.8527827648 0.7019748654 0.1256732496 0.1256732496
8 0.9587073609 0.7010771993 0.0825852783 0.1202872531
8 0.0610412926 0.8922800718 0.1220825853 0.1149012567
8 0.2091561939 0.8886894075 0.1813285458 0.1149012567
8 0.3850987433 0.8895870736 0.1777378815 0.1166965889
8 0.5754039497 0.8276481149 0.1382405745 0.0825852783
8 0.7127468582 0.8294434470 0.1364452424 0.0861759425
8 0.6552962298 0.9120287253 0.1328545781 0.0861759425
8 0.8509874327 0.8429084381 0.1400359066 0.1669658887
8 0.9605026930 0.8240574506 0.0789946140 0.1113105925
