1 0.1764044944 0.0219101124 0.0764044944 0.0438202247
1 0.4325842697 0.0280898876 0.1483146067 0.0561797753
1 0.5786516854 0.0308988764 0.1438202247 0.0617977528
1 0.6780898876 0.0297752809 0.0617977528 0.0595505618
7 0.8797752809 0.0073033708 0.1438202247 0.0146067416
7 0.9657303371 0.0078651685 0.0685393258 0.0157303371
7 0.7589887640 0.0657303371 0.1292134831 0.1202247191
7 0.9056179775 0.0724719101 0.1707865169 0.1179775281
7 0.9926966292 0.0730337079 0.0146067416 0.1191011236
1 0.1966292135 0.1994382022 0.0764044944 0.1426966292
1 0.3174157303 0.2039325843 0.0685393258 0.1382022472
1 0.2561797753 0.2050561798 0.0719101124 0.1359550562
1 0.3893258427 0.1983146067 0.0887640449 0.1516853933
1 0.4691011236 0.1988764045 0.0820224719 0.1483146067
1 0.5511235955 0.2005617978 0.0842696629 0.1449438202
1 0.6370786517 0.1938202247 0.1056179775 0.1494382022
7 0.7516853933 0.2089887640 0.1235955056 0.1168539326
7 0.8617977528 0.2095505618 0.1213483146 0.1157303371
7 0.9573033708 0.1764044944 0.0786516854 0.0584269663
7 0.9483146067 0.2353932584 0.0786516854 0.0595505618
7 0.9938202247 0.1780898876 0.0123595506 0.0617977528
7 0.9882022472 0.2359550562 0.0235955056 0.0584269663
7 0.7960674157 0.3050561798 0.1696629213 0.0617977528
1 0.2342696629 0.4005617978 0.0977528090 0.1337078652
1 0.3213483146 0.4000000000 0.0966292135 0.1258426966
1 0.4089887640 0.4000000000 0.0786516854 0.1146067416
1 0.5747191011 0.3505617978 0.0820224719 0.0606741573
1 0.5758426966 0.4174157303 0.0842696629 0.0617977528
7 0.7837078652 0.3651685393 0.1674157303 0.0674157303
7 0.9337078652 0.3707865169 0.1325842697 0.0584269663
1 0.2477528090 0.4988764045 0.0910112360 0.0674157303
1 0.3337078652 0.4943820225 0.0741573034 0.0606741573
1 0.4033707865 0.5005617978 0.0674157303 0.0550561798
1 0.4797752809 0.4938202247 0.0831460674 0.0730337079
1 0.5640449438 0.4932584270 0.0831460674 0.0786516854
7 0.7095505618 0.4741573034 0.0707865169 0.1573033708
7 0.7651685393 0.4747191011 0.0696629213 0.1584269663
7 0.8230337079 0.4769662921 0.0707865169 0.1561797753
7 0.8792134831 0.4747191011 0.0752808989 0.1561797753
7 0.9365168539 0.4764044944 0.0775280899 0.1528089888
7 0.9764044944 0.4730337079 0.0471910112 0.1505617978
1 0.2432584270 0.5702247191 0.0797752809 0.0797752809
1 0.3247191011 0.5696629213 0.0831460674 0.0853932584
1 0.4078651685 0.5685393258 0.0853932584 0.0831460674
1 0.4848314607 0.5668539326 0.0752808989 0.0730337079
1 0.5623595506 0.5668539326 0.0842696629 0.0730337079
7 0.7500000000 0.6247191011 0.1382022472 0.0988764045
7 0.9123595506 0.6466292135 0.1662921348 0.1044943820
1 0.2488764045 0.7348314607 0.1000000000 0.1617977528
1 0.3224719101 0.7342696629 0.0853932584 0.1629213483
1 0.3988764045 0.7337078652 0.0786516854 0.1685393258
1 0.4685393258 0.7275280899 0.0764044944 0.1651685393
1 0.5421348315 0.7230337079 0.0730337079 0.1561797753
1 0.6174157303 0.7207865169 0.0842696629 0.1494382022
7 0.7365168539 0.7370786517 0.1269662921 0.0966292135
7 0.8983146067 0.7567415730 0.1382022472 0.1089887640
2 0.2882022472 0.8685393258 0.1449438202 0.0539325843
2 0.3000000000 0.9477528090 0.1348314607 0.1044943820
1 0.2853932584 0.0264044944 0.1505617978 0.0528089888
2 0.4039325843 0.9286516854 0.0887640449 0.1292134831
2 0.4915730337 0.9269662921 0.0910112360 0.1258426966
1 0.5606741573 0.9337078652 0.0719101124 0.1101123596
1 0.6241573034 0.9146067416 0.0707865169 0.1146067416
1 0.4898876404 0.3971910112 0.0719101124 0.1134831461
