1 0.3021126761 0.0436619718 0.0774647887 0.0873239437
1 0.3852112676 0.0450704225 0.0802816901 0.0901408451
1 0.4669014085 0.0464788732 0.0802816901 0.0929577465
1 0.5457746479 0.0485915493 0.0718309859 0.0971830986
1 0.6260563380 0.0500000000 0.0802816901 0.1000000000
1 0.7091549296 0.0500000000 0.0774647887 0.1000000000
1 0.8190140845 0.0500000000 0.1394366197 0.1000000000
1 0.9457746479 0.0535211268 0.1084507042 0.1070422535
1 0.2788732394 0.1985915493 0.0873239437 0.1352112676
1 0.3584507042 0.2035211268 0.0887323944 0.1309859155
1 0.4380281690 0.2056338028 0.0929577465 0.1323943662
1 0.5239436620 0.2084507042 0.0816901408 0.1323943662
1 0.6042253521 0.2133802817 0.0788732394 0.1309859155
1 0.7007042254 0.1866197183 0.1112676056 0.0746478873
1 0.8147887324 0.1915492958 0.1112676056 0.0732394366
1 0.9246478873 0.1957746479 0.1028169014 0.0788732394
1 0.9887323944 0.1971830986 0.0225352113 0.0760563380
1 0.7007042254 0.2556338028 0.1084507042 0.0577464789
1 0.8105633803 0.2584507042 0.1056338028 0.0549295775
1 0.9232394366 0.2626760563 0.1000000000 0.0577464789
1 0.9873239437 0.2640845070 0.0253521127 0.0633802817
1 0.2697183099 0.3957746479 0.1225352113 0.1661971831
1 0.3746478873 0.3985915493 0.1211267606 0.1661971831
1 0.4760563380 0.4000000000 0.1042253521 0.1633802817
1 0.5669014085 0.4014084507 0.1000000000 0.1577464789
1 0.6626760563 0.4105633803 0.0943661972 0.1619718310
1 0.7556338028 0.4563380282 0.0915492958 0.0845070423
1 0.7584507042 0.3711267606 0.0887323944 0.0830985915
1 0.8556338028 0.3718309859 0.0859154930 0.0788732394
1 0.9457746479 0.3753521127 0.0887323944 0.0830985915
1 0.9943661972 0.3816901408 0.0112676056 0.0816901408
1 0.8471830986 0.4591549296 0.0915492958 0.0845070423
1 0.9401408451 0.4605633803 0.1000000000 0.0873239437
1 0.9957746479 0.4669014085 0.0084507042 0.0830985915
1 0.2514084507 0.6161971831 0.1197183099 0.1816901408
1 0.3598591549 0.6246478873 0.1225352113 0.1845070423
1 0.4690140845 0.6253521127 0.1070422535 0.1859154930
1 0.5605633803 0.6239436620 0.1042253521 0.1774647887
1 0.6577464789 0.5845070423 0.0957746479 0.0873239437
1 0.7556338028 0.5901408451 0.0971830986 0.0929577465
1 0.8521126761 0.5957746479 0.0985915493 0.0929577465
1 0.9500000000 0.6014084507 0.0971830986 0.1014084507
1 0.2176056338 0.8415492958 0.0887323944 0.1676056338
1 0.2887323944 0.8422535211 0.0845070423 0.1661971831
1 0.3570422535 0.8457746479 0.0830985915 0.1647887324
1 0.4288732394 0.8485915493 0.0802816901 0.1676056338
1 0.5000000000 0.8507042254 0.0816901408 0.1690140845
1 0.5704225352 0.8535211268 0.0788732394 0.1690140845
1 0.6401408451 0.8556338028 0.0774647887 0.1704225352
1 0.7112676056 0.8570422535 0.0760563380 0.1704225352
1 0.8521126761 0.8612676056 0.0704225352 0.1704225352
1 0.7809859155 0.8598591549 0.0718309859 0.1704225352
1 0.9253521127 0.8669014085 0.0760563380 0.1732394366
1 0.9802816901 0.8690140845 0.0394366197 0.1718309859
