1 0.7715517241 0.0465517241 0.1362068966 0.0931034483
1 0.9086206897 0.0560344828 0.1482758621 0.1120689655
3 0.9905172414 0.0293103448 0.0189655172 0.0586206897
3 0.9870689655 0.1008620690 0.0258620690 0.0913793103
1 0.4137931034 0.1215517241 0.0689655172 0.1913793103
1 0.5577586207 0.1258620690 0.0913793103 0.1931034483
1 0.4767241379 0.1241379310 0.0913793103 0.1896551724
1 0.6474137931 0.1250000000 0.1051724138 0.1982758621
1 0.7586206897 0.1655172414 0.1379310345 0.1206896552
1 0.9068965517 0.1724137931 0.1413793103 0.1103448276
3 0.9870689655 0.1801724138 0.0258620690 0.0879310345
5 0.0129310345 0.3818965517 0.0258620690 0.1120689655
1 0.5750000000 0.2844827586 0.1051724138 0.0896551724
1 0.6896551724 0.2974137931 0.1310344828 0.1086206897
1 0.8043103448 0.3086206897 0.1017241379 0.0793103448
1 0.9250000000 0.3258620690 0.1500000000 0.1103448276
1 0.5431034483 0.4491379310 0.1000000000 0.1224137931
1 0.6577586207 0.4551724138 0.1293103448 0.1275862069
1 0.7974137931 0.4620689655 0.1465517241 0.1310344828
1 0.9301724138 0.4620689655 0.1258620690 0.1344827586
7 0.0051724138 0.6810344828 0.0103448276 0.0724137931
1 0.5508620690 0.6560344828 0.1086206897 0.1155172414
7 0.0353448276 0.7293103448 0.0672413793 0.0586206897
1 0.5543103448 0.7344827586 0.1155172414 0.1000000000
1 0.6681034483 0.7025862069 0.1293103448 0.2051724138
1 0.7887931034 0.7112068966 0.1224137931 0.1879310345
1 0.9275862069 0.7181034483 0.1448275862 0.2086206897
7 0.0310344828 0.9620689655 0.0620689655 0.0448275862
1 0.4646551724 0.9275862069 0.1465517241 0.1448275862
1 0.5836206897 0.9543103448 0.1293103448 0.0913793103
1 0.6827586207 0.9741379310 0.1103448276 0.0517241379
1 0.7887931034 0.9896551724 0.1086206897 0.0206896552
2 0.9275862069 0.9655172414 0.1448275862 0.0689655172
