1 0.0650000000 0.0200000000 0.1066666667 0.0400000000
1 0.1825000000 0.0216666667 0.1183333333 0.0433333333
1 0.2925000000 0.0258333333 0.1050000000 0.0516666667
1 0.3991666667 0.0266666667 0.1016666667 0.0533333333
1 0.5141666667 0.0283333333 0.1050000000 0.0566666667
1 0.6275000000 0.0283333333 0.1116666667 0.0566666667
1 0.7408333333 0.0325000000 0.1183333333 0.0650000000
1 0.8483333333 0.0350000000 0.1233333333 0.0700000000
1 0.9483333333 0.0366666667 0.1033333333 0.0733333333
1 0.0741666667 0.1300000000 0.1250000000 0.0800000000
1 0.2000000000 0.1341666667 0.1166666667 0.0750000000
1 0.3191666667 0.1358333333 0.1183333333 0.0683333333
1 0.4525000000 0.1408333333 0.1250000000 0.0650000000
1 0.5825000000 0.1441666667 0.1283333333 0.0683333333
1 0.0766666667 0.2075000000 0.1233333333 0.0850000000
1 0.1941666667 0.2133333333 0.1216666667 0.0900000000
1 0.3175000000 0.2150000000 0.1216666667 0.0933333333
1 0.4475000000 0.2200000000 0.1316666667 0.0866666667
1 0.5825000000 0.2258333333 0.1316666667 0.0883333333
1 0.6966666667 0.1941666667 0.0933333333 0.1550000000
1 0.7916666667 0.2000000000 0.0966666667 0.1566666667
1 0.8933333333 0.2033333333 0.1100000000 0.1566666667
1 0.9675000000 0.2058333333 0.0650000000 0.1550000000
1 0.1033333333 0.4008333333 0.1700000000 0.1883333333
1 0.2716666667 0.4141666667 0.1700000000 0.1883333333
1 0.4425000000 0.4233333333 0.1650000000 0.1900000000
1 0.5725000000 0.4233333333 0.0916666667 0.1900000000
1 0.6708333333 0.4275000000 0.0950000000 0.1983333333
1 0.7658333333 0.4300000000 0.0850000000 0.1966666667
1 0.8591666667 0.4350000000 0.0950000000 0.1966666667
1 0.9541666667 0.4391666667 0.0916666667 0.1983333333
8 0.0850000000 0.6433333333 0.1366666667 0.1600000000
8 0.2883333333 0.6525000000 0.2666666667 0.1616666667
3 0.4566666667 0.6733333333 0.0666666667 0.1300000000
3 0.5150000000 0.6516666667 0.0633333333 0.0633333333
3 0.5133333333 0.7116666667 0.0600000000 0.0566666667
3 0.5791666667 0.6566666667 0.0716666667 0.0600000000
3 0.5750000000 0.7133333333 0.0700000000 0.0600000000
7 0.6966666667 0.6683333333 0.1766666667 0.1733333333
7 0.8658333333 0.6750000000 0.1816666667 0.1700000000
7 0.9725000000 0.6825000000 0.0550000000 0.1683333333
2 0.1083333333 0.9125000000 0.2033333333 0.1750000000
2 0.2625000000 0.9141666667 0.1150000000 0.1716666667
2 0.3616666667 0.9175000000 0.1100000000 0.1650000000
7 0.5116666667 0.8991666667 0.1966666667 0.2016666667
7 0.6633333333 0.9041666667 0.1166666667 0.1916666667
7 0.7641666667 0.9058333333 0.1050000000 0.1883333333
7 0.8600000000 0.9100000000 0.1166666667 0.1800000000
