5 0.3457446809 0.0124113475 0.2375886525 0.0248226950
5 0.9867021277 0.0735815603 0.0265957447 0.1471631206
7 0.0868794326 0.0585106383 0.1524822695 0.1170212766
1 0.3023049645 0.1081560284 0.1152482270 0.1773049645
1 0.4175531915 0.1028368794 0.1436170213 0.1808510638
5 0.6790780142 0.0851063830 0.2446808511 0.1702127660
5 0.9273049645 0.0744680851 0.1418439716 0.1489361702
7 0.0957446809 0.1755319149 0.1418439716 0.1276595745
1 0.6285460993 0.2597517730 0.1400709220 0.1684397163
6 0.9264184397 0.2145390071 0.1471631206 0.1347517730
7 0.1081560284 0.2898936170 0.1241134752 0.1117021277
1 0.3102836879 0.2703900709 0.1028368794 0.1613475177
1 0.4202127660 0.2730496454 0.1347517730 0.1702127660
6 0.9237588652 0.3430851064 0.1524822695 0.1329787234
1 0.1250000000 0.4024822695 0.1613475177 0.1241134752
1 0.3218085106 0.4104609929 0.1046099291 0.1365248227
1 0.4290780142 0.4184397163 0.1241134752 0.1382978723
1 0.6320921986 0.4193262411 0.1365248227 0.1542553191
1 0.9007092199 0.4831560284 0.1418439716 0.1365248227
1 0.1436170213 0.5159574468 0.1453900709 0.1099290780
1 0.3359929078 0.5496453901 0.1046099291 0.1276595745
1 0.4317375887 0.5567375887 0.1010638298 0.1276595745
1 0.6320921986 0.5620567376 0.1294326241 0.1276595745
1 0.0132978723 0.6276595745 0.0265957447 0.1312056738
1 0.1533687943 0.6320921986 0.1471631206 0.1365248227
1 0.3404255319 0.6631205674 0.0921985816 0.1134751773
1 0.4335106383 0.6826241135 0.1010638298 0.1205673759
1 0.6294326241 0.6879432624 0.1241134752 0.1205673759
1 0.8971631206 0.6258865248 0.1347517730 0.1276595745
1 0.8909574468 0.7482269504 0.1400709220 0.1205673759
