5 0.0044296788 0.0437430786 0.0088593577 0.0874861573
5 0.0481727575 0.0442967885 0.0786267996 0.0885935770
5 0.1273532669 0.0437430786 0.0908084164 0.0874861573
5 0.2187153931 0.0459579181 0.0963455150 0.0919158361
5 0.3006644518 0.0592469546 0.0808416390 0.1184939092
7 0.5254706534 0.0060908084 0.0985603544 0.0121816168
7 0.6240310078 0.0132890365 0.0852713178 0.0265780731
7 0.7115171650 0.0177187154 0.0852713178 0.0354374308
5 0.0426356589 0.1389811739 0.0852713178 0.0764119601
5 0.1279069767 0.1644518272 0.0963455150 0.1495016611
5 0.2275747508 0.1400885936 0.0985603544 0.0830564784
5 0.3039867110 0.1522702104 0.0631229236 0.0697674419
1 0.7220376523 0.1467331118 0.0885935770 0.1605758583
5 0.0420819491 0.2137320044 0.0841638981 0.0775193798
5 0.2403100775 0.2430786268 0.0753045404 0.0387596899
5 0.2403100775 0.2098560354 0.0708748616 0.0321151717
5 0.3106312292 0.2342192691 0.0631229236 0.0874861573
5 0.0155038760 0.3610188261 0.0310077519 0.0664451827
5 0.0188261351 0.2901439646 0.0376522702 0.0664451827
5 0.0802879291 0.3604651163 0.0919158361 0.0719822813
5 0.0813953488 0.2918050941 0.0852713178 0.0675526024
5 0.1539313400 0.3006644518 0.0797342193 0.0675526024
5 0.2347729790 0.2995570321 0.0797342193 0.0697674419
5 0.3078626800 0.3122923588 0.0620155039 0.0753045404
1 0.3947951274 0.2906976744 0.0808416390 0.1406423034
1 0.4784053156 0.2984496124 0.0885935770 0.1406423034
1 0.5653377630 0.2929125138 0.0852713178 0.1362126246
1 0.6539313400 0.2923588040 0.0852713178 0.1461794020
1 0.7353266888 0.2967884828 0.0885935770 0.1395348837
5 0.1694352159 0.3660022148 0.0819490587 0.0653377630
5 0.2956810631 0.3687707641 0.0686600221 0.0509413068
5 0.2380952381 0.3870431894 0.0420819491 0.0343300111
1 0.7358803987 0.4507198228 0.0719822813 0.0664451827
5 0.0398671096 0.4839424142 0.0664451827 0.1218161683
5 0.1057585825 0.4867109635 0.0697674419 0.1207087486
5 0.1766334441 0.4878183832 0.0786267996 0.1207087486
5 0.2630121816 0.4883720930 0.0897009967 0.1218161683
1 0.4374307863 0.4977851606 0.0775193798 0.1450719823
1 0.5121816168 0.4950166113 0.0741971207 0.1395348837
1 0.5858250277 0.4944629014 0.0708748616 0.1339977852
1 0.6616832780 0.4922480620 0.0786267996 0.1406423034
1 0.7419712071 0.5182724252 0.0753045404 0.0664451827
5 0.0265780731 0.6085271318 0.0531561462 0.0387596899
5 0.0957918051 0.6079734219 0.0874861573 0.0420819491
5 0.1611295681 0.6428571429 0.0409745293 0.1140642303
1 0.3947951274 0.6267995570 0.0919158361 0.0708748616
1 0.4828349945 0.6245847176 0.0863787375 0.0686600221
1 0.5692137320 0.6234772979 0.0841638981 0.0664451827
1 0.6572535991 0.6234772979 0.0808416390 0.0686600221
1 0.7358803987 0.6229235880 0.0830564784 0.0675526024
5 0.0238095238 0.6910299003 0.0476190476 0.0354374308
5 0.0249169435 0.6495016611 0.0498338870 0.0431893688
5 0.0946843854 0.6478405316 0.0874861573 0.0398671096
5 0.0957918051 0.6888150609 0.0808416390 0.0420819491
5 0.2076411960 0.6500553710 0.0542635659 0.1218161683
5 0.2602436323 0.6461794020 0.0509413068 0.1162790698
5 0.3095238095 0.6495016611 0.0542635659 0.1207087486
1 0.3947951274 0.7021040975 0.0941306755 0.0730897010
1 0.4828349945 0.6971207087 0.0863787375 0.0653377630
1 0.5697674419 0.6915836102 0.0830564784 0.0741971207
1 0.6555924695 0.6954595792 0.0797342193 0.0664451827
1 0.7375415282 0.6904761905 0.0797342193 0.0675526024
6 0.0348837209 0.8244739756 0.0697674419 0.1627906977
6 0.2153931340 0.8255813953 0.0764119601 0.1539313400
6 0.2901439646 0.8300110742 0.0775193798 0.1583610188
1 0.3875968992 0.7790697674 0.0753045404 0.0697674419
1 0.4584717608 0.7757475083 0.0753045404 0.0741971207
1 0.5315614618 0.7724252492 0.0730897010 0.0653377630
1 0.6024363234 0.7718715393 0.0686600221 0.0664451827
1 0.6766334441 0.7763012182 0.0797342193 0.0753045404
1 0.7530454042 0.7763012182 0.0730897010 0.0664451827
6 0.1112956811 0.8349944629 0.1052048726 0.1528239203
1 0.3875968992 0.8521594684 0.0775193798 0.0719822813
1 0.4606866002 0.8493909192 0.0730897010 0.0775193798
1 0.5337763012 0.8449612403 0.0730897010 0.0730897010
1 0.6035437431 0.8416389812 0.0708748616 0.0708748616
1 0.6832779623 0.8538205980 0.0819490587 0.0819490587
1 0.7569213732 0.8482834994 0.0719822813 0.0753045404
1 0.4379844961 0.9451827243 0.0542635659 0.1096345515
1 0.3820598007 0.9446290144 0.0553709856 0.1107419712
1 0.4894795127 0.9424141750 0.0531561462 0.1107419712
1 0.5465116279 0.9385382060 0.0542635659 0.1140642303
1 0.6456256921 0.9324473976 0.0420819491 0.1107419712
1 0.6013289037 0.9407530454 0.0553709856 0.1184939092
1 0.6965669989 0.9485049834 0.0553709856 0.1029900332
1 0.7563676633 0.9407530454 0.0531561462 0.1162790698
6 0.2358803987 0.9684385382 0.1218161683 0.0631229236
