1 0.0963995354 0.3083623693 0.1927990708 0.1265969803
1 0.5005807201 0.2706155633 0.1811846690 0.0789779326
1 0.7386759582 0.3147502904 0.2067363531 0.1695702671
0 0.9401858304 0.2799070848 0.1196283391 0.1300813008
1 0.2984901278 0.3269454123 0.1951219512 0.1335656214
1 0.5040650407 0.3397212544 0.1788617886 0.0731707317
0 0.9367015099 0.3925667828 0.1265969803 0.1091753775
1 0.1051103368 0.4192799071 0.2102206736 0.1045296167
1 0.2659698026 0.4378629501 0.0975609756 0.0905923345
1 0.3600464576 0.4390243902 0.0905923345 0.0859465738
1 0.5058072009 0.4111498258 0.1707317073 0.0650406504
1 0.0069686411 0.5383275261 0.0139372822 0.1219512195
1 0.1324041812 0.5098722416 0.1997677120 0.0929152149
1 0.2857142857 0.5197444832 0.0882694541 0.0801393728
1 0.3704994193 0.5209059233 0.0952380952 0.0778164925
1 0.5034843206 0.4802555168 0.1521486643 0.0731707317
1 0.5075493612 0.5441347271 0.1579558653 0.0615563298
1 0.7264808362 0.4715447154 0.1962833914 0.1486643438
0 0.9216027875 0.5394889663 0.1567944251 0.1428571429
1 0.1579558653 0.5876887340 0.1974448316 0.0813008130
1 0.2996515679 0.5952380952 0.0836236934 0.0708478513
1 0.3797909408 0.5969802555 0.0929152149 0.0766550523
1 0.5104529617 0.6114982578 0.1567944251 0.0545876887
1 0.7113821138 0.5987224158 0.1730545877 0.1265969803
4 0.0255516841 0.6922183508 0.0511033682 0.0487804878
4 0.0092915215 0.6341463415 0.0185830430 0.0836236934
1 0.1730545877 0.6544715447 0.1718931475 0.0499419280
1 0.3060394890 0.6678281069 0.0847851336 0.0836236934
1 0.3867595819 0.6701509872 0.0975609756 0.0789779326
1 0.5121951220 0.6591173055 0.1463414634 0.0452961672
0 0.9117305459 0.6498257840 0.1765389082 0.0987224158
4 0.0249709640 0.7380952381 0.0499419280 0.0336817654
7 0.1695702671 0.7601626016 0.0743321719 0.0220673635
1 0.1893147503 0.6962833914 0.1602787456 0.0499419280
1 0.3188153310 0.7421602787 0.0824622532 0.0673635308
7 0.2305458769 0.7560975610 0.0476190476 0.0139372822
1 0.4006968641 0.7392566783 0.0882694541 0.0569105691
1 0.5185830430 0.7485481998 0.1405342625 0.0429732869
1 0.5168408827 0.7078977933 0.1463414634 0.0522648084
1 0.6858304297 0.7015098722 0.1289198606 0.0813008130
0 0.8873403020 0.7520325203 0.1788617886 0.0731707317
4 0.0400696864 0.8222996516 0.0801393728 0.0394889663
4 0.0301974448 0.7781649245 0.0603948897 0.0534262485
7 0.2055749129 0.7874564460 0.0348432056 0.0441347271
7 0.2305458769 0.8182346109 0.0685249710 0.0313588850
1 0.4041811847 0.8025551684 0.0813008130 0.0464576074
1 0.3327526132 0.7979094077 0.0685249710 0.0464576074
1 0.5197444832 0.8217189315 0.1335656214 0.0429732869
1 0.5203252033 0.7851335656 0.1370499419 0.0418118467
7 0.6829268293 0.7717770035 0.1324041812 0.0615563298
0 0.9849012776 0.8362369338 0.0301974448 0.0627177700
4 0.0458768873 0.8559814170 0.0917537747 0.0348432056
1 0.4117305459 0.8501742160 0.0754936121 0.0487804878
1 0.3408826945 0.8478513357 0.0685249710 0.0441347271
1 0.5232288037 0.8606271777 0.1265969803 0.0394889663
7 0.6817653891 0.8739837398 0.1300813008 0.0847851336
7 0.8437862950 0.8832752613 0.1498257840 0.0778164925
0 0.9680603949 0.8931475029 0.0638792102 0.0557491289
