7 0.3893008475 0.0132415254 0.0730932203 0.0264830508
1 0.1525423729 0.1705508475 0.1165254237 0.1504237288
1 0.2547669492 0.1673728814 0.1006355932 0.1610169492
1 0.3559322034 0.1705508475 0.1016949153 0.1567796610
1 0.4581567797 0.1705508475 0.0985169492 0.1483050847
1 0.5550847458 0.1604872881 0.0974576271 0.1472457627
1 0.6451271186 0.1721398305 0.0847457627 0.1536016949
1 0.7319915254 0.1737288136 0.0932203390 0.1419491525
1 0.1488347458 0.3824152542 0.0942796610 0.0762711864
1 0.2468220339 0.3813559322 0.0889830508 0.0805084746
1 0.3421610169 0.3845338983 0.0932203390 0.0677966102
1 0.4348516949 0.3887711864 0.0879237288 0.0699152542
1 0.5190677966 0.3882415254 0.0847457627 0.0709745763
1 0.6064618644 0.3898305085 0.0858050847 0.0741525424
1 0.6933262712 0.3866525424 0.0858050847 0.0783898305
1 0.8056144068 0.3411016949 0.1006355932 0.1610169492
1 0.1138771186 0.4809322034 0.0413135593 0.0932203390
1 0.1742584746 0.4798728814 0.0921610169 0.0911016949
6 0.7272245763 0.4941737288 0.2108050847 0.1260593220
6 0.3188559322 0.4941737288 0.2076271186 0.1239406780
6 0.5201271186 0.4957627119 0.1991525424 0.1250000000
6 0.8728813559 0.5238347458 0.1038135593 0.1705508475
7 0.3554025424 0.6477754237 0.1112288136 0.0730932203
7 0.4666313559 0.6493644068 0.1112288136 0.0762711864
7 0.5974576271 0.6573093220 0.1398305085 0.0794491525
1 0.8363347458 0.6604872881 0.1239406780 0.0900423729
7 0.1456567797 0.7081567797 0.0963983051 0.1853813559
7 0.2346398305 0.7092161017 0.0858050847 0.1875000000
7 0.3458686441 0.7240466102 0.1154661017 0.0879237288
7 0.4661016949 0.7304025424 0.1228813559 0.0963983051
7 0.5974576271 0.7441737288 0.1377118644 0.0879237288
7 0.7245762712 0.7049788136 0.1292372881 0.1853813559
1 0.8501059322 0.7552966102 0.1239406780 0.1038135593
7 0.9157838983 0.8554025424 0.1451271186 0.0625000000
0 0.0524364407 0.9078389831 0.1048728814 0.1843220339
0 0.1562500000 0.9104872881 0.1175847458 0.1790254237
0 0.2658898305 0.9120762712 0.1165254237 0.1758474576
0 0.3707627119 0.9104872881 0.1016949153 0.1790254237
0 0.4713983051 0.9110169492 0.0932203390 0.1779661017
7 0.5672669492 0.9120762712 0.1091101695 0.1758474576
7 0.6747881356 0.9009533898 0.1165254237 0.1578389831
3 0.7817796610 0.8559322034 0.1334745763 0.0635593220
3 0.7870762712 0.9189618644 0.1377118644 0.0646186441
7 0.9216101695 0.9163135593 0.1461864407 0.0614406780
