0 0.0960170697 0.0308202940 0.0422000948 0.0616405880
5 0.1782835467 0.0251303936 0.0625889047 0.0502607871
5 0.2399241347 0.0237079184 0.0654338549 0.0474158369
0 0.3347558084 0.0165955429 0.0474158369 0.0331910858
0 0.3897581792 0.0111427217 0.0616405880 0.0222854433
5 0.5891417734 0.0320056899 0.0621147463 0.0640113798
5 0.7150308203 0.0189663348 0.0635372214 0.0379326695
5 0.7785680417 0.0101944049 0.0663821716 0.0203888099
2 0.0481270744 0.1057373163 0.0962541489 0.1005215742
0 0.0144618303 0.0393551446 0.0289236605 0.0787102892
5 0.1792318634 0.0929350403 0.0587956377 0.0948316738
5 0.2389758179 0.0884305358 0.0635372214 0.0896159317
5 0.3475580844 0.0661450925 0.0606922712 0.0858226648
5 0.4101469891 0.0654338549 0.0606922712 0.0853485064
5 0.5282124229 0.0341394026 0.0559506875 0.0682788051
5 0.5225225225 0.0929350403 0.0682788051 0.0578473210
5 0.5893788525 0.0886676150 0.0635372214 0.0635372214
6 0.7195353248 0.0715979137 0.0734945472 0.0777619725
6 0.7958748222 0.0502607871 0.0801327643 0.0853485064
6 0.9483167378 0.0526315789 0.1033665244 0.0777619725
2 0.0512091038 0.1929824561 0.1024182077 0.0976766240
6 0.1896633476 0.1787577051 0.0635372214 0.0891417734
6 0.2517780939 0.1768610716 0.0625889047 0.0957799905
5 0.3501659554 0.1467520152 0.0602181128 0.0886676150
5 0.4132290185 0.1510194405 0.0697012802 0.0981507824
6 0.5317686107 0.1555239450 0.0734945472 0.0796586060
6 0.7204836415 0.1382171645 0.0725462304 0.0744428639
6 0.7958748222 0.1201991465 0.0791844476 0.0801327643
6 0.7970602181 0.1908487435 0.0758653390 0.0782361309
6 0.9504504505 0.1242294927 0.0990990991 0.0825035562
6 0.1989094358 0.2648174490 0.0782361309 0.0962541489
6 0.2631578947 0.2714556662 0.0464675202 0.0640113798
5 0.3544333807 0.2280701754 0.0715979137 0.0853485064
5 0.4246088193 0.2366050261 0.0697012802 0.0758653390
6 0.5315315315 0.2273589379 0.0711237553 0.0782361309
6 0.7240398293 0.2027027027 0.0777619725 0.0706495970
1 0.7181128497 0.2750118540 0.0659080133 0.0777619725
1 0.7799905168 0.2719298246 0.0692271219 0.0839260313
6 0.9495021337 0.1979611190 0.1009957326 0.0801327643
8 0.0151730678 0.3309625415 0.0303461356 0.1773352300
8 0.1024182077 0.3255097202 0.0483641536 0.1749644381
6 0.1993835941 0.3494547179 0.0592697961 0.0891417734
6 0.2581792319 0.3449502134 0.0649596965 0.0858226648
6 0.3826458037 0.2987197724 0.1232811759 0.0796586060
6 0.5312944523 0.2999051683 0.0659080133 0.0810810811
1 0.7185870081 0.3553816975 0.0592697961 0.0839260313
1 0.9860123281 0.2859174964 0.0279753438 0.0787102892
1 0.9374110953 0.2849691797 0.0692271219 0.0796586060
1 0.2238027501 0.4160739687 0.1147463253 0.0602181128
6 0.3869132290 0.4350403035 0.1156946420 0.0753911807
6 0.3864390706 0.3693693694 0.1223328592 0.0749170223
1 0.5208629682 0.4338549075 0.0469416785 0.0663821716
1 0.5583214794 0.3643907065 0.1209103841 0.0744428639
1 0.7811759128 0.3572783310 0.0687529635 0.0905642485
1 0.9329065908 0.3632053106 0.0697012802 0.0815552394
1 0.9843527738 0.4343290659 0.0312944523 0.0758653390
1 0.9845898530 0.3594120436 0.0308202940 0.0749170223
1 0.0395922238 0.4542437174 0.0791844476 0.0616405880
1 0.2204836415 0.4729729730 0.1100047416 0.0554765292
1 0.3596491228 0.5116168800 0.0640113798 0.0806069227
1 0.4155998103 0.5092460882 0.0602181128 0.0815552394
1 0.5322427691 0.5004741584 0.0592697961 0.0659080133
1 0.5912754860 0.5002370792 0.0568990043 0.0720720721
1 0.7200094832 0.4397818872 0.0583214794 0.0839260313
1 0.7828354670 0.4433380749 0.0730203888 0.0900900901
1 0.9419155998 0.5132764343 0.0782361309 0.0763394974
1 0.9369369369 0.4402560455 0.0587956377 0.0753911807
1 0.9888572783 0.5078236131 0.0222854433 0.0739687055
1 0.0455192034 0.5796586060 0.0910384068 0.0592697961
1 0.0419630156 0.5201517307 0.0839260313 0.0644855382
1 0.1965386439 0.5848743480 0.0516832622 0.0734945472
1 0.2534376482 0.5798956852 0.0592697961 0.0730203888
1 0.2261735420 0.5244191560 0.1071597914 0.0531057373
1 0.3624940730 0.5881934566 0.0583214794 0.0810810811
1 0.4236605026 0.5950687530 0.0554765292 0.0787102892
1 0.5343764817 0.5663821716 0.0550023708 0.0659080133
1 0.5936462779 0.5673304884 0.0644855382 0.0659080133
1 0.7223802750 0.5222854433 0.0602181128 0.0877192982
1 0.7223802750 0.5232337601 0.0583214794 0.0915125652
1 0.7861545756 0.5256045519 0.0711237553 0.0753911807
1 0.9445234708 0.5903271693 0.0796586060 0.0777619725
1 0.9907539118 0.5813181603 0.0184921764 0.0758653390
1 0.0457562826 0.6396396396 0.0915125652 0.0597439545
1 0.2024656235 0.6548127074 0.0521574206 0.0720720721
1 0.2555713608 0.6481744903 0.0578473210 0.0682788051
1 0.3643907065 0.6747273589 0.0573731626 0.0834518729
1 0.4281650071 0.6730678046 0.0512091038 0.0782361309
1 0.5955429113 0.6344238976 0.0644855382 0.0663821716
1 0.5350877193 0.6334755808 0.0545282124 0.0663821716
1 0.7323376008 0.6102418208 0.0725462304 0.0806069227
1 0.7970602181 0.6102418208 0.0625889047 0.0768136558
1 0.9860123281 0.6631104789 0.0279753438 0.0753911807
1 0.9407302039 0.6642958748 0.0644855382 0.0701754386
1 0.0398293030 0.7214319583 0.0796586060 0.1047889995
1 0.1979611190 0.7200094832 0.0450450450 0.0640113798
1 0.2451398767 0.7155049787 0.0540540541 0.0673304884
1 0.3959222380 0.7543859649 0.1175912755 0.0768136558
1 0.5960170697 0.6965386439 0.0625889047 0.0644855382
1 0.5357989569 0.6981981982 0.0540540541 0.0640113798
1 0.7325746799 0.6834992888 0.0654338549 0.0697012802
5 0.7427690849 0.7581792319 0.0829777146 0.0388809862
1 0.7972972973 0.6856330014 0.0678046468 0.0739687055
1 0.9466571835 0.7361308677 0.0706495970 0.0763394974
1 0.9895685159 0.7335229967 0.0208629682 0.0739687055
7 0.0486012328 0.8084400190 0.0972024656 0.0616405880
7 0.2038880986 0.8406827881 0.0531057373 0.0663821716
1 0.2000948317 0.7804646752 0.0436225699 0.0625889047
1 0.2472735894 0.7780938834 0.0573731626 0.0625889047
7 0.3672356567 0.8240872451 0.0545282124 0.0673304884
7 0.4236605026 0.8252726411 0.0592697961 0.0687529635
1 0.5386439071 0.7655286866 0.0606922712 0.0715979137
1 0.5431484116 0.8387861546 0.0687529635 0.0758653390
1 0.6111901375 0.8383119962 0.0692271219 0.0758653390
1 0.6104789000 0.7662399241 0.0678046468 0.0644855382
5 0.7342342342 0.7965860597 0.0697012802 0.0379326695
5 0.7214319583 0.8352299668 0.0422000948 0.0431484116
7 0.0495495495 0.8712660028 0.0990990991 0.0573731626
7 0.2081555239 0.9020862968 0.0531057373 0.0668563300
7 0.2546230441 0.9063537221 0.0445708867 0.0592697961
7 0.2522522523 0.8423423423 0.0483641536 0.0649596965
7 0.2980085349 0.9084874348 0.0403034614 0.0663821716
7 0.3686581318 0.8935514462 0.0554765292 0.0687529635
7 0.2904220009 0.8430535799 0.0374585111 0.0644855382
7 0.4248458985 0.8954480797 0.0597439545 0.0706495970
7 0.5419630156 0.9146514936 0.0568990043 0.0806069227
7 0.5986249407 0.9144144144 0.0592697961 0.0772878141
7 0.6484115695 0.9172593646 0.0450450450 0.0734945472
5 0.7562825984 0.9220009483 0.0379326695 0.0327169275
5 0.7622095780 0.8731626363 0.0384068279 0.0270270270
5 0.7228544334 0.9108582266 0.0336652442 0.0369843528
5 0.7228544334 0.8752963490 0.0384068279 0.0398293030
5 0.7944523471 0.9177335230 0.0365101944 0.0317686107
7 0.9343290659 0.8733997155 0.0450450450 0.0445708867
7 0.9357515410 0.9174964438 0.0431484116 0.0502607871
7 0.9767662399 0.9163110479 0.0464675202 0.0516832622
7 0.9748696064 0.8672356567 0.0483641536 0.0483641536
7 0.9895685159 0.8463726885 0.0208629682 0.0398293030
7 0.0590327169 0.9257942153 0.1180654339 0.0573731626
7 0.0568990043 0.9760550024 0.1137980085 0.0478899953
7 0.2114746325 0.9658605974 0.0464675202 0.0682788051
7 0.2584163110 0.9710763395 0.0493124704 0.0578473210
7 0.2965860597 0.9729729730 0.0355618777 0.0540540541
7 0.4265054528 0.9658605974 0.0583214794 0.0682788051
7 0.3729255571 0.9646752015 0.0545282124 0.0706495970
7 0.5448079659 0.9743954481 0.0568990043 0.0512091038
7 0.6002844950 0.9758179232 0.0606922712 0.0483641536
7 0.6512565197 0.9772403983 0.0450450450 0.0455192034
7 0.7520151731 0.9577999052 0.0929350403 0.0426742532
7 0.7532005690 0.9886201991 0.0886676150 0.0227596017
7 0.9355144618 0.9596965386 0.0436225699 0.0388809862
7 0.9523470839 0.9874348032 0.0734945472 0.0251303936
7 0.9772403983 0.9570886676 0.0455192034 0.0393551446
7 0.9772403983 0.9570886676 0.0455192034 0.0393551446
