5 0.0629453682 0.0486935867 0.0950118765 0.0973871734
5 0.0154394299 0.0433491686 0.0308788599 0.0866983373
6 0.2600950119 0.0053444181 0.1258907363 0.0106888361
1 0.3723277910 0.0089073634 0.1033254157 0.0178147268
1 0.4584323040 0.0100950119 0.0831353919 0.0201900238
1 0.5380047506 0.0136579572 0.0831353919 0.0273159145
1 0.6134204276 0.0160332542 0.0771971496 0.0320665083
1 0.7428741093 0.0190023753 0.0605700713 0.0380047506
1 0.6817102138 0.0148456057 0.0641330166 0.0296912114
1 0.7951306413 0.0172209026 0.0581947743 0.0344418052
1 0.8467933492 0.0166270784 0.0498812352 0.0332541568
5 0.1532066508 0.0475059382 0.0973871734 0.0950118765
6 0.2618764846 0.0475059382 0.1247030879 0.0950118765
1 0.3812351544 0.0552256532 0.1235154394 0.0866983373
1 0.4649643705 0.0635391924 0.0843230404 0.0843230404
1 0.5433491686 0.0570071259 0.0700712589 0.0807600950
1 0.6217339667 0.0665083135 0.0819477435 0.0760095012
1 0.7422802850 0.1324228029 0.0593824228 0.0486935867
1 0.6989311164 0.0647268409 0.0700712589 0.0700712589
1 0.8064133017 0.0653206651 0.0617577197 0.0593824228
1 0.7511876485 0.0641330166 0.0486935867 0.0593824228
1 0.7951306413 0.1353919240 0.0653206651 0.0546318290
1 0.8598574822 0.1270783848 0.0641330166 0.0546318290
1 0.8604513064 0.0623515439 0.0439429929 0.0629453682
7 0.0629453682 0.1514251781 0.1258907363 0.0724465558
7 0.1965558195 0.1621140143 0.1579572447 0.0463182898
0 0.4418052257 0.2428741093 0.1021377672 0.1627078385
0 0.5011876485 0.2013064133 0.0356294537 0.0629453682
0 0.5421615202 0.2137767221 0.0486935867 0.0617577197
1 0.6840855107 0.2155581948 0.0878859857 0.1318289786
1 0.7500000000 0.1858669834 0.0534441805 0.0486935867
1 0.8010688836 0.1882422803 0.0700712589 0.0510688836
1 0.8812351544 0.2315914489 0.0665083135 0.0617577197
1 0.8717339667 0.1781472684 0.0570071259 0.0475059382
7 0.0611638955 0.2796912114 0.1223277910 0.1888361045
7 0.1989311164 0.2666270784 0.1698337292 0.1745843230
0 0.3295724466 0.2612826603 0.1199524941 0.1710213777
0 0.5071258907 0.2737529691 0.0427553444 0.0795724466
0 0.5552256532 0.2743467933 0.0700712589 0.0688836105
1 0.7636579572 0.2470308789 0.0546318290 0.0617577197
1 0.8212589074 0.2494061758 0.0653206651 0.0570071259
7 0.1834916865 0.4198337292 0.1223277910 0.0700712589
1 0.7232779097 0.4186460808 0.0617577197 0.1270783848
1 0.6799287411 0.4275534442 0.0653206651 0.1330166271
1 0.7998812352 0.4008313539 0.0605700713 0.1175771971
1 0.7630641330 0.4079572447 0.0629453682 0.1223277910
1 0.8919239905 0.3836104513 0.0617577197 0.1140142518
1 0.8515439430 0.3948931116 0.0641330166 0.1223277910
1 0.9293349169 0.3764845606 0.0510688836 0.1116389549
7 0.0178147268 0.5112826603 0.0356294537 0.0676959620
7 0.0682897862 0.4869358670 0.0724465558 0.0688836105
7 0.2054631829 0.5457244656 0.0736342043 0.1413301663
7 0.2630641330 0.5338479810 0.0700712589 0.1389548694
7 0.3188836105 0.5124703088 0.0724465558 0.1508313539
4 0.4049881235 0.4798099762 0.1163895487 0.1947743468
0 0.5017814727 0.4703087886 0.1342042755 0.1615201900
7 0.6045130641 0.4614014252 0.1045130641 0.1128266033
7 0.0237529691 0.5985748219 0.0475059382 0.1163895487
7 0.1419239905 0.5647268409 0.0724465558 0.1223277910
7 0.0920427553 0.6098574822 0.0605700713 0.0724465558
1 0.7517814727 0.6169833729 0.1306413302 0.1674584323
1 0.8521377672 0.5795724466 0.1009501188 0.1567695962
1 0.9263657957 0.5534441805 0.1045130641 0.1401425178
1 0.5326603325 0.6965558195 0.1532066508 0.2007125891
1 0.6538004751 0.6532066508 0.1318289786 0.1781472684
1 0.8622327791 0.7345605701 0.1068883610 0.1793349169
1 0.9619952494 0.6828978622 0.0665083135 0.1543942993
1 0.9192399050 0.7072446556 0.0641330166 0.1484560570
4 0.0576009501 0.8081947743 0.1152019002 0.2838479810
4 0.1484560570 0.7998812352 0.1116389549 0.2315914489
4 0.2286223278 0.7856294537 0.1080760095 0.2054631829
4 0.2969121140 0.7612826603 0.0973871734 0.1971496437
6 0.4020190024 0.7630641330 0.1365795724 0.1365795724
1 0.6163895487 0.7814726841 0.0926365796 0.0427553444
1 0.7660332542 0.7808788599 0.1401425178 0.2125890736
0 0.3378859857 0.9471496437 0.0961995249 0.1057007126
0 0.4340855107 0.9204275534 0.1175771971 0.1591448931
0 0.5385985748 0.9026128266 0.1152019002 0.1876484561
6 0.6448931116 0.8847980998 0.1045130641 0.1425178147
1 0.9738717340 0.9228028504 0.0522565321 0.1377672209
1 0.9346793349 0.9429928741 0.0617577197 0.1140142518
0 0.2357482185 0.9560570071 0.1175771971 0.0878859857
1 0.8539192399 0.9714964371 0.0498812352 0.0570071259
1 0.8954869359 0.9572446556 0.0546318290 0.0855106888
