5 0.7642276423 0.0034843206 0.0418118467 0.0069686411
5 0.2862950058 0.0685249710 0.0917537747 0.0696864111
5 0.4343786295 0.0725900116 0.1161440186 0.0569105691
5 0.6103368177 0.0185830430 0.1242740999 0.0371660859
5 0.6091753775 0.0557491289 0.1265969803 0.0603948897
5 0.7880371661 0.0267131243 0.0940766551 0.0534262485
5 0.9657375145 0.0209059233 0.0685249710 0.0418118467
5 0.9889663182 0.0609756098 0.0220673635 0.0383275261
5 0.9535423926 0.0638792102 0.0487804878 0.0441347271
2 0.0307781649 0.1382113821 0.0615563298 0.1440185830
2 0.1608594657 0.1022067364 0.0615563298 0.1231126597
5 0.2839721254 0.1405342625 0.0871080139 0.0766550523
5 0.4332171893 0.1219512195 0.1161440186 0.0557491289
5 0.6062717770 0.1109175377 0.1207897793 0.0522648084
5 0.7938443670 0.1178861789 0.1010452962 0.0476190476
5 0.7874564460 0.0743321719 0.0929152149 0.0441347271
3 0.9564459930 0.1114982578 0.0499419280 0.0487804878
3 0.9930313589 0.1097560976 0.0139372822 0.0499419280
5 0.2816492451 0.2108013937 0.0871080139 0.0685249710
1 0.4216027875 0.1933797909 0.1022067364 0.0987224158
5 0.6027874564 0.1643437863 0.1207897793 0.0592334495
1 0.8153310105 0.1782810685 0.1393728223 0.0662020906
3 0.9680603949 0.1602787456 0.0638792102 0.0464576074
3 0.9668989547 0.2096399535 0.0662020906 0.0638792102
5 0.2770034843 0.2752613240 0.0894308943 0.0673635308
1 0.4291521487 0.2671312427 0.1219512195 0.0534262485
1 0.6068524971 0.2560975610 0.1358885017 0.1358885017
1 0.8159117305 0.2351916376 0.1382113821 0.0569105691
1 0.8159117305 0.2932636469 0.1405342625 0.0592334495
7 0.9674796748 0.2607433217 0.0650406504 0.0569105691
2 0.1248548200 0.3089430894 0.0801393728 0.1486643438
1 0.4256678281 0.3193960511 0.1219512195 0.0534262485
1 0.8135888502 0.3548199768 0.1475029036 0.0592334495
7 0.9692218351 0.3135888502 0.0615563298 0.0557491289
7 0.9692218351 0.3652729384 0.0615563298 0.0545876887
7 0.1277584204 0.4146341463 0.0766550523 0.0603948897
6 0.2531939605 0.3751451800 0.0627177700 0.1393728223
6 0.2938443670 0.3768873403 0.0441347271 0.1498257840
1 0.4163763066 0.4279907085 0.1242740999 0.0545876887
1 0.4221835075 0.3722415796 0.1242740999 0.0545876887
1 0.6039488966 0.3908246225 0.1347270616 0.1382113821
7 0.9692218351 0.4181184669 0.0615563298 0.0534262485
7 0.1196283391 0.5011614402 0.0882694541 0.0940766551
6 0.2549361208 0.5133565621 0.1103368177 0.1161440186
4 0.6051103368 0.4959349593 0.1370499419 0.0766550523
4 0.8240418118 0.4959349593 0.1684088269 0.0929152149
7 0.9692218351 0.4663182346 0.0615563298 0.0522648084
7 0.9698025552 0.5150987224 0.0603948897 0.0545876887
1 0.4134727062 0.5203252033 0.1207897793 0.1300813008
4 0.6022067364 0.5737514518 0.1382113821 0.0789779326
4 0.8252032520 0.5801393728 0.1660859466 0.0731707317
7 0.9692218351 0.5696864111 0.0615563298 0.0569105691
7 0.1132404181 0.5998838560 0.0871080139 0.1103368177
7 0.2473867596 0.6289198606 0.1022067364 0.1219512195
7 0.4024390244 0.6486643438 0.1265969803 0.1289198606
4 0.6004645761 0.6376306620 0.1370499419 0.0627177700
4 0.8240418118 0.6486643438 0.1707317073 0.0754936121
7 0.9703832753 0.6602787456 0.0592334495 0.1312427410
7 0.9947735192 0.6608594657 0.0104529617 0.1347270616
7 0.1045296167 0.6962833914 0.0998838560 0.0801393728
4 0.5993031359 0.6957026713 0.1370499419 0.0673635308
4 0.8269454123 0.7276422764 0.1718931475 0.0801393728
7 0.0882694541 0.7932636469 0.0929152149 0.0696864111
7 0.2392566783 0.7456445993 0.1068524971 0.1254355401
5 0.3983739837 0.7700348432 0.1300813008 0.1370499419
7 0.5900116144 0.7607433217 0.1486643438 0.0743321719
0 0.8240418118 0.7967479675 0.1707317073 0.0766550523
7 0.9750290360 0.7973286876 0.0499419280 0.1428571429
7 0.0830429733 0.8524970964 0.0940766551 0.0673635308
7 0.2340301974 0.8658536585 0.0987224158 0.1335656214
0 0.8252032520 0.8728222997 0.1730545877 0.0871080139
0 0.2247386760 0.9622531940 0.0987224158 0.0754936121
7 0.3954703833 0.8989547038 0.1265969803 0.1416957027
7 0.5888501742 0.8948896632 0.1486643438 0.2102206736
0 0.8246225319 0.9535423926 0.1765389082 0.0859465738
7 0.9744483159 0.9279907085 0.0511033682 0.1161440186
0 0.3931475029 0.9785133566 0.1405342625 0.0429732869
