1 0.9405684755 0.0639534884 0.1188630491 0.1279069767
1 0.1795865633 0.0981912145 0.2506459948 0.1550387597
1 0.4366925065 0.0975452196 0.1136950904 0.1434108527
1 0.5452196382 0.0943152455 0.1162790698 0.1472868217
1 0.7138242894 0.0891472868 0.1149870801 0.1472868217
1 0.8236434109 0.0846253230 0.1175710594 0.1434108527
1 0.5096899225 0.2280361757 0.2338501292 0.1330749354
1 0.7157622739 0.2241602067 0.1111111111 0.1459948320
1 0.8255813953 0.2189922481 0.1188630491 0.1382428941
1 0.9412144703 0.1841085271 0.1175710594 0.1304909561
1 0.1789405685 0.2487080103 0.2571059432 0.1511627907
1 0.9457364341 0.3042635659 0.1085271318 0.1149870801
1 0.1828165375 0.3959948320 0.2545219638 0.1511627907
1 0.5116279070 0.3501291990 0.2273901809 0.1266149871
1 0.7164082687 0.3604651163 0.1046511628 0.1395348837
1 0.8262273902 0.3546511628 0.1227390181 0.1382428941
1 0.5200258398 0.4657622739 0.2286821705 0.1227390181
1 0.9489664083 0.4140826873 0.1020671835 0.1227390181
1 0.1996124031 0.5368217054 0.2467700258 0.1563307494
1 0.7196382429 0.4974160207 0.1007751938 0.1395348837
1 0.8307493540 0.4916020672 0.1266149871 0.1459948320
1 0.9502583979 0.5245478036 0.0994832041 0.1188630491
1 0.5258397933 0.5820413437 0.2273901809 0.1201550388
1 0.7299741602 0.6343669251 0.1136950904 0.1524547804
1 0.8456072351 0.6330749354 0.1201550388 0.1550387597
1 0.9521963824 0.6401808786 0.0956072351 0.1201550388
1 0.1996124031 0.6724806202 0.2519379845 0.1511627907
5 0.0956072351 0.8204134367 0.1266149871 0.1085271318
5 0.2273901809 0.8139534884 0.1266149871 0.1111111111
5 0.3288113695 0.8171834625 0.0839793282 0.1149870801
5 0.5174418605 0.8178294574 0.1873385013 0.0645994832
5 0.7687338501 0.7635658915 0.1731266150 0.0801033592
6 0.9580103359 0.7732558140 0.0839793282 0.1279069767
5 0.0174418605 0.8288113695 0.0348837209 0.1020671835
5 0.5167958656 0.8869509044 0.1860465116 0.0762273902
5 0.7661498708 0.8430232558 0.1679586563 0.0736434109
6 0.9567183463 0.8843669251 0.0865633075 0.1098191214
5 0.0090439276 0.9431524548 0.0180878553 0.1136950904
5 0.1188630491 0.9224806202 0.0645994832 0.1188630491
5 0.0658914729 0.9257105943 0.0490956072 0.1098191214
5 0.2228682171 0.9231266150 0.1149870801 0.1356589147
5 0.3494832041 0.9050387597 0.0607235142 0.0633074935
5 0.3313953488 0.9651162791 0.1046511628 0.0697674419
5 0.5174418605 0.9670542636 0.1873385013 0.0658914729
5 0.7700258398 0.9224806202 0.1731266150 0.0671834625
5 0.2209302326 0.9922480620 0.1136950904 0.0155038760
5 0.7687338501 0.9786821705 0.1731266150 0.0426356589
6 0.9541343669 0.9728682171 0.0917312661 0.0542635659
