7 0.3819241983 0.0823615160 0.1311953353 0.1443148688
7 0.5692419825 0.1362973761 0.1093294461 0.1472303207
7 0.7492711370 0.1049562682 0.2711370262 0.2099125364
7 0.5386297376 0.2397959184 0.1005830904 0.0889212828
1 0.2128279883 0.4825072886 0.1603498542 0.2069970845
1 0.3534985423 0.4781341108 0.1384839650 0.2215743440
1 0.4927113703 0.4825072886 0.1399416910 0.2157434402
1 0.6333819242 0.4825072886 0.1355685131 0.2040816327
1 0.7667638484 0.4686588921 0.1341107872 0.2026239067
1 0.8906705539 0.4846938776 0.1166180758 0.2113702624
1 0.9730320700 0.4868804665 0.0539358601 0.1953352770
1 0.2077259475 0.7740524781 0.1297376093 0.1049562682
1 0.3425655977 0.7725947522 0.1224489796 0.1107871720
1 0.4737609329 0.7769679300 0.1282798834 0.0932944606
1 0.6013119534 0.7827988338 0.1209912536 0.0962099125
1 0.7172011662 0.7820699708 0.1166180758 0.0976676385
1 0.8374635569 0.7842565598 0.1180758017 0.1020408163
1 0.9489795918 0.7798833819 0.1020408163 0.1078717201
1 0.1596209913 0.9096209913 0.0568513120 0.1282798834
1 0.2427113703 0.9081632653 0.1268221574 0.1253644315
6 0.9293002915 0.9205539359 0.1413994169 0.1588921283
6 0.4416909621 0.9212827988 0.2857142857 0.1574344023
6 0.7186588921 0.9220116618 0.2740524781 0.1559766764
