6 0.1395061728 0.0148148148 0.2098765432 0.0296296296
5 0.3851851852 0.0259259259 0.1604938272 0.0518518519
5 0.6234567901 0.0055555556 0.1777777778 0.0111111111
6 0.1339506173 0.0833333333 0.2160493827 0.1222222222
5 0.3827160494 0.0925925926 0.1654320988 0.0765432099
5 0.6228395062 0.0407407407 0.1790123457 0.0617283951
5 0.8030864198 0.0481481481 0.0802469136 0.0962962963
5 0.9000000000 0.0487654321 0.1209876543 0.0975308642
5 0.9827160494 0.0450617284 0.0345679012 0.0901234568
1 0.9030864198 0.1796296296 0.1938271605 0.1444444444
1 0.0228395062 0.2222222222 0.0456790123 0.0888888889
1 0.0969135802 0.2148148148 0.1098765432 0.1160493827
1 0.2006172840 0.2104938272 0.1049382716 0.1148148148
1 0.3092592593 0.2172839506 0.1148148148 0.1481481481
1 0.4197530864 0.2160493827 0.1086419753 0.1456790123
1 0.6148148148 0.2660493827 0.2172839506 0.1148148148
1 0.0228395062 0.2993827160 0.0456790123 0.0876543210
1 0.0981481481 0.3259259259 0.1098765432 0.1135802469
1 0.2037037037 0.3209876543 0.1061728395 0.1135802469
1 0.3234567901 0.3524691358 0.1209876543 0.1395061728
1 0.4296296296 0.3469135802 0.0962962963 0.1333333333
1 0.9043209877 0.3092592593 0.1913580247 0.1493827160
1 0.0253086420 0.3759259259 0.0506172840 0.0876543210
1 0.2080246914 0.4265432099 0.1024691358 0.1172839506
1 0.6203703704 0.3771604938 0.2185185185 0.1172839506
1 0.0253086420 0.4617283951 0.0506172840 0.0864197531
1 0.1080246914 0.4339506173 0.1074074074 0.1098765432
1 0.3277777778 0.4833333333 0.1172839506 0.1320987654
1 0.4327160494 0.4777777778 0.1000000000 0.1333333333
1 0.6283950617 0.4876543210 0.2172839506 0.1209876543
1 0.9104938272 0.4438271605 0.1790123457 0.1444444444
1 0.0277777778 0.5401234568 0.0555555556 0.0901234568
1 0.1074074074 0.5401234568 0.1037037037 0.1098765432
1 0.2117283951 0.5314814815 0.1074074074 0.1098765432
1 0.9117283951 0.5845679012 0.1765432099 0.1444444444
1 0.0302469136 0.6092592593 0.0604938272 0.0703703704
1 0.0913580247 0.6537037037 0.1234567901 0.1246913580
1 0.2086419753 0.6462962963 0.1308641975 0.1246913580
1 0.3283950617 0.6129629630 0.1135802469 0.1320987654
1 0.4333333333 0.6080246914 0.1061728395 0.1395061728
1 0.6302469136 0.6043209877 0.2234567901 0.1271604938
1 0.0265432099 0.6820987654 0.0530864198 0.0901234568
1 0.3302469136 0.7413580247 0.1123456790 0.1370370370
1 0.4351851852 0.7370370370 0.1098765432 0.1407407407
1 0.5962962963 0.7320987654 0.1111111111 0.1407407407
1 0.7000000000 0.7290123457 0.1086419753 0.1370370370
1 0.9129629630 0.7283950617 0.1740740741 0.1481481481
1 0.0265432099 0.7771604938 0.0530864198 0.0901234568
1 0.0987654321 0.7703703704 0.1111111111 0.1135802469
1 0.2141975309 0.7611111111 0.1222222222 0.1222222222
