1 0.1336898396 0.0069518717 0.0556149733 0.0139037433
1 0.0962566845 0.0213903743 0.0513368984 0.0427807487
6 0.3946524064 0.0395721925 0.0941176471 0.0791443850
0 0.4903743316 0.0417112299 0.1037433155 0.0834224599
0 0.5844919786 0.0272727273 0.1058823529 0.0545454545
0 0.6711229947 0.0032085561 0.0866310160 0.0064171123
1 0.2855614973 0.1085561497 0.1262032086 0.1914438503
1 0.4203208556 0.1080213904 0.0834224599 0.0385026738
6 0.6133689840 0.1245989305 0.1229946524 0.1229946524
4 0.7080213904 0.1262032086 0.0877005348 0.1775401070
4 0.7695187166 0.1042780749 0.0973262032 0.1850267380
4 0.8417112299 0.0978609626 0.1005347594 0.1957219251
4 0.9262032086 0.1058823529 0.1090909091 0.2117647059
1 0.1475935829 0.1748663102 0.0577540107 0.1336898396
1 0.1090909091 0.1967914439 0.0598930481 0.1390374332
1 0.1989304813 0.1502673797 0.0962566845 0.1614973262
1 0.3866310160 0.2235294118 0.1187165775 0.1604278075
1 0.4957219251 0.1844919786 0.1379679144 0.1807486631
1 0.1411764706 0.3133689840 0.0941176471 0.1262032086
1 0.2080213904 0.2898395722 0.0909090909 0.1411764706
1 0.2983957219 0.2561497326 0.1176470588 0.1508021390
7 0.8925133690 0.2625668449 0.0545454545 0.0652406417
7 0.8475935829 0.3032085561 0.0652406417 0.1101604278
7 0.9641711230 0.2727272727 0.0631016043 0.1048128342
7 0.4310160428 0.3962566845 0.0941176471 0.1016042781
0 0.5235294118 0.3882352941 0.1208556150 0.1454545455
4 0.6106951872 0.3796791444 0.1048128342 0.1754010695
7 0.6882352941 0.3502673797 0.0652406417 0.1358288770
7 0.7385026738 0.3310160428 0.0631016043 0.1251336898
7 0.7903743316 0.3203208556 0.0663101604 0.1272727273
7 0.9139037433 0.3732620321 0.0652406417 0.0620320856
7 0.9700534759 0.3513368984 0.0534759358 0.0609625668
1 0.1385026738 0.4727272727 0.0459893048 0.1005347594
1 0.2085561497 0.4561497326 0.0577540107 0.1101604278
1 0.1721925134 0.4663101604 0.0556149733 0.1026737968
1 0.2882352941 0.4443850267 0.0566844920 0.1101604278
1 0.2550802139 0.4508021390 0.0545454545 0.1058823529
1 0.3631016043 0.4267379679 0.0588235294 0.1197860963
1 0.3240641711 0.4347593583 0.0556149733 0.1144385027
7 0.8101604278 0.4336898396 0.1101604278 0.0631016043
1 0.2358288770 0.5871657754 0.0588235294 0.0513368984
1 0.2877005348 0.5893048128 0.0491978610 0.0556149733
0 0.4754010695 0.5647058824 0.0631016043 0.0620320856
0 0.5187165775 0.5652406417 0.0385026738 0.0716577540
0 0.6786096257 0.5764705882 0.1080213904 0.1540106952
7 0.7962566845 0.5716577540 0.1529411765 0.1572192513
7 0.9326203209 0.5598930481 0.1347593583 0.1700534759
1 0.1903743316 0.6513368984 0.0513368984 0.0427807487
1 0.1818181818 0.6032085561 0.0598930481 0.0556149733
1 0.2540106952 0.6422459893 0.0631016043 0.0459893048
1 0.3000000000 0.6449197861 0.0481283422 0.0449197861
1 0.3593582888 0.6176470588 0.0791443850 0.1187165775
0 0.4871657754 0.6192513369 0.0438502674 0.0556149733
0 0.5240641711 0.6304812834 0.0320855615 0.0566844920
0 0.5775401070 0.5935828877 0.0919786096 0.1454545455
7 0.7983957219 0.6657754011 0.1422459893 0.0417112299
7 0.9310160428 0.6754010695 0.1379679144 0.0652406417
1 0.2005347594 0.7556149733 0.0395721925 0.0566844920
1 0.2010695187 0.6973262032 0.0577540107 0.0491978610
1 0.2593582888 0.6898395722 0.0588235294 0.0491978610
1 0.2989304813 0.7540106952 0.0438502674 0.0534759358
1 0.2491978610 0.7529411765 0.0556149733 0.0534759358
1 0.3459893048 0.7534759358 0.0631016043 0.0631016043
1 0.3069518717 0.6925133690 0.0534759358 0.0438502674
1 0.4155080214 0.7518716578 0.0737967914 0.0684491979
1 0.4860962567 0.7604278075 0.0631016043 0.0727272727
1 0.5566844920 0.7545454545 0.0759358289 0.0759358289
1 0.6320855615 0.7620320856 0.1112299465 0.0780748663
6 0.7395721925 0.7705882353 0.1122994652 0.0887700535
5 0.8374331551 0.7700534759 0.0877005348 0.0877005348
1 0.2128342246 0.8069518717 0.0449197861 0.0502673797
1 0.2593582888 0.8085561497 0.0524064171 0.0556149733
1 0.3614973262 0.8155080214 0.0577540107 0.0609625668
1 0.3064171123 0.8096256684 0.0545454545 0.0641711230
1 0.4229946524 0.8165775401 0.0695187166 0.0673796791
1 0.4909090909 0.8235294118 0.0748663102 0.0727272727
1 0.5625668449 0.8262032086 0.0748663102 0.0652406417
1 0.6401069519 0.8342245989 0.0930481283 0.0770053476
6 0.7411764706 0.8556149733 0.1133689840 0.1069518717
5 0.8422459893 0.8465240642 0.1016042781 0.0780748663
5 0.9737967914 0.8128342246 0.0524064171 0.1582887701
5 0.9187165775 0.8074866310 0.0855614973 0.1668449198
1 0.2770053476 0.8941176471 0.0427807487 0.0470588235
1 0.2320855615 0.8962566845 0.0470588235 0.0534759358
1 0.2903743316 0.9465240642 0.0459893048 0.0470588235
1 0.2459893048 0.9465240642 0.0491978610 0.0513368984
1 0.3224598930 0.9010695187 0.0481283422 0.0481283422
1 0.3315508021 0.9540106952 0.0427807487 0.0513368984
1 0.3732620321 0.9058823529 0.0598930481 0.0598930481
1 0.4320855615 0.9187165775 0.0620320856 0.0641711230
1 0.4887700535 0.9213903743 0.0598930481 0.0609625668
5 0.8540106952 0.9096256684 0.0930481283 0.0609625668
1 0.3786096257 0.9598930481 0.0534759358 0.0481283422
1 0.4957219251 0.9759358289 0.0566844920 0.0481283422
1 0.4385026738 0.9748663102 0.0641711230 0.0502673797
0 0.5663101604 0.9524064171 0.1037433155 0.0951871658
0 0.6411764706 0.9550802139 0.0951871658 0.0898395722
0 0.7192513369 0.9620320856 0.1122994652 0.0759358289
5 0.8074866310 0.9614973262 0.0877005348 0.0770053476
5 0.8983957219 0.9689839572 0.0962566845 0.0620320856
5 0.9700534759 0.9716577540 0.0598930481 0.0566844920
