1 0.0984496124 0.0310077519 0.0883720930 0.0620155039
1 0.2038759690 0.0294573643 0.1131782946 0.0589147287
1 0.3155038760 0.0232558140 0.1162790698 0.0465116279
1 0.4356589147 0.0240310078 0.1209302326 0.0480620155
1 0.5627906977 0.0139534884 0.1302325581 0.0279069767
1 0.5658914729 0.0790697674 0.1271317829 0.1023255814
1 0.6976744186 0.0767441860 0.1364341085 0.1193798450
1 0.6968992248 0.0093023256 0.1317829457 0.0186046512
5 0.8759689922 0.0573643411 0.1302325581 0.1116279070
5 0.9705426357 0.0488372093 0.0589147287 0.0976744186
1 0.0945736434 0.1093023256 0.0930232558 0.0914728682
1 0.2093023256 0.1054263566 0.1116279070 0.0930232558
1 0.3193798450 0.0953488372 0.1147286822 0.0976744186
1 0.4410852713 0.1023255814 0.1224806202 0.1147286822
1 0.0565891473 0.2643410853 0.0852713178 0.0976744186
1 0.1604651163 0.2550387597 0.1007751938 0.1038759690
1 0.2658914729 0.3449612403 0.0976744186 0.1007751938
1 0.2620155039 0.2457364341 0.0930232558 0.1038759690
1 0.3666666667 0.3410852713 0.1069767442 0.0992248062
1 0.3689922481 0.2387596899 0.1054263566 0.1085271318
1 0.4744186047 0.3348837209 0.1147286822 0.1023255814
1 0.4775193798 0.2341085271 0.1023255814 0.1085271318
1 0.5930232558 0.3333333333 0.1193798450 0.1085271318
1 0.5899224806 0.2263565891 0.1162790698 0.1085271318
1 0.7131782946 0.3294573643 0.1240310078 0.1100775194
1 0.7116279070 0.2201550388 0.1209302326 0.1147286822
5 0.8775193798 0.2178294574 0.1395348837 0.1038759690
5 0.8829457364 0.3217054264 0.1410852713 0.1100775194
5 0.9790697674 0.3271317829 0.0418604651 0.1116279070
5 0.9767441860 0.2170542636 0.0465116279 0.1085271318
1 0.0038759690 0.3589147287 0.0077519380 0.0945736434
1 0.0658914729 0.3581395349 0.0883720930 0.0899224806
1 0.1635658915 0.3527131783 0.0976744186 0.0976744186
5 0.9542635659 0.4503875969 0.0914728682 0.0604651163
1 0.0062015504 0.4844961240 0.0124031008 0.0945736434
1 0.0077519380 0.5790697674 0.0155038760 0.0976744186
1 0.0697674419 0.4829457364 0.1023255814 0.0945736434
1 0.0651162791 0.5806201550 0.0961240310 0.0976744186
1 0.1674418605 0.4821705426 0.0961240310 0.0961240310
1 0.1689922481 0.5837209302 0.1023255814 0.1007751938
1 0.2744186047 0.4782945736 0.1023255814 0.1007751938
1 0.2713178295 0.5790697674 0.1054263566 0.1038759690
1 0.3852713178 0.4782945736 0.1069767442 0.1038759690
1 0.3798449612 0.5844961240 0.1054263566 0.1116279070
1 0.4899224806 0.5868217054 0.1085271318 0.1131782946
1 0.4922480620 0.4798449612 0.1069767442 0.1038759690
1 0.6077519380 0.5922480620 0.1116279070 0.1085271318
1 0.6031007752 0.4821705426 0.1147286822 0.1116279070
1 0.7217054264 0.4821705426 0.1162790698 0.1116279070
1 0.7232558140 0.5961240310 0.1193798450 0.1131782946
5 0.8643410853 0.4906976744 0.0852713178 0.1441860465
5 0.9565891473 0.6031007752 0.0868217054 0.0837209302
5 0.9550387597 0.5224806202 0.0899224806 0.0713178295
3 0.6906976744 0.7224806202 0.0759689922 0.0713178295
3 0.7682170543 0.7279069767 0.0883720930 0.0759689922
8 0.0573643411 0.7899224806 0.1147286822 0.2403100775
8 0.1945736434 0.7782945736 0.1410852713 0.2139534884
1 0.3829457364 0.7713178295 0.0837209302 0.1875968992
1 0.3054263566 0.7666666667 0.0775193798 0.1844961240
1 0.4604651163 0.7744186047 0.0837209302 0.1937984496
1 0.5457364341 0.7767441860 0.0899224806 0.1953488372
3 0.6968992248 0.7953488372 0.0759689922 0.0775193798
3 0.6224806202 0.7558139535 0.0759689922 0.1441860465
3 0.7744186047 0.8000000000 0.0821705426 0.0775193798
5 0.8914728682 0.7635658915 0.0713178295 0.1193798450
5 0.9395348837 0.8573643411 0.1209302326 0.0589147287
5 0.9651162791 0.7635658915 0.0697674419 0.1193798450
1 0.0798449612 0.9899224806 0.1596899225 0.0201550388
