7 0.2000000000 0.0549450549 0.0571428571 0.1098901099
7 0.2472527473 0.0587912088 0.0549450549 0.1109890110
7 0.3269230769 0.0637362637 0.1197802198 0.1120879121
7 0.4384615385 0.0681318681 0.1164835165 0.1142857143
3 0.5186813187 0.0384615385 0.0461538462 0.0395604396
3 0.5159340659 0.0758241758 0.0472527473 0.0395604396
3 0.5593406593 0.0395604396 0.0395604396 0.0373626374
3 0.5582417582 0.0791208791 0.0417582418 0.0417582418
3 0.5967032967 0.0648351648 0.0439560440 0.0857142857
8 0.7076923077 0.0785714286 0.1758241758 0.1065934066
8 0.8417582418 0.0846153846 0.0901098901 0.1054945055
1 0.2027472527 0.2159340659 0.0604395604 0.1329670330
1 0.2675824176 0.2192307692 0.0626373626 0.1307692308
1 0.3313186813 0.2219780220 0.0626373626 0.1296703297
1 0.3928571429 0.2252747253 0.0560439560 0.1296703297
1 0.4554945055 0.2269230769 0.0626373626 0.1307692308
1 0.5203296703 0.2296703297 0.0604395604 0.1252747253
1 0.6060439560 0.2296703297 0.1087912088 0.1252747253
1 0.7186813187 0.2357142857 0.1120879121 0.1241758242
1 0.8296703297 0.2445054945 0.1120879121 0.1241758242
1 0.1846153846 0.3692307692 0.0681318681 0.1054945055
1 0.2467032967 0.3730769231 0.0692307692 0.1021978022
1 0.3087912088 0.3747252747 0.0725274725 0.1032967033
1 0.3758241758 0.3769230769 0.0637362637 0.1032967033
1 0.4384615385 0.3807692308 0.0615384615 0.1021978022
1 0.5137362637 0.3598901099 0.0868131868 0.0582417582
1 0.6027472527 0.3637362637 0.0868131868 0.0571428571
1 0.6884615385 0.3670329670 0.0802197802 0.0615384615
1 0.7697802198 0.3681318681 0.0802197802 0.0593406593
1 0.8472527473 0.3719780220 0.0813186813 0.0560439560
1 0.5137362637 0.4137362637 0.0846153846 0.0450549451
1 0.5994505495 0.4159340659 0.0824175824 0.0428571429
1 0.6873626374 0.4192307692 0.0780219780 0.0450549451
1 0.7659340659 0.4203296703 0.0769230769 0.0494505495
1 0.8489010989 0.4230769231 0.0824175824 0.0527472527
1 0.1774725275 0.5230769231 0.0956043956 0.1296703297
1 0.2593406593 0.5252747253 0.0945054945 0.1296703297
1 0.3384615385 0.5263736264 0.0813186813 0.1274725275
1 0.4093406593 0.5274725275 0.0780219780 0.1230769231
1 0.4840659341 0.5346153846 0.0736263736 0.1263736264
1 0.5565934066 0.5703296703 0.0714285714 0.0659340659
1 0.5587912088 0.5038461538 0.0692307692 0.0648351648
1 0.6346153846 0.5043956044 0.0670329670 0.0615384615
1 0.7049450549 0.5071428571 0.0692307692 0.0648351648
1 0.7774725275 0.5120879121 0.0780219780 0.0637362637
1 0.8549450549 0.5148351648 0.0703296703 0.0648351648
1 0.6280219780 0.5725274725 0.0714285714 0.0659340659
1 0.7005494505 0.5736263736 0.0780219780 0.0681318681
1 0.7791208791 0.5785714286 0.0769230769 0.0648351648
1 0.8571428571 0.5829670330 0.0747252747 0.0670329670
1 0.1631868132 0.6950549451 0.0934065934 0.1417582418
1 0.2478021978 0.7016483516 0.0956043956 0.1439560440
1 0.3329670330 0.7021978022 0.0835164835 0.1450549451
1 0.4043956044 0.7010989011 0.0813186813 0.1384615385
1 0.4802197802 0.6703296703 0.0747252747 0.0681318681
1 0.5565934066 0.6747252747 0.0758241758 0.0725274725
1 0.6318681319 0.6791208791 0.0769230769 0.0725274725
1 0.7082417582 0.6835164835 0.0758241758 0.0791208791
1 0.7829670330 0.6840659341 0.0736263736 0.0736263736
1 0.8571428571 0.6890109890 0.0725274725 0.0747252747
1 0.1368131868 0.8708791209 0.0692307692 0.1307692308
1 0.1923076923 0.8714285714 0.0659340659 0.1296703297
1 0.2456043956 0.8741758242 0.0648351648 0.1285714286
1 0.3016483516 0.8763736264 0.0626373626 0.1307692308
1 0.3571428571 0.8780219780 0.0637362637 0.1318681319
1 0.4120879121 0.8802197802 0.0615384615 0.1318681319
1 0.4664835165 0.8818681319 0.0604395604 0.1329670330
1 0.5219780220 0.8829670330 0.0593406593 0.1329670330
1 0.6318681319 0.8862637363 0.0549450549 0.1329670330
1 0.5763736264 0.8851648352 0.0560439560 0.1329670330
1 0.6890109890 0.8906593407 0.0593406593 0.1351648352
1 0.7445054945 0.8923076923 0.0560439560 0.1340659341
1 0.8005494505 0.8950549451 0.0604395604 0.1351648352
1 0.8554945055 0.8967032967 0.0626373626 0.1362637363
