1 0.2487001733 0.0814558059 0.1507798960 0.1629116118
1 0.3778162912 0.0831889081 0.1490467938 0.1663778163
1 0.5025996534 0.0831889081 0.1282495667 0.1663778163
1 0.6143847487 0.0823223570 0.1230502600 0.1646447140
1 0.7322357019 0.0892547660 0.1161178510 0.1785095321
1 0.8466204506 0.1351819757 0.1126516464 0.1039861352
1 0.8500866551 0.0407279029 0.1091854419 0.0814558059
1 0.9584055459 0.0398613518 0.0831889081 0.0797227036
1 0.9514731369 0.1386481802 0.0970537262 0.1039861352
1 0.2261698440 0.3318890815 0.1473136915 0.2235701906
1 0.3596187175 0.3422876950 0.1507798960 0.2270363951
1 0.4939341421 0.3431542461 0.1317157712 0.2287694974
1 0.6065857886 0.3414211438 0.1282495667 0.2183708839
1 0.7261698440 0.2928942808 0.1178509532 0.1074523397
1 0.8466204506 0.2998266898 0.1195840555 0.1143847487
1 0.9523396880 0.3067590988 0.0953206239 0.1143847487
1 0.1845753899 0.6091854419 0.1091854419 0.2062391681
1 0.2720970537 0.6100519931 0.1039861352 0.2045060659
1 0.3561525130 0.6143847487 0.1022530329 0.2027729636
1 0.4445407279 0.6178509532 0.0987868284 0.2062391681
1 0.5320623917 0.6204506066 0.1005199307 0.2079722704
1 0.6187175043 0.6239168111 0.0970537262 0.2079722704
1 0.7045060659 0.6265164645 0.0953206239 0.2097053726
1 0.7920277296 0.6282495667 0.0935875217 0.2097053726
1 0.9610051993 0.6334488735 0.0779896014 0.2097053726
1 0.8778162912 0.6317157712 0.0883882149 0.2097053726
1 0.1646447140 0.9055459272 0.1143847487 0.1889081456
1 0.2694974003 0.9038128250 0.1126516464 0.1923743501
1 0.3648180243 0.9064124783 0.1057192374 0.1871750433
1 0.5000000000 0.9090121317 0.1646447140 0.1819757366
1 0.6689774697 0.9116117851 0.1629116118 0.1767764298
1 0.8509532062 0.9116117851 0.2010398614 0.1767764298
