3 0.0903703704 0.0140740741 0.0592592593 0.0281481481
3 0.0451851852 0.0133333333 0.0607407407 0.0266666667
1 0.2511111111 0.0429629630 0.0785185185 0.0859259259
1 0.3185185185 0.0414814815 0.0740740741 0.0829629630
1 0.3829629630 0.0392592593 0.0785185185 0.0785185185
1 0.4459259259 0.0392592593 0.0800000000 0.0785185185
1 0.5177777778 0.0370370370 0.0844444444 0.0740740741
3 0.1029629630 0.0548148148 0.0577777778 0.0533333333
3 0.0548148148 0.0525925926 0.0592592593 0.0518518519
3 0.1481481481 0.0392592593 0.0711111111 0.0785185185
3 0.1985185185 0.0392592593 0.0711111111 0.0785185185
1 0.1037037037 0.1777777778 0.0948148148 0.0800000000
1 0.1111111111 0.2511111111 0.0977777778 0.0696296296
1 0.1881481481 0.2000000000 0.0770370370 0.1866666667
1 0.2696296296 0.2496296296 0.0859259259 0.0814814815
1 0.2637037037 0.1711111111 0.0829629630 0.0962962963
1 0.3451851852 0.1637037037 0.0918518519 0.0903703704
1 0.3548148148 0.2466666667 0.0933333333 0.0874074074
1 0.4400000000 0.1614814815 0.0948148148 0.0918518519
1 0.4414814815 0.2496296296 0.0918518519 0.0874074074
1 0.5370370370 0.2503703704 0.0933333333 0.0888888889
1 0.5407407407 0.1555555556 0.1037037037 0.1096296296
1 0.1985185185 0.3392592593 0.0888888889 0.0711111111
1 0.2933333333 0.3392592593 0.0888888889 0.0770370370
1 0.3762962963 0.3362962963 0.0829629630 0.0888888889
1 0.1740740741 0.4370370370 0.0903703704 0.0770370370
1 0.2651851852 0.4429629630 0.1007407407 0.0800000000
1 0.3696296296 0.4444444444 0.0992592593 0.0859259259
1 0.1607407407 0.6488888889 0.1081481481 0.1333333333
1 0.2318518519 0.6525925926 0.0933333333 0.1585185185
1 0.2911111111 0.6718518519 0.1022222222 0.1170370370
1 0.3637037037 0.6718518519 0.0933333333 0.1585185185
1 0.4488888889 0.6940740741 0.1096296296 0.1348148148
1 0.5518518519 0.7096296296 0.1229629630 0.1333333333
8 0.2311111111 0.8503703704 0.1037037037 0.1511111111
1 0.3325925926 0.8874074074 0.1407407407 0.1185185185
2 0.5674074074 0.8814814815 0.1274074074 0.2281481481
1 0.4518518519 0.9037037037 0.1303703704 0.1244444444
1 0.4548148148 0.4222222222 0.0977777778 0.1511111111
1 0.5429629630 0.4229629630 0.1140740741 0.1525925926
