1 0.1025878004 0.4214417745 0.2051756007 0.1109057301
1 0.5785582255 0.4316081331 0.2107208872 0.1053604436
2 0.8937153420 0.4482439926 0.2125693161 0.1423290203
1 0.1016635860 0.5258780037 0.2033271719 0.1016635860
1 0.3817005545 0.4778188540 0.1829944547 0.1792975970
1 0.0998151571 0.6266173752 0.1996303142 0.1035120148
1 0.3678373383 0.6118299445 0.2144177449 0.0924214418
1 0.5804066543 0.5924214418 0.2144177449 0.2199630314
2 0.8890942699 0.6358595194 0.2218114603 0.2476894640
1 0.1035120148 0.7245841035 0.2070240296 0.0998151571
1 0.1044362292 0.8188539741 0.2088724584 0.0924214418
1 0.3696857671 0.7042513863 0.2107208872 0.0961182994
1 0.3743068392 0.8031423290 0.2088724584 0.1090573013
1 0.5831792976 0.8068391867 0.2125693161 0.2236598891
1 0.1044362292 0.9158964880 0.2088724584 0.1090573013
1 0.3724584104 0.9075785582 0.2125693161 0.1035120148
1 0.9288354898 0.8604436229 0.1423290203 0.2088724584
1 0.1072088725 0.9824399261 0.2144177449 0.0351201479
1 0.5868761553 0.9574861368 0.2125693161 0.0850277264
2 0.7726432532 0.8798521257 0.1626617375 0.2402957486
1 0.3743068392 0.9796672828 0.2088724584 0.0406654344
1 0.9279112754 0.9768946396 0.1441774492 0.0462107209
