1 0.0770625567 0.0897552131 0.1541251133 0.1795104261
7 0.8263825929 0.0657298277 0.0607434270 0.1314596555
1 0.2552130553 0.0965548504 0.2112420671 0.1804170444
1 0.4501359927 0.1169537625 0.2039891206 0.1849501360
1 0.5734360834 0.1758839529 0.0643699003 0.1486854034
7 0.7044424297 0.1029011786 0.0616500453 0.1260199456
7 0.6455122393 0.1659111514 0.0634632820 0.0743427017
7 0.7017225748 0.2098821396 0.0598368087 0.1078875793
7 0.6446056210 0.1024478694 0.0725294651 0.0598368087
7 0.7452402539 0.0974614687 0.0525838622 0.1115140526
7 0.8173164098 0.2017225748 0.0643699003 0.1441523119
7 0.7606527652 0.2076155938 0.0652765186 0.1359927471
7 0.8739800544 0.2058023572 0.0670897552 0.1704442430
1 0.0294650952 0.3757932910 0.0589301904 0.1894832276
7 0.6436990027 0.2266545784 0.0689029918 0.0616500453
7 0.9224841342 0.2293744334 0.0643699003 0.1233000907
7 0.9705349048 0.2284678150 0.0589301904 0.1396192203
1 0.1890299184 0.3898458749 0.0933816863 0.1903898459
1 0.0997280145 0.3857660925 0.0888485947 0.1967361741
1 0.3485947416 0.4052583862 0.0861287398 0.1903898459
1 0.2724388033 0.3984587489 0.0879419764 0.1931097008
1 0.5090661831 0.4070716228 0.0770625567 0.1559383500
1 0.4333635539 0.3998186763 0.0870353581 0.1631912965
4 0.6754306437 0.4165911151 0.1069809610 0.1894832276
1 0.5924750680 0.4093381686 0.0915684497 0.1622846782
4 0.8526745240 0.4342701723 0.0951949229 0.1885766092
4 0.7688123300 0.4256572983 0.1015412511 0.1949229374
4 0.9796010879 0.4660018132 0.0407978241 0.1668177697
4 0.9261106074 0.4596554850 0.0861287398 0.1740707162
1 0.0775158658 0.6767905712 0.1223934723 0.1133272892
1 0.3164097915 0.6781504986 0.1233000907 0.1051677244
1 0.4410698096 0.6763372620 0.1278331822 0.1124206709
1 0.6686310063 0.6251133273 0.1223934723 0.0933816863
1 0.7837715322 0.6305530372 0.1260199456 0.0970081596
1 0.0702629193 0.7805983681 0.1223934723 0.0961015413
0 0.0086128740 0.7252946510 0.0172257480 0.2067089755
1 0.1953762466 0.6890299184 0.1187669991 0.1124206709
1 0.1894832276 0.7878513146 0.1142339075 0.0888485947
1 0.3100634633 0.7769718948 0.1269265639 0.0942883046
1 0.4338168631 0.7796917498 0.1242067090 0.1051677244
1 0.5453309157 0.7923844062 0.0970081596 0.0906618314
1 0.6500453309 0.7941976428 0.1124206709 0.0761559383
1 0.6622846782 0.7139619220 0.1169537625 0.0879419764
1 0.5562103354 0.6922030825 0.1097008160 0.1115140526
1 0.7597461469 0.7932910245 0.1106074343 0.0707162285
1 0.7742520399 0.7175883953 0.1106074343 0.0915684497
1 0.8893925657 0.7175883953 0.1178603808 0.0915684497
7 0.9682683590 0.7683590209 0.0634632820 0.1659111514
1 0.8744333636 0.8059836809 0.1187669991 0.0852221215
4 0.9977334542 0.7339075249 0.0045330916 0.2257479601
7 0.9678150499 0.9546690843 0.0643699003 0.0634632820
1 0.0988213962 0.9827742520 0.1233000907 0.0344514959
1 0.2144152312 0.9832275612 0.1151405258 0.0335448776
1 0.3200362647 0.9841341795 0.1142339075 0.0317316410
1 0.5335448776 0.9764279238 0.1242067090 0.0471441523
1 0.4215775159 0.9845874887 0.1142339075 0.0308250227
1 0.6418857661 0.9823209429 0.1305530372 0.0353581142
1 0.7461468722 0.9864007253 0.1341795104 0.0271985494
1 0.8436083409 0.9805077063 0.1260199456 0.0389845875
7 0.9469628286 0.9927470535 0.0915684497 0.0145058930
