1 0.0483028721 0.0137075718 0.0913838120 0.0274151436
1 0.1325065274 0.0208877285 0.0796344648 0.0417754569
1 0.2095300261 0.0254569191 0.0718015666 0.0509138381
1 0.2761096606 0.0306788512 0.0639686684 0.0613577023
1 0.4020887728 0.0378590078 0.0600522193 0.0548302872
1 0.4020887728 0.0058746736 0.0626631854 0.0117493473
1 0.3368146214 0.0391644909 0.0626631854 0.0678851175
1 0.3413838120 0.0045691906 0.0639686684 0.0091383812
1 0.4640992167 0.0084856397 0.0613577023 0.0169712794
1 0.4575718016 0.0483028721 0.0639686684 0.0600522193
5 0.5267624021 0.0450391645 0.0822454308 0.0535248042
5 0.5306788512 0.0110966057 0.0718015666 0.0221932115
5 0.6011749347 0.0150130548 0.0691906005 0.0300261097
5 0.6703655352 0.0169712794 0.0665796345 0.0339425587
5 0.7369451697 0.0248041775 0.0665796345 0.0496083551
0 0.8113577023 0.0052219321 0.0300261097 0.0104438642
0 0.8629242820 0.0280678851 0.0809399478 0.0561357702
0 0.9164490862 0.0065274151 0.0469973890 0.0130548303
0 0.9654046997 0.0084856397 0.0535248042 0.0169712794
0 0.9471279373 0.0509138381 0.0822454308 0.0391644909
0 0.9947780679 0.0084856397 0.0104438642 0.0169712794
1 0.0287206266 0.1220626632 0.0574412533 0.0665796345
1 0.1579634465 0.1338120104 0.0652741514 0.0613577023
1 0.0894255875 0.1266318538 0.0744125326 0.0678851175
1 0.2271540470 0.1357702350 0.0731070496 0.0574412533
1 0.2989556136 0.1429503916 0.0731070496 0.0587467363
1 0.3720626632 0.1449086162 0.0704960836 0.0548302872
1 0.4406005222 0.1501305483 0.0665796345 0.0574412533
5 0.5561357702 0.1553524804 0.0522193211 0.0496083551
5 0.5013054830 0.1540469974 0.0548302872 0.0548302872
5 0.5998694517 0.0646214099 0.0691906005 0.0744125326
5 0.6579634465 0.1605744125 0.0522193211 0.0443864230
5 0.6077023499 0.1573107050 0.0509138381 0.0483028721
5 0.7121409922 0.1631853786 0.0509138381 0.0417754569
5 0.6703655352 0.0678851175 0.0665796345 0.0652741514
5 0.7624020888 0.1664490862 0.0469973890 0.0430809399
1 0.0280678851 0.1834203655 0.0561357702 0.0639686684
1 0.0221932115 0.2460835509 0.0443864230 0.0718015666
1 0.0763707572 0.2532637076 0.0796344648 0.0652741514
1 0.0822454308 0.1886422977 0.0809399478 0.0639686684
1 0.1455613577 0.2532637076 0.0718015666 0.0678851175
1 0.1488250653 0.1951697128 0.0652741514 0.0639686684
1 0.2232375979 0.1977806789 0.0704960836 0.0613577023
1 0.2950391645 0.2069190601 0.0731070496 0.0639686684
1 0.3707571802 0.2069190601 0.0704960836 0.0613577023
1 0.4399477807 0.2088772846 0.0652741514 0.0600522193
5 0.5032637076 0.2043080940 0.0561357702 0.0483028721
5 0.5548302872 0.2043080940 0.0548302872 0.0483028721
5 0.6070496084 0.2049608355 0.0522193211 0.0469973890
5 0.5842036554 0.2584856397 0.0900783290 0.0626631854
5 0.6592689295 0.2075718016 0.0522193211 0.0469973890
5 0.6586161880 0.2610966057 0.0561357702 0.0574412533
5 0.7154046997 0.2604438642 0.0548302872 0.0509138381
5 0.7127937337 0.2108355091 0.0548302872 0.0483028721
5 0.7637075718 0.2676240209 0.0548302872 0.0600522193
5 0.7630548303 0.2121409922 0.0509138381 0.0509138381
5 0.8093994778 0.1755874674 0.0443864230 0.0535248042
5 0.8087467363 0.2304177546 0.0456919060 0.0561357702
0 0.8544386423 0.1971279373 0.0535248042 0.0939947781
0 0.9053524804 0.2056135770 0.0509138381 0.1031331593
0 0.9562663185 0.1873368146 0.0561357702 0.0535248042
0 0.9928198433 0.1886422977 0.0143603133 0.0535248042
0 0.9843342037 0.2702349869 0.0313315927 0.0417754569
3 0.0241514360 0.3394255875 0.0483028721 0.0391644909
1 0.0724543081 0.3746736292 0.0613577023 0.1070496084
3 0.0221932115 0.3779373368 0.0443864230 0.0430809399
1 0.1246736292 0.3759791123 0.0587467363 0.1096605744
1 0.1736292428 0.3779373368 0.0574412533 0.1083550914
1 0.2212793734 0.3785900783 0.0535248042 0.1070496084
1 0.3133159269 0.3785900783 0.0443864230 0.1044386423
1 0.2682767624 0.3779373368 0.0483028721 0.1057441253
1 0.4033942559 0.3812010444 0.0469973890 0.1044386423
1 0.3570496084 0.3785900783 0.0430809399 0.1018276762
1 0.4464751958 0.3812010444 0.0417754569 0.1018276762
1 0.4856396867 0.3812010444 0.0391644909 0.0992167102
5 0.5476501305 0.3466057441 0.0300261097 0.0274151436
5 0.5176240209 0.3733681462 0.0274151436 0.0313315927
5 0.5189295039 0.3453002611 0.0274151436 0.0221932115
5 0.5489556136 0.3792428198 0.0326370757 0.0378590078
5 0.5809399478 0.3805483029 0.0287206266 0.0300261097
5 0.6155352480 0.3485639687 0.0300261097 0.0261096606
5 0.6579634465 0.3505221932 0.0548302872 0.0274151436
5 0.6579634465 0.3812010444 0.0574412533 0.0365535248
5 0.6109660574 0.3812010444 0.0313315927 0.0313315927
5 0.5822454308 0.3479112272 0.0313315927 0.0274151436
5 0.7167101828 0.3511749347 0.0600522193 0.0261096606
5 0.7173629243 0.3851174935 0.0613577023 0.0313315927
5 0.7702349869 0.3864229765 0.0417754569 0.0966057441
5 0.8152741514 0.3890339426 0.0483028721 0.0939947781
0 0.9053524804 0.2845953003 0.0483028721 0.0574412533
7 0.9810704961 0.3798955614 0.0248041775 0.0626631854
7 0.9556135770 0.3864229765 0.0234986945 0.0757180157
3 0.0208877285 0.4197127937 0.0417754569 0.0404699739
5 0.5802872063 0.4157963446 0.0300261097 0.0326370757
5 0.5176240209 0.4066579634 0.0274151436 0.0300261097
5 0.5789817232 0.4497389034 0.0300261097 0.0326370757
5 0.5469973890 0.4157963446 0.0313315927 0.0326370757
5 0.5450391645 0.4503916449 0.0352480418 0.0339425587
5 0.6553524804 0.4171018277 0.0574412533 0.0326370757
5 0.6083550914 0.4490861619 0.0287206266 0.0313315927
5 0.6109660574 0.4157963446 0.0313315927 0.0326370757
5 0.7167101828 0.4177545692 0.0626631854 0.0339425587
5 0.7108355091 0.4503916449 0.0587467363 0.0339425587
7 0.8674934726 0.3962140992 0.0613577023 0.1057441253
7 0.9830287206 0.4438642298 0.0261096606 0.0600522193
7 0.9203655352 0.3942558747 0.0469973890 0.0939947781
7 0.9967362924 0.3936031332 0.0065274151 0.0900783290
1 0.1716710183 0.6116187990 0.1187989556 0.1187989556
1 0.2826370757 0.6044386423 0.1135770235 0.1096605744
1 0.3883812010 0.5998694517 0.1083550914 0.1083550914
1 0.4804177546 0.5881201044 0.0809399478 0.0874673629
2 0.5476501305 0.6077023499 0.0561357702 0.1266318538
7 0.6377284595 0.5900783290 0.0404699739 0.0966057441
7 0.5959530026 0.5894255875 0.0404699739 0.0979112272
7 0.7460835509 0.5881201044 0.0874673629 0.1031331593
7 0.6827676240 0.5887728460 0.0443864230 0.0966057441
4 0.8152741514 0.5953002611 0.0509138381 0.1148825065
4 0.9105744125 0.5946475196 0.0587467363 0.1135770235
4 0.8609660574 0.5874673629 0.0483028721 0.0992167102
4 0.9843342037 0.5861618799 0.0313315927 0.0992167102
4 0.9543080940 0.5874673629 0.0365535248 0.0992167102
1 0.0580939948 0.6246736292 0.1161879896 0.1422976501
1 0.1586161880 0.7140992167 0.1187989556 0.1070496084
1 0.2669712794 0.7043080940 0.1083550914 0.1031331593
1 0.3701044386 0.6977806789 0.1057441253 0.1031331593
1 0.4771540470 0.6781984334 0.0822454308 0.0979112272
2 0.5456919060 0.7023498695 0.0574412533 0.0574412533
7 0.6135770235 0.6866840731 0.0757180157 0.0939947781
7 0.6938642298 0.6840731070 0.0848563969 0.0913838120
7 0.7715404700 0.6892950392 0.0417754569 0.1018276762
1 0.0522193211 0.7571801567 0.1044386423 0.1305483029
