0 0.1608695652 0.0427536232 0.0666666667 0.0855072464
7 0.2282608696 0.0043478261 0.0768115942 0.0086956522
0 0.2340579710 0.0340579710 0.0826086957 0.0681159420
0 0.3137681159 0.0297101449 0.0768115942 0.0594202899
2 0.4181159420 0.0159420290 0.1318840580 0.0318840580
2 0.5405797101 0.0050724638 0.1275362319 0.0101449275
5 0.0471014493 0.1391304348 0.0942028986 0.0637681159
0 0.0934782609 0.0507246377 0.0855072464 0.1014492754
5 0.1355072464 0.1311594203 0.0797101449 0.0594202899
0 0.3659420290 0.1478260870 0.0884057971 0.1449275362
1 0.5347826087 0.1188405797 0.0782608696 0.1565217391
1 0.4521739130 0.0992753623 0.0840579710 0.0710144928
1 0.6123188406 0.1094202899 0.0768115942 0.1608695652
1 0.6920289855 0.0862318841 0.0826086957 0.1521739130
1 0.7731884058 0.0782608696 0.0884057971 0.1565217391
1 0.8579710145 0.0666666667 0.0840579710 0.1333333333
5 0.0572463768 0.2152173913 0.0507246377 0.1115942029
5 0.1717391304 0.1963768116 0.0449275362 0.1144927536
5 0.1253623188 0.2086956522 0.0536231884 0.1101449275
0 0.2268115942 0.1731884058 0.0710144928 0.1289855072
0 0.2913043478 0.1615942029 0.0637681159 0.1289855072
1 0.4536231884 0.1724637681 0.0811594203 0.0724637681
1 0.5963768116 0.2760869565 0.0884057971 0.0681159420
1 0.6840579710 0.2601449275 0.0869565217 0.0913043478
1 0.7681159420 0.2485507246 0.0840579710 0.0855072464
1 0.8514492754 0.2347826087 0.0768115942 0.0840579710
5 0.0717391304 0.3753623188 0.0391304348 0.1101449275
5 0.0231884058 0.3804347826 0.0434782609 0.1086956522
5 0.1159420290 0.2855072464 0.0521739130 0.0463768116
5 0.1173913043 0.3347826087 0.0579710145 0.0550724638
5 0.1210144928 0.3978260870 0.0507246377 0.0710144928
6 0.1862318841 0.3891304348 0.0681159420 0.0739130435
1 0.2586956522 0.3463768116 0.0797101449 0.1391304348
6 0.1826086957 0.3086956522 0.0782608696 0.0840579710
1 0.3405797101 0.3449275362 0.0898550725 0.1420289855
1 0.4246376812 0.3724637681 0.0666666667 0.0666666667
1 0.5036231884 0.3550724638 0.0971014493 0.0811594203
1 0.5956521739 0.3514492754 0.0927536232 0.0826086957
1 0.6710144928 0.3434782609 0.0666666667 0.0753623188
1 0.7630434783 0.3289855072 0.0855072464 0.0840579710
1 0.8268115942 0.4036231884 0.0913043478 0.0884057971
1 0.8456521739 0.3108695652 0.0739130435 0.0826086957
7 0.0615942029 0.4746376812 0.0826086957 0.0478260870
7 0.1405797101 0.4789855072 0.0753623188 0.0333333333
0 0.2057971014 0.4644927536 0.0579710145 0.0478260870
0 0.2782608696 0.4550724638 0.0840579710 0.0405797101
0 0.4210144928 0.4601449275 0.0507246377 0.0420289855
1 0.4855072464 0.5297101449 0.0811594203 0.1492753623
1 0.6318840580 0.4304347826 0.0869565217 0.0637681159
1 0.6413043478 0.4884057971 0.0768115942 0.0695652174
1 0.7340579710 0.4913043478 0.0971014493 0.0695652174
1 0.7318840580 0.4202898551 0.1043478261 0.0782608696
1 0.8340579710 0.4782608696 0.0971014493 0.0695652174
7 0.0637681159 0.5536231884 0.0840579710 0.1130434783
7 0.1398550725 0.5521739130 0.0739130435 0.1130434783
7 0.1442028986 0.6550724638 0.0565217391 0.0434782609
0 0.2028985507 0.5478260870 0.0666666667 0.1246376812
0 0.2811594203 0.5420289855 0.0927536232 0.1362318841
0 0.4152173913 0.5434782609 0.0594202899 0.1275362319
0 0.3615942029 0.5405797101 0.0652173913 0.1391304348
1 0.6369565217 0.5615942029 0.0826086957 0.0768115942
1 0.7253623188 0.5557971014 0.0826086957 0.0797101449
1 0.8297101449 0.5521739130 0.0913043478 0.0782608696
7 0.0702898551 0.7594202899 0.0362318841 0.0376811594
7 0.0463768116 0.7442028986 0.0289855072 0.0652173913
7 0.0760869565 0.6862318841 0.0333333333 0.0391304348
7 0.1579710145 0.7376811594 0.0318840580 0.0898550725
7 0.1282608696 0.7391304348 0.0333333333 0.0869565217
7 0.1021739130 0.7434782609 0.0246376812 0.0753623188
4 0.2297101449 0.7210144928 0.0681159420 0.1434782609
7 0.1847826087 0.7369565217 0.0275362319 0.0942028986
0 0.3108695652 0.7326086957 0.1000000000 0.1231884058
7 0.4130434783 0.7449275362 0.1072463768 0.1014492754
7 0.4898550725 0.7311594203 0.0550724638 0.1405797101
1 0.6007246377 0.7326086957 0.0565217391 0.1318840580
1 0.5456521739 0.7318840580 0.0507246377 0.1304347826
1 0.7101449275 0.7333333333 0.0608695652 0.1420289855
1 0.6550724638 0.7333333333 0.0579710145 0.1333333333
1 0.7768115942 0.7333333333 0.0695652174 0.1420289855
1 0.8449275362 0.7362318841 0.0695652174 0.1449275362
4 0.0637681159 0.8666666667 0.0521739130 0.1536231884
4 0.1007246377 0.8855072464 0.0478260870 0.1304347826
4 0.1427536232 0.8891304348 0.0420289855 0.1202898551
6 0.2326086957 0.8478260870 0.0797101449 0.0840579710
4 0.1775362319 0.8942028986 0.0420289855 0.1217391304
0 0.0485507246 0.9833333333 0.0681159420 0.0333333333
0 0.1079710145 0.9862318841 0.0652173913 0.0275362319
6 0.2304347826 0.9275362319 0.0753623188 0.0840579710
1 0.3210144928 0.9173913043 0.1057971014 0.1275362319
1 0.4362318841 0.9275362319 0.1159420290 0.1304347826
1 0.5471014493 0.9304347826 0.1231884058 0.1362318841
1 0.6746376812 0.9369565217 0.1347826087 0.1260869565
1 0.8094202899 0.9391304348 0.1347826087 0.1217391304
0 0.1644927536 0.9927536232 0.0623188406 0.0144927536
0 0.2326086957 0.9855072464 0.0739130435 0.0289855072
0 0.3007246377 0.9942028986 0.0797101449 0.0115942029
