6 0.9787775891 0.0212224109 0.0424448217 0.0424448217
1 0.6307300509 0.0348047538 0.2088285229 0.0696095076
1 0.9040747029 0.0050933786 0.1035653650 0.0101867572
7 0.2546689304 0.1570458404 0.2275042445 0.2495755518
1 0.6129032258 0.1230899830 0.2003395586 0.1273344652
1 0.9091680815 0.0670628183 0.1069609508 0.1137521222
1 0.6451612903 0.2461799660 0.1901528014 0.1256366723
1 0.9142614601 0.1765704584 0.1001697793 0.1120543294
6 0.9830220713 0.1663837012 0.0339558574 0.2512733447
7 0.2979626486 0.3208828523 0.1171477080 0.0950764007
1 0.9210526316 0.2852292020 0.0933786078 0.1086587436
7 0.1018675722 0.3828522920 0.2037351443 0.2733446520
1 0.6375212224 0.3794567063 0.2088285229 0.1375212224
6 0.9872665535 0.4193548387 0.0254668930 0.2546689304
7 0.0144312394 0.5874363328 0.0288624788 0.1256366723
7 0.2623089983 0.5059422750 0.0967741935 0.1120543294
1 0.6349745331 0.5101867572 0.2173174873 0.1341256367
1 0.8904923599 0.5152801358 0.0526315789 0.1171477080
7 0.1298811545 0.6901528014 0.1137521222 0.1477079796
1 0.6451612903 0.6561969440 0.2037351443 0.1307300509
1 0.9210526316 0.6375212224 0.1035653650 0.1205432937
1 0.9923599321 0.5993208829 0.0152801358 0.1120543294
1 0.9923599321 0.6791171477 0.0152801358 0.0509337861
7 0.0118845501 0.7122241087 0.0237691002 0.1511035654
7 0.0076400679 0.8531409168 0.0152801358 0.1646859083
7 0.1171477080 0.8200339559 0.1324278438 0.1494057725
