1 0.1370280146 0.4135200974 0.2594397077 0.1327649208
1 0.5895249695 0.3739342266 0.1900121803 0.0828258222
1 0.8392204629 0.4202192448 0.2168087698 0.1778319123
0 0.9939098660 0.3836784409 0.0121802680 0.1364190012
1 0.3775883069 0.4330085262 0.2046285018 0.1400730816
1 0.5931790499 0.4464068210 0.1875761267 0.0767356882
0 0.9902557856 0.5018270402 0.0194884287 0.1144945189
1 0.0066991474 0.5334957369 0.0133982948 0.0852618758
1 0.1662606577 0.5298416565 0.2375152253 0.1096224117
1 0.3434835566 0.5493300853 0.1023142509 0.0950060901
1 0.4421437272 0.5505481121 0.0950060901 0.0901339829
1 0.5950060901 0.5213154689 0.1790499391 0.0682095006
1 0.0395858709 0.6546894032 0.0791717418 0.1278928136
1 0.2034104750 0.6248477467 0.2095006090 0.0974421437
1 0.3641900122 0.6352009744 0.0925700365 0.0840438490
1 0.4531059683 0.6364190012 0.0998781973 0.0816077954
1 0.5925700365 0.5937880633 0.1595615104 0.0767356882
1 0.5968331303 0.6607795371 0.1656516443 0.0645554202
1 0.8264311815 0.5846528624 0.2058465286 0.1559074300
0 0.9744214373 0.6559074300 0.0511571255 0.1498172960
1 0.2302070646 0.7064555420 0.2070645554 0.0852618758
1 0.3788063337 0.7143727162 0.0876979294 0.0742996346
1 0.4628501827 0.7161997564 0.0974421437 0.0803897686
1 0.5998781973 0.7314250914 0.1644336175 0.0572472594
1 0.8105968331 0.7180267966 0.1814859927 0.1327649208
4 0.0590742996 0.8160779537 0.1181485993 0.0511571255
4 0.0420219245 0.7551766139 0.0840438490 0.0876979294
1 0.2460414129 0.7764920828 0.1802679659 0.0523751523
1 0.3855054811 0.7904993910 0.0889159562 0.0876979294
1 0.4701583435 0.7929354446 0.1023142509 0.0828258222
1 0.6017052375 0.7813641900 0.1534713764 0.0475030451
0 0.9640682095 0.7716199756 0.0718635810 0.1035322777
4 0.0584652862 0.8641900122 0.1169305725 0.0353227771
7 0.2423873325 0.8873325213 0.0779537150 0.0231425091
1 0.2630937881 0.8203410475 0.1680876979 0.0523751523
1 0.3989037759 0.8684531060 0.0864799026 0.0706455542
7 0.3063337393 0.8830694275 0.0499390987 0.0146163216
1 0.4847746650 0.8654080390 0.0925700365 0.0596833130
1 0.6084043849 0.8751522533 0.1473812424 0.0450669915
1 0.6065773447 0.8325213155 0.1534713764 0.0548112058
1 0.7838002436 0.8258221681 0.1352009744 0.0852618758
0 0.9506699147 0.8788063337 0.0986601705 0.0767356882
4 0.0828258222 0.9524969549 0.1315468940 0.0414129111
4 0.0639464068 0.9062119367 0.1278928136 0.0560292326
7 0.2801461632 0.9159561510 0.0365408039 0.0462850183
7 0.3063337393 0.9482338611 0.0718635810 0.0328867235
1 0.4884287454 0.9317904994 0.0852618758 0.0487210719
1 0.4135200974 0.9269183922 0.0718635810 0.0487210719
1 0.6096224117 0.9518879415 0.1400730816 0.0450669915
1 0.6102314251 0.9135200974 0.1437271620 0.0438489647
7 0.7807551766 0.8995127893 0.1388550548 0.0645554202
4 0.0968331303 0.9847746650 0.1278928136 0.0304506699
1 0.4963459196 0.9780755177 0.0791717418 0.0438489647
1 0.4220462850 0.9780755177 0.0718635810 0.0438489647
1 0.6132764921 0.9859926918 0.1327649208 0.0280146163
7 0.7795371498 0.9811205847 0.1364190012 0.0377588307
7 0.9354445798 0.9878197320 0.1291108404 0.0243605359
