4 0.0720188902 0.0123966942 0.0684769776 0.0247933884
4 0.1381345927 0.0171192444 0.0684769776 0.0342384888
4 0.2036599764 0.0212514758 0.0672963400 0.0425029516
4 0.2680047226 0.0230224321 0.0661157025 0.0460448642
4 0.3305785124 0.0259740260 0.0613931523 0.0519480519
1 0.4285714286 0.0407319953 0.1251475797 0.0814639906
4 0.0200708383 0.0979929162 0.0401416765 0.1652892562
4 0.0731995277 0.1038961039 0.0637544274 0.1582054309
4 0.1410861865 0.1097992916 0.0625737898 0.1558441558
4 0.2066115702 0.1151121606 0.0613931523 0.1546635183
4 0.2668240850 0.1204250295 0.0637544274 0.1558441558
4 0.3293978749 0.1227863046 0.0613931523 0.1582054309
1 0.5548996458 0.0460448642 0.1251475797 0.0920897285
1 0.6800472255 0.0525383707 0.1251475797 0.1050767414
1 0.7992916175 0.0525383707 0.1275088548 0.1050767414
1 0.4297520661 0.1481700118 0.1251475797 0.1334120425
1 0.5531286895 0.1511216057 0.1286894923 0.1369539551
1 0.6717827627 0.1605667060 0.1157024793 0.1251475797
1 0.7933884298 0.1682408501 0.1227863046 0.1263282172
5 0.0047225502 0.3364817001 0.0094451004 0.0472255018
5 0.0041322314 0.2945690673 0.0082644628 0.0484061393
5 0.0478158205 0.2987012987 0.0814639906 0.0448642267
5 0.0501770956 0.3412042503 0.0814639906 0.0448642267
5 0.1316410862 0.3099173554 0.0696576151 0.0389610390
5 0.0070838253 0.3801652893 0.0141676505 0.0448642267
5 0.0543093270 0.3837072019 0.0802833530 0.0425029516
5 0.1552538371 0.3689492326 0.0436835891 0.0791027155
5 0.1133412043 0.3654073200 0.0425029516 0.0743801653
3 0.2272727273 0.3902007084 0.0484061393 0.0484061393
3 0.2260920897 0.3459268005 0.0484061393 0.0472255018
3 0.2727272727 0.3931523022 0.0448642267 0.0448642267
3 0.2709563164 0.3488783943 0.0436835891 0.0460448642
3 0.3134592680 0.3719008264 0.0413223140 0.0897284534
1 0.3530106257 0.3595041322 0.0519480519 0.1216056671
1 0.4031877214 0.3612750885 0.0507674144 0.1251475797
1 0.4527744982 0.3642266824 0.0531286895 0.1216056671
1 0.5011806375 0.3683589138 0.0507674144 0.1204250295
8 0.5832349469 0.3606847698 0.0826446281 0.1334120425
8 0.6806375443 0.3553719008 0.0956316411 0.1534828808
1 0.7780401417 0.3642266824 0.1157024793 0.1404958678
5 0.0064935065 0.5159386068 0.0129870130 0.0401416765
5 0.0053128689 0.4645808737 0.0106257379 0.0578512397
5 0.0407319953 0.4675324675 0.0602125148 0.0613931523
5 0.0442739079 0.5182998819 0.0602125148 0.0377804014
5 0.1682408501 0.5247933884 0.0460448642 0.0885478158
5 0.1074380165 0.4622195986 0.0708382527 0.0484061393
5 0.1080283353 0.5094451004 0.0696576151 0.0436835891
1 0.3164108619 0.4734356553 0.0708382527 0.0708382527
1 0.3181818182 0.5425029516 0.0672963400 0.0720188902
1 0.2502951594 0.5389610390 0.0684769776 0.0743801653
1 0.3860684770 0.4799291617 0.0684769776 0.0696576151
1 0.4580873672 0.4828807556 0.0708382527 0.0731995277
1 0.5247933884 0.4876033058 0.0649350649 0.0708382527
1 0.5891381346 0.4899645809 0.0637544274 0.0661157025
1 0.6564344746 0.4940968123 0.0708382527 0.0625737898
1 0.7237308146 0.4958677686 0.0755608028 0.0637544274
1 0.7910271547 0.4970484061 0.0637544274 0.0661157025
5 0.0755608028 0.6251475797 0.0826446281 0.0649350649
5 0.1552538371 0.6269185360 0.0814639906 0.0684769776
1 0.2514757969 0.6310507674 0.0708382527 0.0649350649
1 0.3890200708 0.6340023613 0.0649350649 0.0637544274
1 0.3211334120 0.6328217237 0.0684769776 0.0637544274
1 0.3842975207 0.5478158205 0.0672963400 0.0637544274
1 0.4515938607 0.5513577332 0.0696576151 0.0637544274
1 0.4563164109 0.6351829988 0.0672963400 0.0637544274
1 0.5212514758 0.6345926800 0.0625737898 0.0649350649
1 0.5194805195 0.5519480519 0.0661157025 0.0625737898
1 0.5855962220 0.5525383707 0.0661157025 0.0637544274
1 0.6540731995 0.6410861865 0.0684769776 0.0590318772
1 0.6493506494 0.5548996458 0.0731995277 0.0613931523
1 0.7213695396 0.5584415584 0.0731995277 0.0613931523
1 0.7142857143 0.6375442739 0.0637544274 0.0613931523
1 0.7839433294 0.5572609209 0.0661157025 0.0590318772
5 0.0188902007 0.6853600945 0.0377804014 0.0578512397
5 0.0779220779 0.6859504132 0.0802833530 0.0590318772
5 0.1552538371 0.6883116883 0.0767414404 0.0613931523
1 0.2514757969 0.6942148760 0.0708382527 0.0637544274
1 0.3199527745 0.6959858323 0.0661157025 0.0625737898
1 0.3872491145 0.6965761511 0.0661157025 0.0613931523
1 0.4527744982 0.6983471074 0.0672963400 0.0602125148
1 0.5182998819 0.6977567887 0.0566706021 0.0590318772
1 0.5826446281 0.6918536009 0.0625737898 0.0661157025
1 0.6469893743 0.6995277450 0.0661157025 0.0554899646
1 0.7142857143 0.6959858323 0.0495867769 0.0460448642
5 0.0253837072 0.8229043684 0.0507674144 0.0401416765
5 0.0253837072 0.7715466352 0.0507674144 0.0531286895
5 0.0885478158 0.8341204250 0.0708382527 0.0554899646
5 0.0867768595 0.7780401417 0.0743801653 0.0543093270
5 0.1611570248 0.8382526564 0.0696576151 0.0566706021
5 0.1593860685 0.7839433294 0.0708382527 0.0495867769
1 0.2567886659 0.8376623377 0.0720188902 0.0602125148
1 0.2561983471 0.7744982290 0.0731995277 0.0637544274
1 0.3317591499 0.7827626919 0.0731995277 0.0590318772
1 0.3317591499 0.8406139315 0.0755608028 0.0590318772
1 0.4049586777 0.7739079103 0.0731995277 0.0649350649
1 0.4037780401 0.8370720189 0.0708382527 0.0613931523
1 0.5442739079 0.8412042503 0.0708382527 0.0554899646
1 0.5442739079 0.7839433294 0.0708382527 0.0590318772
1 0.4769775679 0.8423848878 0.0708382527 0.0531286895
1 0.4763872491 0.7857142857 0.0672963400 0.0578512397
1 0.6033057851 0.7874852420 0.0472255018 0.0543093270
1 0.6009445100 0.8435655254 0.0401416765 0.0507674144
5 0.0112160567 0.9096812279 0.0224321133 0.0625737898
5 0.0702479339 0.9079102715 0.0861865407 0.0590318772
1 0.2715466352 0.9096812279 0.0731995277 0.0625737898
1 0.3494687131 0.9132231405 0.0684769776 0.0672963400
1 0.4273907910 0.9085005903 0.0684769776 0.0602125148
5 0.0123966942 0.9592680047 0.0247933884 0.0413223140
5 0.0678866588 0.9574970484 0.0838252656 0.0425029516
5 0.1528925620 0.9574970484 0.0814639906 0.0354191263
1 0.2615112161 0.9734356553 0.0602125148 0.0531286895
