1 0.7895310796 0.1374045802 0.1090512541 0.1090512541
2 0.8931297710 0.1281352236 0.1068702290 0.0643402399
7 0.1777535442 0.1941112323 0.0348964013 0.0850599782
7 0.2426390403 0.1984732824 0.0708833152 0.0763358779
7 0.3097055616 0.1962922574 0.0632497274 0.0785169029
2 0.3664122137 0.1832061069 0.0479825518 0.0479825518
1 0.4236641221 0.2033805889 0.0687022901 0.0817884406
1 0.5130861505 0.1870229008 0.0883315158 0.0861504907
1 0.5992366412 0.1815703381 0.0905125409 0.0861504907
1 0.6897491821 0.1733914940 0.0992366412 0.0894220284
1 0.7780806979 0.2480916031 0.1057797165 0.1188658670
2 0.8822246456 0.2388222465 0.1177753544 0.1308615049
4 0.0065430752 0.2802617230 0.0130861505 0.0828789531
4 0.0250817884 0.2791712105 0.0305343511 0.0828789531
4 0.1030534351 0.2791712105 0.0403489640 0.0828789531
4 0.0616139586 0.2731733915 0.0490730643 0.0948745911
4 0.1412213740 0.2726281352 0.0425299891 0.0959651036
7 0.2519083969 0.2780806979 0.0370774264 0.0806979280
7 0.1990185387 0.2786259542 0.0730643402 0.0861504907
7 0.3244274809 0.2775354417 0.0338058888 0.0817884406
7 0.2895310796 0.2769901854 0.0338058888 0.0806979280
2 0.3647764449 0.2622682661 0.0468920393 0.1057797165
1 0.4209378408 0.2786259542 0.0676117775 0.0730643402
1 0.4978189749 0.2688113413 0.0905125409 0.0905125409
1 0.5861504907 0.2649945474 0.0948745911 0.0916030534
1 0.6788440567 0.2589967285 0.0992366412 0.0992366412
7 0.0534351145 0.4405670665 0.0392584515 0.0785169029
7 0.0059978190 0.3991275900 0.0119956379 0.0501635769
7 0.0976008724 0.4389312977 0.0512540894 0.0883315158
5 0.2284623773 0.3936750273 0.0490730643 0.0283533261
5 0.2235550709 0.4209378408 0.0523446020 0.0283533261
5 0.3140676118 0.3947655398 0.0239912759 0.0261723010
5 0.2748091603 0.4214830971 0.0479825518 0.0272628135
5 0.3118865867 0.4225736096 0.0261723010 0.0272628135
5 0.3669574700 0.3936750273 0.0294438386 0.0283533261
5 0.3375136314 0.4225736096 0.0250817884 0.0272628135
5 0.3898582334 0.4302071974 0.0229007634 0.0250817884
5 0.3386041439 0.3942202835 0.0250817884 0.0272628135
5 0.3653217012 0.4225736096 0.0261723010 0.0272628135
3 0.8058887677 0.4193020720 0.0370774264 0.0338058888
3 0.8446019629 0.4209378408 0.0425299891 0.0348964013
7 0.0239912759 0.4471101418 0.0196292257 0.0632497274
7 0.0065430752 0.4525627045 0.0130861505 0.0523446020
0 0.0659760087 0.5321701200 0.0403489640 0.0479825518
5 0.1788440567 0.4471101418 0.0348964013 0.0806979280
5 0.1412213740 0.4449291167 0.0403489640 0.0785169029
5 0.2230098146 0.4482006543 0.0512540894 0.0261723010
5 0.2235550709 0.4765539804 0.0501635769 0.0218102508
5 0.3358778626 0.4792802617 0.0261723010 0.0229007634
5 0.3118865867 0.4514721919 0.0261723010 0.0261723010
5 0.2726281352 0.4514721919 0.0479825518 0.0305343511
5 0.2726281352 0.4770992366 0.0458015267 0.0229007634
5 0.3080697928 0.4787350055 0.0250817884 0.0218102508
5 0.3898582334 0.4580152672 0.0229007634 0.0261723010
5 0.3887677208 0.4814612868 0.0229007634 0.0185387132
5 0.3636859324 0.4531079607 0.0272628135 0.0316248637
5 0.3369683751 0.4520174482 0.0239912759 0.0250817884
5 0.3647764449 0.4803707743 0.0250817884 0.0229007634
1 0.4165757906 0.4514721919 0.0327153762 0.0828789531
1 0.4492911668 0.4514721919 0.0348964013 0.0850599782
1 0.5239912759 0.4536532170 0.0359869138 0.0850599782
1 0.4852780807 0.4514721919 0.0392584515 0.0872410033
1 0.5981461287 0.4541984733 0.0403489640 0.0883315158
1 0.5605234460 0.4536532170 0.0370774264 0.0872410033
1 0.6374045802 0.4536532170 0.0447110142 0.0894220284
1 0.6772082879 0.4541984733 0.0479825518 0.0905125409
1 0.7181025082 0.4558342421 0.0490730643 0.0916030534
3 0.8037077426 0.4541984733 0.0370774264 0.0359869138
1 0.7617230098 0.4569247546 0.0512540894 0.0894220284
3 0.8026172301 0.4863685932 0.0414394766 0.0327153762
3 0.8424209378 0.4700109051 0.0425299891 0.0697928026
0 0.0065430752 0.5441657579 0.0130861505 0.0348964013
0 0.0234460196 0.6134133043 0.0468920393 0.0447110142
0 0.0659760087 0.5981461287 0.0425299891 0.0861504907
0 0.1085059978 0.6052344602 0.0447110142 0.0785169029
5 0.1848418757 0.5926935660 0.0425299891 0.0425299891
5 0.1461286805 0.6232279171 0.0370774264 0.0447110142
5 0.1466739368 0.5774263904 0.0381679389 0.0468920393
5 0.1842966194 0.5463467830 0.0458015267 0.0501635769
5 0.2268266085 0.5937840785 0.0458015267 0.0403489640
5 0.2246455834 0.5523446020 0.0458015267 0.0425299891
5 0.2720828790 0.5517993457 0.0468920393 0.0479825518
5 0.2715376227 0.5965103599 0.0436205016 0.0392584515
5 0.3342420938 0.5539803708 0.0752453653 0.0523446020
5 0.3151581243 0.5986913850 0.0436205016 0.0392584515
5 0.3587786260 0.5992366412 0.0458015267 0.0403489640
5 0.4018538713 0.5992366412 0.0468920393 0.0403489640
1 0.4547437296 0.5954198473 0.0545256270 0.0501635769
1 0.5125408942 0.5970556161 0.0588876772 0.0512540894
1 0.5757906216 0.5970556161 0.0610687023 0.0534351145
1 0.6357688113 0.6046892039 0.0588876772 0.0512540894
1 0.6979280262 0.6068702290 0.0545256270 0.0534351145
1 0.7535441658 0.6123227917 0.0676117775 0.0534351145
1 0.7006543075 0.5583424209 0.0599781897 0.0567066521
1 0.7584514722 0.5583424209 0.0665212650 0.0545256270
1 0.8217011996 0.5643402399 0.0730643402 0.0599781897
1 0.8140676118 0.6166848419 0.0774263904 0.0534351145
5 0.1853871320 0.6308615049 0.0392584515 0.0359869138
5 0.2622682661 0.7131952017 0.0556161396 0.0545256270
5 0.2273718648 0.6335877863 0.0425299891 0.0348964013
5 0.2726281352 0.6357688113 0.0436205016 0.0370774264
5 0.3146128680 0.6384950927 0.0425299891 0.0403489640
5 0.3211559433 0.7159214831 0.0577971647 0.0621592148
5 0.4034896401 0.6412213740 0.0458015267 0.0458015267
5 0.3576881134 0.6401308615 0.0436205016 0.0414394766
1 0.4541984733 0.6444929117 0.0556161396 0.0479825518
1 0.5114503817 0.6488549618 0.0588876772 0.0458015267
1 0.5725190840 0.6504907306 0.0610687023 0.0490730643
1 0.6324972737 0.6564885496 0.0610687023 0.0479825518
1 0.7475463468 0.6641221374 0.0621592148 0.0567066521
1 0.6902944384 0.6581243184 0.0545256270 0.0512540894
1 0.8091603053 0.6679389313 0.0697928026 0.0556161396
0 0.0190839695 0.7791712105 0.0381679389 0.0468920393
0 0.0327153762 0.7273718648 0.0654307525 0.0327153762
0 0.0567066521 0.7829880044 0.0392584515 0.0479825518
0 0.1014176663 0.7655398037 0.0676117775 0.0850599782
0 0.1444929117 0.7780806979 0.0250817884 0.0338058888
5 0.2066521265 0.7748091603 0.0556161396 0.0926935660
5 0.2622682661 0.7846237732 0.0556161396 0.0861504907
5 0.3200654308 0.7873500545 0.0577971647 0.0850599782
5 0.3789531080 0.7960741549 0.0599781897 0.0894220284
5 0.3822246456 0.7322791712 0.0687022901 0.0447110142
1 0.4400218103 0.7295528899 0.0534351145 0.0501635769
1 0.4345692475 0.7818974918 0.0512540894 0.0523446020
1 0.4863685932 0.7382769902 0.0501635769 0.0458015267
1 0.5370774264 0.7895310796 0.0534351145 0.0545256270
1 0.5408942203 0.7371864776 0.0523446020 0.0567066521
1 0.4863685932 0.7851690294 0.0523446020 0.0501635769
1 0.5905125409 0.7944383860 0.0534351145 0.0490730643
1 0.5916030534 0.7470010905 0.0534351145 0.0567066521
1 0.6472191930 0.7562704471 0.0599781897 0.0577971647
1 0.6466739368 0.8091603053 0.0610687023 0.0523446020
1 0.7115594329 0.7666303162 0.0665212650 0.0632497274
0 0.0179934569 0.8958560523 0.0359869138 0.0817884406
5 0.1090512541 0.9029443839 0.0348964013 0.0850599782
0 0.0670665213 0.9002181025 0.0512540894 0.0861504907
1 0.4334787350 0.8260632497 0.0512540894 0.0425299891
1 0.4836423119 0.8326063250 0.0534351145 0.0512540894
1 0.5327153762 0.8364231189 0.0512540894 0.0479825518
1 0.5861504907 0.8418756816 0.0599781897 0.0501635769
1 0.6494002181 0.8533260632 0.0665212650 0.0490730643
1 0.7142857143 0.8631406761 0.0676117775 0.0490730643
1 0.7121046892 0.8178844057 0.0676117775 0.0501635769
1 0.7808069793 0.8238822246 0.0763358779 0.0556161396
1 0.7835332606 0.8713195202 0.0752453653 0.0479825518
1 0.8571428571 0.8320610687 0.0806979280 0.0567066521
1 0.8555070883 0.8789531080 0.0730643402 0.0588876772
5 0.1848418757 0.9274809160 0.0447110142 0.0774263904
5 0.1434023991 0.9094874591 0.0381679389 0.0872410033
5 0.2322791712 0.9329334787 0.0501635769 0.0839694656
5 0.2791712105 0.9389312977 0.0458015267 0.0806979280
5 0.3271537623 0.9405670665 0.0501635769 0.0774263904
5 0.3767720829 0.9509269357 0.0512540894 0.0894220284
1 0.4770992366 0.9574700109 0.0425299891 0.0850599782
1 0.4280261723 0.9645583424 0.0556161396 0.0708833152
1 0.5218102508 0.9607415485 0.0425299891 0.0785169029
1 0.5681570338 0.9667393675 0.0523446020 0.0665212650
1 0.6199563795 0.9721919302 0.0490730643 0.0556161396
1 0.6712104689 0.9738276990 0.0556161396 0.0523446020
1 0.7262813522 0.9803707743 0.0523446020 0.0392584515
1 0.7862595420 0.9814612868 0.0632497274 0.0370774264
1 0.8533260632 0.9841875682 0.0687022901 0.0316248637
1 0.7818974918 0.7748091603 0.0763358779 0.0556161396
1 0.8593238822 0.7802617230 0.0785169029 0.0512540894
