6 0.0160875161 0.0752895753 0.0321750322 0.0733590734
6 0.0624195624 0.0740025740 0.0656370656 0.0707850708
6 0.1801801802 0.0817245817 0.0694980695 0.0733590734
6 0.3513513514 0.0868725869 0.0900900901 0.0630630631
6 0.5463320463 0.0707850708 0.0733590734 0.0823680824
6 0.0611325611 0.1319176319 0.0476190476 0.0476190476
6 0.0193050193 0.1312741313 0.0386100386 0.0463320463
6 0.1576576577 0.1409266409 0.0630630631 0.0450450450
6 0.2136422136 0.1396396396 0.0437580438 0.0424710425
6 0.4414414414 0.1113256113 0.1055341055 0.1583011583
7 0.6151866152 0.1724581725 0.0386100386 0.0386100386
7 0.6145431145 0.1241956242 0.0398970399 0.0579150579
7 0.5810810811 0.1705276705 0.0347490347 0.0424710425
7 0.6512226512 0.1731016731 0.0386100386 0.0398970399
7 0.6512226512 0.1306306306 0.0386100386 0.0450450450
7 0.7059202059 0.1370656371 0.0733590734 0.0424710425
7 0.7059202059 0.1750321750 0.0733590734 0.0411840412
7 0.7773487773 0.1763191763 0.0720720721 0.0437580438
7 0.7779922780 0.1383526384 0.0733590734 0.0398970399
7 0.8487773488 0.1782496782 0.0707850708 0.0424710425
7 0.8494208494 0.1396396396 0.0720720721 0.0398970399
4 0.9774774775 0.1274131274 0.0450450450 0.1467181467
7 0.9202059202 0.1422136422 0.0720720721 0.0424710425
7 0.9202059202 0.1808236808 0.0720720721 0.0424710425
6 0.0997425997 0.3211068211 0.0656370656 0.1299871300
6 0.1628056628 0.3211068211 0.0733590734 0.1325611326
6 0.3146718147 0.2844272844 0.0450450450 0.0643500644
6 0.2413127413 0.2812097812 0.0682110682 0.0630630631
6 0.4555984556 0.2934362934 0.1235521236 0.0463320463
7 0.5308880309 0.3223938224 0.0424710425 0.0398970399
7 0.5733590734 0.3217503218 0.0424710425 0.0411840412
7 0.6389961390 0.3294723295 0.0836550837 0.0437580438
7 0.7220077220 0.3314028314 0.0849420849 0.0424710425
6 0.2451737452 0.3352638353 0.0656370656 0.0450450450
6 0.3178893179 0.3384813385 0.0694980695 0.0437580438
6 0.4311454311 0.3378378378 0.1492921493 0.0476190476
7 0.7213642214 0.3732303732 0.0836550837 0.0437580438
7 0.6396396396 0.3719433719 0.0823680824 0.0437580438
7 0.8861003861 0.3764478764 0.0810810811 0.0424710425
7 0.8082368082 0.3326898327 0.0875160875 0.0501930502
7 0.8867438867 0.3346203346 0.0797940798 0.0463320463
7 0.8018018018 0.3725868726 0.0849420849 0.0501930502
7 0.9639639640 0.3770913771 0.0720720721 0.0411840412
7 0.9639639640 0.3359073359 0.0720720721 0.0437580438
6 0.0604890605 0.5167310167 0.0669240669 0.1171171171
7 0.0167310167 0.5463320463 0.0334620335 0.0630630631
6 0.2059202059 0.5270270270 0.0592020592 0.0450450450
6 0.1261261261 0.5173745174 0.0694980695 0.1184041184
6 0.2046332046 0.4536679537 0.0592020592 0.0450450450
6 0.2644787645 0.4568854569 0.0527670528 0.0437580438
6 0.2689832690 0.5276705277 0.0617760618 0.0437580438
6 0.4633204633 0.5115830116 0.0823680824 0.1325611326
6 0.3758043758 0.5160875161 0.0900900901 0.1235521236
7 0.5675675676 0.5135135135 0.0514800515 0.0437580438
7 0.5186615187 0.5135135135 0.0489060489 0.0386100386
7 0.6351351351 0.5186615187 0.0888030888 0.0514800515
7 0.7316602317 0.5225225225 0.0965250965 0.0540540541
7 0.6402831403 0.4787644788 0.0939510940 0.0411840412
7 0.7323037323 0.4787644788 0.0952380952 0.0386100386
7 0.8249678250 0.4826254826 0.0952380952 0.0437580438
7 0.8268983269 0.5238095238 0.1042471042 0.0489060489
7 0.9298584299 0.5283140283 0.1093951094 0.0501930502
7 0.9221364221 0.4826254826 0.0990990991 0.0437580438
4 0.9839124839 0.5115830116 0.0321750322 0.0913770914
7 0.6338481338 0.5637065637 0.0836550837 0.0540540541
7 0.8223938224 0.5656370656 0.1055341055 0.0476190476
7 0.9214929215 0.5669240669 0.1003861004 0.0476190476
7 0.0302445302 0.7194337194 0.0579150579 0.0900900901
6 0.1756756757 0.7445302445 0.1068211068 0.1145431145
7 0.0849420849 0.7194337194 0.0540540541 0.0900900901
6 0.2638352638 0.7734877735 0.0720720721 0.0669240669
6 0.2709137709 0.7097812098 0.0785070785 0.0656370656
6 0.4684684685 0.7072072072 0.1364221364 0.0733590734
6 0.4658944659 0.7670527671 0.1389961390 0.0643500644
6 0.3558558559 0.7039897040 0.0682110682 0.0669240669
7 0.5810810811 0.7445302445 0.0810810811 0.0398970399
7 0.5746460746 0.7027027027 0.0810810811 0.0437580438
7 0.6595881596 0.7007722008 0.0836550837 0.0527670528
7 0.7496782497 0.7477477477 0.0965250965 0.0463320463
7 0.7516087516 0.7084942085 0.1003861004 0.0476190476
7 0.8346203346 0.7471042471 0.0862290862 0.0501930502
7 0.9350064350 0.7091377091 0.1093951094 0.0489060489
7 0.9369369369 0.7516087516 0.1055341055 0.0386100386
4 0.9929214929 0.7516087516 0.0141570142 0.1235521236
6 0.3378378378 0.7760617761 0.0707850708 0.0694980695
7 0.5804375804 0.7857142857 0.0797940798 0.0424710425
7 0.6602316602 0.7799227799 0.0849420849 0.0540540541
7 0.7458172458 0.7850707851 0.0939510940 0.0463320463
7 0.8326898327 0.7870012870 0.0900900901 0.0476190476
7 0.9382239382 0.7908622909 0.0952380952 0.0501930502
6 0.1570141570 0.9620334620 0.0566280566 0.0759330759
6 0.0990990991 0.9607464607 0.0617760618 0.0785070785
6 0.2290862291 0.9691119691 0.0952380952 0.0617760618
6 0.3861003861 0.9684684685 0.1055341055 0.0630630631
4 0.4922779923 0.9613899614 0.1119691120 0.0772200772
4 0.6055341055 0.9620334620 0.1119691120 0.0759330759
4 0.7181467181 0.9633204633 0.1158301158 0.0733590734
4 0.8359073359 0.9568854569 0.1145431145 0.0862290862
4 0.9446589447 0.9639639640 0.1106821107 0.0720720721
7 0.3918918919 0.9890604891 0.1505791506 0.0218790219
