7 0.0323920266 0.3039867110 0.0647840532 0.0498338870
7 0.1112956811 0.3438538206 0.0730897010 0.0498338870
8 0.9617940199 0.2906976744 0.0764119601 0.0996677741
2 0.8837209302 0.4360465116 0.0797342193 0.1544850498
2 0.9601328904 0.4808970100 0.0797342193 0.2242524917
1 0.8828903654 0.5523255814 0.0813953488 0.0847176080
1 0.8953488372 0.8147840532 0.0996677741 0.0880398671
1 0.9235880399 0.6843853821 0.0830564784 0.1461794020
1 0.9800664452 0.7076411960 0.0398671096 0.1029900332
1 0.8953488372 0.8936877076 0.0996677741 0.0764119601
1 0.9717607973 0.8546511628 0.0564784053 0.1511627907
3 0.8704318937 0.9958471761 0.0431893688 0.0083056478
