7 0.4431202600 0.0195016251 0.1408450704 0.0390032503
7 0.5861321777 0.0097508126 0.1408450704 0.0195016251
7 0.7161430119 0.0048754063 0.1256771398 0.0097508126
5 0.0319609967 0.0926327194 0.0639219935 0.1852654388
5 0.1137594800 0.0937161430 0.1126760563 0.1874322860
2 0.3510292524 0.0882990249 0.1625135428 0.1245937161
7 0.7080173348 0.0270855905 0.1180931744 0.0520043337
1 0.7204767064 0.1381365114 0.1690140845 0.1939328277
5 0.0411700975 0.2383531961 0.0823401950 0.0975081257
5 0.1305525460 0.2491874323 0.0855904659 0.1040086674
2 0.3629469122 0.2107258938 0.1668472373 0.1245937161
5 0.0520043337 0.3716143012 0.0996749729 0.0541711809
5 0.0492957746 0.3271939328 0.0920910076 0.0411700975
5 0.1375947996 0.3521126761 0.0910075840 0.1061755146
5 0.0541711809 0.4588299025 0.1083423619 0.0964247021
5 0.1430119177 0.4626218852 0.0931744312 0.1061755146
1 0.2616468039 0.4393282774 0.1267605634 0.2112676056
1 0.3754062839 0.4393282774 0.1310942579 0.2069339112
1 0.4934994583 0.4252437703 0.1267605634 0.2134344529
1 0.6170097508 0.4219934995 0.1267605634 0.2156013001
1 0.7432286024 0.4225352113 0.1300108342 0.2101841820
5 0.0666305525 0.5650054171 0.0530877573 0.0509209101
5 0.0227518960 0.5498374865 0.0455037920 0.0877573131
5 0.1403033586 0.5476706392 0.0964247021 0.0704225352
1 0.7437703142 0.6381365114 0.1202600217 0.0953412784
5 0.0211267606 0.7058504875 0.0422535211 0.1570964247
5 0.0817984832 0.7053087757 0.0639219935 0.1560130011
5 0.1397616468 0.7058504875 0.0541711809 0.1570964247
1 0.3374864572 0.7128927411 0.1007583965 0.1906825569
1 0.4349945829 0.7080173348 0.1029252438 0.1917659805
1 0.5319609967 0.7009750813 0.1061755146 0.1906825569
1 0.6343445287 0.6993499458 0.1115926327 0.1960996750
1 0.7464788732 0.7291440953 0.1235102925 0.0975081257
5 0.0113759480 0.9165763814 0.0227518960 0.1451787649
5 0.0520043337 0.9176598050 0.0563380282 0.1451787649
5 0.1186348862 0.9144095341 0.0617551463 0.1408450704
5 0.1852654388 0.9165763814 0.0671722644 0.1451787649
1 0.2936078007 0.8840736728 0.1278439870 0.0953412784
1 0.4084507042 0.8754062839 0.1170097508 0.0845070423
1 0.5232936078 0.8726977248 0.1170097508 0.0877573131
1 0.6375947996 0.8721560130 0.1224268689 0.0931744312
1 0.7508125677 0.8705308776 0.1235102925 0.0964247021
1 0.2946912243 0.9653304442 0.1300108342 0.0693391116
1 0.4133261105 0.9577464789 0.1224268689 0.0845070423
1 0.5281690141 0.9566630553 0.1159263272 0.0866738895
1 0.6419284940 0.9572047671 0.1159263272 0.0855904659
1 0.7546045504 0.9566630553 0.1202600217 0.0866738895
