7 0.2132295720 0.0178988327 0.0575875486 0.0357976654
7 0.5322957198 0.0105058366 0.0544747082 0.0210116732
6 0.6548638132 0.0217898833 0.0708171206 0.0404669261
7 0.6369649805 0.0027237354 0.0381322957 0.0054474708
6 0.8875486381 0.0221789883 0.0287937743 0.0287937743
6 0.8879377432 0.0042801556 0.0280155642 0.0085603113
6 0.9217898833 0.0023346304 0.0443579767 0.0046692607
6 0.9225680934 0.0229571984 0.0428015564 0.0396887160
6 0.2015564202 0.0735408560 0.0731517510 0.0692607004
6 0.3809338521 0.0451361868 0.0583657588 0.0373540856
6 0.3809338521 0.0801556420 0.0552529183 0.0342412451
6 0.5171206226 0.0914396887 0.0692607004 0.0645914397
7 0.5322957198 0.0365758755 0.0544747082 0.0326848249
6 0.6544747082 0.0614785992 0.0715953307 0.0420233463
6 0.6486381323 0.1097276265 0.0272373541 0.0357976654
6 0.6929961089 0.1089494163 0.0272373541 0.0357976654
6 0.7731517510 0.0836575875 0.0801556420 0.0443579767
6 0.7731517510 0.0455252918 0.0785992218 0.0396887160
6 0.8821011673 0.0805447471 0.0272373541 0.0381322957
6 0.9178988327 0.0941634241 0.0443579767 0.0420233463
6 0.2027237354 0.1463035019 0.0723735409 0.0715953307
6 0.3661478599 0.1237354086 0.0677042802 0.0575875486
6 0.4980544747 0.1894941634 0.0420233463 0.0428015564
6 0.4996108949 0.1447470817 0.0404669261 0.0435797665
6 0.5381322957 0.1490272374 0.0396887160 0.0474708171
6 0.6914396887 0.1451361868 0.0272373541 0.0319066148
6 0.6482490272 0.1478599222 0.0264591440 0.0373540856
6 0.7626459144 0.1774319066 0.0264591440 0.0420233463
6 0.7645914397 0.1334630350 0.0272373541 0.0396887160
6 0.7953307393 0.1754863813 0.0389105058 0.0272373541
6 0.7972762646 0.1311284047 0.0381322957 0.0412451362
6 0.8828793774 0.1143968872 0.0256809339 0.0264591440
6 0.1988326848 0.2136186770 0.0723735409 0.0661478599
7 0.3548638132 0.2221789883 0.0420233463 0.0910505837
6 0.3817120623 0.2186770428 0.0381322957 0.0638132296
6 0.5396887160 0.2684824903 0.0443579767 0.0824902724
6 0.5035019455 0.2669260700 0.0389105058 0.0840466926
6 0.5416342412 0.2003891051 0.0404669261 0.0412451362
6 0.6552529183 0.2124513619 0.0747081712 0.0544747082
6 0.6579766537 0.2653696498 0.0801556420 0.0498054475
6 0.7630350195 0.2459143969 0.0287937743 0.0902723735
6 0.7898832685 0.2607003891 0.0280155642 0.0747081712
6 0.9000000000 0.2521400778 0.0957198444 0.0638132296
6 0.9147859922 0.1976653696 0.0381322957 0.0544747082
7 0.2136186770 0.3233463035 0.0505836576 0.1252918288
7 0.1743190661 0.3023346304 0.0389105058 0.1377431907
7 0.2661478599 0.3260700389 0.0202334630 0.1307392996
4 0.3727626459 0.2828793774 0.0731517510 0.0677042802
4 0.3712062257 0.3513618677 0.0747081712 0.0677042802
7 0.4922178988 0.3361867704 0.0256809339 0.0482490272
7 0.5171206226 0.3365758755 0.0241245136 0.0490272374
7 0.5424124514 0.3326848249 0.0264591440 0.0490272374
7 0.6568093385 0.2988326848 0.0233463035 0.0295719844
7 0.6568093385 0.3284046693 0.0264591440 0.0311284047
7 0.7727626459 0.3319066148 0.0249027237 0.0256809339
7 0.7723735409 0.3062256809 0.0241245136 0.0256809339
7 0.8642023346 0.3365758755 0.0256809339 0.0210116732
7 0.8922178988 0.3568093385 0.0350194553 0.0241245136
7 0.8630350195 0.3571984436 0.0233463035 0.0233463035
6 0.9245136187 0.3155642023 0.0498054475 0.0443579767
7 0.2626459144 0.4194552529 0.0365758755 0.0544747082
4 0.3700389105 0.4194552529 0.0739299611 0.0700389105
7 0.4957198444 0.3844357977 0.0326848249 0.0513618677
7 0.4926070039 0.4361867704 0.0280155642 0.0568093385
7 0.5435797665 0.3840466926 0.0319066148 0.0505836576
7 0.5389105058 0.4396887160 0.0287937743 0.0607003891
7 0.5151750973 0.4385214008 0.0280155642 0.0583657588
7 0.6264591440 0.3684824903 0.0326848249 0.0505836576
7 0.6778210117 0.4280155642 0.0233463035 0.0575875486
7 0.6536964981 0.3692607004 0.0311284047 0.0536964981
7 0.6513618677 0.4276264591 0.0326848249 0.0583657588
7 0.6778210117 0.3723735409 0.0249027237 0.0568093385
7 0.7424124514 0.3719844358 0.0264591440 0.0498054475
7 0.7416342412 0.4214007782 0.0264591440 0.0505836576
7 0.7680933852 0.3715953307 0.0264591440 0.0505836576
7 0.7669260700 0.4217898833 0.0256809339 0.0513618677
7 0.8614785992 0.4120622568 0.0249027237 0.0443579767
7 0.8883268482 0.3789883268 0.0272373541 0.0233463035
7 0.8844357977 0.4120622568 0.0256809339 0.0443579767
7 0.8626459144 0.3789883268 0.0241245136 0.0233463035
4 0.3785992218 0.4906614786 0.0723735409 0.0692607004
7 0.4914396887 0.4887159533 0.0287937743 0.0544747082
7 0.5155642023 0.4898832685 0.0303501946 0.0521400778
7 0.6252918288 0.4824902724 0.0287937743 0.0638132296
7 0.6754863813 0.4840466926 0.0264591440 0.0575875486
7 0.6505836576 0.4852140078 0.0295719844 0.0630350195
7 0.7396887160 0.5210116732 0.0256809339 0.0490272374
7 0.7661478599 0.4739299611 0.0303501946 0.0529182879
7 0.7420233463 0.4700389105 0.0303501946 0.0513618677
7 0.7649805447 0.5214007782 0.0280155642 0.0482490272
7 0.8607003891 0.4552529183 0.0264591440 0.0435797665
7 0.8836575875 0.4556420233 0.0241245136 0.0443579767
7 0.8595330739 0.4984435798 0.0256809339 0.0428015564
7 0.8828793774 0.4988326848 0.0241245136 0.0435797665
4 0.3692607004 0.5579766537 0.0739299611 0.0700389105
7 0.4891050584 0.5525291829 0.0303501946 0.0575875486
7 0.5385214008 0.5505836576 0.0295719844 0.0661478599
4 0.5128404669 0.5984435798 0.0747081712 0.0342412451
7 0.5128404669 0.5517509728 0.0233463035 0.0638132296
7 0.6245136187 0.5424124514 0.0287937743 0.0607003891
7 0.6478599222 0.5474708171 0.0303501946 0.0661478599
7 0.6754863813 0.5428015564 0.0264591440 0.0599221790
4 0.6579766537 0.5859922179 0.0552529183 0.0311284047
7 0.7392996109 0.5704280156 0.0249027237 0.0482490272
7 0.7642023346 0.5700389105 0.0264591440 0.0474708171
7 0.8579766537 0.5416342412 0.0256809339 0.0435797665
7 0.8813229572 0.5416342412 0.0256809339 0.0435797665
4 0.8902723735 0.5817120623 0.0887159533 0.0381322957
1 0.3762645914 0.6260700389 0.0568093385 0.0381322957
1 0.3785992218 0.6642023346 0.0614785992 0.0443579767
4 0.5151750973 0.6587548638 0.0747081712 0.0287937743
4 0.5140077821 0.6299610895 0.0785992218 0.0303501946
1 0.6311284047 0.6828793774 0.0420233463 0.0505836576
4 0.6575875486 0.6455252918 0.0575875486 0.0303501946
4 0.6568093385 0.6155642023 0.0560311284 0.0280155642
4 0.7645914397 0.6723735409 0.0739299611 0.0357976654
4 0.7638132296 0.6404669261 0.0739299611 0.0326848249
4 0.7638132296 0.6097276265 0.0739299611 0.0319066148
4 0.8910505837 0.6202334630 0.0871595331 0.0373540856
4 0.8891050584 0.6575875486 0.0863813230 0.0373540856
1 0.8887159533 0.6875486381 0.0420233463 0.0256809339
1 0.3501945525 0.7486381323 0.0420233463 0.0451361868
1 0.3789883268 0.7046692607 0.0607003891 0.0459143969
1 0.3898832685 0.7509727626 0.0389105058 0.0466926070
1 0.4949416342 0.7533073930 0.0404669261 0.0544747082
1 0.4980544747 0.6976653696 0.0420233463 0.0505836576
1 0.5396887160 0.7000000000 0.0412451362 0.0536964981
1 0.5400778210 0.7552529183 0.0389105058 0.0536964981
1 0.7455252918 0.7533073930 0.0404669261 0.0466926070
1 0.7455252918 0.7077821012 0.0420233463 0.0459143969
1 0.7844357977 0.7587548638 0.0389105058 0.0435797665
1 0.7848249027 0.7128404669 0.0365758755 0.0466926070
1 0.8949416342 0.7642023346 0.0575875486 0.0342412451
1 0.8875486381 0.7194552529 0.0412451362 0.0334630350
1 0.3470817121 0.8389105058 0.0404669261 0.0466926070
1 0.3501945525 0.7933852140 0.0404669261 0.0474708171
1 0.3879377432 0.7964980545 0.0396887160 0.0474708171
1 0.3883268482 0.8404669261 0.0404669261 0.0451361868
1 0.5007782101 0.8478599222 0.0225680934 0.0443579767
1 0.5311284047 0.8482490272 0.0365758755 0.0435797665
1 0.5007782101 0.8132295720 0.0210116732 0.0264591440
1 0.5311284047 0.8042801556 0.0412451362 0.0412451362
1 0.6696498054 0.8077821012 0.0412451362 0.0373540856
1 0.6381322957 0.8089494163 0.0217898833 0.0334630350
1 0.6708171206 0.8568093385 0.0404669261 0.0498054475
1 0.6377431907 0.8505836576 0.0194552529 0.0420233463
1 0.7474708171 0.8548638132 0.0412451362 0.0474708171
1 0.7443579767 0.8035019455 0.0381322957 0.0490272374
1 0.7828793774 0.8050583658 0.0420233463 0.0490272374
1 0.8933852140 0.8307392996 0.0544747082 0.0350194553
1 0.8945525292 0.7976653696 0.0552529183 0.0342412451
1 0.3665369650 0.8875486381 0.0793774319 0.0505836576
1 0.5326848249 0.9369649805 0.0443579767 0.0482490272
1 0.5342412451 0.8898832685 0.0443579767 0.0443579767
1 0.5019455253 0.8844357977 0.0280155642 0.0287937743
1 0.6249027237 0.9143968872 0.0389105058 0.0529182879
1 0.6645914397 0.9136186770 0.0420233463 0.0544747082
1 0.7735408560 0.8957198444 0.0529182879 0.0373540856
1 0.7723735409 0.9319066148 0.0536964981 0.0365758755
1 0.8894941634 0.9264591440 0.0482490272 0.0365758755
1 0.9225680934 0.9217898833 0.0210116732 0.0319066148
1 0.2607003891 0.9673151751 0.0389105058 0.0653696498
1 0.3684824903 0.9424124514 0.0739299611 0.0731517510
1 0.5365758755 0.9700389105 0.0412451362 0.0256809339
1 0.5015564202 0.9770428016 0.0287937743 0.0412451362
1 0.6252918288 0.9680933852 0.0412451362 0.0560311284
1 0.6642023346 0.9700389105 0.0428015564 0.0583657588
1 0.7727626459 0.9665369650 0.0544747082 0.0373540856
1 0.7696498054 0.9910505837 0.0482490272 0.0178988327
1 0.8595330739 0.9739299611 0.0350194553 0.0334630350
1 0.8976653696 0.9953307393 0.0396887160 0.0093385214
1 0.8972762646 0.9723735409 0.0404669261 0.0381322957
1 0.8591439689 0.9949416342 0.0373540856 0.0101167315
1 0.9369649805 0.9680933852 0.0404669261 0.0389105058
1 0.9369649805 0.9933852140 0.0389105058 0.0132295720
1 0.1439688716 0.9871595331 0.0466926070 0.0256809339
1 0.2163424125 0.9821011673 0.0171206226 0.0357976654
