1 0.5581023454 0.1428571429 0.0543710021 0.0788912580
1 0.6076759062 0.1412579957 0.0511727079 0.0799573561
1 0.6966950959 0.1353944563 0.0628997868 0.0682302772
1 0.7627931770 0.1332622601 0.0650319829 0.0724946695
1 0.8656716418 0.1332622601 0.0724946695 0.0703624733
2 0.0996801706 0.1631130064 0.1268656716 0.1300639659
8 0.2793176972 0.1481876333 0.1023454158 0.0874200426
1 0.4344349680 0.1599147122 0.1204690832 0.1087420043
1 0.6940298507 0.2105543710 0.0618336887 0.0756929638
1 0.7585287846 0.2089552239 0.0628997868 0.0746268657
1 0.8608742004 0.2052238806 0.0714285714 0.0714285714
2 0.0980810235 0.2617270789 0.1257995736 0.0735607676
8 0.2734541578 0.2782515991 0.1034115139 0.1705756930
1 0.4259061834 0.2675906183 0.1204690832 0.1087420043
1 0.5543710021 0.2180170576 0.0575692964 0.0778251599
1 0.6050106610 0.2217484009 0.0479744136 0.0746268657
1 0.6892324094 0.2809168443 0.0628997868 0.0671641791
1 0.8603411514 0.2777185501 0.0767590618 0.0735607676
2 0.0916844350 0.3251599147 0.1300639659 0.0703624733
1 0.5533049041 0.2969083156 0.0597014925 0.0778251599
1 0.6039445629 0.2979744136 0.0437100213 0.0756929638
1 0.6865671642 0.3491471215 0.0597014925 0.0650319829
1 0.7537313433 0.2851812367 0.0660980810 0.0756929638
3 0.2601279318 0.3859275053 0.0831556503 0.0426439232
1 0.4200426439 0.3768656716 0.1215351812 0.1055437100
1 0.5501066098 0.3800639659 0.0554371002 0.0842217484
1 0.6007462687 0.3832622601 0.0415778252 0.0799573561
1 0.7526652452 0.3555437100 0.0639658849 0.0692963753
1 0.8560767591 0.3518123667 0.0703624733 0.0746268657
1 0.9962686567 0.3518123667 0.0074626866 0.0533049041
1 0.9957356077 0.4056503198 0.0085287846 0.0543710021
7 0.1023454158 0.4211087420 0.1556503198 0.1257995736
3 0.2356076759 0.4221748401 0.0362473348 0.0383795309
3 0.2707889126 0.4642857143 0.0383795309 0.0458422175
3 0.2345415778 0.4616204691 0.0383795309 0.0447761194
3 0.2739872068 0.4232409382 0.0405117271 0.0405117271
1 0.4200426439 0.4600213220 0.1215351812 0.0586353945
1 0.5463752665 0.4664179104 0.0565031983 0.0842217484
1 0.5986140725 0.4664179104 0.0437100213 0.0820895522
1 0.7505330490 0.4248400853 0.0639658849 0.0692963753
1 0.6860341151 0.4227078891 0.0628997868 0.0671641791
1 0.8518123667 0.4248400853 0.0703624733 0.0735607676
1 0.9946695096 0.4584221748 0.0106609808 0.0575692964
7 0.0964818763 0.5181236674 0.1545842217 0.0746268657
7 0.2633262260 0.5394456290 0.1108742004 0.1130063966
1 0.4173773987 0.5229211087 0.1268656716 0.0607675906
1 0.5666311301 0.5394456290 0.0991471215 0.0597014925
1 0.7158848614 0.4952025586 0.1226012793 0.0714285714
1 0.8475479744 0.4989339019 0.0660980810 0.0724946695
1 0.9941364606 0.5122601279 0.0117270789 0.0586353945
7 0.0954157783 0.5826226013 0.1524520256 0.0671641791
1 0.4157782516 0.5836886994 0.1257995736 0.0543710021
1 0.5628997868 0.6002132196 0.1002132196 0.0618336887
1 0.7089552239 0.5676972281 0.1194029851 0.0756929638
1 0.8773987207 0.5724946695 0.1343283582 0.0788912580
1 0.9936034115 0.5650319829 0.0127931770 0.0597014925
1 0.9925373134 0.6183368870 0.0149253731 0.0618336887
7 0.0932835821 0.6439232409 0.1460554371 0.0746268657
7 0.2590618337 0.6476545842 0.1087420043 0.1162046908
1 0.4125799574 0.6433901919 0.1257995736 0.0607675906
1 0.5607675906 0.6652452026 0.1002132196 0.0703624733
1 0.7078891258 0.6364605544 0.1236673774 0.0788912580
1 0.8784648188 0.6417910448 0.1407249467 0.0810234542
1 0.9920042644 0.6721748401 0.0159914712 0.0607675906
7 0.2542643923 0.7249466951 0.1076759062 0.0533049041
1 0.4099147122 0.7052238806 0.1268656716 0.0607675906
1 0.5591684435 0.7254797441 0.0991471215 0.0671641791
1 0.7068230277 0.7132196162 0.1257995736 0.0916844350
1 0.8779317697 0.7244136461 0.1396588486 0.0927505330
1 0.9914712154 0.7265458422 0.0170575693 0.0628997868
7 0.2505330490 0.7707889126 0.1066098081 0.0554371002
1 0.4067164179 0.7681236674 0.1289978678 0.0586353945
1 0.5554371002 0.7857142857 0.1023454158 0.0660980810
1 0.7046908316 0.7926439232 0.1257995736 0.0927505330
1 0.8715351812 0.8065031983 0.1375266525 0.0906183369
1 0.9898720682 0.7782515991 0.0202558635 0.0639658849
1 0.9893390192 0.8320895522 0.0213219616 0.0671641791
