5 0.3122119816 0.0270737327 0.0806451613 0.0541474654
5 0.3940092166 0.0253456221 0.0829493088 0.0506912442
5 0.6981566820 0.0086405530 0.0483870968 0.0172811060
4 0.9735023041 0.0161290323 0.0529953917 0.0322580645
5 0.0316820276 0.0288018433 0.0633640553 0.0576036866
5 0.1077188940 0.0328341014 0.0771889401 0.0656682028
5 0.1872119816 0.0316820276 0.0725806452 0.0633640553
5 0.4855990783 0.0437788018 0.0449308756 0.0875576037
5 0.5990783410 0.0420506912 0.0622119816 0.0841013825
5 0.5391705069 0.0432027650 0.0529953917 0.0864055300
5 0.7183179724 0.0420506912 0.0887096774 0.0587557604
5 0.7880184332 0.0627880184 0.0437788018 0.0933179724
4 0.9671658986 0.0697004608 0.0656682028 0.0910138249
5 0.1111751152 0.1152073733 0.0702764977 0.0921658986
5 0.1935483871 0.1117511521 0.0829493088 0.0967741935
5 0.3899769585 0.1065668203 0.0817972350 0.1048387097
5 0.3127880184 0.1105990783 0.0771889401 0.1036866359
5 0.5155529954 0.1203917051 0.1071428571 0.0633640553
5 0.7183179724 0.1002304147 0.0887096774 0.0529953917
4 0.9637096774 0.1538018433 0.0725806452 0.0910138249
1 0.3145161290 0.2338709677 0.0852534562 0.0898617512
1 0.3957373272 0.2327188940 0.0817972350 0.0921658986
1 0.5938940092 0.2252304147 0.0841013825 0.0887096774
1 0.5092165899 0.2263824885 0.0829493088 0.0864055300
3 0.6918202765 0.1918202765 0.0564516129 0.0656682028
3 0.7453917051 0.1872119816 0.0576036866 0.0610599078
4 0.9596774194 0.2355990783 0.0806451613 0.0864055300
1 0.0351382488 0.2649769585 0.0702764977 0.1036866359
1 0.2079493088 0.2442396313 0.0887096774 0.1013824885
1 0.1232718894 0.2448156682 0.0829493088 0.0979262673
1 0.5092165899 0.3145161290 0.0829493088 0.0852534562
1 0.5910138249 0.3110599078 0.0806451613 0.0829493088
3 0.6877880184 0.2494239631 0.0529953917 0.0564516129
3 0.7419354839 0.2448156682 0.0576036866 0.0564516129
3 0.7125576037 0.3001152074 0.1071428571 0.0564516129
4 0.9567972350 0.3145161290 0.0864055300 0.0829493088
1 0.0420506912 0.3709677419 0.0841013825 0.0967741935
1 0.2096774194 0.3421658986 0.0760368664 0.0944700461
1 0.1301843318 0.3444700461 0.0829493088 0.0967741935
1 0.3986175115 0.3220046083 0.0806451613 0.0887096774
1 0.3191244240 0.3243087558 0.0806451613 0.0864055300
1 0.7281105991 0.3571428571 0.1451612903 0.0668202765
1 0.1440092166 0.4389400922 0.0852534562 0.0898617512
1 0.2269585253 0.4349078341 0.0852534562 0.0910138249
1 0.3997695853 0.4101382488 0.0760368664 0.0852534562
1 0.3248847926 0.4078341014 0.0806451613 0.0760368664
1 0.5074884793 0.3968894009 0.0771889401 0.0794930876
1 0.5869815668 0.3986175115 0.0841013825 0.0806451613
1 0.7263824885 0.4205069124 0.1440092166 0.0622119816
1 0.9504608295 0.4320276498 0.0990783410 0.1520737327
1 0.0478110599 0.4740783410 0.0841013825 0.0910138249
1 0.1503456221 0.5282258065 0.0702764977 0.0864055300
1 0.2217741935 0.5253456221 0.0725806452 0.0852534562
1 0.3283410138 0.4884792627 0.0806451613 0.0783410138
1 0.4043778802 0.4902073733 0.0737327189 0.0794930876
1 0.5063364055 0.4763824885 0.0771889401 0.0794930876
1 0.5852534562 0.4804147465 0.0829493088 0.0783410138
1 0.7206221198 0.5357142857 0.1370967742 0.0576036866
1 0.7240783410 0.4781105991 0.1394009217 0.0622119816
1 0.1584101382 0.6111751152 0.0725806452 0.0841013825
1 0.2292626728 0.6071428571 0.0691244240 0.0829493088
1 0.4072580645 0.5650921659 0.0748847926 0.0725806452
1 0.3335253456 0.5679723502 0.0771889401 0.0691244240
1 0.5063364055 0.5587557604 0.0748847926 0.0760368664
1 0.5812211982 0.5610599078 0.0771889401 0.0783410138
1 0.9452764977 0.5754608295 0.1094470046 0.1394009217
1 0.0737327189 0.6762672811 0.0391705069 0.0691244240
1 0.3404377880 0.6434331797 0.0771889401 0.0748847926
1 0.4130184332 0.6411290323 0.0725806452 0.0725806452
1 0.5846774194 0.6370967742 0.0748847926 0.0760368664
1 0.5092165899 0.6382488479 0.0714285714 0.0714285714
8 0.7292626728 0.6180875576 0.1589861751 0.1048387097
1 0.1618663594 0.6895161290 0.0702764977 0.0656682028
1 0.2321428571 0.6923963134 0.0679723502 0.0691244240
1 0.3473502304 0.7206221198 0.0725806452 0.0633640553
1 0.4170506912 0.7137096774 0.0668202765 0.0656682028
1 0.5823732719 0.7142857143 0.0725806452 0.0714285714
1 0.5097926267 0.7108294931 0.0702764977 0.0760368664
8 0.7379032258 0.7240783410 0.1785714286 0.0933179724
1 0.9395161290 0.7096774194 0.1209677419 0.1313364055
1 0.3473502304 0.7914746544 0.0656682028 0.0529953917
1 0.4176267281 0.7885944700 0.0702764977 0.0633640553
1 0.5109447005 0.7908986175 0.0702764977 0.0748847926
1 0.5812211982 0.7891705069 0.0725806452 0.0760368664
1 0.7281105991 0.8329493088 0.1612903226 0.1152073733
1 0.5841013825 0.8594470046 0.0714285714 0.0691244240
1 0.5132488479 0.8571428571 0.0679723502 0.0691244240
1 0.9349078341 0.8346774194 0.1301843318 0.1255760369
