1 0.3398744113 0.1695447410 0.1302982732 0.1193092622
1 0.6004709576 0.2025117739 0.1240188383 0.1067503925
1 0.3226059655 0.2802197802 0.1302982732 0.1083202512
1 0.5949764521 0.3108320251 0.1193092622 0.1130298273
1 0.8320251177 0.2558869702 0.1098901099 0.1067503925
1 0.9803767661 0.2605965463 0.0392464678 0.1067503925
1 0.3061224490 0.3916797488 0.1412872841 0.1208791209
1 0.8296703297 0.3673469388 0.1145996860 0.1130298273
1 0.9811616954 0.3720565149 0.0376766091 0.1130298273
6 0.2841444270 0.5125588697 0.1601255887 0.1240188383
1 0.5918367347 0.4372056515 0.1255886970 0.1208791209
1 0.8296703297 0.4937205651 0.1208791209 0.1365777080
1 0.9772370487 0.4945054945 0.0455259027 0.1224489796
6 0.5180533752 0.5612244898 0.2417582418 0.1177394035
1 0.9788069074 0.6232339089 0.0423861852 0.1507064364
6 0.1475667190 0.6420722135 0.1412872841 0.1318681319
6 0.2778649922 0.6397174254 0.1412872841 0.1302982732
6 0.5102040816 0.6750392465 0.2480376766 0.1193092622
1 0.8328100471 0.6350078493 0.1240188383 0.1491365777
6 0.1334379906 0.7723704867 0.1444270016 0.1318681319
6 0.2637362637 0.7684458399 0.1381475667 0.1302982732
5 0.5682888540 0.8226059655 0.1255886970 0.1789638932
5 0.7880690738 0.8053375196 0.2166405024 0.1821036107
1 0.9780219780 0.7739403454 0.0439560440 0.1601255887
5 0.4489795918 0.8335949765 0.1569858713 0.1978021978
5 0.9890109890 0.9215070644 0.0219780220 0.1569858713
5 0.1083202512 0.9222919937 0.1601255887 0.1554160126
5 0.2394034537 0.9222919937 0.1585557300 0.1554160126
5 0.5596546311 0.9591836735 0.1302982732 0.0816326531
5 0.7935635793 0.9411302983 0.2150706436 0.1177394035
5 0.9929356358 0.9937205651 0.0141287284 0.0125588697
