1 0.4563392107 0.0203610411 0.0671704450 0.0407220823
6 0.0113350126 0.0579345088 0.0226700252 0.1158690176
6 0.0516372796 0.0560453401 0.0730478589 0.1120906801
6 0.1169185558 0.0568849706 0.0709487825 0.1137699412
1 0.1947942905 0.0245591940 0.0696893367 0.0491183879
1 0.1939546599 0.0797649034 0.0705289673 0.0612930311
1 0.2598656591 0.0258186398 0.0663308144 0.0516372796
1 0.3261964736 0.0260285474 0.0671704450 0.0520570949
1 0.3960957179 0.0759865659 0.0675902603 0.0696893367
1 0.3314441646 0.0801847187 0.0667506297 0.0520570949
1 0.3912678421 0.0220403023 0.0654911839 0.0440806045
1 0.4643157011 0.0734676742 0.0688497061 0.0705289673
1 0.5287573468 0.0245591940 0.0667506297 0.0491183879
1 0.5298068850 0.0768261965 0.0621326616 0.0570948783
1 0.5934089001 0.0715785055 0.0675902603 0.0625524769
1 0.5910999160 0.0214105793 0.0654911839 0.0428211587
7 0.6910159530 0.0258186398 0.0352644836 0.0340050378
7 0.7304785894 0.0159529807 0.0403022670 0.0226700252
7 0.7094878254 0.0465994962 0.0428211587 0.0428211587
7 0.7529387070 0.0440806045 0.0457598657 0.0428211587
7 0.8232577666 0.0665407221 0.0369437448 0.0650713686
7 0.7890428212 0.0434508816 0.0348446683 0.0424013434
7 0.8581024349 0.0598236776 0.0428211587 0.0751469353
7 0.8918975651 0.0598236776 0.0407220823 0.0743073048
7 0.9515113350 0.0522670025 0.0239294710 0.0843828715
7 0.9238035264 0.0556255248 0.0314861461 0.0793450882
7 0.9903442485 0.0463895886 0.0193115029 0.0927791772
1 0.2632241814 0.0837531486 0.0722082284 0.0617128463
7 0.7149454240 0.0824937028 0.0394626364 0.0398824517
7 0.7539882452 0.0812342569 0.0445004198 0.0382031906
7 0.7913518052 0.0814441646 0.0344248531 0.0386230059
6 0.0119647355 0.2050797649 0.0239294710 0.0709487825
6 0.0480688497 0.2050797649 0.0709487825 0.0701091520
6 0.1106213266 0.2040302267 0.0692695214 0.0671704450
1 0.1824097397 0.2191435768 0.0743073048 0.0612930311
1 0.2579764903 0.2180940386 0.0801847187 0.0608732158
1 0.3341729639 0.2166246851 0.0797649034 0.0646515533
1 0.4070109152 0.2136859782 0.0667506297 0.0629722922
1 0.4819479429 0.2040302267 0.0680100756 0.0554156171
1 0.5486985726 0.2038203191 0.0654911839 0.0600335852
5 0.7541981528 0.2063392107 0.0281276238 0.0323257767
3 0.9680940386 0.2222921914 0.0394626364 0.0398824517
3 0.9924433249 0.2227120067 0.0151133501 0.0373635600
6 0.0197313182 0.2726700252 0.0394626364 0.0650713686
6 0.0640218304 0.2718303946 0.0659109992 0.0642317380
6 0.1211167086 0.2686817800 0.0625524769 0.0688497061
1 0.1851385390 0.2739294710 0.0688497061 0.0583543241
1 0.2562972292 0.2735096558 0.0743073048 0.0524769102
1 0.3310243493 0.2722502099 0.0743073048 0.0516372796
1 0.4049118388 0.2701511335 0.0810243493 0.0516372796
1 0.4040722082 0.2701511335 0.0776658270 0.0533165407
1 0.4819479429 0.2613350126 0.0713685978 0.0642317380
5 0.6129303107 0.2520990764 0.0344248531 0.0734676742
1 0.5468094039 0.2611251050 0.0617128463 0.0579345088
5 0.6469353484 0.2596557515 0.0335852225 0.0617128463
5 0.6811502939 0.2709907641 0.0382031906 0.0373635600
5 0.7166246851 0.2697313182 0.0352644836 0.0340050378
5 0.7579764903 0.2401343409 0.0289672544 0.0335852225
5 0.7147355164 0.2348866499 0.0239294710 0.0340050378
5 0.7481108312 0.2697313182 0.0327455919 0.0298068850
7 0.7896725441 0.2439126784 0.0377833753 0.0822837951
7 0.8245172124 0.2428631402 0.0352644836 0.0785054576
7 0.8555835432 0.2369857263 0.0419815281 0.0902602855
3 0.8929471033 0.2390848027 0.0428211587 0.0810243493
3 0.9643157011 0.2588161209 0.0394626364 0.0348446683
3 0.9296809404 0.2376154492 0.0449202351 0.0814441646
3 0.9916036944 0.2581863980 0.0167926113 0.0335852225
7 0.7537783375 0.3356423174 0.0650713686 0.0398824517
7 0.8198992443 0.3331234257 0.0663308144 0.0398824517
7 0.8912678421 0.3308144416 0.0680100756 0.0419815281
5 0.0241393787 0.3879093199 0.0482787573 0.0562552477
1 0.2642737196 0.4154072208 0.0659109992 0.1070528967
1 0.3845507976 0.3862300588 0.0638119228 0.0503778338
1 0.3847607053 0.4384970613 0.0583543241 0.0524769102
1 0.4431150294 0.4366078925 0.0583543241 0.0486985726
1 0.4439546599 0.3841309824 0.0583543241 0.0570948783
1 0.5025188917 0.4359781696 0.0587741394 0.0482787573
1 0.5033585223 0.3824517212 0.0587741394 0.0570948783
1 0.5598236776 0.4353484467 0.0566750630 0.0478589421
1 0.5583543241 0.3820319060 0.0570948783 0.0554156171
1 0.6194374475 0.4328295550 0.0633921075 0.0537363560
1 0.6842989085 0.4288413098 0.0671704450 0.0608732158
1 0.6838790932 0.3685978170 0.0671704450 0.0612930311
1 0.6200671704 0.3692275399 0.0570948783 0.0600335852
7 0.7512594458 0.3797229219 0.0684298908 0.0524769102
7 0.7514693535 0.4298908480 0.0713685978 0.0503778338
7 0.8194794291 0.3782535684 0.0705289673 0.0537363560
7 0.8165407221 0.4273719563 0.0696893367 0.0503778338
7 0.8862300588 0.3746851385 0.0722082284 0.0482787573
7 0.8847607053 0.4269521411 0.0692695214 0.0545759866
7 0.9540302267 0.3717464316 0.0659109992 0.0533165407
7 0.9513014274 0.4231738035 0.0663308144 0.0537363560
5 0.0247691016 0.4471032746 0.0495382032 0.0604534005
6 0.0793450882 0.4389168766 0.0705289673 0.0650713686
6 0.1429471033 0.4391267842 0.0692695214 0.0629722922
6 0.2071788413 0.4393366919 0.0717884131 0.0583543241
1 0.3257766583 0.4485726280 0.0587741394 0.0415617128
5 0.0186817800 0.5465994962 0.0373635600 0.0537363560
5 0.0753568430 0.5438706969 0.0869017632 0.0617128463
5 0.1511335013 0.5337951301 0.0671704450 0.0617128463
6 0.2061293031 0.5709487825 0.0705289673 0.1091519731
6 0.2686817800 0.5675902603 0.0663308144 0.1083123426
6 0.3268261965 0.5671704450 0.0667506297 0.1024349286
1 0.3925272880 0.5417716205 0.0722082284 0.0533165407
1 0.4685138539 0.5346347607 0.0696893367 0.0491183879
1 0.5375734677 0.5306465155 0.0692695214 0.0453400504
1 0.6095717884 0.5591939547 0.0680100756 0.1041141898
7 0.6723341730 0.5346347607 0.0608732158 0.0524769102
7 0.7344668346 0.5335852225 0.0625524769 0.0528967254
7 0.7965994962 0.5795549958 0.0642317380 0.0482787573
7 0.7982787573 0.5321158690 0.0633921075 0.0516372796
7 0.8614609572 0.5325356843 0.0629722922 0.0465994962
7 0.8585222502 0.5778757347 0.0604534005 0.0482787573
7 0.9265323258 0.5264483627 0.0663308144 0.0486985726
7 0.9198152813 0.5757766583 0.0663308144 0.0474391268
5 0.0191015953 0.6020151134 0.0382031906 0.0537363560
5 0.0715785055 0.5997061293 0.0785054576 0.0533165407
5 0.1435768262 0.5959277918 0.0755667506 0.0633921075
1 0.3946263644 0.5913098237 0.0713685978 0.0566750630
1 0.4624265323 0.5890008396 0.0717884131 0.0520570949
1 0.5390428212 0.5871116709 0.0738874895 0.0507976490
7 0.6712846348 0.5845927792 0.0596137699 0.0482787573
7 0.6880772460 0.6526028547 0.0570948783 0.0331654072
7 0.7327875735 0.5833333333 0.0608732158 0.0491183879
7 0.7460117548 0.6458858102 0.0587741394 0.0356842989
7 0.8085642317 0.6471452561 0.0587741394 0.0314861461
7 0.8753148615 0.6429471033 0.0604534005 0.0415617128
5 0.0298068850 0.6981528128 0.0596137699 0.0562552477
6 0.0982367758 0.6868178002 0.0848026868 0.0554156171
6 0.1819899244 0.6767422334 0.0566750630 0.0411418976
6 0.2470612930 0.6811502939 0.0759865659 0.0575146935
1 0.3100335852 0.7115869018 0.0533165407 0.1015952981
1 0.3604114190 0.7145256087 0.0491183879 0.0973971453
1 0.4059613770 0.7094878254 0.0470193115 0.0948782536
1 0.5751469353 0.6926952141 0.0596137699 0.0478589421
1 0.6305625525 0.6908060453 0.0554156171 0.0507976490
7 0.7441225861 0.6842989085 0.0524769102 0.0394626364
7 0.6874475231 0.6863979849 0.0575146935 0.0428211587
7 0.8047858942 0.6809403862 0.0579345088 0.0436607893
7 0.7993282955 0.7227120067 0.0654911839 0.0407220823
7 0.8606213266 0.7204030227 0.0570948783 0.0361041142
7 0.8652392947 0.6817800168 0.0562552477 0.0394626364
7 0.9359781696 0.7153652393 0.0575146935 0.0394626364
7 0.9361880772 0.6775818640 0.0579345088 0.0419815281
5 0.0329554996 0.7510495382 0.0659109992 0.0520570949
6 0.0999160369 0.7418136020 0.0789252729 0.0562552477
6 0.1761125105 0.7336272040 0.0852225021 0.0692695214
6 0.2510495382 0.7332073887 0.0789252729 0.0524769102
1 0.4594878254 0.7357262804 0.0650713686 0.0457598657
1 0.5214105793 0.7304785894 0.0638119228 0.0461796809
1 0.5791351805 0.7344668346 0.0566750630 0.0398824517
1 0.6326616289 0.7325776658 0.0554156171 0.0386230059
7 0.6859781696 0.7292191436 0.0587741394 0.0470193115
7 0.7403442485 0.7254408060 0.0591939547 0.0470193115
8 0.2298488665 0.8190596138 0.1549118388 0.0428211587
7 0.8755247691 0.8553736356 0.0558354324 0.1624685139
7 0.9378673384 0.8490764064 0.0654911839 0.1616288833
2 0.0398824517 0.8969353484 0.0797649034 0.1448362720
0 0.0056675063 0.9277917716 0.0113350126 0.0873215785
2 0.1125104954 0.8927371956 0.0864819479 0.1473551637
8 0.2346767422 0.9208648195 0.1570109152 0.0759865659
1 0.3438287154 0.8990344249 0.0545759866 0.1188077246
1 0.4548698573 0.8925272880 0.0524769102 0.1267842149
1 0.4021830395 0.8958858102 0.0570948783 0.1209068010
1 0.5079764903 0.8891687657 0.0528967254 0.1209068010
1 0.5803946264 0.8929471033 0.0927791772 0.1074727120
7 0.6574307305 0.8814021830 0.0545759866 0.1154492024
7 0.7130562552 0.8803526448 0.0507976490 0.1167086482
7 0.8112930311 0.8715365239 0.0533165407 0.1251049538
7 0.7613350126 0.8696473552 0.0507976490 0.1288832914
1 0.4550797649 0.6853484467 0.0646515533 0.0524769102
1 0.5155331654 0.6836691856 0.0604534005 0.0507976490
1 0.5155331654 0.6836691856 0.0604534005 0.0507976490
