1 0.0963923337 0.3105975197 0.1927846674 0.1228861330
1 0.4915445321 0.2739571590 0.1758737317 0.0766629087
1 0.7226606539 0.3167981962 0.2006764374 0.1645997745
0 0.9301014656 0.2829763247 0.1397970688 0.1262683202
1 0.2953776776 0.3286358512 0.1894024803 0.1296505073
1 0.4949267193 0.3410372041 0.1736189402 0.0710259301
0 0.9267192785 0.3923337091 0.1465614431 0.1059751973
1 0.1048478016 0.4182638106 0.2096956032 0.1014656144
1 0.2638105975 0.4363021421 0.0947012401 0.0879368658
1 0.3551296505 0.4374295378 0.0879368658 0.0834272830
1 0.4966178129 0.4103720406 0.1657271702 0.0631341601
1 0.0095828636 0.5338218715 0.0191657272 0.1183765502
1 0.1341600902 0.5062006764 0.1939120631 0.0901916573
1 0.2829763247 0.5157835400 0.0856820744 0.0777903044
1 0.3652762120 0.5169109357 0.0924464487 0.0755355130
1 0.4943630214 0.4774520857 0.1476888388 0.0710259301
1 0.4983089064 0.5394588501 0.1533258174 0.0597519729
1 0.7108229989 0.4689966178 0.1905298760 0.1443066516
0 0.9120631342 0.5349492672 0.1758737317 0.1386696731
1 0.1589627959 0.5817361894 0.1916572717 0.0789177001
1 0.2965050733 0.5890642616 0.0811724915 0.0687711387
1 0.3742953777 0.5907553551 0.0901916573 0.0744081172
1 0.5011273957 0.6048478016 0.1521984216 0.0529875986
1 0.6961668546 0.5924464487 0.1679819617 0.1228861330
4 0.0276211950 0.6832018038 0.0552423901 0.0473506201
4 0.0118376550 0.6268320180 0.0236753100 0.0811724915
1 0.1736189402 0.6465614431 0.1668545660 0.0484780158
1 0.3027057497 0.6595264938 0.0822998873 0.0811724915
1 0.3810597520 0.6617812852 0.0947012401 0.0766629087
1 0.5028184893 0.6510710259 0.1420518602 0.0439684329
0 0.8974069899 0.6420518602 0.1848928974 0.0958286359
4 0.0270574972 0.7277339346 0.0541149944 0.0326944758
7 0.1702367531 0.7491544532 0.0721533258 0.0214205186
1 0.1894024803 0.6871476888 0.1555806088 0.0484780158
1 0.3151071026 0.7316798196 0.0800450958 0.0653889515
7 0.2294250282 0.7452085682 0.0462232244 0.0135287486
1 0.3945885006 0.7288613303 0.0856820744 0.0552423901
1 0.5090191657 0.7378804961 0.1364148816 0.0417136415
1 0.5073280722 0.6984216460 0.1420518602 0.0507328072
1 0.6713641488 0.6922209696 0.1251409245 0.0789177001
0 0.8669673055 0.7412626832 0.1736189402 0.0710259301
0 0.9921082300 0.7029312289 0.0157835400 0.0732807215
4 0.0417136415 0.8094701240 0.0834272830 0.0383314543
4 0.0321307779 0.7666290868 0.0642615558 0.0518602029
7 0.2051860203 0.7756482525 0.0338218715 0.0428410372
7 0.2294250282 0.8055242390 0.0665163472 0.0304396843
1 0.3979706877 0.7903043968 0.0789177001 0.0450958286
1 0.3286358512 0.7857948140 0.0665163472 0.0450958286
1 0.5101465614 0.8089064262 0.1296505073 0.0417136415
1 0.5107102593 0.7733934611 0.1330326945 0.0405862458
7 0.6685456595 0.7604284104 0.1285231116 0.0597519729
0 0.9735062007 0.8229988726 0.0529875986 0.0608793687
4 0.0473506201 0.8421645998 0.0947012401 0.0338218715
1 0.4052987599 0.8365276212 0.0732807215 0.0473506201
1 0.3365276212 0.8342728298 0.0665163472 0.0428410372
1 0.5135287486 0.8466741826 0.1228861330 0.0383314543
7 0.6674182638 0.8596392334 0.1262683202 0.0822998873
7 0.8246899662 0.8686583991 0.1454340474 0.0755355130
0 0.9571589628 0.8782412627 0.0856820744 0.0541149944
