1 0.2205298013 0.4642384106 0.0728476821 0.1602649007
1 0.2887417219 0.4695364238 0.0768211921 0.1602649007
1 0.3523178808 0.4675496689 0.0715231788 0.1589403974
1 0.4165562914 0.4735099338 0.0728476821 0.1602649007
1 0.4794701987 0.4781456954 0.0794701987 0.1589403974
1 0.5443708609 0.4821192053 0.0794701987 0.1589403974
1 0.2483443709 0.6894039735 0.0649006623 0.1364238411
1 0.3509933775 0.6913907285 0.1456953642 0.1377483444
1 0.2589403974 0.3158940397 0.1231788079 0.1470198675
1 0.3980132450 0.3158940397 0.1523178808 0.1682119205
1 0.6774834437 0.4887417219 0.0807947020 0.1509933775
1 0.6132450331 0.4847682119 0.0768211921 0.1536423841
1 0.6456953642 0.9821192053 0.0728476821 0.0357615894
1 0.4807947020 0.8423841060 0.0900662252 0.0741721854
1 0.3907284768 0.8370860927 0.0980132450 0.0768211921
1 0.5662251656 0.8423841060 0.0807947020 0.0741721854
1 0.2947019868 0.8317880795 0.0860927152 0.0794701987
3 0.2178807947 0.9284768212 0.0516556291 0.0476821192
1 0.2874172185 0.9145695364 0.0927152318 0.0781456954
1 0.3821192053 0.9139072848 0.0993377483 0.0794701987
1 0.4788079470 0.9152317881 0.0913907285 0.0741721854
1 0.5655629139 0.9158940397 0.0768211921 0.0754966887
1 0.6437086093 0.9192052980 0.0794701987 0.0688741722
1 0.6470198675 0.8463576159 0.0860927152 0.0821192053
1 0.4933774834 0.6920529801 0.1417218543 0.1390728477
1 0.6331125828 0.6748344371 0.1430463576 0.1708609272
