1 0.3989010989 0.0049450549 0.0527472527 0.0098901099
1 0.4456043956 0.0109890110 0.0428571429 0.0219780220
1 0.5401098901 0.0071428571 0.0560439560 0.0142857143
1 0.4906593407 0.0142857143 0.0428571429 0.0285714286
5 0.5917582418 0.0186813187 0.0516483516 0.0373626374
5 0.6417582418 0.0208791209 0.0505494505 0.0417582418
5 0.6901098901 0.0225274725 0.0461538462 0.0450549451
5 0.7373626374 0.0263736264 0.0505494505 0.0527472527
5 0.7851648352 0.0274725275 0.0450549451 0.0549450549
5 0.8269230769 0.0390109890 0.0384615385 0.0780219780
1 0.1093406593 0.0648351648 0.0736263736 0.0593406593
1 0.1076923077 0.1120879121 0.0813186813 0.0571428571
1 0.1846153846 0.1208791209 0.0769230769 0.0571428571
1 0.1818681319 0.0725274725 0.0758241758 0.0483516484
1 0.2538461538 0.1263736264 0.0681318681 0.0505494505
1 0.2516483516 0.0807692308 0.0681318681 0.0494505495
1 0.3170329670 0.0906593407 0.0670329670 0.0494505495
1 0.3807692308 0.1027472527 0.0604395604 0.0516483516
1 0.4840659341 0.1115384615 0.0538461538 0.0516483516
1 0.4346153846 0.1076923077 0.0516483516 0.0483516484
1 0.5346153846 0.1181318681 0.0516483516 0.0428571429
5 0.8615384615 0.0417582418 0.0351648352 0.0835164835
0 0.9038461538 0.0434065934 0.0516483516 0.0868131868
0 0.9604395604 0.0478021978 0.0505494505 0.0824175824
0 0.9917582418 0.0549450549 0.0164835165 0.0813186813
1 0.1054945055 0.1642857143 0.0791208791 0.0516483516
1 0.1835164835 0.1697802198 0.0769230769 0.0560439560
1 0.2543956044 0.1780219780 0.0670329670 0.0637362637
1 0.3208791209 0.1351648352 0.0615384615 0.0527472527
1 0.3192307692 0.1890109890 0.0604395604 0.0571428571
1 0.3752747253 0.1978021978 0.0538461538 0.0571428571
1 0.3763736264 0.1500000000 0.0538461538 0.0494505495
1 0.4813186813 0.2065934066 0.0505494505 0.0461538462
1 0.4813186813 0.1593406593 0.0527472527 0.0505494505
1 0.4263736264 0.2076923077 0.0527472527 0.0571428571
1 0.4302197802 0.1549450549 0.0538461538 0.0549450549
1 0.5335164835 0.1626373626 0.0516483516 0.0527472527
1 0.5280219780 0.2153846154 0.0538461538 0.0505494505
5 0.5862637363 0.2126373626 0.0692307692 0.0450549451
5 0.5895604396 0.1483516484 0.0604395604 0.0901098901
5 0.6489010989 0.1571428571 0.0582417582 0.0857142857
5 0.7071428571 0.1598901099 0.0560439560 0.0868131868
5 0.7631868132 0.1697802198 0.0560439560 0.0934065934
0 0.8258241758 0.1664835165 0.0252747253 0.0340659341
0 0.8692307692 0.1796703297 0.0681318681 0.0846153846
0 0.9142857143 0.1615384615 0.0395604396 0.0483516484
0 0.9554945055 0.1653846154 0.0450549451 0.0472527473
0 0.9401098901 0.2175824176 0.0692307692 0.0329670330
0 0.9879120879 0.1670329670 0.0241758242 0.0439560440
1 0.1560439560 0.2774725275 0.0703296703 0.0560439560
1 0.2758241758 0.2873626374 0.0549450549 0.0516483516
1 0.2181318681 0.2813186813 0.0626373626 0.0571428571
1 0.3340659341 0.2890109890 0.0615384615 0.0483516484
1 0.3945054945 0.2950549451 0.0615384615 0.0494505495
1 0.4560439560 0.2967032967 0.0593406593 0.0461538462
1 0.5137362637 0.3010989011 0.0560439560 0.0483516484
5 0.6109890110 0.3054945055 0.0439560440 0.0417582418
5 0.5648351648 0.3043956044 0.0461538462 0.0461538462
5 0.6478021978 0.2291208791 0.0582417582 0.0626373626
5 0.6967032967 0.3098901099 0.0439560440 0.0373626374
5 0.6543956044 0.3071428571 0.0428571429 0.0406593407
5 0.7423076923 0.3120879121 0.0428571429 0.0351648352
5 0.7071428571 0.2318681319 0.0560439560 0.0549450549
5 0.7846153846 0.3148351648 0.0395604396 0.0362637363
1 0.1510989011 0.3291208791 0.0780219780 0.0538461538
1 0.1434065934 0.3818681319 0.0736263736 0.0604395604
1 0.2071428571 0.3879120879 0.0670329670 0.0549450549
1 0.2120879121 0.3335164835 0.0681318681 0.0538461538
1 0.2653846154 0.3879120879 0.0604395604 0.0571428571
1 0.2681318681 0.3390109890 0.0549450549 0.0538461538
1 0.3307692308 0.3412087912 0.0593406593 0.0516483516
1 0.3912087912 0.3489010989 0.0615384615 0.0538461538
1 0.4549450549 0.3489010989 0.0593406593 0.0516483516
1 0.5131868132 0.3505494505 0.0549450549 0.0505494505
5 0.5664835165 0.3467032967 0.0472527473 0.0406593407
5 0.6098901099 0.3467032967 0.0461538462 0.0406593407
5 0.6538461538 0.3472527473 0.0439560440 0.0395604396
5 0.6346153846 0.3923076923 0.0758241758 0.0527472527
5 0.6978021978 0.3494505495 0.0439560440 0.0395604396
5 0.6972527473 0.3945054945 0.0472527473 0.0483516484
5 0.7450549451 0.3939560440 0.0461538462 0.0428571429
5 0.7428571429 0.3521978022 0.0461538462 0.0406593407
5 0.7857142857 0.4000000000 0.0461538462 0.0505494505
5 0.7851648352 0.3532967033 0.0428571429 0.0428571429
5 0.8241758242 0.3225274725 0.0373626374 0.0450549451
5 0.8236263736 0.3686813187 0.0384615385 0.0472527473
0 0.8620879121 0.3406593407 0.0450549451 0.0791208791
0 0.9049450549 0.3478021978 0.0428571429 0.0868131868
0 0.9478021978 0.3324175824 0.0472527473 0.0450549451
0 0.9862637363 0.3335164835 0.0274725275 0.0450549451
0 0.9791208791 0.4021978022 0.0417582418 0.0351648352
3 0.1225274725 0.4769230769 0.0428571429 0.0703296703
3 0.1626373626 0.4604395604 0.0417582418 0.0329670330
1 0.2038461538 0.4901098901 0.0516483516 0.0901098901
3 0.1615384615 0.4928571429 0.0373626374 0.0362637363
1 0.2478021978 0.4912087912 0.0494505495 0.0923076923
1 0.2890109890 0.4928571429 0.0483516484 0.0912087912
1 0.3291208791 0.4934065934 0.0450549451 0.0901098901
1 0.4065934066 0.4934065934 0.0373626374 0.0879120879
1 0.3686813187 0.4928571429 0.0406593407 0.0890109890
1 0.4824175824 0.4956043956 0.0395604396 0.0879120879
1 0.4434065934 0.4934065934 0.0362637363 0.0857142857
1 0.5186813187 0.4956043956 0.0351648352 0.0857142857
1 0.5516483516 0.4956043956 0.0329670330 0.0835164835
5 0.6038461538 0.4664835165 0.0252747253 0.0230769231
5 0.5785714286 0.4890109890 0.0230769231 0.0263736264
5 0.5796703297 0.4653846154 0.0230769231 0.0186813187
5 0.6049450549 0.4939560440 0.0274725275 0.0318681319
5 0.6318681319 0.4950549451 0.0241758242 0.0252747253
5 0.6609890110 0.4681318681 0.0252747253 0.0219780220
5 0.6967032967 0.4697802198 0.0461538462 0.0230769231
5 0.6967032967 0.4956043956 0.0483516484 0.0307692308
5 0.6571428571 0.4956043956 0.0263736264 0.0263736264
5 0.6329670330 0.4675824176 0.0263736264 0.0230769231
5 0.7461538462 0.4703296703 0.0505494505 0.0219780220
5 0.7467032967 0.4989010989 0.0516483516 0.0263736264
5 0.7912087912 0.5000000000 0.0351648352 0.0813186813
5 0.8291208791 0.5021978022 0.0406593407 0.0791208791
0 0.9049450549 0.4142857143 0.0406593407 0.0483516484
7 0.9686813187 0.4945054945 0.0208791209 0.0527472527
7 0.9472527473 0.5000000000 0.0197802198 0.0637362637
3 0.1203296703 0.5263736264 0.0428571429 0.0351648352
3 0.1593406593 0.5280219780 0.0373626374 0.0340659341
5 0.6313186813 0.5247252747 0.0252747253 0.0274725275
5 0.5785714286 0.5170329670 0.0230769231 0.0252747253
5 0.6302197802 0.5532967033 0.0252747253 0.0274725275
5 0.6032967033 0.5247252747 0.0263736264 0.0274725275
5 0.6016483516 0.5538461538 0.0296703297 0.0285714286
5 0.6945054945 0.5258241758 0.0483516484 0.0274725275
5 0.6549450549 0.5527472527 0.0241758242 0.0263736264
5 0.6571428571 0.5247252747 0.0263736264 0.0274725275
5 0.7461538462 0.5263736264 0.0527472527 0.0285714286
5 0.7412087912 0.5538461538 0.0494505495 0.0285714286
7 0.8730769231 0.5082417582 0.0516483516 0.0890109890
7 0.9703296703 0.5483516484 0.0219780220 0.0505494505
7 0.9175824176 0.5065934066 0.0395604396 0.0791208791
7 0.9895604396 0.5060439560 0.0208791209 0.0758241758
1 0.2873626374 0.6895604396 0.1000000000 0.1000000000
1 0.3807692308 0.6835164835 0.0956043956 0.0923076923
1 0.4697802198 0.6796703297 0.0912087912 0.0912087912
1 0.5472527473 0.6697802198 0.0681318681 0.0736263736
2 0.6038461538 0.6862637363 0.0472527473 0.1065934066
7 0.6796703297 0.6714285714 0.0340659341 0.0813186813
7 0.6445054945 0.6708791209 0.0340659341 0.0824175824
7 0.7708791209 0.6697802198 0.0736263736 0.0868131868
7 0.7175824176 0.6703296703 0.0373626374 0.0813186813
4 0.8291208791 0.6758241758 0.0428571429 0.0967032967
4 0.9093406593 0.6752747253 0.0494505495 0.0956043956
4 0.8675824176 0.6692307692 0.0406593407 0.0835164835
4 0.9736263736 0.6681318681 0.0307692308 0.0835164835
4 0.9461538462 0.6692307692 0.0307692308 0.0835164835
7 0.9939560440 0.6703296703 0.0120879121 0.0285714286
2 0.0824175824 0.7098901099 0.1186813187 0.1318681319
1 0.1873626374 0.7005494505 0.1065934066 0.1197802198
1 0.2763736264 0.7758241758 0.1000000000 0.0901098901
1 0.3675824176 0.7675824176 0.0912087912 0.0868131868
1 0.4543956044 0.7620879121 0.0890109890 0.0868131868
1 0.5445054945 0.7456043956 0.0692307692 0.0824175824
2 0.6021978022 0.7659340659 0.0483516484 0.0483516484
7 0.6593406593 0.7527472527 0.0637362637 0.0791208791
7 0.7269230769 0.7505494505 0.0714285714 0.0769230769
7 0.7923076923 0.7549450549 0.0351648352 0.0857142857
7 0.9934065934 0.6956043956 0.0131868132 0.0285714286
2 0.0714285714 0.8214285714 0.1076923077 0.0648351648
1 0.1758241758 0.8120879121 0.1098901099 0.1098901099
1 0.1758241758 0.8120879121 0.1098901099 0.1098901099
