2 0.0986842105 0.0362903226 0.1464346350 0.0725806452
0 0.0674872666 0.0016977929 0.0882852292 0.0033955857
5 0.2461799660 0.0292869270 0.0526315789 0.0585738540
5 0.2996604414 0.0261035654 0.0568760611 0.0522071307
5 0.3968590832 0.0152801358 0.0543293718 0.0305602716
5 0.4528862479 0.0148556876 0.0543293718 0.0297113752
5 0.5534804754 0.0210101868 0.0611205433 0.0420203735
5 0.6133276740 0.0203735144 0.0568760611 0.0407470289
6 0.7298387097 0.0159168081 0.0657894737 0.0318336163
6 0.7981748727 0.0080645161 0.0717317487 0.0161290323
6 0.9441850594 0.0074278438 0.1116298812 0.0148556876
2 0.1029286927 0.1056876061 0.1489813243 0.0874363328
6 0.2555178268 0.0929541596 0.0568760611 0.0797962649
6 0.3111205433 0.0912563667 0.0560271647 0.0857385399
5 0.3991935484 0.0643039049 0.0539049236 0.0793718166
5 0.4556451613 0.0681239389 0.0623938879 0.0878607810
6 0.5617572156 0.0721561969 0.0657894737 0.0713073005
6 0.7306876061 0.0566638370 0.0649405772 0.0666383701
6 0.7981748727 0.0405348048 0.0708828523 0.0717317487
6 0.7992359932 0.1037775891 0.0679117148 0.0700339559
6 0.9460950764 0.0441426146 0.1078098472 0.0738539898
6 0.2637945671 0.1699915110 0.0700339559 0.0861629881
6 0.3213073005 0.1759337861 0.0415959253 0.0573005093
5 0.4030135823 0.1370967742 0.0640916808 0.0764006791
5 0.4658319185 0.1447368421 0.0623938879 0.0679117148
6 0.5615449915 0.1364601019 0.0636672326 0.0700339559
6 0.7338709677 0.1143887946 0.0696095076 0.0632427844
1 0.7285653650 0.1791171477 0.0589983022 0.0696095076
1 0.7839558574 0.1763582343 0.0619694397 0.0751273345
6 0.9452461800 0.1101443124 0.1095076401 0.0717317487
8 0.0744906621 0.2292020374 0.0768251273 0.1587436333
8 0.1774193548 0.2243208829 0.0432937182 0.1566213922
6 0.2642190153 0.2457555178 0.0530560272 0.0797962649
6 0.3168505942 0.2417232598 0.0581494058 0.0768251273
6 0.4282682513 0.2003395586 0.1103565365 0.0713073005
6 0.5613327674 0.2014006791 0.0589983022 0.0725806452
1 0.7289898132 0.2510611205 0.0530560272 0.0751273345
1 0.9779286927 0.1888794567 0.0441426146 0.0704584041
1 0.9248726655 0.1880305603 0.0619694397 0.0713073005
1 0.2860780985 0.3053904924 0.1027164686 0.0539049236
6 0.4320882852 0.3223684211 0.1035653650 0.0674872666
6 0.4316638370 0.2635823430 0.1095076401 0.0670628183
1 0.5519949066 0.3213073005 0.0420203735 0.0594227504
1 0.5855263158 0.2591256367 0.1082342954 0.0666383701
1 0.7850169779 0.2527589134 0.0615449915 0.0810696095
1 0.9208404075 0.2580645161 0.0623938879 0.0730050934
1 0.9764431239 0.3217317487 0.0471137521 0.0679117148
1 0.9766553480 0.2546689304 0.0466893039 0.0670628183
1 0.0965619694 0.3395585739 0.1201188455 0.0551782683
1 0.2831069610 0.3563242784 0.0984719864 0.0496604414
1 0.4076825127 0.3909168081 0.0573005093 0.0721561969
1 0.4577674024 0.3887945671 0.0539049236 0.0730050934
1 0.5621816638 0.3809422750 0.0530560272 0.0589983022
1 0.6150254669 0.3807300509 0.0509337861 0.0645161290
1 0.7302631579 0.3266129032 0.0522071307 0.0751273345
1 0.7865025467 0.3297962649 0.0653650255 0.0806451613
1 0.9289049236 0.3924023769 0.0700339559 0.0683361630
1 0.9244482173 0.3270373514 0.0526315789 0.0674872666
1 0.9804753820 0.3875212224 0.0390492360 0.0662139219
1 0.1031409168 0.4518251273 0.1281833616 0.0530560272
1 0.0997453311 0.3985568761 0.1222410866 0.0577249576
1 0.2616723260 0.4564940577 0.0462648557 0.0657894737
1 0.3126061121 0.4520373514 0.0530560272 0.0653650255
1 0.2882003396 0.4023769100 0.0959252971 0.0475382003
1 0.4102292020 0.4594651952 0.0522071307 0.0725806452
1 0.4649830221 0.4656196944 0.0496604414 0.0704584041
1 0.5640916808 0.4399405772 0.0492359932 0.0589983022
1 0.6171477080 0.4407894737 0.0577249576 0.0589983022
1 0.7323853990 0.4004668930 0.0539049236 0.0785229202
1 0.7323853990 0.4013157895 0.0522071307 0.0819185059
1 0.7894736842 0.4034380306 0.0636672326 0.0674872666
1 0.9312393888 0.4613752122 0.0713073005 0.0696095076
1 0.9821731749 0.4533106961 0.0356536503 0.0679117148
1 0.1065365025 0.5055178268 0.1222410866 0.0534804754
1 0.2669779287 0.5191001698 0.0466893039 0.0645161290
1 0.3145161290 0.5131578947 0.0517826825 0.0611205433
1 0.4119269949 0.5369269949 0.0513582343 0.0747028862
1 0.4690152801 0.5354414261 0.0458404075 0.0700339559
1 0.6188455008 0.5008488964 0.0577249576 0.0594227504
1 0.5647283531 0.5000000000 0.0488115450 0.0594227504
1 0.7412988115 0.4792020374 0.0649405772 0.0721561969
1 0.7992359932 0.4792020374 0.0560271647 0.0687606112
1 0.9779286927 0.5265280136 0.0441426146 0.0674872666
1 0.9278438031 0.5275891341 0.0577249576 0.0628183362
1 0.1027164686 0.5787351443 0.1086587436 0.0938030560
1 0.2629456706 0.5774617997 0.0403225806 0.0573005093
1 0.3051782683 0.5734295416 0.0483870968 0.0602716469
1 0.4401528014 0.6082342954 0.1052631579 0.0687606112
1 0.6192699491 0.5564516129 0.0560271647 0.0577249576
1 0.5653650255 0.5579371817 0.0483870968 0.0573005093
1 0.7415110357 0.5447792869 0.0585738540 0.0623938879
5 0.7506366723 0.6116298812 0.0742784380 0.0348047538
1 0.7994482173 0.5466893039 0.0606960951 0.0662139219
1 0.9331494058 0.5918930390 0.0632427844 0.0683361630
1 0.9811120543 0.5895585739 0.0377758913 0.0662139219
7 0.1143887946 0.6566213922 0.1167232598 0.0551782683
7 0.2682512733 0.6854838710 0.0475382003 0.0594227504
1 0.2648556876 0.6315789474 0.0390492360 0.0560271647
1 0.3070882852 0.6294567063 0.0513582343 0.0560271647
7 0.4144736842 0.6706281834 0.0488115450 0.0602716469
7 0.4649830221 0.6716893039 0.0530560272 0.0615449915
1 0.5679117148 0.6182088285 0.0543293718 0.0640916808
1 0.5719439728 0.6837860781 0.0615449915 0.0679117148
1 0.6328522920 0.6833616299 0.0619694397 0.0679117148
1 0.6322156197 0.6188455008 0.0606960951 0.0577249576
5 0.7429966044 0.6460101868 0.0623938879 0.0339558574
5 0.7315365025 0.6806027165 0.0377758913 0.0386247878
7 0.1154499151 0.7128607810 0.1179966044 0.0513582343
7 0.2720713073 0.7404499151 0.0475382003 0.0598471986
7 0.3136672326 0.7442699491 0.0398981324 0.0530560272
7 0.3115449915 0.6869694397 0.0432937182 0.0581494058
7 0.3525042445 0.7461799660 0.0360780985 0.0594227504
7 0.4157470289 0.7328098472 0.0496604414 0.0615449915
7 0.3457130730 0.6876061121 0.0335314092 0.0577249576
7 0.4660441426 0.7345076401 0.0534804754 0.0632427844
7 0.5708828523 0.7516977929 0.0509337861 0.0721561969
7 0.6216044143 0.7514855688 0.0530560272 0.0691850594
7 0.6661714771 0.7540322581 0.0403225806 0.0657894737
5 0.7627334465 0.7582767402 0.0339558574 0.0292869270
5 0.7680390492 0.7145585739 0.0343803056 0.0241935484
5 0.7328098472 0.7483022071 0.0301358234 0.0331069610
5 0.7328098472 0.7164685908 0.0343803056 0.0356536503
5 0.7969015280 0.7544567063 0.0326825127 0.0284380306
7 0.9221137521 0.7147707980 0.0403225806 0.0398981324
7 0.9233870968 0.7542444822 0.0386247878 0.0449915110
7 0.9609507640 0.7531833616 0.0432937182 0.0462648557
7 0.9584040747 0.7092529711 0.0432937182 0.0432937182
7 0.9889643463 0.7304753820 0.0220713073 0.0407470289
7 0.9794142615 0.6905772496 0.0343803056 0.0356536503
7 0.1262733447 0.7616723260 0.1303056027 0.0513582343
7 0.1243633277 0.8121816638 0.1264855688 0.0539049236
7 0.2750424448 0.8000848896 0.0415959253 0.0662139219
7 0.3170628183 0.8056027165 0.0441426146 0.0585738540
7 0.3512308998 0.8094227504 0.0318336163 0.0594227504
7 0.4675297114 0.7990237691 0.0522071307 0.0640916808
7 0.4195670628 0.7973259762 0.0488115450 0.0649405772
7 0.5734295416 0.8174872666 0.0509337861 0.0704584041
7 0.6230899830 0.8204584041 0.0543293718 0.0713073005
7 0.6687181664 0.8208828523 0.0403225806 0.0670628183
7 0.7589134126 0.7903225806 0.0831918506 0.0382003396
7 0.7599745331 0.8255517827 0.0793718166 0.0356536503
7 0.9231748727 0.7920203735 0.0390492360 0.0348047538
7 0.9382427844 0.8242784380 0.0657894737 0.0373514431
7 0.9615874363 0.7896859083 0.0428692699 0.0352292020
7 0.1407045840 0.8771222411 0.1642614601 0.0564516129
7 0.3162139219 0.8667232598 0.0398981324 0.0568760611
7 0.2771646859 0.8620543294 0.0365025467 0.0577249576
7 0.3554753820 0.8769100170 0.0420203735 0.0611205433
7 0.4212648557 0.8599320883 0.0488115450 0.0611205433
7 0.4671052632 0.8629032258 0.0471137521 0.0636672326
7 0.5738539898 0.8864601019 0.0551782683 0.0700339559
7 0.6266977929 0.8879456706 0.0488115450 0.0730050934
7 0.6710526316 0.8930390492 0.0424448217 0.0687606112
7 0.7659168081 0.8569609508 0.0912563667 0.0424448217
3 0.7637945671 0.8947368421 0.0819185059 0.0432937182
7 0.9450339559 0.8595076401 0.0759762309 0.0432937182
7 0.9450339559 0.8936757216 0.0751273345 0.0411714771
7 0.1470713073 0.9401528014 0.1634125637 0.0662139219
7 0.2822580645 0.9382427844 0.0398981324 0.0581494058
7 0.3204584041 0.9384550085 0.0424448217 0.0585738540
7 0.4732597623 0.9286926995 0.0492359932 0.0670628183
7 0.4233870968 0.9219015280 0.0479626486 0.0670628183
7 0.6296689304 0.9564940577 0.0539049236 0.0666383701
7 0.5776740238 0.9537351443 0.0543293718 0.0670628183
3 0.7438455008 0.9668930390 0.0352292020 0.0398981324
3 0.7652801358 0.9318760611 0.0823429542 0.0454159593
3 0.7809847199 0.9707130730 0.0407470289 0.0398981324
7 0.9494906621 0.9259337861 0.0806451613 0.0318336163
7 0.9526740238 0.9539473684 0.0853140917 0.0241935484
3 0.7444821732 0.9929966044 0.0339558574 0.0140067912
3 0.7803480475 0.9938455008 0.0377758913 0.0123089983
7 0.9558573854 0.9917232598 0.0882852292 0.0165534805
