1 0.4586028461 0.1034928849 0.0789133247 0.0802069858
1 0.6157826649 0.1067270375 0.0620957309 0.0866752911
1 0.6882276843 0.1125485123 0.0595084088 0.0750323415
1 0.2393272962 0.1532988357 0.0853816300 0.1875808538
1 0.3188874515 0.1552393273 0.0789133247 0.1811125485
1 0.3887451488 0.1642949547 0.0659767141 0.1733505821
1 0.4676584735 0.2031047865 0.1021992238 0.1034928849
1 0.5666235446 0.1966364812 0.0931435964 0.1009055627
1 0.6558861578 0.2037516171 0.0931435964 0.0944372574
1 0.7483829237 0.1992238034 0.0892626132 0.0983182406
1 0.2736093144 0.3505821475 0.1021992238 0.0802069858
1 0.3835705045 0.3551099612 0.1099611902 0.0918499353
1 0.5000000000 0.3486416559 0.1125485123 0.1073738680
1 0.7186287193 0.3460543338 0.1021992238 0.0815006468
1 0.2768434670 0.4521345408 0.1319534282 0.1021992238
1 0.3965071151 0.4508408797 0.1073738680 0.1021992238
1 0.5006468305 0.4443725744 0.1138421734 0.0918499353
1 0.6151358344 0.4489003881 0.1047865459 0.0853816300
1 0.6170763260 0.3596377749 0.1060802070 0.1009055627
1 0.7205692109 0.4269081501 0.1060802070 0.0802069858
1 0.3965071151 0.6714100906 0.1099611902 0.1836998706
1 0.5109961190 0.6591203105 0.1009055627 0.1720569211
1 0.6054333765 0.6397153946 0.0879689521 0.1694695990
1 0.6992238034 0.6293661061 0.0866752911 0.1539456662
1 0.2749029754 0.6901681759 0.1332470893 0.1694695990
8 0.7205692109 0.8945666235 0.0827943079 0.1513583441
1 0.3790426908 0.9333764554 0.1112548512 0.1332470893
1 0.4793014230 0.9217335058 0.0996119017 0.1565329884
8 0.6009055627 0.9172056921 0.1539456662 0.1655886158
1 0.2768434670 0.9379042691 0.1371280724 0.1241914618
