1 0.0044910180 0.2896706587 0.0089820359 0.0853293413
1 0.0913173653 0.2664670659 0.1107784431 0.1047904192
1 0.1871257485 0.2702095808 0.0898203593 0.0943113772
1 0.3615269461 0.2642215569 0.1541916168 0.1152694611
1 0.6511976048 0.2552395210 0.1347305389 0.1242514970
2 0.8248502994 0.2395209581 0.2305389222 0.1287425150
1 0.0067365269 0.3622754491 0.0134730539 0.0808383234
1 0.1863772455 0.3667664671 0.0883233533 0.0928143713
1 0.0973053892 0.3682634731 0.0928143713 0.0958083832
1 0.3607784431 0.3532934132 0.1526946108 0.0988023952
1 0.6354790419 0.3592814371 0.1362275449 0.1107784431
1 0.8473053892 0.3562874251 0.1257485030 0.1317365269
1 0.0089820359 0.4910179641 0.0179640719 0.0748502994
1 0.0067365269 0.4258982036 0.0134730539 0.0793413174
1 0.1833832335 0.4543413174 0.0883233533 0.0943113772
1 0.0995508982 0.4640718563 0.0913173653 0.0928143713
1 0.2739520958 0.4326347305 0.0898203593 0.0838323353
1 0.3832335329 0.4393712575 0.0868263473 0.1002994012
1 0.6130239521 0.4453592814 0.1601796407 0.0943113772
1 0.8308383234 0.4767964072 0.1197604790 0.1422155689
1 0.0104790419 0.5591317365 0.0209580838 0.0793413174
1 0.1070359281 0.5464071856 0.0973053892 0.0838323353
1 0.1863772455 0.5404191617 0.0823353293 0.0868263473
1 0.2769461078 0.5164670659 0.0778443114 0.0898203593
1 0.3817365269 0.5449101796 0.0808383234 0.1017964072
1 0.6130239521 0.5187125749 0.1182634731 0.1032934132
1 0.5935628743 0.5785928144 0.1601796407 0.0943113772
8 0.7934131737 0.5793413174 0.1526946108 0.1047904192
3 0.0067365269 0.6130239521 0.0134730539 0.0733532934
3 0.0067365269 0.6631736527 0.0134730539 0.0718562874
1 0.1362275449 0.6227544910 0.1886227545 0.0778443114
1 0.1878742515 0.7005988024 0.0703592814 0.0988023952
1 0.2769461078 0.6122754491 0.0718562874 0.0898203593
1 0.3757485030 0.6369760479 0.0778443114 0.0913173653
1 0.5898203593 0.6504491018 0.1347305389 0.1092814371
3 0.0067365269 0.7574850299 0.0134730539 0.0598802395
3 0.0082335329 0.7095808383 0.0164670659 0.0598802395
1 0.1137724551 0.7080838323 0.0808383234 0.0958083832
