0 0.0941176471 0.0331550802 0.1882352941 0.0663101604
0 0.2812834225 0.0363636364 0.1946524064 0.0727272727
5 0.7689839572 0.0540106952 0.3336898396 0.1080213904
5 0.1994652406 0.3625668449 0.3540106952 0.2139037433
4 0.7737967914 0.3368983957 0.3262032086 0.1347593583
5 0.2048128342 0.5609625668 0.3497326203 0.2128342246
4 0.7743315508 0.4625668449 0.3229946524 0.1422459893
4 0.1898395722 0.7374331551 0.3796791444 0.1743315508
4 0.7748663102 0.7203208556 0.3176470588 0.1122994652
4 0.7721925134 0.5930481283 0.3315508021 0.1358288770
4 0.1957219251 0.8866310160 0.3914438503 0.1775401070
7 0.7786096257 0.8449197861 0.3101604278 0.1518716578
7 0.2122994652 0.9748663102 0.3454545455 0.0502673797
7 0.7775401070 0.9550802139 0.3016042781 0.0898395722
