0 0.2756723716 0.0152811736 0.2286063570 0.0305623472
0 0.2750611247 0.0898533007 0.2176039120 0.1356968215
7 0.5140586797 0.0776283619 0.2139364303 0.1112469438
1 0.7762836186 0.0409535452 0.1075794621 0.0476772616
1 0.8899755501 0.0812958435 0.0880195599 0.1088019560
1 0.7775061125 0.1106356968 0.1051344743 0.1063569682
0 0.2610024450 0.2163814181 0.2383863081 0.1344743276
7 0.5128361858 0.1803178484 0.2163814181 0.0990220049
1 0.8911980440 0.1943765281 0.0929095355 0.1026894866
7 0.4957212714 0.3086797066 0.1014669927 0.1332518337
7 0.5837408313 0.3196821516 0.0843520782 0.1283618582
6 0.7610024450 0.2775061125 0.1430317848 0.2396088020
1 0.8875305623 0.3044009780 0.0782396088 0.1075794621
0 0.2646699267 0.3374083130 0.2383863081 0.1173594132
0 0.2732273839 0.4535452323 0.2188264059 0.1075794621
7 0.4883863081 0.4474327628 0.1112469438 0.1418092910
7 0.5819070905 0.4480440098 0.0880195599 0.1283618582
1 0.8826405868 0.4113691932 0.0806845966 0.1014669927
7 0.2628361858 0.5641809291 0.2347188264 0.1259168704
6 0.7591687042 0.5097799511 0.1442542787 0.2298288509
1 0.8832518337 0.5085574572 0.0819070905 0.0977995110
7 0.4724938875 0.5990220049 0.1014669927 0.1589242054
7 0.5727383863 0.5990220049 0.0916870416 0.1613691932
1 0.8814180929 0.6094132029 0.0855745721 0.0990220049
7 0.2915647922 0.6882640587 0.1821515892 0.1344743276
1 0.8850855746 0.7096577017 0.0904645477 0.0990220049
7 0.5177261614 0.7457212714 0.2139364303 0.1491442543
6 0.7610024450 0.7487775061 0.1454767726 0.2432762836
3 0.2707823961 0.8178484108 0.0745721271 0.1589242054
3 0.3435207824 0.8117359413 0.0733496333 0.1540342298
1 0.5690709046 0.8746943765 0.1039119804 0.1430317848
1 0.9223716381 0.8392420538 0.1552567237 0.1161369193
1 0.4596577017 0.8905867971 0.1198044010 0.1430317848
6 0.7267726161 0.9168704156 0.1968215159 0.1198044010
7 0.2738386308 0.9443765281 0.0709046455 0.1112469438
7 0.3441320293 0.9413202934 0.0721271394 0.1173594132
