1 0.1040339703 0.0111464968 0.0594479830 0.0222929936
1 0.3795116773 0.0297239915 0.1178343949 0.0594479830
1 0.4877919321 0.0153927813 0.1369426752 0.0307855626
1 0.1358811040 0.0690021231 0.0934182590 0.1252653928
1 0.2022292994 0.0578556263 0.0902335456 0.1157112527
1 0.2919320594 0.0435244161 0.1167728238 0.0870488323
7 0.8816348195 0.0254777070 0.0541401274 0.0509554140
7 0.8370488323 0.0589171975 0.0647558386 0.1093418259
7 0.9527600849 0.0403397028 0.0626326964 0.0806794055
7 0.4235668790 0.1512738854 0.0934182590 0.1008492569
0 0.5153927813 0.1433121019 0.1199575372 0.1443736730
4 0.6019108280 0.1348195329 0.1040339703 0.1740976645
7 0.6788747346 0.1056263270 0.0647558386 0.1348195329
7 0.7287685775 0.0865180467 0.0626326964 0.1242038217
7 0.7802547771 0.0759023355 0.0658174098 0.1263269639
7 0.9028662420 0.1284501062 0.0647558386 0.0615711253
7 0.9585987261 0.1066878981 0.0530785563 0.0605095541
1 0.1332271762 0.2271762208 0.0456475584 0.0997876858
1 0.2027600849 0.2107218684 0.0573248408 0.1093418259
1 0.1666666667 0.2208067941 0.0552016985 0.1019108280
1 0.2818471338 0.1990445860 0.0562632696 0.1093418259
1 0.2489384289 0.2054140127 0.0541401274 0.1050955414
1 0.3561571125 0.1815286624 0.0583864119 0.1188959660
1 0.3174097665 0.1894904459 0.0552016985 0.1135881104
7 0.7998938429 0.1884288747 0.1093418259 0.0626326964
1 0.2298301486 0.3407643312 0.0583864119 0.0509554140
1 0.2813163482 0.3428874735 0.0488322718 0.0552016985
0 0.4676220807 0.3184713376 0.0626326964 0.0615711253
0 0.5106157113 0.3190021231 0.0382165605 0.0711252654
0 0.6693205945 0.3301486200 0.1072186837 0.1528662420
7 0.7860934183 0.3253715499 0.1518046709 0.1560509554
7 0.9272823779 0.3136942675 0.1454352442 0.1687898089
1 0.1847133758 0.4044585987 0.0509554140 0.0424628450
1 0.1762208068 0.3566878981 0.0594479830 0.0552016985
1 0.2478768577 0.3954352442 0.0626326964 0.0456475584
1 0.2935244161 0.3980891720 0.0477707006 0.0445859873
1 0.3524416136 0.3710191083 0.0785562633 0.1178343949
0 0.4792993631 0.3726114650 0.0435244161 0.0552016985
0 0.5159235669 0.3837579618 0.0318471338 0.0562632696
0 0.5690021231 0.3471337580 0.0912951168 0.1443736730
7 0.7882165605 0.4187898089 0.1411889597 0.0414012739
7 0.9256900212 0.4283439490 0.1486199575 0.0647558386
1 0.1947983015 0.5079617834 0.0392781316 0.0562632696
1 0.1953290870 0.4501061571 0.0573248408 0.0488322718
1 0.2531847134 0.4426751592 0.0583864119 0.0488322718
1 0.2924628450 0.5063694268 0.0435244161 0.0530785563
1 0.2430997877 0.5053078556 0.0552016985 0.0530785563
1 0.3391719745 0.5058386412 0.0626326964 0.0626326964
1 0.3004246285 0.4453290870 0.0530785563 0.0435244161
1 0.4081740977 0.5042462845 0.0732484076 0.0679405520
1 0.4782377919 0.5127388535 0.0626326964 0.0721868365
1 0.5483014862 0.5069002123 0.0753715499 0.0753715499
1 0.6231422505 0.5143312102 0.1104033970 0.0774946921
6 0.7298301486 0.5228237792 0.1114649682 0.0881104034
5 0.8269639066 0.5222929936 0.0870488323 0.0870488323
1 0.2070063694 0.5589171975 0.0445859873 0.0498938429
1 0.2531847134 0.5605095541 0.0520169851 0.0552016985
1 0.3545647558 0.5674097665 0.0573248408 0.0605095541
1 0.2998938429 0.5615711253 0.0541401274 0.0636942675
1 0.4156050955 0.5684713376 0.0690021231 0.0668789809
1 0.4830148620 0.5753715499 0.0743099788 0.0721868365
1 0.5541401274 0.5780254777 0.0743099788 0.0647558386
1 0.6311040340 0.5859872611 0.0923566879 0.0764331210
6 0.7314225053 0.6072186837 0.1125265393 0.1061571125
5 0.8317409766 0.5981953291 0.1008492569 0.0774946921
5 0.9681528662 0.5647558386 0.0636942675 0.1571125265
5 0.9076433121 0.5594479830 0.0849256900 0.1656050955
1 0.2707006369 0.6454352442 0.0424628450 0.0467091295
1 0.2261146497 0.6475583864 0.0467091295 0.0530785563
1 0.2839702760 0.6974522293 0.0456475584 0.0467091295
1 0.2399150743 0.6974522293 0.0488322718 0.0509554140
1 0.3158174098 0.6523354565 0.0477707006 0.0477707006
1 0.3248407643 0.7048832272 0.0424628450 0.0509554140
1 0.3662420382 0.6571125265 0.0594479830 0.0594479830
1 0.4246284501 0.6698513800 0.0615711253 0.0636942675
1 0.4808917197 0.6725053079 0.0594479830 0.0605095541
5 0.8434182590 0.6608280255 0.0923566879 0.0605095541
1 0.2744161359 0.7871549894 0.0477707006 0.0541401274
1 0.3715498938 0.7107218684 0.0530785563 0.0477707006
1 0.4877919321 0.7292993631 0.0562632696 0.0530785563
1 0.4309978769 0.7266454352 0.0636942675 0.0520169851
0 0.5578556263 0.7239915074 0.1029723992 0.1358811040
0 0.6321656051 0.7324840764 0.0944798301 0.1422505308
0 0.7096602972 0.7462845011 0.1114649682 0.1422505308
5 0.7972399151 0.7383227176 0.0870488323 0.1284501062
5 0.8874734607 0.7468152866 0.0955414013 0.1157112527
5 0.9644373673 0.7669851380 0.0711252654 0.1454352442
1 0.2829087049 0.8375796178 0.0520169851 0.0509554140
1 0.3205944798 0.8179405520 0.0509554140 0.1029723992
2 0.3704883227 0.8460721868 0.0806794055 0.1358811040
2 0.4543524416 0.8561571125 0.1210191083 0.1390658174
2 0.5636942675 0.8779193206 0.1422505308 0.1486199575
0 0.7600849257 0.8853503185 0.0912951168 0.0764331210
5 0.9033970276 0.8407643312 0.1061571125 0.0764331210
5 0.9803609342 0.8795116773 0.0392781316 0.0902335456
1 0.3503184713 0.9262208068 0.0891719745 0.1093418259
1 0.4315286624 0.9538216561 0.0817409766 0.0923566879
1 0.5084925690 0.9596602972 0.0934182590 0.0806794055
0 0.6719745223 0.8927813163 0.0934182590 0.1146496815
7 0.7659235669 0.9548832272 0.1072186837 0.0902335456
0 0.8694267516 0.9389596603 0.1210191083 0.1220806794
0 0.9633757962 0.9570063694 0.0732484076 0.0859872611
1 0.6008492569 0.9723991507 0.0997876858 0.0552016985
