1 0.2093023256 0.2928118393 0.1331923890 0.0845665962
1 0.3562367865 0.2922832981 0.0634249471 0.0687103594
1 0.4207188161 0.2864693446 0.0634249471 0.0718816068
1 0.5206131078 0.2922832981 0.0644820296 0.0792811839
1 0.5850951374 0.2906976744 0.0644820296 0.0761099366
1 0.6670190275 0.2758985201 0.0634249471 0.0697674419
1 0.7357293869 0.2721987315 0.0718816068 0.0687103594
1 0.8239957717 0.2727272727 0.1109936575 0.0507399577
1 0.9492600423 0.2748414376 0.1014799154 0.0528541226
1 0.0713530655 0.3054968288 0.1427061311 0.0845665962
1 0.3958773784 0.3631078224 0.1342494715 0.0750528541
1 0.6670190275 0.3488372093 0.0718816068 0.0761099366
1 0.7410147992 0.3424947146 0.0782241015 0.0782241015
1 0.8345665962 0.3298097252 0.1046511628 0.0528541226
1 0.9318181818 0.3319238901 0.0644820296 0.0359408034
1 0.2050739958 0.3705073996 0.1395348837 0.0813953488
1 0.5211416490 0.3673361522 0.0655391121 0.0771670190
1 0.5898520085 0.3689217759 0.0634249471 0.0761099366
1 0.6627906977 0.4196617336 0.0634249471 0.0655391121
1 0.7293868922 0.4186046512 0.0676532770 0.0676532770
1 0.8160676533 0.3784355180 0.1057082452 0.0401691332
1 0.8282241015 0.4207188161 0.1215644820 0.0528541226
1 0.9524312896 0.3747357294 0.0951374207 0.0539112051
1 0.9545454545 0.4297040169 0.0909090909 0.0560253700
1 0.2056025370 0.4550739958 0.1300211416 0.0813953488
1 0.3979915433 0.4355179704 0.1279069767 0.0676532770
1 0.5211416490 0.4513742072 0.0634249471 0.0803382664
1 0.5861522199 0.4508456660 0.0708245243 0.0792811839
1 0.6633192389 0.4873150106 0.0623678647 0.0697674419
1 0.7325581395 0.4852008457 0.0697674419 0.0697674419
1 0.8218816068 0.4730443975 0.1088794926 0.0517970402
1 0.9476744186 0.4867864693 0.1046511628 0.0496828753
1 0.2108879493 0.5380549683 0.1342494715 0.0845665962
1 0.3985200846 0.5058139535 0.1331923890 0.0708245243
1 0.5221987315 0.5338266385 0.0655391121 0.0824524313
1 0.5914376321 0.5338266385 0.0623678647 0.0824524313
1 0.6664904863 0.5570824524 0.0708245243 0.0718816068
1 0.7367864693 0.5549682875 0.0739957717 0.0697674419
1 0.8255813953 0.5274841438 0.1057082452 0.0507399577
1 0.9492600423 0.5359408034 0.1014799154 0.0486257928
1 0.2034883721 0.6178646934 0.1342494715 0.0771670190
1 0.4011627907 0.5771670190 0.1384778013 0.0739957717
1 0.5243128964 0.6178646934 0.0676532770 0.0877378436
1 0.5961945032 0.6178646934 0.0697674419 0.0898520085
1 0.6696617336 0.6247357294 0.0665961945 0.0718816068
1 0.7394291755 0.6247357294 0.0687103594 0.0739957717
1 0.8282241015 0.6300211416 0.1067653277 0.0528541226
1 0.8303382664 0.5766384778 0.1088794926 0.0517970402
1 0.9434460888 0.6057082452 0.1131078224 0.0930232558
5 0.0713530655 0.7045454545 0.0665961945 0.0602536998
5 0.1495771670 0.6982029598 0.0835095137 0.0602536998
5 0.2241014799 0.7008456660 0.0718816068 0.0591966173
5 0.5459830867 0.6992600423 0.1152219873 0.0517970402
5 0.0195560254 0.7077167019 0.0391120507 0.0771670190
5 0.1263213531 0.7653276956 0.0306553911 0.0676532770
5 0.1580338266 0.7653276956 0.0369978858 0.0718816068
5 0.2119450317 0.7706131078 0.0665961945 0.0761099366
5 0.2954545455 0.7674418605 0.0327695560 0.0401691332
5 0.2780126850 0.7124735729 0.0486257928 0.0655391121
5 0.3921775899 0.7436575053 0.1162790698 0.0856236786
5 0.5428118393 0.7463002114 0.1109936575 0.0486257928
6 0.7182875264 0.7177589852 0.1511627907 0.0739957717
6 0.9101479915 0.7695560254 0.1797040169 0.1162790698
5 0.0068710359 0.7859408034 0.0137420719 0.0919661734
5 0.0597251586 0.7774841438 0.0792811839 0.0940803383
5 0.2753699789 0.8329809725 0.0623678647 0.0782241015
5 0.3916490486 0.8261099366 0.1152219873 0.0750528541
5 0.5396405920 0.8409090909 0.1088794926 0.0391120507
5 0.5465116279 0.7965116279 0.1162790698 0.0517970402
6 0.7140591966 0.7891120507 0.1469344609 0.0729386892
5 0.0047568710 0.8731501057 0.0095137421 0.0866807611
5 0.0829809725 0.8726215645 0.1427061311 0.0919661734
5 0.2130021142 0.8477801268 0.0644820296 0.0761099366
5 0.3905919662 0.8937632135 0.1152219873 0.0665961945
5 0.5063424947 0.9032769556 0.0401691332 0.0835095137
5 0.5443974630 0.9043340381 0.0380549683 0.0835095137
5 0.5835095137 0.9032769556 0.0401691332 0.0771670190
6 0.7230443975 0.8884778013 0.1458773784 0.1004228330
5 0.0052854123 0.9487315011 0.0105708245 0.0750528541
5 0.0586680761 0.9566596195 0.0729386892 0.0866807611
5 0.1300211416 0.9571881607 0.0739957717 0.0856236786
5 0.2045454545 0.9170190275 0.0644820296 0.0813953488
5 0.2700845666 0.9180761099 0.0687103594 0.0877378436
5 0.3879492600 0.9566596195 0.1162790698 0.0634249471
6 0.7130021142 0.9640591966 0.1553911205 0.0718816068
5 0.2029598309 0.9793868922 0.0634249471 0.0412262156
5 0.2706131078 0.9825581395 0.0634249471 0.0348837209
5 0.3842494715 0.9963002114 0.1152219873 0.0073995772
5 0.5068710359 0.9719873150 0.0369978858 0.0560253700
5 0.5856236786 0.9746300211 0.0338266385 0.0507399577
5 0.5459830867 0.9735729387 0.0412262156 0.0528541226
5 0.5459830867 0.9735729387 0.0412262156 0.0528541226
