1 0.4127234490 0.0867507886 0.1209253417 0.1735015773
1 0.5325972660 0.0741324921 0.1440588854 0.1482649842
1 0.6671924290 0.0604626709 0.1482649842 0.1209253417
1 0.8275499474 0.0336487907 0.1850683491 0.0672975815
1 0.1550998948 0.1677181914 0.0683491062 0.1293375394
1 0.2281808623 0.1398527865 0.0841219769 0.1472134595
1 0.3144058885 0.1140904311 0.0904311251 0.1524710831
1 0.8159831756 0.1519453207 0.1934805468 0.2176656151
1 0.9432176656 0.1282860147 0.1135646688 0.2208201893
1 0.2334384858 0.2586750789 0.0904311251 0.1409043113
1 0.3165089380 0.2450052576 0.0946372240 0.1472134595
1 0.4121976866 0.2223974763 0.1030494217 0.1545741325
1 0.5236593060 0.2082018927 0.1303890641 0.1703470032
1 0.6572029443 0.1834910620 0.1619348055 0.1924290221
1 0.1498422713 0.2760252366 0.0830704522 0.1272344900
1 0.1225026288 0.4085173502 0.0241850683 0.0977917981
1 0.1477392219 0.4106203996 0.0262881178 0.0998948475
1 0.2192429022 0.4027339642 0.0157728707 0.1093585699
1 0.1724500526 0.4064143007 0.0273396425 0.1083070452
1 0.2013669821 0.4022082019 0.0325972660 0.1083070452
1 0.3422712934 0.3985278654 0.0283911672 0.1156677182
1 0.3033648791 0.3974763407 0.0389064143 0.1156677182
1 0.3711882229 0.3958990536 0.0357518402 0.1209253417
1 0.4095688749 0.3948475289 0.0473186120 0.1272344900
1 0.4474237645 0.3911671924 0.0368033649 0.1324921136
1 0.4815983176 0.3853838065 0.0378548896 0.1419558360
1 0.5494216614 0.3838065195 0.0578338591 0.1514195584
1 0.6088328076 0.3785488959 0.0694006309 0.1598317560
1 0.6766561514 0.3759200841 0.0767613039 0.1650893796
1 0.7455310200 0.3711882229 0.0904311251 0.1766561514
1 0.8238696109 0.3685594111 0.0935856993 0.1819137750
1 0.9100946372 0.3633017876 0.1083070452 0.1924290221
1 0.0883280757 0.5010515247 0.0357518402 0.0935856993
1 0.1188222923 0.5036803365 0.0336487907 0.0904311251
1 0.1498422713 0.5052576236 0.0262881178 0.0893796004
1 0.2218717140 0.5089379600 0.0105152471 0.1072555205
1 0.1750788644 0.5063091483 0.0283911672 0.0914826498
1 0.2029442692 0.5094637224 0.0273396425 0.1019978970
1 0.3322818086 0.5131440589 0.0315457413 0.1177707676
1 0.2991587802 0.5105152471 0.0368033649 0.1167192429
1 0.3664563617 0.5141955836 0.0389064143 0.1156677182
1 0.4032597266 0.5162986330 0.0410094637 0.1219768665
1 0.4752891693 0.5210304942 0.0399579390 0.1272344900
1 0.4426919033 0.5199789695 0.0378548896 0.1251314406
1 0.5462670873 0.5268138801 0.0641430074 0.1430073607
1 0.6019978970 0.5299684543 0.0662460568 0.1472134595
1 0.6682439537 0.5325972660 0.0788643533 0.1524710831
1 0.7402733964 0.5352260778 0.0841219769 0.1598317560
1 0.8128286015 0.5383806519 0.0946372240 0.1640378549
1 0.8985278654 0.5410094637 0.1083070452 0.1735015773
1 0.0941114616 0.7013669821 0.0431125131 0.0630914826
1 0.1445846477 0.7103049422 0.0473186120 0.0599369085
1 0.1798107256 0.7176656151 0.0357518402 0.0599369085
1 0.7118822292 0.7134595163 0.0609884332 0.0599369085
1 0.0804416404 0.7560462671 0.0536277603 0.0588853838
1 0.1282860147 0.7670872766 0.0462670873 0.0557308097
1 0.2150368034 0.7239747634 0.0347003155 0.0725552050
1 0.2082018927 0.7886435331 0.0462670873 0.0757097792
1 0.1656151420 0.7791798107 0.0389064143 0.0630914826
1 0.3170347003 0.7365930599 0.0494216614 0.0599369085
1 0.3580441640 0.7492113565 0.0410094637 0.0599369085
1 0.4011566772 0.7581493165 0.0494216614 0.0630914826
1 0.4700315457 0.7576235542 0.0378548896 0.0683491062
1 0.6409043113 0.7255520505 0.0620399579 0.0651945321
1 0.0757097792 0.8843322818 0.0378548896 0.0609884332
1 0.2939011567 0.8270241851 0.0452155626 0.0662460568
1 0.2502628812 0.8107255521 0.0462670873 0.0694006309
1 0.3422712934 0.8412197687 0.0578338591 0.0778128286
1 0.3948475289 0.8527865405 0.0473186120 0.0820189274
1 0.4511041009 0.8743427971 0.0715036803 0.0809674027
1 0.5567823344 0.8512092534 0.0662460568 0.1566771819
1 0.6077812829 0.8675078864 0.0630914826 0.1556256572
1 0.6624605678 0.8696109359 0.0588853838 0.1913774974
1 0.7223974763 0.8995793901 0.0757097792 0.1819137750
1 0.0762355415 0.9348054679 0.0410094637 0.0651945321
1 0.0772870662 0.9731861199 0.0410094637 0.0536277603
1 0.1188222923 0.9053627760 0.0525762355 0.0672975815
1 0.1203995794 0.9610935857 0.0536277603 0.0504731861
1 0.1629863302 0.9200841220 0.0378548896 0.0651945321
1 0.1635120925 0.9763406940 0.0389064143 0.0473186120
1 0.2008412198 0.9411146162 0.0462670873 0.0672975815
1 0.8002103049 0.9132492114 0.0841219769 0.1735015773
1 0.8801261830 0.9158780231 0.0757097792 0.1682439537
1 0.1188222923 0.9837013670 0.0483701367 0.0325972660
1 0.2066246057 0.9852786540 0.0473186120 0.0294426919
1 0.1629863302 0.9973711882 0.0420609884 0.0052576236
1 0.2797055731 0.9973711882 0.0525762355 0.0052576236
2 0.6009463722 0.9915878023 0.1461619348 0.0168243954
