1 0.0265643447 0.0088547816 0.0531286895 0.0177095632
1 0.3264462810 0.0295159386 0.1310507674 0.0590318772
1 0.4468713105 0.0135773318 0.1523022432 0.0271546635
1 0.0554899646 0.0696576151 0.1038961039 0.1393152302
1 0.1292798111 0.0608028335 0.1003541913 0.1216056671
1 0.2290436836 0.0448642267 0.1298701299 0.0897284534
7 0.8848878394 0.0247933884 0.0602125148 0.0495867769
7 0.8353010626 0.0596221960 0.0720188902 0.1192443920
7 0.9639905549 0.0413223140 0.0696576151 0.0826446281
7 0.3754427391 0.1611570248 0.1038961039 0.1121605667
0 0.4775678867 0.1523022432 0.1334120425 0.1605667060
4 0.5737898465 0.1428571429 0.1157024793 0.1936245573
7 0.6593860685 0.1103896104 0.0720188902 0.1499409681
7 0.7148760331 0.0891381346 0.0696576151 0.1381345927
7 0.7721369540 0.0773317591 0.0731995277 0.1404958678
7 0.9085005903 0.1357733176 0.0720188902 0.0684769776
7 0.9704840614 0.1115702479 0.0590318772 0.0672963400
1 0.0525383707 0.2455726092 0.0507674144 0.1109799292
1 0.1298701299 0.2272727273 0.0637544274 0.1216056671
1 0.0897284534 0.2384887839 0.0613931523 0.1133412043
1 0.2178276269 0.2142857143 0.0625737898 0.1216056671
1 0.1812278630 0.2213695396 0.0602125148 0.1168831169
1 0.3004722550 0.1948051948 0.0649350649 0.1322314050
1 0.2573789847 0.2036599764 0.0613931523 0.1263282172
7 0.7939787485 0.2024793388 0.1216056671 0.0696576151
1 0.1599763872 0.3719008264 0.0649350649 0.0566706021
1 0.2172373081 0.3742621015 0.0543093270 0.0613931523
0 0.4244391972 0.3471074380 0.0696576151 0.0684769776
0 0.4722550177 0.3476977568 0.0425029516 0.0791027155
0 0.6487603306 0.3600944510 0.1192443920 0.1700118064
7 0.7786304604 0.3547815821 0.1688311688 0.1735537190
7 0.9273907910 0.3417945691 0.1452184179 0.1877213695
1 0.1097992916 0.4427390791 0.0566706021 0.0472255018
1 0.1003541913 0.3896103896 0.0661157025 0.0613931523
1 0.1800472255 0.4327036600 0.0696576151 0.0507674144
1 0.2308146399 0.4356552538 0.0531286895 0.0495867769
1 0.2963400236 0.4055489965 0.0873671783 0.1310507674
0 0.4374262102 0.4073199528 0.0484061393 0.0613931523
0 0.4781582054 0.4197166470 0.0354191263 0.0625737898
0 0.5371900826 0.3789846517 0.1015348288 0.1605667060
7 0.7809917355 0.4586776860 0.1570247934 0.0460448642
7 0.9256198347 0.4693034238 0.1487603306 0.0720188902
1 0.1210153483 0.5578512397 0.0436835891 0.0625737898
1 0.1216056671 0.4935064935 0.0637544274 0.0543093270
1 0.1859504132 0.4852420307 0.0649350649 0.0543093270
1 0.2296340024 0.5560802834 0.0484061393 0.0590318772
1 0.1747343566 0.5548996458 0.0613931523 0.0590318772
1 0.2815820543 0.5554899646 0.0696576151 0.0696576151
1 0.2384887839 0.4881936246 0.0590318772 0.0484061393
1 0.3583234947 0.5537190083 0.0814639906 0.0755608028
1 0.4362455726 0.5631641086 0.0696576151 0.0802833530
1 0.5141676505 0.5566706021 0.0838252656 0.0838252656
1 0.5974025974 0.5649350649 0.1227863046 0.0861865407
6 0.7160566706 0.5743801653 0.1239669421 0.0979929162
5 0.8240850059 0.5737898465 0.0968122786 0.0968122786
1 0.1345926800 0.6145218418 0.0495867769 0.0554899646
1 0.1859504132 0.6162927981 0.0578512397 0.0613931523
1 0.2987012987 0.6239669421 0.0637544274 0.0672963400
1 0.2378984652 0.6174734357 0.0602125148 0.0708382527
1 0.3665879575 0.6251475797 0.0767414404 0.0743801653
1 0.4415584416 0.6328217237 0.0826446281 0.0802833530
1 0.5206611570 0.6357733176 0.0826446281 0.0720188902
1 0.6062573790 0.6446280992 0.1027154664 0.0850059032
6 0.7178276269 0.6682408501 0.1251475797 0.1180637544
5 0.8293978749 0.6582054309 0.1121605667 0.0861865407
5 0.9728453365 0.6210153483 0.0543093270 0.1747343566
5 0.9138134593 0.6151121606 0.0944510035 0.1841794569
1 0.2054309327 0.7107438017 0.0472255018 0.0519480519
1 0.1558441558 0.7131050767 0.0519480519 0.0590318772
1 0.2201889020 0.7685950413 0.0507674144 0.0519480519
1 0.1711924439 0.7685950413 0.0543093270 0.0566706021
1 0.2556080283 0.7184179457 0.0531286895 0.0531286895
1 0.2656434475 0.7768595041 0.0472255018 0.0566706021
1 0.3116883117 0.7237308146 0.0661157025 0.0661157025
1 0.3766233766 0.7378984652 0.0684769776 0.0708382527
1 0.4391971665 0.7408500590 0.0661157025 0.0672963400
5 0.8423848878 0.7278630460 0.1027154664 0.0672963400
1 0.2095631641 0.8683589138 0.0531286895 0.0602125148
1 0.3175914994 0.7833530106 0.0590318772 0.0531286895
1 0.4468713105 0.8040141677 0.0625737898 0.0590318772
1 0.3837072019 0.8010625738 0.0708382527 0.0578512397
0 0.5247933884 0.7981109799 0.1145218418 0.1511216057
0 0.6074380165 0.8075560803 0.1050767414 0.1582054309
0 0.6936245573 0.8229043684 0.1239669421 0.1582054309
5 0.7910271547 0.8140495868 0.0968122786 0.1428571429
5 0.8913813459 0.8234946871 0.1062573790 0.1286894923
5 0.9687131051 0.8459268005 0.0625737898 0.1617473436
1 0.2190082645 0.9244391972 0.0578512397 0.0566706021
1 0.2609208973 0.9025974026 0.0566706021 0.1145218418
2 0.3164108619 0.9291617473 0.0897284534 0.1416765053
2 0.4096812279 0.9338842975 0.1345926800 0.1322314050
2 0.5312868949 0.9433293979 0.1582054309 0.1133412043
0 0.7497048406 0.9675324675 0.1015348288 0.0649350649
5 0.9090909091 0.9279811098 0.1180637544 0.0850059032
5 0.9864226682 0.9604486423 0.0271546635 0.0791027155
1 0.2939787485 0.9811097993 0.0991735537 0.0377804014
0 0.6517119244 0.9610389610 0.1038961039 0.0779220779
0 0.8713105077 0.9846517119 0.1345926800 0.0306965762
