1 0.0760401722 0.1664275466 0.1520803443 0.1606886657
1 0.2345767575 0.1657101865 0.1793400287 0.1563845050
1 0.7682926829 0.1377331420 0.0846484935 0.0860832138
1 0.6800573888 0.1348637016 0.0889526542 0.0860832138
1 0.5007173601 0.1678622669 0.2008608321 0.1434720230
1 0.7711621234 0.2202295552 0.0875179340 0.0932568149
1 0.6836441894 0.2223816356 0.0903873745 0.0946915352
1 0.8873744620 0.2230989957 0.0875179340 0.0789096126
1 0.9670014347 0.2195121951 0.0659971306 0.0659971306
1 0.0710186514 0.3249641320 0.1420373027 0.1621233859
1 0.2187948350 0.3213773314 0.1908177905 0.1635581062
8 0.4885222382 0.3034433286 0.2223816356 0.1162123386
1 0.7725968436 0.3199426112 0.0875179340 0.0946915352
1 0.6822094692 0.3156384505 0.0903873745 0.0889526542
1 0.8888091822 0.3163558106 0.0846484935 0.0817790531
1 0.9648493544 0.3077474892 0.0703012912 0.0789096126
8 0.4992826399 0.4354375897 0.1979913917 0.1305595409
1 0.7733142037 0.4103299857 0.0889526542 0.0889526542
1 0.6793400287 0.4117647059 0.0932568149 0.0946915352
1 0.8938307030 0.4067431851 0.0889526542 0.0903873745
1 0.9677187948 0.4038737446 0.0645624103 0.0932568149
1 0.0595408895 0.4885222382 0.1190817791 0.1736011478
1 0.2015781923 0.4885222382 0.1936872310 0.1736011478
1 0.7769010043 0.5093256815 0.0932568149 0.0946915352
1 0.6836441894 0.5064562410 0.0961262554 0.0975609756
1 0.9010043042 0.5014347202 0.0918220947 0.0903873745
1 0.9720229555 0.4978479197 0.0559540890 0.0860832138
1 0.5064562410 0.6097560976 0.1721664275 0.0774748924
1 0.5100430416 0.5380200861 0.1707317073 0.0717360115
1 0.6786226686 0.6068866571 0.1032998565 0.0975609756
1 0.7769010043 0.6119081779 0.0961262554 0.0989956958
1 0.9741750359 0.5968436155 0.0516499283 0.0975609756
1 0.9038737446 0.5946915352 0.0918220947 0.0989956958
1 0.0552367288 0.6728837877 0.1104734577 0.1922525108
1 0.1850789096 0.6671449067 0.2008608321 0.1893830703
1 0.5028694405 0.6814921090 0.1793400287 0.0774748924
1 0.6764705882 0.7087517934 0.1047345768 0.1004304161
1 0.7761836442 0.7109038737 0.0946915352 0.0989956958
1 0.9763271162 0.6972740316 0.0473457676 0.0946915352
1 0.9096126255 0.6944045911 0.0946915352 0.1061692970
1 0.5007173601 0.7604017217 0.1807747489 0.0832137733
1 0.9110473458 0.8041606887 0.1004304161 0.1104734577
1 0.9799139168 0.8012912482 0.0401721664 0.1076040172
4 0.1520803443 0.8134863702 0.2352941176 0.1032998565
3 0.5208034433 0.8314203730 0.1348637016 0.0703012912
3 0.4835007174 0.9002869440 0.0717360115 0.0703012912
3 0.5509325681 0.8945480631 0.0659971306 0.0703012912
1 0.6714490674 0.8177905308 0.1004304161 0.1032998565
1 0.7733142037 0.8134863702 0.1032998565 0.1061692970
4 0.1413199426 0.9117647059 0.2424677188 0.1076040172
3 0.4791965567 0.9670014347 0.0717360115 0.0659971306
3 0.5459110473 0.9626972740 0.0703012912 0.0746054519
1 0.6685796270 0.9246771879 0.1061692970 0.1104734577
1 0.7733142037 0.9232424677 0.1032998565 0.1076040172
1 0.9813486370 0.9139167862 0.0373027260 0.1119081779
1 0.9153515065 0.9153515065 0.1032998565 0.1147776184
4 0.1284074605 0.9784791966 0.2482065997 0.0430416069
