7 0.2015610652 0.0511937557 0.0642791552 0.0344352617
7 0.2566574839 0.0502754821 0.0560146924 0.0325987144
7 0.2646923783 0.0078053260 0.0500459137 0.0156106520
7 0.2534435262 0.0250229568 0.0633608815 0.0316804408
7 0.3682277319 0.0486685032 0.0835629017 0.0376492195
7 0.5107897153 0.0491276400 0.0867768595 0.0495867769
7 0.2095959596 0.0736914601 0.0573921028 0.0381083563
7 0.2385215794 0.1014692378 0.0693296602 0.0339761249
7 0.2412764004 0.1255739210 0.0702479339 0.0298438935
7 0.2580348944 0.0764462810 0.0505050505 0.0316804408
4 0.3650137741 0.0773645546 0.0872359963 0.0381083563
4 0.3615702479 0.1058310376 0.0867768595 0.0426997245
4 0.5112488522 0.0876951331 0.0831037649 0.0514233242
4 0.4933425161 0.1196051423 0.1143250689 0.0445362718
7 0.6053719008 0.0975665748 0.0601469238 0.0518824610
7 0.6662075298 0.0982552801 0.0615243343 0.0486685032
7 0.7378328742 0.1140955005 0.0385674931 0.0289256198
7 0.7754820937 0.1101928375 0.0440771350 0.0358126722
7 0.8131313131 0.1147842057 0.0404040404 0.0440771350
7 0.2258953168 0.2033976125 0.0863177227 0.0339761249
7 0.2378328742 0.1788337925 0.0624426079 0.0325987144
7 0.2373737374 0.1526629936 0.0707070707 0.0335169881
4 0.3544536272 0.1769972452 0.0881542700 0.0436179982
4 0.3576675849 0.1395775941 0.0844811754 0.0413223140
1 0.4850780533 0.1955922865 0.0463728191 0.0596877870
7 0.5107897153 0.1524334252 0.0840220386 0.0385674931
1 0.5298438935 0.2031680441 0.0431588613 0.0601469238
7 0.6051423324 0.1483011938 0.0321395776 0.0477502296
7 0.6416437098 0.1664370983 0.0417814509 0.0463728191
7 0.6788337925 0.1728650138 0.0353535354 0.0417814509
7 0.6774563820 0.1400367309 0.0445362718 0.0367309458
7 0.7865013774 0.2001836547 0.1056014692 0.0587695133
7 0.7839761249 0.1533516988 0.1033057851 0.0560146924
7 0.1515151515 0.2275022957 0.0734618916 0.0307621671
7 0.2268135904 0.2607897153 0.0688705234 0.0330578512
7 0.2238292011 0.2320936639 0.0730027548 0.0325987144
7 0.1710284665 0.2685950413 0.0564738292 0.0266299357
4 0.3372359963 0.2566574839 0.0987144169 0.0514233242
4 0.3415977961 0.2141873278 0.0955004591 0.0482093664
1 0.4410009183 0.2490817264 0.0491276400 0.0638200184
1 0.5234159780 0.2612488522 0.0358126722 0.0560146924
1 0.4850780533 0.2539026630 0.0463728191 0.0560146924
1 0.6556473829 0.2681359045 0.0826446281 0.0679522498
1 0.6522038567 0.2187786961 0.0876951331 0.0638200184
7 0.7835169881 0.2456382002 0.0987144169 0.0651974288
7 0.1735537190 0.3195592287 0.0303030303 0.0367309458
7 0.1737832874 0.2892561983 0.0638200184 0.0312213039
1 0.2107438017 0.3556014692 0.0752984389 0.0325987144
7 0.2056932966 0.3191000918 0.0376492195 0.0321395776
7 0.2279614325 0.2906336088 0.0546372819 0.0303030303
7 0.2364554637 0.3200183655 0.0312213039 0.0348943985
4 0.3326446281 0.3039485767 0.0959595960 0.0541781451
1 0.3289715335 0.3459595960 0.0821854913 0.0463728191
1 0.4382460973 0.3073921028 0.0472910927 0.0619834711
1 0.4832415060 0.3106060606 0.0445362718 0.0592286501
1 0.4722222222 0.3643250689 0.0564738292 0.0555555556
1 0.5238751148 0.3168044077 0.0385674931 0.0569329660
1 0.6510560147 0.3209366391 0.0817263545 0.0661157025
1 0.7883379247 0.3379247016 0.1065197429 0.0468319559
1 0.7881083563 0.2943067034 0.1078971534 0.0514233242
1 0.1808999082 0.4180440771 0.0936639118 0.1033057851
1 0.3278236915 0.3882001837 0.0789715335 0.0390266299
1 0.3241505969 0.4265381084 0.0826446281 0.0440771350
1 0.4641873278 0.4226354454 0.0569329660 0.0647382920
1 0.5229568411 0.3698347107 0.0459136823 0.0491276400
1 0.5165289256 0.4263085399 0.0532598714 0.0629017447
1 0.6558769513 0.4325068871 0.0867768595 0.0578512397
1 0.6522038567 0.3758034894 0.0959595960 0.0629017447
1 0.8076216713 0.4003673095 0.0798898072 0.0918273646
1 0.1705693297 0.5167584940 0.0913682277 0.1069788797
1 0.3234618916 0.5080348944 0.0977961433 0.0445362718
1 0.3269054178 0.4694674013 0.0964187328 0.0436179982
1 0.4651056015 0.4857667585 0.0532598714 0.0624426079
1 0.5151515152 0.4889807163 0.0477502296 0.0642791552
1 0.6579430670 0.4839302112 0.0918273646 0.0578512397
1 0.8099173554 0.5110192837 0.0853994490 0.0477502296
1 0.8119834711 0.4655647383 0.0849403122 0.0550964187
1 0.3191000918 0.5502754821 0.0964187328 0.0472910927
1 0.3170339761 0.5955004591 0.0996326905 0.0449954086
1 0.5206611570 0.5500459137 0.0449954086 0.0578512397
1 0.4706152433 0.5470615243 0.0569329660 0.0601469238
1 0.6563360882 0.5374196511 0.0904499541 0.0583103765
1 0.6581726354 0.5959595960 0.0950413223 0.0624426079
1 0.8112947658 0.5567033976 0.0752984389 0.0482093664
1 0.1409550046 0.6221303949 0.1432506887 0.1083562902
1 0.3119834711 0.6388888889 0.0959595960 0.0454545455
1 0.4644168962 0.6067493113 0.0573921028 0.0619834711
0 0.4889807163 0.6696510560 0.1046831956 0.0647382920
1 0.5169880624 0.6104224059 0.0486685032 0.0619834711
0 0.6643709826 0.6544995409 0.0321395776 0.0619834711
1 0.8124426079 0.6085858586 0.0831037649 0.0537190083
1 0.8145087236 0.6625344353 0.0844811754 0.0550964187
7 0.1375114784 0.7112029385 0.0941230487 0.0523415978
7 0.3011937557 0.6882460973 0.1019283747 0.0550964187
0 0.4612029385 0.7378328742 0.0638200184 0.0688705234
0 0.5174471993 0.7359963269 0.0477502296 0.0679522498
0 0.6336088154 0.7192378329 0.0596877870 0.0739210285
0 0.6788337925 0.7199265381 0.0316804408 0.0707070707
0 0.8193296602 0.7217630854 0.0840220386 0.0651974288
7 0.1271808999 0.7681359045 0.0991735537 0.0578512397
7 0.2952249770 0.7669880624 0.1074380165 0.1060606061
0 0.4180440771 0.8062442608 0.0500459137 0.0661157025
0 0.4921946740 0.8083103765 0.0964187328 0.0766758494
0 0.6519742883 0.7963728191 0.0909090909 0.0812672176
0 0.8218549128 0.7867309458 0.0890725436 0.0656565657
7 0.1161616162 0.8494031221 0.1221303949 0.1120293848
7 0.2952249770 0.8617998163 0.1019283747 0.0918273646
0 0.4894398531 0.8808539945 0.0973370064 0.0775941230
0 0.6586317723 0.8737373737 0.0785123967 0.0789715335
0 0.8491735537 0.8514692378 0.0399449036 0.0665748393
0 0.8018824610 0.8528466483 0.0583103765 0.0638200184
7 0.1067493113 0.9517906336 0.1170798898 0.0964187328
7 0.2752525253 0.9586776860 0.1097337006 0.0826446281
0 0.4591368228 0.9582185491 0.0642791552 0.0826446281
0 0.5158402204 0.9577594123 0.0518824610 0.0844811754
0 0.6843434343 0.9414600551 0.0344352617 0.0748393021
0 0.8604224059 0.9754361800 0.0312213039 0.0491276400
0 0.8197887971 0.9758953168 0.0528007346 0.0482093664
0 0.8516988062 0.9171258035 0.0468319559 0.0638200184
0 0.8018824610 0.9189623508 0.0610651974 0.0674931129
0 0.3985307622 0.9983930211 0.0624426079 0.0032139578
0 0.4772727273 0.9970156107 0.1005509642 0.0059687787
0 0.6547291093 0.9793388430 0.0890725436 0.0413223140
