7 0.0693709583 0.0305702528 0.0752498530 0.0611405056
7 0.0226337449 0.0314520870 0.0452674897 0.0629041740
7 0.1275720165 0.0302763081 0.0834803057 0.0605526161
1 0.2457378013 0.0296884186 0.0599647266 0.0593768372
1 0.1898883010 0.0302763081 0.0658436214 0.0605526161
1 0.3256907701 0.0088183422 0.1175778954 0.0176366843
1 0.4091710758 0.0076425632 0.0705467372 0.0152851264
1 0.4673721340 0.0091122869 0.0611405056 0.0182245738
1 0.5258671370 0.0049970606 0.0617283951 0.0099941211
1 0.6613756614 0.0058788948 0.0705467372 0.0117577895
1 0.5922986479 0.0067607290 0.0687830688 0.0135214580
0 0.7372134039 0.0026455026 0.0834803057 0.0052910053
0 0.8203997648 0.0026455026 0.0840681952 0.0052910053
0 0.9050558495 0.0055849500 0.0817166373 0.0111699001
0 0.9732510288 0.0064667842 0.0534979424 0.0129335685
7 0.0279247501 0.1790123457 0.0558495003 0.0534979424
7 0.0343915344 0.1313932981 0.0534979424 0.0452674897
7 0.0079365079 0.1331569665 0.0158730159 0.0570252792
1 0.0931804821 0.1654908877 0.0817166373 0.1122868901
1 0.1563786008 0.1610817166 0.0870076426 0.1058201058
1 0.2239858907 0.1669606114 0.0846560847 0.1046443269
1 0.2942386831 0.1654908877 0.0805408583 0.1228689006
1 0.3668430335 0.1607877719 0.0740740741 0.1111111111
1 0.4326866549 0.1584362140 0.0740740741 0.1181657848
1 0.5011757790 0.1601998824 0.0746619636 0.1158142269
1 0.5761316872 0.1578483245 0.0799529688 0.1216931217
0 0.6510875955 0.1499118166 0.0793650794 0.0411522634
0 0.7348618460 0.1313932981 0.0905349794 0.0405643739
0 0.7339800118 0.1893004115 0.0946502058 0.0764256320
0 0.8327454439 0.1657848325 0.1040564374 0.1164021164
0 0.9318048207 0.1572604350 0.1011169900 0.1005291005
0 0.9853027631 0.1243386243 0.0293944738 0.0440917108
7 0.0167548501 0.2257495591 0.0335097002 0.0411522634
1 0.0731922399 0.3221634333 0.0770135215 0.0552616108
7 0.0164609053 0.3465608466 0.0329218107 0.1075837743
1 0.0634920635 0.3794826573 0.0764256320 0.0593768372
1 0.1381540270 0.3794826573 0.0717225162 0.0593768372
1 0.1475602587 0.3303938859 0.0717225162 0.0458553792
1 0.2795414462 0.3959435626 0.0711346267 0.0723104056
1 0.2107583774 0.3818342152 0.0758377425 0.0570252792
1 0.2186948854 0.3298059965 0.0728982951 0.0493827160
1 0.2865961199 0.3309817754 0.0629041740 0.0587889477
1 0.3589065256 0.3392122281 0.0805408583 0.0681951793
1 0.4391534392 0.3409758965 0.0823045267 0.0611405056
1 0.5173427396 0.3339212228 0.0740740741 0.0576131687
1 0.5135214580 0.3980011758 0.0770135215 0.0728982951
1 0.5946502058 0.3386243386 0.0793650794 0.0623162845
0 0.6704879483 0.3744855967 0.0828924162 0.1340388007
0 0.7554379777 0.3380364491 0.0870076426 0.0611405056
0 0.8480305703 0.3703703704 0.0981775426 0.1234567901
0 0.9409171076 0.3738977072 0.0993533216 0.1246325691
0 0.9926513815 0.3400940623 0.0146972369 0.0664315109
1 0.1319811875 0.4359200470 0.0817166373 0.0629041740
1 0.2066431511 0.4394473839 0.0793650794 0.0605526161
1 0.3542034098 0.4062316285 0.0828924162 0.0728982951
1 0.4350382128 0.4050558495 0.0799529688 0.0681951793
1 0.5899470899 0.4059376837 0.0793650794 0.0734861846
0 0.7577895356 0.4100529101 0.0881834215 0.0817166373
0 0.8453850676 0.4653145209 0.0846560847 0.0640799530
0 0.9935332158 0.4126984127 0.0129335685 0.0823045267
4 0.0396825397 0.5467372134 0.0558495003 0.1128747795
4 0.0091122869 0.5426219871 0.0182245738 0.1081716637
4 0.0873015873 0.5631981188 0.0617283951 0.1222810112
4 0.1416813639 0.5687830688 0.0658436214 0.1263962375
1 0.2560258671 0.5793650794 0.0593768372 0.1052322163
4 0.2022339800 0.5746619636 0.0693709583 0.1228689006
1 0.3592004703 0.5855379189 0.0564373898 0.1058201058
1 0.3101116990 0.5808348031 0.0499706055 0.1011169900
1 0.4635508524 0.5864197531 0.0570252792 0.1252204586
1 0.4141681364 0.5820105820 0.0558495003 0.1234567901
1 0.5755437978 0.5946502058 0.0576131687 0.1275720165
1 0.5176366843 0.5922986479 0.0605526161 0.1228689006
7 0.0149911817 0.6966490300 0.0299823633 0.0905349794
7 0.0420340976 0.6960611405 0.0417401529 0.0799529688
7 0.2228101117 0.6978248089 0.0446796002 0.0399764844
1 0.6310993533 0.6011169900 0.0582010582 0.1228689006
7 0.6942974721 0.6149323927 0.0705467372 0.1305114638
7 0.7951205173 0.6225749559 0.1358024691 0.1375661376
7 0.9165196943 0.6225749559 0.1175778954 0.1305114638
7 0.9938271605 0.6481481481 0.0123456790 0.1405055850
7 0.0734861846 0.7113462669 0.0435038213 0.1105232216
7 0.1469723692 0.7101704879 0.0423280423 0.0881834215
7 0.1102292769 0.7139917695 0.0417401529 0.0934744268
7 0.1569664903 0.7815990594 0.0340975897 0.0723104056
1 0.2683715461 0.7307466196 0.0417401529 0.0964138742
7 0.1834215168 0.7780717225 0.0399764844 0.0817166373
7 0.2216343327 0.7372134039 0.0411522634 0.0482069371
7 0.1851851852 0.7087007643 0.0388007055 0.0699588477
7 0.2222222222 0.7783656673 0.0470311581 0.0388007055
1 0.3483245150 0.7689594356 0.1322751323 0.1199294533
1 0.4747207525 0.7821869489 0.1369782481 0.1169900059
7 0.1043503821 0.8065843621 0.0393885949 0.0940623163
1 0.6096413874 0.8201058201 0.1387419165 0.1834215168
7 0.7236919459 0.8245149912 0.0670194004 0.1205173427
7 0.7965902410 0.8377425044 0.0740740741 0.1269841270
7 0.9006466784 0.8518518519 0.1434450323 0.1563786008
7 0.9850088183 0.8639035861 0.0299823633 0.1499118166
