5 0.0084299262 0.0084299262 0.0168598525 0.0168598525
5 0.0542676502 0.0089567966 0.0748155954 0.0179135933
5 0.1296101159 0.0084299262 0.0864067439 0.0168598525
5 0.2165437302 0.0105374078 0.0916754478 0.0210748156
5 0.2945205479 0.0231822972 0.0769230769 0.0463645943
5 0.0447839831 0.0658587987 0.0895679663 0.0727081138
5 0.1301369863 0.0900948367 0.0916754478 0.1422550053
5 0.2249736565 0.0669125395 0.0937829294 0.0790305585
5 0.2976817703 0.0785036881 0.0600632244 0.0663856691
1 0.6954689146 0.0748155954 0.0842992624 0.1496311907
5 0.0442571128 0.1369863014 0.0885142255 0.0737618546
5 0.2370916754 0.1649104320 0.0716543730 0.0368809273
5 0.2370916754 0.1332982086 0.0674394099 0.0305584826
5 0.3040042150 0.1564805058 0.0600632244 0.0832455216
5 0.0189673340 0.2771338251 0.0379346681 0.0632244468
5 0.0221285564 0.2096944152 0.0442571128 0.0632244468
5 0.0848261328 0.2766069547 0.0874604847 0.0684931507
5 0.0858798736 0.2112750263 0.0811380400 0.0642781876
5 0.1548998946 0.2197049526 0.0758693361 0.0642781876
5 0.2318229715 0.2186512118 0.0758693361 0.0663856691
5 0.3013698630 0.2307692308 0.0590094837 0.0716543730
1 0.3840885142 0.2102212856 0.0769230769 0.1338250790
1 0.4636459431 0.2175974710 0.0842992624 0.1338250790
1 0.5463645943 0.2123287671 0.0811380400 0.1296101159
1 0.6306638567 0.2118018967 0.0811380400 0.1390937829
1 0.7081138040 0.2160168599 0.0842992624 0.1327713383
5 0.1696522655 0.2818756586 0.0779768177 0.0621707060
5 0.2897787144 0.2845100105 0.0653319283 0.0484720759
5 0.2349841939 0.3018967334 0.0400421496 0.0326659642
1 0.7086406744 0.3624868282 0.0684931507 0.0632244468
5 0.0052687039 0.3904109589 0.0105374078 0.1148577450
5 0.0463645943 0.3940990516 0.0632244468 0.1159114858
5 0.1090621707 0.3967334036 0.0663856691 0.1148577450
5 0.1765015806 0.3977871444 0.0748155954 0.1148577450
5 0.2586933614 0.3983140148 0.0853530032 0.1159114858
1 0.4246575342 0.4072708114 0.0737618546 0.1380400421
1 0.4957850369 0.4046364594 0.0706006322 0.1327713383
1 0.5658587987 0.4041095890 0.0674394099 0.1275026344
1 0.6380400421 0.4020021075 0.0748155954 0.1338250790
1 0.7144362487 0.4267650158 0.0716543730 0.0632244468
5 0.0295047418 0.5126448894 0.0590094837 0.0368809273
5 0.0995785037 0.5121180190 0.0832455216 0.0400421496
5 0.1617492097 0.5453108535 0.0389884089 0.1085353003
1 0.3840885142 0.5300316122 0.0874604847 0.0674394099
1 0.4678609062 0.5279241307 0.0821917808 0.0653319283
1 0.5500526870 0.5268703899 0.0800842993 0.0632244468
1 0.6338250790 0.5268703899 0.0769230769 0.0653319283
1 0.7086406744 0.5263435195 0.0790305585 0.0642781876
5 0.0268703899 0.5911485774 0.0537407798 0.0337197050
5 0.0279241307 0.5516332982 0.0558482613 0.0410958904
5 0.0985247629 0.5500526870 0.0832455216 0.0379346681
5 0.0995785037 0.5890410959 0.0769230769 0.0400421496
5 0.2060063224 0.5521601686 0.0516332982 0.1159114858
5 0.2560590095 0.5484720759 0.0484720759 0.1106427819
5 0.3029504742 0.5516332982 0.0516332982 0.1148577450
1 0.3840885142 0.6016859852 0.0895679663 0.0695468915
1 0.4678609062 0.5969441517 0.0821917808 0.0621707060
1 0.5505795574 0.5916754478 0.0790305585 0.0706006322
1 0.6322444679 0.5953635406 0.0758693361 0.0632244468
1 0.7102212856 0.5906217071 0.0758693361 0.0642781876
6 0.0374077977 0.7181243414 0.0748155954 0.1548998946
6 0.2133825079 0.7191780822 0.0727081138 0.1464699684
6 0.2845100105 0.7233930453 0.0737618546 0.1506849315
1 0.3772391992 0.6749209694 0.0716543730 0.0663856691
1 0.4446786091 0.6717597471 0.0716543730 0.0706006322
1 0.5142255005 0.6685985248 0.0695468915 0.0621707060
1 0.5816649104 0.6680716544 0.0653319283 0.0632244468
1 0.6522655427 0.6722866175 0.0758693361 0.0716543730
1 0.7249736565 0.6722866175 0.0695468915 0.0632244468
6 0.1143308746 0.7281348788 0.1001053741 0.1454162276
1 0.3772391992 0.7444678609 0.0737618546 0.0684931507
1 0.4467860906 0.7418335090 0.0695468915 0.0737618546
1 0.5163329821 0.7376185458 0.0695468915 0.0695468915
1 0.5827186512 0.7344573235 0.0674394099 0.0674394099
1 0.6585879874 0.7460484721 0.0779768177 0.0779768177
1 0.7286617492 0.7407797682 0.0684931507 0.0716543730
1 0.4251844046 0.8350895680 0.0516332982 0.1085353003
1 0.3719704953 0.8329820864 0.0526870390 0.1064278188
1 0.4741833509 0.8303477345 0.0505795574 0.1053740780
1 0.5284510011 0.8266596417 0.0516332982 0.1085353003
1 0.6227608008 0.8208640674 0.0400421496 0.1053740780
1 0.5806111697 0.8329820864 0.0526870390 0.1211801897
1 0.6712328767 0.8393045311 0.0526870390 0.1043203372
1 0.7281348788 0.8287671233 0.0505795574 0.1106427819
6 0.2328767123 0.9125395153 0.1159114858 0.1749209694
1 0.3962065332 0.9457323498 0.0927291886 0.1085353003
1 0.4657534247 0.9515279241 0.0484720759 0.0969441517
1 0.5147523709 0.9499473130 0.0495258166 0.1001053741
1 0.5716543730 0.9567966280 0.0558482613 0.0864067439
1 0.6264488936 0.9546891465 0.0537407798 0.0906217071
1 0.6691253952 0.9362486828 0.0358271865 0.0642781876
1 0.7260273973 0.9515279241 0.0526870390 0.0969441517
