3 0.0847457627 0.0441888620 0.0387409201 0.0472154964
3 0.1392251816 0.0466101695 0.0774818402 0.0472154964
1 0.4836561743 0.0357142857 0.0569007264 0.0714285714
1 0.5932203390 0.0363196126 0.0653753027 0.0726392252
1 0.5411622276 0.0375302663 0.0629539952 0.0750605327
1 0.7487893462 0.0363196126 0.1125907990 0.0726392252
2 0.9146489104 0.0508474576 0.1707021792 0.0920096852
3 0.0829297821 0.0871670702 0.0375302663 0.0411622276
3 0.1573849879 0.0907990315 0.0363196126 0.0460048426
1 0.1246973366 0.1361985472 0.0992736077 0.0569007264
3 0.1216707022 0.0895883777 0.0399515738 0.0411622276
1 0.2372881356 0.1398305085 0.0605326877 0.0738498789
1 0.2439467312 0.0696125908 0.0665859564 0.0811138015
1 0.3020581114 0.0780871671 0.0593220339 0.0859564165
1 0.3589588378 0.0835351090 0.0617433414 0.0774818402
1 0.4776029056 0.1138014528 0.0617433414 0.0847457627
1 0.5847457627 0.1119854722 0.0532687651 0.0835351090
1 0.5320823245 0.1150121065 0.0617433414 0.0847457627
1 0.7427360775 0.1089588378 0.1125907990 0.0702179177
1 0.1234866828 0.1846246973 0.1016949153 0.0544794189
1 0.2972154964 0.1452784504 0.0593220339 0.0750605327
1 0.2372881356 0.2039951574 0.0629539952 0.0665859564
1 0.2911622276 0.2070217918 0.0593220339 0.0605326877
1 0.3547215496 0.1519370460 0.0629539952 0.0690072639
1 0.3480629540 0.2154963680 0.0569007264 0.0605326877
1 0.4685230024 0.1918886199 0.0702179177 0.0738498789
1 0.5756658596 0.1888619855 0.0544794189 0.0750605327
1 0.5254237288 0.1912832930 0.0556900726 0.0750605327
1 0.7348668281 0.1755447942 0.1016949153 0.0581113801
1 0.9412832930 0.1458837772 0.1174334140 0.1029055690
1 0.1216707022 0.2300242131 0.1004842615 0.0532687651
1 0.1210653753 0.2742130751 0.0992736077 0.0496368039
1 0.2887409201 0.2760290557 0.0569007264 0.0653753027
1 0.3462469734 0.2796610169 0.0532687651 0.0677966102
1 0.4570217918 0.2633171913 0.0641646489 0.0665859564
1 0.5157384988 0.2651331719 0.0581113801 0.0677966102
1 0.5647699758 0.2608958838 0.0544794189 0.0738498789
1 0.7142857143 0.2935835351 0.0968523002 0.0544794189
1 0.7209443099 0.2366828087 0.1029055690 0.0617433414
1 0.9104116223 0.2257869249 0.1549636804 0.0641646489
1 0.8989104116 0.2863196126 0.1561743341 0.0665859564
1 0.1210653753 0.3595641646 0.0968523002 0.0411622276
1 0.1216707022 0.3177966102 0.0980629540 0.0447941889
1 0.2802663438 0.3426150121 0.0593220339 0.0677966102
1 0.3395883777 0.3462469734 0.0544794189 0.0677966102
1 0.4993946731 0.3262711864 0.0544794189 0.0593220339
1 0.4467312349 0.3250605327 0.0629539952 0.0593220339
1 0.5520581114 0.3311138015 0.0556900726 0.0665859564
1 0.7033898305 0.3510895884 0.0992736077 0.0581113801
1 0.8874092010 0.3456416465 0.1525423729 0.0569007264
1 0.1186440678 0.4430992736 0.0968523002 0.0435835351
1 0.1210653753 0.4001210654 0.0944309927 0.0399515738
1 0.2802663438 0.4128329298 0.0569007264 0.0653753027
1 0.3377723971 0.4140435835 0.0508474576 0.0653753027
1 0.4358353511 0.3813559322 0.0629539952 0.0581113801
1 0.4370460048 0.4418886199 0.0508474576 0.0556900726
1 0.4891041162 0.4418886199 0.0556900726 0.0581113801
1 0.4939467312 0.3855932203 0.0605326877 0.0593220339
1 0.5460048426 0.3904358354 0.0532687651 0.0569007264
1 0.5417675545 0.4449152542 0.0569007264 0.0593220339
1 0.6930992736 0.4025423729 0.1053268765 0.0472154964
1 0.8795399516 0.4013317191 0.1440677966 0.0569007264
1 0.1186440678 0.5193704600 0.0920096852 0.0363196126
1 0.1186440678 0.4830508475 0.0944309927 0.0387409201
1 0.2784503632 0.4769975787 0.0556900726 0.0605326877
1 0.3329297821 0.4776029056 0.0532687651 0.0617433414
1 0.4854721550 0.4993946731 0.0581113801 0.0569007264
1 0.4273607748 0.4933414044 0.0556900726 0.0593220339
1 0.5345036320 0.5006053269 0.0472154964 0.0569007264
1 0.6906779661 0.5066585956 0.0835351090 0.0617433414
1 0.6840193705 0.4521791768 0.1016949153 0.0472154964
7 0.8607748184 0.5272397094 0.1307506053 0.0375302663
2 0.8777239709 0.4594430993 0.1210653753 0.0665859564
5 0.0544794189 0.5744552058 0.0314769976 0.0326876513
5 0.0865617433 0.5762711864 0.0302663438 0.0290556901
5 0.0550847458 0.6059322034 0.0302663438 0.0278450363
5 0.0950363196 0.5490314770 0.0278450363 0.0254237288
5 0.0865617433 0.6071428571 0.0302663438 0.0278450363
5 0.1507263923 0.5768765133 0.0254237288 0.0278450363
5 0.1192493947 0.6077481840 0.0278450363 0.0266343826
5 0.1204600484 0.5780871671 0.0351089588 0.0302663438
5 0.1519370460 0.5502421308 0.0205811138 0.0254237288
5 0.1259079903 0.5490314770 0.0290556901 0.0254237288
5 0.2826876513 0.5835351090 0.0447941889 0.0508474576
5 0.2826876513 0.5357142857 0.0447941889 0.0520581114
5 0.3280871671 0.5847457627 0.0460048426 0.0484261501
5 0.3292978208 0.5338983051 0.0508474576 0.0508474576
5 0.5012106538 0.5611380145 0.0992736077 0.0665859564
5 0.4303874092 0.5575060533 0.0496368039 0.0762711864
5 0.6731234867 0.5635593220 0.0992736077 0.0569007264
5 0.0853510896 0.6767554479 0.0302663438 0.0532687651
5 0.0556900726 0.6331719128 0.0290556901 0.0266343826
5 0.0865617433 0.6355932203 0.0302663438 0.0290556901
5 0.1495157385 0.6089588378 0.0254237288 0.0290556901
5 0.1186440678 0.6355932203 0.0290556901 0.0290556901
5 0.1186440678 0.6791767554 0.0338983051 0.0532687651
5 0.1470944310 0.6791767554 0.0254237288 0.0508474576
5 0.1489104116 0.6398305085 0.0242130751 0.0278450363
5 0.2300242131 0.6797820823 0.0532687651 0.0520581114
5 0.2796610169 0.6803874092 0.0435835351 0.0484261501
5 0.2324455206 0.6107748184 0.0581113801 0.0835351090
5 0.2820823245 0.6319612591 0.0435835351 0.0484261501
5 0.3262711864 0.6325665860 0.0447941889 0.0472154964
5 0.4122276029 0.6253026634 0.0690072639 0.0641646489
5 0.3232445521 0.6791767554 0.0411622276 0.0484261501
5 0.4915254237 0.6265133172 0.0944309927 0.0641646489
5 0.6598062954 0.6719128329 0.0895883777 0.0508474576
5 0.6616222760 0.6186440678 0.0859564165 0.0556900726
5 0.0544794189 0.7282082324 0.0314769976 0.0544794189
5 0.0847457627 0.7336561743 0.0314769976 0.0581113801
5 0.1150121065 0.7342615012 0.0290556901 0.0569007264
5 0.1464891041 0.7336561743 0.0242130751 0.0556900726
5 0.2766343826 0.7300242131 0.0447941889 0.0508474576
5 0.2306295400 0.7324455206 0.0472154964 0.0508474576
5 0.3208232446 0.7294188862 0.0387409201 0.0472154964
5 0.4092009685 0.6906779661 0.0605326877 0.0617433414
5 0.4776029056 0.7524213075 0.1029055690 0.0617433414
5 0.4884987893 0.6906779661 0.0956416465 0.0617433414
5 0.6531476998 0.7239709443 0.0932203390 0.0556900726
7 0.7784503632 0.7378934625 0.0411622276 0.0326876513
7 0.7966101695 0.6979418886 0.0532687651 0.0447941889
7 0.8656174334 0.7209443099 0.0556900726 0.0496368039
5 0.1113801453 0.8250605327 0.0871670702 0.0447941889
5 0.1138014528 0.7832929782 0.0895883777 0.0387409201
5 0.2584745763 0.8190072639 0.0520581114 0.0423728814
5 0.2239709443 0.7772397094 0.0556900726 0.0508474576
5 0.3093220339 0.8196125908 0.0496368039 0.0411622276
5 0.2754237288 0.7766343826 0.0472154964 0.0472154964
5 0.3177966102 0.7760290557 0.0399515738 0.0435835351
0 0.4812348668 0.8214285714 0.0375302663 0.0278450363
5 0.6470944310 0.7766343826 0.0859564165 0.0496368039
5 0.6271186441 0.8226392252 0.0968523002 0.0423728814
7 0.7838983051 0.8008474576 0.0496368039 0.0496368039
7 0.8565375303 0.7717917676 0.0472154964 0.0496368039
7 0.8462469734 0.8202179177 0.0532687651 0.0520581114
7 0.1047215496 0.8734866828 0.0980629540 0.0569007264
0 0.2082324455 0.9085956416 0.0532687651 0.0447941889
0 0.2814769976 0.9085956416 0.0956416465 0.0472154964
0 0.2893462470 0.8613801453 0.0871670702 0.0496368039
0 0.4866828087 0.9188861985 0.0532687651 0.0435835351
0 0.4673123487 0.8692493947 0.0944309927 0.0750605327
5 0.6198547215 0.8607748184 0.0944309927 0.0387409201
0 0.6168280872 0.9073849879 0.0956416465 0.0569007264
7 0.7869249395 0.8668280872 0.0581113801 0.0484261501
7 0.7911622276 0.9182808717 0.1222760291 0.0544794189
7 0.8401937046 0.8662227603 0.0435835351 0.0520581114
7 0.0605326877 0.9806295400 0.0556900726 0.0242130751
7 0.1065375303 0.9225181598 0.0871670702 0.0435835351
7 0.1138014528 0.9552058111 0.0702179177 0.0217917676
7 0.1198547215 0.9788135593 0.0581113801 0.0230024213
0 0.2984261501 0.9558111380 0.0496368039 0.0520581114
0 0.4249394673 0.9473365617 0.0363196126 0.0762711864
0 0.4824455206 0.9642857143 0.0520581114 0.0496368039
0 0.6119854722 0.9697336562 0.0907990315 0.0556900726
7 0.1071428571 0.9951573850 0.0835351090 0.0096852300
0 0.2215496368 0.9836561743 0.0387409201 0.0326876513
0 0.2972154964 0.9915254237 0.0496368039 0.0169491525
0 0.4806295400 0.9933414044 0.0484261501 0.0133171913
