1 0.1586638831 0.0814196242 0.1148225470 0.1482254697
1 0.2593945720 0.0788100209 0.0991649269 0.1576200418
1 0.3590814196 0.0814196242 0.1002087683 0.1544885177
1 0.4598121086 0.0814196242 0.0970772443 0.1461377871
1 0.5553235908 0.0720250522 0.0960334029 0.1440501044
1 0.6440501044 0.0829853862 0.0835073069 0.1513569937
1 0.7296450939 0.0845511482 0.0918580376 0.1398747390
1 0.1550104384 0.2901878914 0.0929018789 0.0751565762
1 0.2515657620 0.2891440501 0.0876826722 0.0793319415
1 0.3455114823 0.2922755741 0.0918580376 0.0668058455
1 0.4368475992 0.2964509395 0.0866388309 0.0688935282
1 0.5198329854 0.2959290188 0.0835073069 0.0699373695
1 0.6059498956 0.2974947808 0.0845511482 0.0730688935
1 0.6915448852 0.2943632568 0.0845511482 0.0772442589
1 0.8021920668 0.2494780793 0.0991649269 0.1586638831
1 0.1205636743 0.3872651357 0.0407098121 0.0918580376
1 0.1800626305 0.3862212944 0.0908141962 0.0897703549
6 0.7249478079 0.4003131524 0.2077244259 0.1242171190
6 0.3225469729 0.4003131524 0.2045929019 0.1221294363
6 0.5208768267 0.4018789144 0.1962421712 0.1231732777
6 0.8684759916 0.4295407098 0.1022964509 0.1680584551
7 0.3585594990 0.5516701461 0.1096033403 0.0720250522
7 0.4681628392 0.5532359081 0.1096033403 0.0751565762
7 0.5970772443 0.5610647182 0.1377870564 0.0782881002
1 0.8324634656 0.5641962422 0.1221294363 0.0887265136
7 0.1518789144 0.6111691023 0.0949895616 0.1826722338
7 0.2395615866 0.6122129436 0.0845511482 0.1847599165
7 0.3491649269 0.6268267223 0.1137787056 0.0866388309
7 0.4676409186 0.6330897704 0.1210855950 0.0949895616
7 0.5970772443 0.6466597077 0.1356993737 0.0866388309
7 0.7223382046 0.6080375783 0.1273486430 0.1826722338
1 0.8460334029 0.6576200418 0.1221294363 0.1022964509
7 0.9107515658 0.7562630480 0.1430062630 0.0615866388
0 0.0558455115 0.8147181628 0.1116910230 0.1951983299
0 0.1623173278 0.8152400835 0.1158663883 0.1858037578
0 0.2703549061 0.8272442589 0.1148225470 0.2035490605
0 0.3736951983 0.8241127349 0.1002087683 0.2035490605
0 0.4728601253 0.8168058455 0.0918580376 0.1868475992
7 0.5673277662 0.8256784969 0.1075156576 0.2004175365
7 0.6732776618 0.8011482255 0.1148225470 0.1555323591
3 0.7787056367 0.7567849687 0.1315240084 0.0626304802
3 0.7839248434 0.8188935282 0.1356993737 0.0636743215
7 0.9164926931 0.8162839248 0.1440501044 0.0605427975
