0 0.0992039192 0.0097979179 0.1175750153 0.0195958359
0 0.2026944274 0.0128597673 0.1041028781 0.0257195346
0 0.4794856093 0.0394978567 0.2155541947 0.0789957134
0 0.7421922841 0.0202082058 0.0857317820 0.0404164115
0 0.8294549908 0.0367421923 0.0875688916 0.0734843846
0 0.9767299449 0.0195958359 0.0465401102 0.0391916718
0 0.0992039192 0.0722596448 0.1114513166 0.1139007961
0 0.4877526026 0.1191059400 0.1892222903 0.1341090018
0 0.9745866503 0.0848132272 0.0508266993 0.1267605634
0 0.0881812615 0.1898346601 0.1261481935 0.1249234538
0 0.2054500919 0.1910593999 0.1194121249 0.1200244948
0 0.4877526026 0.2268830374 0.1977954685 0.1267605634
0 0.8270055113 0.1383955909 0.0826699326 0.1310471525
0 0.9742804654 0.2005511329 0.0514390692 0.1243110839
0 0.0924678506 0.3074096754 0.1212492345 0.1187997551
0 0.2091243111 0.3095529700 0.1194121249 0.1230863442
0 0.4546846295 0.3401714636 0.1304347826 0.1279853031
0 0.8214941825 0.2599510104 0.0851194121 0.1157379057
0 0.9791794244 0.3086344152 0.0416411513 0.1114513166
0 0.1016533987 0.4200857318 0.1236987140 0.1175750153
0 0.2167789345 0.4249846908 0.1114513166 0.1151255358
5 0.4960195958 0.4482547459 0.1910593999 0.1090018371
6 0.7878138396 0.3530312309 0.1586037967 0.0753214942
6 0.7856705450 0.4308022045 0.1567666871 0.0789957134
0 0.9712186160 0.4142682180 0.0575627679 0.1071647275
6 0.7844458053 0.5067360686 0.1567666871 0.0777709737
7 0.9782608696 0.5009185548 0.0434782609 0.0722596448
5 0.1699326393 0.6484996938 0.2026944274 0.1224739743
4 0.4987752603 0.6338028169 0.1867728108 0.0771586038
4 0.7890385793 0.5793018983 0.1451316595 0.0771586038
4 0.7816901408 0.6579914268 0.1598285364 0.0887936314
7 0.9788732394 0.5707287201 0.0422535211 0.0734843846
7 0.9794856093 0.6408450704 0.0410287814 0.0704225352
5 0.1729944887 0.7620943050 0.2002449479 0.1218616044
4 0.4990814452 0.7057562768 0.1849357012 0.0814451929
4 0.7780159216 0.7348438457 0.1488058788 0.0661359461
7 0.9782608696 0.7075933864 0.0434782609 0.0728720147
4 0.1365584813 0.8631353337 0.2731169626 0.0998162890
4 0.4993876301 0.8533374158 0.1818738518 0.0642988365
4 0.4978567055 0.7804654011 0.1898346601 0.0777709737
4 0.7816901408 0.8089406001 0.1549295775 0.0979791794
7 0.9755052051 0.8404776485 0.0489895897 0.0740967544
7 0.9761175750 0.7749540723 0.0477648500 0.0704225352
4 0.1650336803 0.9485609308 0.2296387018 0.1016533987
7 0.5015309247 0.9246785058 0.1775872627 0.0869565217
1 0.7942437232 0.9179424372 0.1187997551 0.1310471525
7 0.9751990202 0.9047764850 0.0496019596 0.0777709737
1 0.9764237600 0.9666258420 0.0471524801 0.0667483160
7 0.1772810778 0.9923453766 0.1977954685 0.0153092468
7 0.5009185548 0.9810165340 0.1726883037 0.0379669320
1 0.7780159216 0.9877526026 0.1488058788 0.0244947949
