1 0.4426855895 0.0103711790 0.1146288210 0.0207423581
4 0.1757641921 0.0414847162 0.0371179039 0.0829694323
4 0.2172489083 0.0322052402 0.0502183406 0.0644104803
4 0.2549126638 0.0272925764 0.0316593886 0.0545851528
4 0.2980349345 0.0278384279 0.0458515284 0.0556768559
4 0.3526200873 0.0125545852 0.0786026201 0.0251091703
4 0.1441048035 0.0469432314 0.0327510917 0.0938864629
1 0.5545851528 0.1026200873 0.0982532751 0.2052401747
1 0.6588427948 0.0944323144 0.1189956332 0.1888646288
7 0.2085152838 0.2008733624 0.0414847162 0.0327510917
7 0.2341703057 0.1670305677 0.0207423581 0.0698689956
1 0.2942139738 0.1855895197 0.0469432314 0.1506550218
1 0.3335152838 0.1703056769 0.0469432314 0.1615720524
1 0.3962882096 0.1561135371 0.0764192140 0.1855895197
1 0.4694323144 0.1320960699 0.0873362445 0.1877729258
7 0.1795851528 0.2243449782 0.0294759825 0.0644104803
1 0.2510917031 0.3073144105 0.0633187773 0.0775109170
7 0.2379912664 0.2243449782 0.0131004367 0.0447598253
1 0.3209606987 0.2953056769 0.0786026201 0.0796943231
1 0.3891921397 0.2893013100 0.0665938865 0.0786026201
1 0.4601528384 0.2762008734 0.0753275109 0.0829694323
1 0.5371179039 0.2576419214 0.0851528384 0.0917030568
1 0.6413755459 0.2882096070 0.1255458515 0.1834061135
1 0.1517467249 0.3280567686 0.0414847162 0.0644104803
1 0.1495633188 0.3946506550 0.0458515284 0.0709606987
1 0.1986899563 0.3204148472 0.0436681223 0.0644104803
1 0.1943231441 0.3875545852 0.0436681223 0.0764192140
1 0.2538209607 0.3842794760 0.0534934498 0.0829694323
1 0.3187772926 0.3711790393 0.0742358079 0.0917030568
1 0.3875545852 0.3646288210 0.0720524017 0.0873362445
1 0.4590611354 0.3558951965 0.0731441048 0.0895196507
1 0.5360262009 0.3460698690 0.0807860262 0.0851528384
1 0.1763100437 0.4961790393 0.0403930131 0.1255458515
1 0.2832969432 0.4934497817 0.0491266376 0.1375545852
1 0.2450873362 0.4950873362 0.0403930131 0.1320960699
1 0.3291484716 0.4890829694 0.0425764192 0.1375545852
1 0.3739082969 0.4874454148 0.0513100437 0.1473799127
1 0.4372270742 0.4847161572 0.0578602620 0.1484716157
1 0.4972707424 0.4808951965 0.0687772926 0.1430131004
1 0.5622270742 0.4830786026 0.0611353712 0.1604803493
1 0.6293668122 0.4814410480 0.0687772926 0.1681222707
1 0.6943231441 0.4781659389 0.0742358079 0.1703056769
1 0.1397379913 0.4994541485 0.0371179039 0.1189956332
1 0.2106986900 0.4967248908 0.0393013100 0.1288209607
7 0.1271834061 0.6484716157 0.0796943231 0.1222707424
7 0.2232532751 0.6495633188 0.0578602620 0.1244541485
1 0.2893013100 0.6522925764 0.0764192140 0.1211790393
1 0.3859170306 0.6763100437 0.1189956332 0.1626637555
1 0.5054585153 0.6905021834 0.1397379913 0.1844978166
1 0.6528384279 0.7019650655 0.1593886463 0.1943231441
7 0.1184497817 0.8007641921 0.0731441048 0.1408296943
0 0.2418122271 0.8417030568 0.0687772926 0.1681222707
0 0.1091703057 0.9339519651 0.0524017467 0.0927947598
0 0.3378820961 0.8711790393 0.0927947598 0.1790393013
0 0.4415938865 0.9001091703 0.1342794760 0.1997816594
0 0.5796943231 0.9143013100 0.1026200873 0.1713973799
0 0.6855895197 0.9175764192 0.1222707424 0.1648471616
0 0.1048034934 0.9858078603 0.0502183406 0.0283842795
0 0.1626637555 0.9596069869 0.0589519651 0.0807860262
0 0.2789301310 0.9776200873 0.0709606987 0.0447598253
0 0.3444323144 0.9868995633 0.0665938865 0.0262008734
