1 0.0408388521 0.3669977925 0.0816777042 0.1203090508
1 0.3741721854 0.3311258278 0.1721854305 0.0750551876
1 0.6004415011 0.3730684327 0.1964679912 0.1611479029
0 0.8543046358 0.3399558499 0.2384105960 0.1236203091
1 0.1821192053 0.3846578366 0.1854304636 0.1269315673
1 0.3774834437 0.3967991170 0.1699779249 0.0695364238
0 0.8305739514 0.4470198675 0.2041942605 0.1037527594
1 0.0491169978 0.4724061810 0.0982339956 0.0993377483
1 0.1512141280 0.4900662252 0.0927152318 0.0860927152
1 0.2406181015 0.4911699779 0.0860927152 0.0816777042
1 0.3791390728 0.4646799117 0.1622516556 0.0618101545
1 0.0596026490 0.5584988962 0.1192052980 0.0883002208
1 0.1699779249 0.5678807947 0.0838852097 0.0761589404
1 0.2505518764 0.5689845475 0.0905077263 0.0739514349
1 0.3769315673 0.5303532009 0.1445916115 0.0695364238
1 0.3807947020 0.5910596026 0.1501103753 0.0584988962
1 0.5888520971 0.5220750552 0.1865342163 0.1412803532
0 0.8046357616 0.5866445916 0.2097130243 0.1357615894
0 0.9619205298 0.5353200883 0.0761589404 0.0728476821
1 0.0711920530 0.6324503311 0.1423841060 0.0772626932
1 0.1832229581 0.6396247241 0.0794701987 0.0673289183
1 0.2593818985 0.6412803532 0.0883002208 0.0728476821
1 0.3835540839 0.6550772627 0.1490066225 0.0518763797
1 0.5745033113 0.6429359823 0.1644591611 0.1203090508
0 0.9536423841 0.6114790287 0.0927152318 0.0794701987
1 0.0722958057 0.6959161148 0.1445916115 0.0474613687
1 0.1892935982 0.7086092715 0.0805739514 0.0794701987
1 0.2660044150 0.7108167770 0.0927152318 0.0750551876
1 0.3852097130 0.7003311258 0.1390728477 0.0430463576
0 0.7715231788 0.6915011038 0.1810154525 0.0938189845
0 0.9376379691 0.6848785872 0.1247240618 0.0673289183
7 0.0596026490 0.7963576159 0.0706401766 0.0209713024
1 0.0783664459 0.7356512141 0.1523178808 0.0474613687
1 0.2014348786 0.7792494481 0.0783664459 0.0640176600
7 0.1175496689 0.7924944812 0.0452538631 0.0132450331
1 0.2792494481 0.7764900662 0.0838852097 0.0540838852
1 0.3912803532 0.7853200883 0.1335540839 0.0408388521
1 0.3896247241 0.7466887417 0.1390728477 0.0496688742
1 0.5502207506 0.7406181015 0.1225165563 0.0772626932
0 0.7417218543 0.7886313466 0.1699779249 0.0695364238
0 0.9282560706 0.7511037528 0.1434878587 0.0717439294
7 0.0938189845 0.8222958057 0.0331125828 0.0419426049
7 0.1175496689 0.8515452539 0.0651214128 0.0298013245
1 0.2825607064 0.8366445916 0.0772626932 0.0441501104
1 0.2146799117 0.8322295806 0.0651214128 0.0441501104
1 0.3923841060 0.8548565121 0.1269315673 0.0408388521
1 0.3929359823 0.8200883002 0.1302428256 0.0397350993
7 0.5474613687 0.8073951435 0.1258278146 0.0584988962
0 0.8653421634 0.8686534216 0.0905077263 0.0596026490
1 0.2897350993 0.8818984547 0.0717439294 0.0463576159
1 0.2224061810 0.8796909492 0.0651214128 0.0419426049
1 0.3956953642 0.8918322296 0.1203090508 0.0375275938
7 0.5463576159 0.9045253863 0.1236203091 0.0805739514
7 0.7003311258 0.9133554084 0.1423841060 0.0739514349
0 0.8349889625 0.9227373068 0.0938189845 0.0529801325
0 0.9128035320 0.9271523179 0.0794701987 0.0507726269
0 0.9387417219 0.8774834437 0.0827814570 0.0640176600
