7 0.4639705882 0.0250000000 0.1514705882 0.0500000000
4 0.1727941176 0.0411764706 0.2867647059 0.0823529412
7 0.4875000000 0.0838235294 0.1750000000 0.0911764706
7 0.6433823529 0.0661764706 0.0867647059 0.1323529412
7 0.8330882353 0.0904411765 0.2161764706 0.1808823529
7 0.9625000000 0.0852941176 0.0573529412 0.1705882353
0 0.0169117647 0.1213235294 0.0338235294 0.1455882353
4 0.1904411765 0.1125000000 0.2544117647 0.1338235294
7 0.5022058824 0.1551470588 0.1720588235 0.0867647059
0 0.0279411765 0.2477941176 0.0558823529 0.1191176471
4 0.2205882353 0.1970588235 0.2441176471 0.1205882353
7 0.5286764706 0.2242647059 0.1867647059 0.0897058824
0 0.8397058824 0.2375000000 0.2117647059 0.1485294118
0 0.0610294118 0.3669117647 0.1220588235 0.1455882353
6 0.2183823529 0.3272058824 0.1691176471 0.1691176471
4 0.5691176471 0.3308823529 0.2411764706 0.1441176471
0 0.8632352941 0.3764705882 0.2000000000 0.1264705882
0 0.5808823529 0.4507352941 0.2000000000 0.1661764706
0 0.8242647059 0.4573529412 0.0985294118 0.0529411765
0 0.9139705882 0.4500000000 0.0779411765 0.0441176471
0 0.0808823529 0.4963235294 0.1617647059 0.1426470588
1 0.3007352941 0.4889705882 0.2485294118 0.1897058824
0 0.8235294118 0.5169117647 0.0852941176 0.0867647059
0 0.8985294118 0.5007352941 0.0764705882 0.0602941176
6 0.0779411765 0.6279411765 0.1558823529 0.1294117647
1 0.1955882353 0.5926470588 0.0529411765 0.1147058824
1 0.3544117647 0.6389705882 0.2205882353 0.1632352941
7 0.5919117647 0.5779411765 0.1397058824 0.1294117647
1 0.6338235294 0.6713235294 0.1647058824 0.0808823529
1 0.6448529412 0.7250000000 0.1573529412 0.0764705882
1 0.8963235294 0.6764705882 0.1632352941 0.1088235294
1 0.9338235294 0.7580882353 0.0617647059 0.0661764706
1 0.9845588235 0.7485294118 0.0308823529 0.0735294118
1 0.1963235294 0.7779411765 0.2632352941 0.1735294118
1 0.3992647059 0.7602941176 0.2073529412 0.1617647059
1 0.6580882353 0.7742647059 0.1514705882 0.0779411765
1 0.6669117647 0.8198529412 0.1455882353 0.0750000000
1 0.8573529412 0.7750000000 0.0764705882 0.0676470588
1 0.8544117647 0.8463235294 0.0705882353 0.0808823529
1 0.9301470588 0.8213235294 0.0632352941 0.0867647059
1 0.9808823529 0.8139705882 0.0382352941 0.0808823529
1 0.0154411765 0.9382352941 0.0308823529 0.0676470588
1 0.2536764706 0.8970588235 0.2220588235 0.1323529412
1 0.4455882353 0.8845588235 0.1941176471 0.1250000000
1 0.6742647059 0.8838235294 0.1514705882 0.0794117647
1 0.6882352941 0.9338235294 0.1411764706 0.0764705882
1 0.8764705882 0.9205882353 0.0764705882 0.0823529412
1 0.9426470588 0.9088235294 0.0588235294 0.0705882353
1 0.9860294118 0.8941176471 0.0279411765 0.0794117647
1 0.0330882353 0.9742647059 0.0661764706 0.0514705882
1 0.2875000000 0.9639705882 0.1838235294 0.0720588235
1 0.3176470588 0.9897058824 0.1911764706 0.0205882353
1 0.4779411765 0.9558823529 0.1735294118 0.0882352941
1 0.6970588235 0.9742647059 0.1382352941 0.0514705882
