1 0.0150375940 0.0187969925 0.0300751880 0.0375939850
7 0.1133190118 0.0161117078 0.0569280344 0.0322234157
6 0.4140708915 0.0139634801 0.0955961332 0.0279269603
6 0.4908700322 0.0107411386 0.0773361976 0.0214822771
1 0.0204081633 0.0687432868 0.0408163265 0.0730397422
7 0.1305048335 0.0746509130 0.0805585392 0.0891514501
6 0.2701396348 0.0392051557 0.0934479055 0.0784103115
5 0.4430719656 0.0682062299 0.1450053706 0.1084854995
5 0.6482277121 0.0477980666 0.1535982814 0.0955961332
5 0.8125671321 0.0338345865 0.0934479055 0.0676691729
5 0.9887218045 0.0515574651 0.0225563910 0.1031149302
1 0.0230934479 0.1423200859 0.0461868958 0.0805585392
7 0.1224489796 0.1578947368 0.0537056928 0.0773361976
6 0.2883995704 0.1380236305 0.0998925886 0.1235230934
5 0.6471535983 0.1380236305 0.1471535983 0.1127819549
5 0.8071965628 0.1160042965 0.0891514501 0.1074113856
5 0.9860365199 0.1568206230 0.0279269603 0.1267454350
1 0.0327604726 0.2239527390 0.0655209452 0.0827067669
5 0.4489795918 0.1627282492 0.1439312567 0.1170784103
5 0.8829215897 0.2277121375 0.1074113856 0.1353383459
7 0.1390977444 0.2379162191 0.0633727175 0.0676691729
7 0.2921589689 0.2373791622 0.0923737916 0.0794844253
1 0.4226638024 0.2717508056 0.0698174006 0.1074113856
1 0.4924812030 0.2685284640 0.0870032223 0.1095596133
5 0.6509129968 0.2470461869 0.1482277121 0.1245972073
5 0.8012889366 0.2352309345 0.0859291085 0.1224489796
6 0.9812030075 0.2722878625 0.0375939850 0.0891514501
1 0.0397422127 0.3007518797 0.0794844253 0.0751879699
7 0.1680988185 0.3071965628 0.0719656284 0.0537056928
7 0.2975295381 0.3125671321 0.0859291085 0.0773361976
1 0.6203007519 0.3635875403 0.0848549946 0.1020408163
6 0.8410311493 0.3361976369 0.1697099893 0.0816326531
6 0.9758324382 0.3603651987 0.0483351235 0.0891514501
1 0.0247046187 0.3984962406 0.0494092374 0.1288936627
1 0.1783029001 0.3748657358 0.0837808808 0.0708915145
7 0.3050483351 0.3818474758 0.0751879699 0.0676691729
1 0.4274973147 0.3700322234 0.0622986037 0.0977443609
1 0.4940923738 0.3716433942 0.0816326531 0.1031149302
6 0.8356605800 0.4140708915 0.1654135338 0.0805585392
7 0.0279269603 0.5021482277 0.0558539205 0.0719656284
1 0.1863587540 0.4414607948 0.0827067669 0.0665950591
1 0.3152524168 0.4500537057 0.0977443609 0.0751879699
1 0.4344790548 0.4548872180 0.0633727175 0.0827067669
1 0.4994629431 0.4597207304 0.0751879699 0.0837808808
1 0.6224489796 0.4602577873 0.0827067669 0.0934479055
1 0.7851772288 0.4989258861 0.0859291085 0.0827067669
6 0.9704618690 0.4473684211 0.0590762621 0.0848549946
1 0.1992481203 0.5128893663 0.0827067669 0.0784103115
1 0.3265306122 0.5187969925 0.0880773362 0.0665950591
1 0.4430719656 0.5392051557 0.0633727175 0.0773361976
1 0.5010741139 0.5435016112 0.0612244898 0.0773361976
1 0.6224489796 0.5467239527 0.0784103115 0.0773361976
1 0.9661654135 0.5300751880 0.0676691729 0.0827067669
7 0.0477980666 0.5789473684 0.0526315789 0.0687432868
1 0.2110633727 0.5864661654 0.0891514501 0.0794844253
1 0.3324382385 0.5891514501 0.0891514501 0.0827067669
1 0.4457572503 0.6079484425 0.0558539205 0.0687432868
1 0.5021482277 0.6197636950 0.0612244898 0.0730397422
1 0.6208378088 0.6229860365 0.0751879699 0.0730397422
1 0.7830290011 0.5853920516 0.0816326531 0.0773361976
1 0.9624060150 0.6063372718 0.0751879699 0.0741138561
1 0.7792696026 0.6595059076 0.0848549946 0.0730397422
1 0.9564983888 0.6820622986 0.0870032223 0.0816326531
