7 0.7553030303 0.0219696970 0.0893939394 0.0439393939
7 0.8424242424 0.0181818182 0.0878787879 0.0363636364
6 0.2810606061 0.0378787879 0.2439393939 0.0757575758
1 0.6121212121 0.0613636364 0.1484848485 0.1227272727
1 0.0674242424 0.0977272727 0.1348484848 0.1439393939
1 0.4765151515 0.0712121212 0.1287878788 0.1424242424
3 0.7560606061 0.1318181818 0.0909090909 0.1909090909
3 0.8462121212 0.1242424242 0.0924242424 0.1969696970
6 0.2386363636 0.2098484848 0.1803030303 0.3015151515
7 0.5401515152 0.2136363636 0.2651515152 0.1848484848
1 0.0848484848 0.2583333333 0.1121212121 0.1227272727
7 0.8204545455 0.2848484848 0.2257575758 0.1666666667
1 0.0893939394 0.3825757576 0.1060606061 0.1227272727
7 0.4719696970 0.3954545455 0.1136363636 0.2000000000
7 0.5962121212 0.3954545455 0.1257575758 0.1969696970
1 0.0871212121 0.5075757576 0.1015151515 0.1212121212
6 0.2409090909 0.5060606061 0.1787878788 0.2848484848
7 0.8553030303 0.4386363636 0.2893939394 0.1560606061
1 0.0878787879 0.6280303030 0.1000000000 0.1257575758
7 0.4606060606 0.5825757576 0.1090909091 0.1590909091
7 0.5765151515 0.5833333333 0.1378787879 0.1757575758
0 0.8431818182 0.5757575758 0.2712121212 0.1333333333
0 0.8530303030 0.7196969697 0.2939393939 0.1454545455
1 0.0818181818 0.7606060606 0.0969696970 0.1333333333
6 0.2386363636 0.7939393939 0.1772727273 0.2969696970
7 0.4583333333 0.7416666667 0.1045454545 0.1590909091
7 0.5674242424 0.7553030303 0.1257575758 0.1651515152
1 0.0772727273 0.8969696970 0.1151515152 0.1272727273
7 0.5462121212 0.9143939394 0.2681818182 0.1227272727
0 0.8553030303 0.8696969697 0.2893939394 0.1666666667
1 0.2181818182 0.9674242424 0.1303030303 0.0651515152
1 0.0787878788 0.9848484848 0.1090909091 0.0303030303
7 0.5446969697 0.9863636364 0.2651515152 0.0272727273
0 0.8409090909 0.9712121212 0.2696969697 0.0575757576
