1 0.2385245902 0.0540983607 0.2770491803 0.1081967213
1 0.6122950820 0.0516393443 0.2147540984 0.1032786885
1 0.9139344262 0.0524590164 0.1295081967 0.1049180328
1 0.9959016393 0.0409836066 0.0081967213 0.0819672131
1 0.2655737705 0.1508196721 0.2459016393 0.1409836066
1 0.6360655738 0.1729508197 0.2327868852 0.1393442623
1 0.9155737705 0.1729508197 0.1295081967 0.1360655738
1 0.9893442623 0.1565573770 0.0213114754 0.1393442623
1 0.2909836066 0.2778688525 0.2540983607 0.1262295082
1 0.9237704918 0.3049180328 0.1163934426 0.1442622951
1 0.9885245902 0.3040983607 0.0229508197 0.1426229508
1 0.6516393443 0.3180327869 0.2180327869 0.1278688525
8 0.3139344262 0.4319672131 0.2311475410 0.1950819672
1 0.6762295082 0.4377049180 0.2147540984 0.1114754098
1 0.9180327869 0.4500000000 0.1081967213 0.1327868852
1 0.9836065574 0.4524590164 0.0327868852 0.1344262295
8 0.0557377049 0.5295081967 0.1114754098 0.2000000000
8 0.3532786885 0.5836065574 0.1918032787 0.1049180328
1 0.6893442623 0.5565573770 0.1950819672 0.1098360656
1 0.9459016393 0.5836065574 0.1016393443 0.1344262295
