1 0.0151515152 0.0483682984 0.0303030303 0.0967365967
1 0.0489510490 0.0501165501 0.0536130536 0.1002331002
1 0.1235431235 0.0518648019 0.1118881119 0.1037296037
1 0.2266899767 0.0536130536 0.1060606061 0.1072261072
1 0.3053613054 0.0547785548 0.0442890443 0.1095571096
1 0.0168997669 0.1497668998 0.0337995338 0.1083916084
1 0.0506993007 0.1503496503 0.0547785548 0.1072261072
1 0.0961538462 0.1526806527 0.0524475524 0.1048951049
1 0.1427738928 0.1526806527 0.0547785548 0.1048951049
1 0.1905594406 0.1550116550 0.0524475524 0.1072261072
1 0.2634032634 0.1579254079 0.1048951049 0.1060606061
1 0.0285547786 0.2447552448 0.0571095571 0.0606060606
1 0.0833333333 0.2523310023 0.0501165501 0.0524475524
1 0.1404428904 0.2523310023 0.0687645688 0.0571095571
1 0.2086247086 0.2540792541 0.0675990676 0.0512820513
1 0.2750582751 0.2529137529 0.0652680653 0.0536130536
3 0.3199300699 0.2529137529 0.0244755245 0.0372960373
1 0.0297202797 0.3047785548 0.0594405594 0.0594405594
1 0.0874125874 0.3071095571 0.0582750583 0.0594405594
1 0.1427738928 0.3076923077 0.0594405594 0.0559440559
3 0.3199300699 0.2878787879 0.0268065268 0.0349650350
1 0.2727272727 0.2913752914 0.0675990676 0.0279720280
3 0.3205128205 0.3228438228 0.0303030303 0.0349650350
1 0.0745920746 0.4230769231 0.0606060606 0.0652680653
1 0.0460372960 0.3682983683 0.0687645688 0.0466200466
1 0.1322843823 0.4259906760 0.0547785548 0.0641025641
1 0.1148018648 0.3706293706 0.0664335664 0.0466200466
1 0.1864801865 0.4230769231 0.0559440559 0.0722610723
1 0.2406759907 0.4364801865 0.0571095571 0.1060606061
1 0.3030303030 0.4090909091 0.0699300699 0.0536130536
1 0.0477855478 0.5355477855 0.0675990676 0.0757575758
1 0.1713286713 0.5390442890 0.0629370629 0.0710955711
1 0.1095571096 0.5372960373 0.0675990676 0.0745920746
1 0.2296037296 0.5396270396 0.0559440559 0.0722610723
1 0.3030303030 0.4644522145 0.0699300699 0.0617715618
1 0.2832167832 0.5559440559 0.0582750583 0.1025641026
1 0.1759906760 0.6474358974 0.0652680653 0.0594405594
1 0.1159673660 0.6421911422 0.0547785548 0.0512820513
1 0.3117715618 0.6486013986 0.0571095571 0.0594405594
1 0.0559440559 0.6643356643 0.0536130536 0.0466200466
1 0.1083916084 0.6934731935 0.0466200466 0.0512820513
1 0.0536130536 0.7097902098 0.0536130536 0.0419580420
1 0.1066433566 0.7505827506 0.0501165501 0.0582750583
1 0.1754079254 0.7290209790 0.0920745921 0.1060606061
2 0.2494172494 0.6987179487 0.0722610723 0.1573426573
2 0.3111888112 0.7301864802 0.0559440559 0.1083916084
1 0.0536130536 0.7564102564 0.0559440559 0.0442890443
8 0.0961538462 0.8333333333 0.0477855478 0.0745920746
8 0.1707459207 0.8327505828 0.0501165501 0.0734265734
8 0.2546620047 0.8321678322 0.0571095571 0.0699300699
7 0.8531468531 0.7948717949 0.0512820513 0.0349650350
7 0.9131701632 0.8228438228 0.0547785548 0.0349650350
7 0.9545454545 0.8205128205 0.0256410256 0.0303030303
1 0.2062937063 0.2913752914 0.0675990676 0.0256410256
