7 0.7896781354 0.0632630411 0.0654827969 0.1265260821
7 0.8534961154 0.0604883463 0.0643729190 0.1209766926
6 0.4422863485 0.0954495006 0.1786903441 0.1087680355
1 0.6847946726 0.1193118757 0.1087680355 0.1298557159
1 0.2508324084 0.1659267481 0.1687014428 0.1054384018
1 0.5854605993 0.1337402886 0.0943396226 0.1298557159
3 0.7902330744 0.1908990011 0.0665926748 0.1398446171
3 0.8562708102 0.1853496115 0.0677025527 0.1442841287
1 0.0754716981 0.2430632630 0.1487236404 0.0976692564
6 0.4112097669 0.2480577137 0.1320754717 0.2208657048
7 0.6320754717 0.2508324084 0.1942286349 0.1354051054
1 0.0771365150 0.3340732519 0.1542730300 0.0887902331
1 0.2985571587 0.2835738069 0.0821309656 0.0899001110
7 0.8374028857 0.3029966704 0.1653718091 0.1220865705
1 0.3018867925 0.3745837958 0.0776914539 0.0899001110
7 0.5821309656 0.3840177580 0.0832408435 0.1465038846
7 0.6731409545 0.3840177580 0.0921198668 0.1442841287
1 0.0693673696 0.4284128746 0.1387347392 0.1021087680
1 0.3002219756 0.4661487236 0.0743618202 0.0887902331
6 0.4128745838 0.4650388457 0.1309655938 0.2086570477
7 0.8634850166 0.4156492786 0.2130965594 0.1143174251
1 0.0749167592 0.5299667037 0.1498335183 0.1032186459
1 0.3007769145 0.5543840178 0.0732519423 0.0921198668
7 0.5738068812 0.5210876804 0.0799112098 0.1165371809
7 0.6587125416 0.5216426193 0.1009988901 0.1287458380
0 0.8540510544 0.5160932297 0.1986681465 0.0976692564
0 0.8618201998 0.6215316315 0.2164261931 0.1065482797
1 0.0771365150 0.6370699223 0.1542730300 0.1065482797
1 0.2963374029 0.6514983352 0.0710321865 0.0976692564
6 0.4112097669 0.6759156493 0.1298557159 0.2175360710
7 0.5721420644 0.6376248613 0.0765815760 0.1165371809
7 0.6520532741 0.6476137625 0.0921198668 0.1209766926
1 0.0765815760 0.7430632630 0.1531631521 0.1054384018
1 0.2930077691 0.7513873474 0.0843507214 0.0932297447
7 0.6365149834 0.7641509434 0.1964483907 0.0899001110
0 0.8651498335 0.7314095450 0.2164261931 0.1220865705
1 0.3962264151 0.8274139845 0.0954495006 0.0965593785
1 0.0754716981 0.8501664817 0.1509433962 0.1220865705
1 0.2941176471 0.8540510544 0.0799112098 0.0987791343
1 0.3973362930 0.8906770255 0.0976692564 0.0432852386
7 0.6354051054 0.8573806881 0.1942286349 0.1009988901
0 0.8523862375 0.8462819090 0.1975582686 0.1231964484
0 0.8518312986 0.9500554939 0.2075471698 0.0998890122
