3 0.2231543624 0.6711409396 0.1241610738 0.1644295302
1 0.8020134228 0.6468120805 0.1979865772 0.0956375839
1 0.9656040268 0.6208053691 0.0687919463 0.1174496644
3 0.3296979866 0.6895973154 0.1291946309 0.2214765101
1 0.4823825503 0.7231543624 0.2332214765 0.2114093960
1 0.6560402685 0.7072147651 0.0838926174 0.1761744966
1 0.8087248322 0.7281879195 0.1946308725 0.0906040268
1 0.9739932886 0.7348993289 0.0520134228 0.1073825503
1 0.3204697987 0.8271812081 0.1778523490 0.1577181208
1 0.8171140940 0.8724832215 0.1879194631 0.0838926174
1 0.8078859060 0.7994966443 0.1963087248 0.0889261745
1 0.9756711409 0.8422818792 0.0486577181 0.1040268456
1 0.5201342282 0.9060402685 0.2181208054 0.1879194631
1 0.8204697987 0.9488255034 0.1879194631 0.0889261745
1 0.9781879195 0.9345637584 0.0436241611 0.0939597315
1 0.5310402685 0.9941275168 0.2130872483 0.0117449664
1 0.7340604027 0.9949664430 0.0755033557 0.0100671141
3 0.8380872483 0.9840604027 0.1359060403 0.0318791946
1 0.9689597315 0.9882550336 0.0620805369 0.0234899329
