1 0.2217573222 0.0781032078 0.0836820084 0.0474198047
1 0.4665271967 0.0488145049 0.1101813110 0.0976290098
1 0.5913528591 0.0453277545 0.1171548117 0.0906555091
1 0.7196652720 0.0369595537 0.1255230126 0.0739191074
5 0.9009762901 0.1234309623 0.1115760112 0.0850767085
5 0.9804741980 0.1192468619 0.0390516039 0.0934449093
5 0.9853556485 0.0327754533 0.0292887029 0.0655509066
1 0.2057182706 0.1847977685 0.0794979079 0.0850767085
1 0.3005578801 0.1806136681 0.1018131102 0.0878661088
1 0.4009762901 0.1708507671 0.1046025105 0.0850767085
1 0.5090655509 0.1631799163 0.1087866109 0.1032078103
1 0.6234309623 0.1464435146 0.1171548117 0.1004184100
1 0.6262203626 0.2426778243 0.1143654114 0.0920502092
1 0.7447698745 0.2405857741 0.1227336123 0.1073919107
1 0.7440725244 0.1380753138 0.1185495119 0.1004184100
5 0.9051603905 0.2231520223 0.1171548117 0.1004184100
5 0.9818688982 0.2154811715 0.0362622036 0.0878661088
1 0.2022315202 0.2698744770 0.0836820084 0.0822873082
1 0.3054393305 0.2663877266 0.1004184100 0.0836820084
1 0.4044630404 0.2573221757 0.1032078103 0.0878661088
1 0.5139470014 0.2635983264 0.1101813110 0.1032078103
1 0.0822873082 0.4093444909 0.0641562064 0.0794979079
1 0.1680613668 0.4093444909 0.0767085077 0.0878661088
1 0.2615062762 0.4009762901 0.0906555091 0.0934449093
1 0.3563458856 0.4818688982 0.0878661088 0.0906555091
1 0.3528591353 0.3926080893 0.0836820084 0.0934449093
1 0.4470013947 0.4783821478 0.0962343096 0.0892608089
1 0.4490934449 0.3863319386 0.0948396095 0.0976290098
1 0.5439330544 0.4728033473 0.1032078103 0.0920502092
1 0.5467224547 0.3821478382 0.0920502092 0.0976290098
1 0.6506276151 0.4714086471 0.1073919107 0.0976290098
1 0.6478382148 0.3751743375 0.1046025105 0.0976290098
1 0.7587168759 0.4679218968 0.1115760112 0.0990237099
1 0.7573221757 0.3695955370 0.1087866109 0.1032078103
5 0.9065550907 0.3675034868 0.1255230126 0.0934449093
5 0.9114365411 0.4609483961 0.1269177127 0.0990237099
5 0.9895397490 0.4658298466 0.0209205021 0.1004184100
5 0.9874476987 0.3668061367 0.0251046025 0.0976290098
1 0.0857740586 0.4944211994 0.0767085077 0.0850767085
1 0.1764295676 0.4937238494 0.0794979079 0.0808926081
1 0.2642956764 0.4888423989 0.0878661088 0.0878661088
5 0.9672245467 0.5767085077 0.0655509066 0.0543933054
1 0.0223152022 0.6101813110 0.0446304045 0.0822873082
1 0.0209205021 0.6959553696 0.0418410042 0.0864714086
1 0.0829846583 0.6073919107 0.0906555091 0.0850767085
1 0.0850767085 0.6924686192 0.0920502092 0.0878661088
1 0.1799163180 0.6059972106 0.0920502092 0.0850767085
1 0.1757322176 0.6938633194 0.0864714086 0.0878661088
1 0.2677824268 0.6052998605 0.0864714086 0.0864714086
1 0.2691771269 0.6966527197 0.0920502092 0.0906555091
1 0.3640167364 0.6018131102 0.0920502092 0.0906555091
1 0.3612273361 0.6924686192 0.0948396095 0.0934449093
1 0.4637377964 0.6018131102 0.0962343096 0.0934449093
1 0.4588563459 0.6973500697 0.0948396095 0.1004184100
1 0.5578800558 0.6994421199 0.0976290098 0.1018131102
1 0.5599721060 0.6032078103 0.0962343096 0.0934449093
1 0.6638772664 0.7043235704 0.1004184100 0.0976290098
1 0.6596931660 0.6052998605 0.1032078103 0.1004184100
1 0.7663877266 0.6052998605 0.1046025105 0.1004184100
1 0.7677824268 0.7078103208 0.1073919107 0.1018131102
5 0.8947001395 0.6129707113 0.0767085077 0.1297071130
5 0.9693165969 0.7140864714 0.0613668061 0.0753138075
5 0.9679218968 0.6415620642 0.0641562064 0.0641562064
3 0.7384937238 0.8214783821 0.0683403068 0.0641562064
3 0.8082287308 0.8263598326 0.0794979079 0.0683403068
1 0.0509065551 0.8702928870 0.1018131102 0.1952580195
8 0.1638772664 0.8821478382 0.1129707113 0.2161785216
8 0.2921896792 0.8716875872 0.1269177127 0.1924686192
1 0.4616457462 0.8654114365 0.0753138075 0.1687587169
1 0.3919107392 0.8612273361 0.0697350070 0.1659693166
1 0.5313807531 0.8682008368 0.0753138075 0.1743375174
1 0.6080892608 0.8702928870 0.0808926081 0.1757322176
3 0.7440725244 0.8870292887 0.0683403068 0.0697350070
3 0.6771269177 0.8514644351 0.0683403068 0.1297071130
3 0.8138075314 0.8912133891 0.0739191074 0.0697350070
5 0.9191073919 0.8584379358 0.0641562064 0.1073919107
5 0.9539748954 0.9428172943 0.0920502092 0.0529986053
5 0.9769874477 0.8584379358 0.0460251046 0.1073919107
