4 0.1366498741 0.0270780856 0.0390428212 0.0541561713
4 0.1700251889 0.0226700252 0.0428211587 0.0453400504
4 0.2109571788 0.0188916877 0.0516372796 0.0377833753
4 0.2607052897 0.0119647355 0.0453400504 0.0239294710
4 0.2991183879 0.0094458438 0.0465994962 0.0188916877
1 0.4748110831 0.0944584383 0.0906801008 0.1687657431
1 0.5585642317 0.0856423174 0.0894206549 0.1712846348
1 0.6555415617 0.0717884131 0.1095717884 0.1435768262
7 0.1775818640 0.1807304786 0.0302267003 0.0566750630
7 0.2342569270 0.1290931990 0.0251889169 0.0717884131
7 0.2374055416 0.1832493703 0.0138539043 0.0440806045
7 0.2065491184 0.1599496222 0.0377833753 0.0327455919
1 0.2978589421 0.1473551637 0.0491183879 0.1410579345
1 0.3992443325 0.1209068010 0.0780856423 0.1612090680
1 0.3400503778 0.1335012594 0.0503778338 0.1536523929
1 0.1505037783 0.2802267003 0.0516372796 0.0642317380
1 0.2008816121 0.2739294710 0.0516372796 0.0617128463
1 0.3249370277 0.2506297229 0.0730478589 0.0780856423
1 0.2544080605 0.2632241814 0.0629722922 0.0806045340
1 0.3935768262 0.3154911839 0.0743073048 0.0869017632
1 0.4653652393 0.3123425693 0.0743073048 0.0906801008
1 0.4653652393 0.2323677582 0.0717884131 0.0843828715
1 0.5421914358 0.3047858942 0.0793450882 0.0856423174
1 0.5415617128 0.2210327456 0.0831234257 0.0843828715
1 0.6448362720 0.2537783375 0.1360201511 0.1801007557
1 0.1492443325 0.3438287154 0.0415617128 0.0629722922
1 0.1952141058 0.3381612091 0.0428211587 0.0692695214
1 0.2575566751 0.3337531486 0.0591939547 0.0831234257
1 0.3224181360 0.3230478589 0.0755667506 0.0768261965
1 0.6303526448 0.4263224181 0.0642317380 0.1574307305
1 0.6945843829 0.4219143577 0.0692695214 0.1586901763
1 0.1442065491 0.4496221662 0.0365239295 0.1133501259
1 0.1826196474 0.4452141058 0.0428211587 0.1171284635
1 0.2178841310 0.4483627204 0.0403022670 0.1209068010
1 0.2940806045 0.4426952141 0.0491183879 0.1272040302
1 0.2569269521 0.4471032746 0.0403022670 0.1183879093
1 0.3400503778 0.4357682620 0.0478589421 0.1335012594
1 0.3822418136 0.4332493703 0.0491183879 0.1335012594
1 0.4452141058 0.4301007557 0.0541561713 0.1397984887
1 0.5037783375 0.4282115869 0.0654911839 0.1309823678
1 0.5724181360 0.4288413098 0.0617128463 0.1523929471
7 0.1284634761 0.5919395466 0.0755667506 0.1209068010
7 0.2292191436 0.5913098237 0.0604534005 0.1221662469
1 0.2959697733 0.5900503778 0.0806045340 0.1120906801
1 0.3986146096 0.6083123426 0.1221662469 0.1511335013
1 0.5232997481 0.6215365239 0.1322418136 0.1624685139
1 0.6511335013 0.6209068010 0.0629722922 0.1586901763
7 0.1209068010 0.7399244332 0.0780856423 0.1322418136
0 0.2575566751 0.7695214106 0.0617128463 0.1536523929
0 0.3639798489 0.7877833753 0.0906801008 0.1624685139
0 0.4659949622 0.8085642317 0.1234256927 0.1889168766
0 0.5976070529 0.8255667506 0.0994962217 0.1801007557
0 0.7008816121 0.8375314861 0.1146095718 0.1863979849
0 0.1196473552 0.9370277078 0.0428211587 0.0806045340
0 0.1215365239 0.8690176322 0.0541561713 0.0856423174
0 0.1769521411 0.8872795970 0.0617128463 0.0869017632
0 0.1738035264 0.9590680101 0.0579345088 0.0818639798
0 0.3003778338 0.9351385390 0.0692695214 0.1297229219
0 0.3658690176 0.9420654912 0.0717884131 0.1158690176
0 0.4395465995 0.9502518892 0.0831234257 0.0994962217
0 0.5107052897 0.9653652393 0.0843828715 0.0692695214
0 0.5931989924 0.9691435768 0.0831234257 0.0617128463
0 0.6681360202 0.9842569270 0.0566750630 0.0314861461
