0 0.0189333333 0.0040000000 0.0378666667 0.0080000000
0 0.2317333333 0.0210666667 0.1722666667 0.0421333333
0 0.6997333333 0.0090666667 0.1333333333 0.0181333333
0 0.0205333333 0.0589333333 0.0410666667 0.1072000000
0 0.2029333333 0.0856000000 0.1136000000 0.1114666667
0 0.5224000000 0.0330666667 0.0741333333 0.0661333333
0 0.7426666667 0.0621333333 0.0592000000 0.0986666667
0 0.6800000000 0.0581333333 0.0768000000 0.0970666667
7 0.9690666667 0.0906666667 0.0618666667 0.0672000000
0 0.9669333333 0.0301333333 0.0661333333 0.0602666667
0 0.0221333333 0.1594666667 0.0442666667 0.1002666667
5 0.2389333333 0.1797333333 0.1664000000 0.0949333333
6 0.4930666667 0.0968000000 0.1381333333 0.0656000000
6 0.4912000000 0.1645333333 0.1365333333 0.0688000000
0 0.6682666667 0.1501333333 0.0810666667 0.0933333333
0 0.7352000000 0.1530666667 0.0656000000 0.0928000000
7 0.8773333333 0.0965333333 0.0928000000 0.0821333333
7 0.8741333333 0.1568000000 0.0896000000 0.0778666667
7 0.9672000000 0.1522666667 0.0656000000 0.0656000000
6 0.4901333333 0.2306666667 0.1365333333 0.0677333333
7 0.7032000000 0.2256000000 0.1264000000 0.0629333333
7 0.8706666667 0.2162666667 0.0869333333 0.0730666667
7 0.9645333333 0.2725333333 0.0709333333 0.0650666667
7 0.9664000000 0.2101333333 0.0672000000 0.0650666667
5 0.0216000000 0.3541333333 0.0432000000 0.1066666667
4 0.2413333333 0.3413333333 0.1626666667 0.0672000000
4 0.4941333333 0.2938666667 0.1264000000 0.0672000000
4 0.4877333333 0.3624000000 0.1392000000 0.0773333333
7 0.7026666667 0.2864000000 0.1232000000 0.0640000000
7 0.7010666667 0.3474666667 0.1178666667 0.0613333333
7 0.8677333333 0.3354666667 0.0896000000 0.0629333333
7 0.8688000000 0.2738666667 0.0874666667 0.0677333333
7 0.9642666667 0.3336000000 0.0714666667 0.0666666667
5 0.0224000000 0.4530666667 0.0448000000 0.1061333333
4 0.2416000000 0.4040000000 0.1610666667 0.0709333333
4 0.4845333333 0.4293333333 0.1296000000 0.0576000000
7 0.7008000000 0.4056000000 0.1216000000 0.0634666667
7 0.8658666667 0.3954666667 0.0880000000 0.0666666667
7 0.8642666667 0.4528000000 0.0837333333 0.0725333333
7 0.9640000000 0.4517333333 0.0720000000 0.0661333333
7 0.9632000000 0.3920000000 0.0736000000 0.0650666667
4 0.0224000000 0.5410666667 0.0448000000 0.0869333333
4 0.2418666667 0.5325333333 0.1584000000 0.0560000000
4 0.2405333333 0.4690666667 0.1653333333 0.0677333333
4 0.4877333333 0.4938666667 0.1349333333 0.0853333333
7 0.6965333333 0.5213333333 0.1226666667 0.0645333333
7 0.6965333333 0.4642666667 0.1205333333 0.0613333333
1 0.9637333333 0.5104000000 0.0725333333 0.0650666667
4 0.0253333333 0.6154666667 0.0506666667 0.0885333333
7 0.2437333333 0.5946666667 0.1546666667 0.0757333333
1 0.4986666667 0.5888000000 0.1034666667 0.1141333333
7 0.6949333333 0.5773333333 0.1205333333 0.0677333333
1 0.6949333333 0.6368000000 0.1162666667 0.0693333333
1 0.9632000000 0.5674666667 0.0736000000 0.0672000000
1 0.9621333333 0.6240000000 0.0757333333 0.0693333333
7 0.0237333333 0.6914666667 0.0474666667 0.0890666667
7 0.2432000000 0.6653333333 0.1504000000 0.0762666667
1 0.4845333333 0.6765333333 0.1296000000 0.0752000000
1 0.6944000000 0.6954666667 0.1120000000 0.0672000000
1 0.9584000000 0.6824000000 0.0832000000 0.0656000000
7 0.0253333333 0.7624000000 0.0506666667 0.0794666667
7 0.2424000000 0.7637333333 0.1584000000 0.1472000000
1 0.4848000000 0.7352000000 0.1312000000 0.0741333333
1 0.4834666667 0.7933333333 0.1306666667 0.0773333333
1 0.6944000000 0.8104000000 0.1120000000 0.0752000000
1 0.6938666667 0.7536000000 0.1088000000 0.0746666667
1 0.9538666667 0.7957333333 0.0922666667 0.0672000000
1 0.9589333333 0.7394666667 0.0821333333 0.0720000000
7 0.0237333333 0.8298666667 0.0474666667 0.0682666667
0 0.2314666667 0.8704000000 0.1717333333 0.0970666667
1 0.4837333333 0.8514666667 0.1301333333 0.0826666667
1 0.4842666667 0.9082666667 0.1312000000 0.0853333333
1 0.6928000000 0.8688000000 0.1205333333 0.0757333333
1 0.9533333333 0.8482666667 0.0933333333 0.0688000000
7 0.0290666667 0.9261333333 0.0581333333 0.1306666667
0 0.2333333333 0.9410666667 0.1754666667 0.0986666667
1 0.6938666667 0.9448000000 0.1205333333 0.1104000000
1 0.9530666667 0.9365333333 0.0938666667 0.1269333333
0 0.2320000000 0.9816000000 0.1770666667 0.0368000000
1 0.4802666667 0.9674666667 0.1296000000 0.0650666667
