7 0.9637345679 0.0069444444 0.0725308642 0.0138888889
1 0.1450617284 0.1466049383 0.1080246914 0.1018518519
1 0.1404320988 0.0740740741 0.1172839506 0.0462962963
1 0.2569444444 0.1118827160 0.0941358025 0.1095679012
1 0.5077160494 0.0949074074 0.1851851852 0.1188271605
7 0.9621913580 0.0655864198 0.0756172840 0.1311728395
1 0.2847222222 0.2229938272 0.0478395062 0.1064814815
1 0.5169753086 0.2276234568 0.1975308642 0.1219135802
7 0.8557098765 0.2314814815 0.0879629630 0.1018518519
6 0.1327160494 0.3101851852 0.1512345679 0.2314814815
1 0.5146604938 0.3464506173 0.1898148148 0.1250000000
7 0.9544753086 0.3433641975 0.0910493827 0.2484567901
1 0.2569444444 0.4320987654 0.0848765432 0.0987654321
7 0.8233024691 0.3996913580 0.1064814815 0.0864197531
6 0.1381172840 0.5401234568 0.1558641975 0.2283950617
1 0.2631172840 0.5308641975 0.0910493827 0.1018518519
1 0.5077160494 0.4675925926 0.1728395062 0.1141975309
1 0.2677469136 0.6304012346 0.0972222222 0.1033950617
1 0.5370370370 0.5794753086 0.1820987654 0.1157407407
7 0.8626543210 0.5486111111 0.2067901235 0.2268518519
1 0.2723765432 0.7337962963 0.0941358025 0.1033950617
1 0.5208333333 0.6805555556 0.1898148148 0.1049382716
6 0.1450617284 0.7731481481 0.1574074074 0.2407407407
1 0.5293209877 0.8078703704 0.1790123457 0.1064814815
1 0.0046296296 0.9050925926 0.0092592593 0.1342592593
1 0.3317901235 0.8672839506 0.1913580247 0.1203703704
6 0.1188271605 0.9429012346 0.2067901235 0.1141975309
