8 0.6977471840 0.0463078849 0.1063829787 0.0926157697
8 0.8172715895 0.0419274093 0.0901126408 0.0838548185
8 0.6789737171 0.1633291615 0.0638297872 0.1038798498
8 0.8128911139 0.1526908636 0.0838548185 0.0876095119
8 0.8986232791 0.1508135169 0.0775969962 0.0863579474
8 0.7108886108 0.2584480601 0.0500625782 0.0863579474
8 0.6670838548 0.2609511890 0.0400500626 0.0863579474
8 0.8135168961 0.2415519399 0.0876095119 0.0876095119
8 0.9117647059 0.2428035044 0.1163954944 0.0976220275
8 0.6752190238 0.3548185232 0.0563204005 0.0888610763
8 0.7296620776 0.3548185232 0.0525657071 0.0888610763
8 0.7972465582 0.3366708385 0.0500625782 0.0851063830
8 0.8466833542 0.3416770964 0.0513141427 0.0926157697
8 0.9599499374 0.3792240300 0.0600750939 0.0926157697
8 0.9023779725 0.3391739675 0.0600750939 0.0951188986
8 0.6777221527 0.4399249061 0.0513141427 0.0863579474
8 0.7284105131 0.4392991239 0.0575719650 0.0851063830
8 0.7953692115 0.4311639549 0.0463078849 0.1038798498
8 0.8454317897 0.4349186483 0.0513141427 0.0988735920
8 0.9011264080 0.4349186483 0.0575719650 0.0963704631
2 0.1257822278 0.5600750939 0.0813516896 0.0813516896
2 0.2158948686 0.5713391740 0.0513141427 0.1314142678
1 0.3235294118 0.5256570713 0.0387984981 0.0475594493
2 0.2634543179 0.5694618273 0.0488110138 0.1326658323
1 0.3529411765 0.6082603254 0.0926157697 0.0350438048
1 0.3548185232 0.5682102628 0.0938673342 0.0400500626
1 0.3604505632 0.5250312891 0.0375469337 0.0463078849
1 0.4555694618 0.5769712140 0.0675844806 0.0350438048
1 0.4549436796 0.5168961202 0.0738423029 0.0275344180
1 0.4536921151 0.5450563204 0.0738423029 0.0312891114
1 0.5775969962 0.5425531915 0.0563204005 0.0312891114
1 0.5744680851 0.5156445557 0.0625782228 0.0250312891
1 0.5707133917 0.5725907384 0.0725907384 0.0312891114
1 0.6758448060 0.5319148936 0.0475594493 0.0575719650
1 0.6733416771 0.5863579474 0.0425531915 0.0488110138
1 0.7177722153 0.5863579474 0.0438047559 0.0488110138
1 0.7227784731 0.5337922403 0.0488110138 0.0588235294
8 0.8241551940 0.5669586984 0.0938673342 0.1226533166
8 0.9443053817 0.5675844806 0.0813516896 0.1239048811
2 0.1239048811 0.6408010013 0.0851063830 0.0826032541
2 0.2158948686 0.7015018773 0.0538172716 0.1339173967
2 0.2647058824 0.7008760951 0.0488110138 0.1326658323
1 0.3529411765 0.6464330413 0.0951188986 0.0387984981
1 0.3498122653 0.6883604506 0.0913642053 0.0375469337
1 0.4555694618 0.7015018773 0.0675844806 0.0713391740
1 0.4549436796 0.6295369212 0.0713391740 0.0750938673
1 0.5613266583 0.7071339174 0.0337922403 0.0450563204
1 0.5581977472 0.6608260325 0.0450563204 0.0475594493
1 0.5563204005 0.6120150188 0.0413016270 0.0450563204
1 0.5988735920 0.6533166458 0.0387984981 0.0425531915
1 0.5976220275 0.7046307885 0.0387984981 0.0425531915
1 0.5963704631 0.6113892365 0.0463078849 0.0463078849
1 0.6758448060 0.6382978723 0.0450563204 0.0550688360
1 0.6977471840 0.6896120150 0.0888610763 0.0525657071
1 0.7190237797 0.6370463079 0.0438047559 0.0500625782
8 0.8247809762 0.6877346683 0.0926157697 0.1214017522
8 0.9436795995 0.6902377972 0.0801001252 0.1264080100
2 0.1264080100 0.8060075094 0.0851063830 0.0851063830
2 0.1264080100 0.7221526909 0.0851063830 0.0826032541
2 0.2346683354 0.7891113892 0.0888610763 0.0463078849
1 0.3479349186 0.7659574468 0.0926157697 0.0400500626
1 0.3504380476 0.7284105131 0.0926157697 0.0400500626
1 0.3498122653 0.8022528160 0.0938673342 0.0375469337
1 0.4549436796 0.7740926158 0.0738423029 0.0738423029
1 0.5575719650 0.7521902378 0.0413016270 0.0425531915
1 0.5594493116 0.7934918648 0.0425531915 0.0450563204
1 0.5963704631 0.7415519399 0.0413016270 0.0362953692
1 0.6001251564 0.7822277847 0.0413016270 0.0425531915
1 0.6971214018 0.7409261577 0.0851063830 0.0525657071
1 0.6983729662 0.7928660826 0.0851063830 0.0538172716
8 0.8272841051 0.8097622028 0.0976220275 0.1226533166
8 0.9461827284 0.8122653317 0.0801001252 0.1226533166
1 0.4586983730 0.8272841051 0.0688360451 0.0350438048
1 0.5588235294 0.8404255319 0.0413016270 0.0463078849
1 0.6007509387 0.8391739675 0.0475594493 0.0463078849
1 0.6977471840 0.8410513141 0.0813516896 0.0475594493
