1 0.2672811060 0.0552995392 0.1044546851 0.1105990783
1 0.4324116743 0.0568356375 0.0937019969 0.1136712750
1 0.3486943164 0.0568356375 0.0983102919 0.1136712750
1 0.5307219662 0.0576036866 0.1213517665 0.1152073733
1 0.6397849462 0.0568356375 0.1121351767 0.1136712750
1 0.7519201229 0.0568356375 0.1152073733 0.1136712750
1 0.8694316436 0.0537634409 0.1443932412 0.1075268817
7 0.9708141321 0.0529953917 0.0583717358 0.1059907834
7 0.9854070661 0.1574500768 0.0291858679 0.0844854071
1 0.3187403994 0.2880184332 0.1336405530 0.1827956989
1 0.4377880184 0.2872503840 0.1321044547 0.1720430108
1 0.5576036866 0.2872503840 0.1075268817 0.1566820276
1 0.7841781874 0.2196620584 0.1121351767 0.0829493088
1 0.7857142857 0.3110599078 0.1152073733 0.0844854071
7 0.9777265745 0.2396313364 0.0445468510 0.0921658986
1 0.3371735791 0.4224270353 0.1244239631 0.0921658986
1 0.4546850998 0.4162826421 0.1013824885 0.0829493088
1 0.5499231951 0.4247311828 0.0921658986 0.0752688172
1 0.6543778802 0.4155145929 0.1136712750 0.0998463902
1 0.7695852535 0.4147465438 0.1136712750 0.1075268817
7 0.9600614439 0.3886328725 0.0798771121 0.2150537634
1 0.3310291859 0.5199692780 0.1090629800 0.1090629800
1 0.4423963134 0.5192012289 0.1136712750 0.1167434716
1 0.5560675883 0.5176651306 0.1167434716 0.1136712750
1 0.6612903226 0.5153609831 0.1029185868 0.0998463902
1 0.7672811060 0.5153609831 0.1152073733 0.0998463902
7 0.9646697389 0.5944700461 0.0706605223 0.1351766513
1 0.3387096774 0.7450076805 0.1367127496 0.2211981567
1 0.4393241167 0.7442396313 0.1167434716 0.2227342550
1 0.5437788018 0.7434715822 0.1075268817 0.2304147465
1 0.6390168971 0.7350230415 0.1044546851 0.2258064516
1 0.7396313364 0.7288786482 0.0998463902 0.2135176651
1 0.8425499232 0.7258064516 0.1152073733 0.2043010753
7 0.9592933948 0.7480798771 0.0814132104 0.1321044547
2 0.3924731183 0.9278033794 0.1981566820 0.0737327189
2 0.4086021505 0.9823348694 0.1843317972 0.0353302611
2 0.5506912442 0.9608294931 0.1213517665 0.0783410138
2 0.6705069124 0.9608294931 0.1244239631 0.0783410138
1 0.7649769585 0.9708141321 0.0983102919 0.0583717358
1 0.8517665131 0.9562211982 0.0967741935 0.0875576037
1 0.6682027650 0.2834101382 0.0983102919 0.1551459293
