5 0.1294843049 0.0134529148 0.0728699552 0.0269058296
5 0.1978699552 0.0095291480 0.0616591928 0.0190582960
0 0.3761210762 0.0325112108 0.0683856502 0.0650224215
1 0.5067264574 0.0235426009 0.0605381166 0.0470852018
1 0.5667040359 0.0207399103 0.0594170404 0.0414798206
1 0.6283632287 0.0100896861 0.0639013453 0.0201793722
1 0.6911434978 0.0078475336 0.0683856502 0.0156950673
5 0.1373318386 0.0610986547 0.0392376682 0.0863228700
5 0.2258968610 0.0465246637 0.0347533632 0.0885650224
5 0.1900224215 0.0560538117 0.0414798206 0.0852017937
0 0.2684977578 0.0392376682 0.0549327354 0.0784753363
0 0.3183856502 0.0347533632 0.0493273543 0.0695067265
1 0.4439461883 0.0280269058 0.0627802691 0.0560538117
1 0.5543721973 0.1081838565 0.0683856502 0.0526905830
1 0.6221973094 0.0958520179 0.0672645740 0.0706278027
1 0.6872197309 0.0868834081 0.0650224215 0.0661434978
1 0.7516816143 0.0762331839 0.0594170404 0.0650224215
5 0.1485426009 0.1849775785 0.0302690583 0.0852017937
5 0.1109865471 0.1889013453 0.0336322870 0.0840807175
5 0.1827354260 0.1154708520 0.0403587444 0.0358744395
5 0.1838565022 0.1535874439 0.0448430493 0.0426008969
5 0.1866591928 0.2023542601 0.0392376682 0.0549327354
6 0.2371076233 0.1956278027 0.0526905830 0.0571748879
1 0.2931614350 0.1625560538 0.0616591928 0.1076233184
6 0.2343049327 0.1334080717 0.0605381166 0.0650224215
1 0.3565022422 0.1614349776 0.0695067265 0.1098654709
1 0.4215246637 0.1827354260 0.0515695067 0.0515695067
1 0.4826233184 0.1692825112 0.0751121076 0.0627802691
1 0.5538116592 0.1664798206 0.0717488789 0.0639013453
1 0.6121076233 0.1603139013 0.0515695067 0.0582959641
1 0.6832959641 0.1491031390 0.0661434978 0.0650224215
1 0.7326233184 0.2068385650 0.0706278027 0.0683856502
1 0.7471973094 0.1350896861 0.0571748879 0.0639013453
7 0.1406950673 0.2617713004 0.0639013453 0.0369955157
7 0.2017937220 0.2651345291 0.0582959641 0.0257847534
0 0.2522421525 0.2539237668 0.0448430493 0.0369955157
0 0.3082959641 0.2466367713 0.0650224215 0.0313901345
0 0.4187219731 0.2505605381 0.0392376682 0.0325112108
1 0.4686098655 0.3043721973 0.0627802691 0.1154708520
1 0.5818385650 0.2275784753 0.0672645740 0.0493273543
1 0.5891255605 0.2724215247 0.0594170404 0.0538116592
1 0.6608744395 0.2746636771 0.0751121076 0.0538116592
1 0.6591928251 0.2197309417 0.0807174888 0.0605381166
1 0.7382286996 0.2645739910 0.0751121076 0.0538116592
7 0.1423766816 0.3228699552 0.0650224215 0.0874439462
7 0.2012331839 0.3217488789 0.0571748879 0.0874439462
7 0.2045964126 0.4013452915 0.0437219731 0.0336322870
0 0.2500000000 0.3183856502 0.0515695067 0.0964125561
0 0.3105381166 0.3139013453 0.0717488789 0.1053811659
0 0.4142376682 0.3150224215 0.0459641256 0.0986547085
0 0.3727578475 0.3127802691 0.0504484305 0.1076233184
1 0.5857623318 0.3290358744 0.0639013453 0.0594170404
1 0.6541479821 0.3245515695 0.0639013453 0.0616591928
1 0.7348654709 0.3217488789 0.0706278027 0.0605381166
7 0.1474215247 0.4820627803 0.0280269058 0.0291479821
7 0.1289237668 0.4702914798 0.0224215247 0.0504484305
7 0.1519058296 0.4254484305 0.0257847534 0.0302690583
7 0.2152466368 0.4652466368 0.0246636771 0.0695067265
7 0.1922645740 0.4663677130 0.0257847534 0.0672645740
7 0.1720852018 0.4697309417 0.0190582960 0.0582959641
4 0.2707399103 0.4523542601 0.0526905830 0.1109865471
7 0.2359865471 0.4646860987 0.0213004484 0.0728699552
0 0.3335201794 0.4613228700 0.0773542601 0.0952914798
7 0.4125560538 0.4708520179 0.0829596413 0.0784753363
7 0.4719730942 0.4602017937 0.0426008969 0.1087443946
1 0.5577354260 0.4613228700 0.0437219731 0.1020179372
1 0.5151345291 0.4607623318 0.0392376682 0.1008968610
1 0.6423766816 0.4618834081 0.0470852018 0.1098654709
1 0.5997757848 0.4618834081 0.0448430493 0.1031390135
1 0.6939461883 0.4618834081 0.0538116592 0.1098654709
1 0.7466367713 0.4641255605 0.0538116592 0.1121076233
4 0.1423766816 0.5650224215 0.0403587444 0.1188340807
4 0.1709641256 0.5795964126 0.0369955157 0.1008968610
4 0.2034753363 0.5823991031 0.0325112108 0.0930493274
6 0.2729820628 0.5504484305 0.0616591928 0.0650224215
4 0.2303811659 0.5863228700 0.0325112108 0.0941704036
0 0.1306053812 0.6709641256 0.0526905830 0.0571748879
0 0.1765695067 0.6737668161 0.0504484305 0.0538116592
6 0.2713004484 0.6121076233 0.0582959641 0.0650224215
1 0.3413677130 0.6042600897 0.0818385650 0.0986547085
1 0.4304932735 0.6121076233 0.0896860987 0.1008968610
1 0.5162556054 0.6143497758 0.0952914798 0.1053811659
1 0.6149103139 0.6261210762 0.1042600897 0.1109865471
1 0.7191704036 0.6311659193 0.1042600897 0.1143497758
0 0.1289237668 0.7163677130 0.0470852018 0.0470852018
0 0.1647982063 0.7757847534 0.0426008969 0.0403587444
0 0.2202914798 0.7057174888 0.0482062780 0.0975336323
0 0.1720852018 0.7242152466 0.0482062780 0.0515695067
0 0.2729820628 0.7029147982 0.0571748879 0.1143497758
0 0.3256726457 0.7163677130 0.0616591928 0.1143497758
1 0.5067264574 0.7421524664 0.0964125561 0.1367713004
1 0.6104260090 0.7505605381 0.1020179372 0.1423766816
1 0.6939461883 0.7600896861 0.0605381166 0.1345291480
1 0.7539237668 0.7662556054 0.0639013453 0.1356502242
0 0.0807174888 0.8172645740 0.1121076233 0.0717488789
7 0.2393497758 0.8139013453 0.0526905830 0.0538116592
1 0.2595291480 0.8766816143 0.0952914798 0.0470852018
2 0.3189461883 0.8391255605 0.1177130045 0.0661434978
2 0.0896860987 0.8811659193 0.1748878924 0.0919282511
1 0.3206278027 0.8890134529 0.1008968610 0.0538116592
7 0.4019058296 0.9304932735 0.1513452915 0.0739910314
1 0.4843049327 0.9271300448 0.0448430493 0.0672645740
1 0.5381165919 0.9321748879 0.0560538117 0.0885650224
1 0.6429372197 0.9579596413 0.0549327354 0.0840807175
1 0.5902466368 0.9506726457 0.0549327354 0.0986547085
1 0.7012331839 0.9590807175 0.0571748879 0.0818385650
1 0.4921524664 0.9753363229 0.1098654709 0.0493273543
1 0.5504484305 0.9927130045 0.1143497758 0.0145739910
1 0.7578475336 0.9635650224 0.0493273543 0.0728699552
0 0.3806053812 0.7483183857 0.0549327354 0.0728699552
