1 0.2110332750 0.1313485114 0.2959719790 0.1856392294
1 0.6103327496 0.1287215412 0.2294220665 0.1803852890
1 0.9316987741 0.1313485114 0.1366024518 0.1786339755
1 0.2399299475 0.2697022767 0.2626970228 0.1506129597
1 0.6357267951 0.2933450088 0.2486865149 0.1488616462
1 0.9325744308 0.2933450088 0.1348511384 0.1453590193
1 0.2670753065 0.4054290718 0.2714535902 0.1348511384
1 0.9404553415 0.4343257443 0.1190893170 0.1541155867
1 0.6523642732 0.4483362522 0.2329246935 0.1366024518
8 0.2915936953 0.5700525394 0.2469352014 0.2084063047
1 0.6786339755 0.5761821366 0.2294220665 0.1190893170
1 0.9369527145 0.5893169877 0.1155866900 0.1418563923
1 0.9947460595 0.5919439580 0.0105078809 0.1436077058
8 0.0376532399 0.6742556918 0.0753064799 0.2136602452
8 0.3336252189 0.7320490368 0.2049036778 0.1120840630
1 0.6926444834 0.7031523643 0.2084063047 0.1173380035
1 0.9562171629 0.7320490368 0.0875656743 0.1436077058
