1 0.0715596330 0.0238532110 0.1431192661 0.0477064220
1 0.2486238532 0.0256880734 0.2183486239 0.0513761468
7 0.8330275229 0.0422018349 0.1174311927 0.0844036697
7 0.9394495413 0.0431192661 0.1211009174 0.0862385321
1 0.0073394495 0.2330275229 0.0146788991 0.1614678899
1 0.0532110092 0.2211009174 0.0844036697 0.1926605505
1 0.1357798165 0.2266055046 0.0844036697 0.1926605505
1 0.3073394495 0.2412844037 0.0862385321 0.1963302752
1 0.2192660550 0.2321100917 0.0862385321 0.1963302752
1 0.4532110092 0.2458715596 0.2055045872 0.1908256881
7 0.6559633028 0.2633027523 0.2036697248 0.2000000000
5 0.8477064220 0.2697247706 0.2165137615 0.2055045872
7 0.9697247706 0.2743119266 0.0605504587 0.2000000000
5 0.0660550459 0.4614678899 0.1064220183 0.1412844037
6 0.4422018349 0.4963302752 0.1834862385 0.1743119266
7 0.6247706422 0.5082568807 0.1926605505 0.1614678899
7 0.8091743119 0.5211009174 0.1981651376 0.1688073394
7 0.9467889908 0.5293577982 0.1064220183 0.1559633028
2 0.1192660550 0.7018348624 0.2348623853 0.1266055046
7 0.2862385321 0.6972477064 0.0954128440 0.1211009174
7 0.4229357798 0.7100917431 0.1486238532 0.1394495413
7 0.5788990826 0.7201834862 0.1743119266 0.1376146789
7 0.7311926606 0.7339449541 0.1266055046 0.1577981651
7 0.8844036697 0.7596330275 0.1100917431 0.1467889908
7 0.9623853211 0.7678899083 0.0752293578 0.1486238532
7 0.7972477064 0.9568807339 0.1155963303 0.0862385321
0 0.9064220183 0.9697247706 0.1321100917 0.0605504587
0 0.9798165138 0.9743119266 0.0403669725 0.0513761468
4 0.4146788991 0.0256880734 0.1211009174 0.0513761468
5 0.0091743119 0.4541284404 0.0183486239 0.1376146789
6 0.2238532110 0.4990825688 0.2201834862 0.0990825688
6 0.2275229358 0.4348623853 0.2348623853 0.0697247706
4 0.7302752294 0.0302752294 0.1064220183 0.0605504587
4 0.6385321101 0.0293577982 0.0990825688 0.0587155963
4 0.5376146789 0.0284403670 0.1247706422 0.0568807339
