5 0.0658409387 0.0189048240 0.1316818774 0.0378096480
5 0.7614080834 0.0071707953 0.1382007823 0.0143415906
5 0.2913950456 0.0625814863 0.1786179922 0.1251629726
5 0.4856584094 0.0475880052 0.1082138201 0.0951760104
5 0.7516297262 0.0795306389 0.1316818774 0.1538461538
5 0.8604954368 0.0821382008 0.1329856584 0.1486310300
5 0.0691003911 0.0867014342 0.1382007823 0.1421121252
5 0.5775749674 0.1655801825 0.1303780965 0.1642764016
1 0.0306388527 0.2190352021 0.0612777053 0.1303780965
1 0.1036505867 0.2151238592 0.1056062581 0.1329856584
5 0.2959582790 0.1890482399 0.1799217731 0.1512385919
5 0.4784876141 0.1747066493 0.1043024772 0.1486310300
6 0.7314211213 0.2196870926 0.1147327249 0.1082138201
6 0.8396349413 0.2164276402 0.1199478488 0.1095176010
1 0.2588005215 0.3305084746 0.1029986962 0.1238591917
6 0.5267275098 0.2972620600 0.2059973924 0.0990873533
6 0.7196870926 0.3265971317 0.1173402868 0.1082138201
6 0.8279009126 0.3246414602 0.1173402868 0.1095176010
1 0.0312907432 0.3383311604 0.0625814863 0.1186440678
1 0.1056062581 0.3402868318 0.0990873533 0.1251629726
6 0.5202086050 0.3917861799 0.2007822686 0.0977835724
1 0.0358539765 0.4413298566 0.0717079531 0.1003911343
1 0.1121251630 0.4471968709 0.0912646675 0.1016949153
1 0.2614080834 0.4478487614 0.1003911343 0.1134289439
1 0.4589308996 0.4947848761 0.1043024772 0.1003911343
6 0.7144719687 0.4322033898 0.1329856584 0.1029986962
1 0.0436766623 0.5436766623 0.0769230769 0.0938722295
1 0.1140808344 0.5488917862 0.0743155150 0.0938722295
1 0.2614080834 0.5528031291 0.0951760104 0.0938722295
1 0.6962190352 0.5325945241 0.1173402868 0.1003911343
1 0.0469361147 0.6271186441 0.0677966102 0.0834419817
1 0.1153846154 0.6414602347 0.0743155150 0.0886571056
1 0.2594524120 0.6453715776 0.0912646675 0.0886571056
1 0.4563233377 0.5997392438 0.0990873533 0.0938722295
1 0.6825293351 0.6251629726 0.1082138201 0.0899608866
1 0.4517601043 0.6897001304 0.1029986962 0.0886571056
1 0.6681877445 0.7170795306 0.1082138201 0.0990873533
