1 0.1732026144 0.0185185185 0.1067538126 0.0370370370
1 0.2690631808 0.0277777778 0.0936819172 0.0555555556
1 0.3578431373 0.0266884532 0.0773420479 0.0533769063
1 0.4340958606 0.0321350763 0.0816993464 0.0642701525
1 0.5059912854 0.0054466231 0.0729847495 0.0108932462
1 0.5081699346 0.0326797386 0.0686274510 0.0653594771
7 0.8714596950 0.0179738562 0.0435729847 0.0359477124
5 0.9123093682 0.0441176471 0.0555555556 0.0337690632
5 0.9139433551 0.0806100218 0.0522875817 0.0479302832
1 0.2685185185 0.1514161220 0.0795206972 0.0849673203
1 0.3523965142 0.1514161220 0.0925925926 0.0827886710
1 0.4406318083 0.1557734205 0.0816993464 0.0806100218
1 0.5130718954 0.1595860566 0.0631808279 0.0773420479
1 0.1781045752 0.2162309368 0.0882352941 0.0337690632
1 0.1737472767 0.2625272331 0.0838779956 0.0588235294
1 0.2717864924 0.2374727669 0.0947712418 0.0697167756
1 0.3485838780 0.2483660131 0.0653594771 0.0501089325
1 0.4204793028 0.2554466231 0.0827886710 0.0686274510
1 0.4929193900 0.2636165577 0.0664488017 0.0566448802
5 0.8687363834 0.2020697168 0.0577342048 0.0708061002
5 0.9215686275 0.2091503268 0.0610021786 0.0784313725
3 0.1857298475 0.3295206972 0.1100217865 0.0555555556
1 0.2832244009 0.3344226580 0.0893246187 0.0697167756
1 0.3769063181 0.3387799564 0.0871459695 0.0762527233
1 0.4471677560 0.3643790850 0.0664488017 0.1252723312
1 0.5550108932 0.3649237473 0.0577342048 0.1198257081
1 0.5038126362 0.3638344227 0.0577342048 0.1220043573
1 0.5947712418 0.3671023965 0.0435729847 0.1198257081
5 0.9095860566 0.3447712418 0.0588235294 0.1143790850
3 0.1541394336 0.4340958606 0.0599128540 0.0511982571
3 0.1851851852 0.3796296296 0.1111111111 0.0577342048
3 0.2096949891 0.4308278867 0.0533769063 0.0490196078
1 0.2821350763 0.4095860566 0.0936819172 0.0740740741
1 0.3687363834 0.4221132898 0.0860566449 0.0751633987
5 0.8235294118 0.5490196078 0.0566448802 0.0305010893
5 0.8387799564 0.4901960784 0.0239651416 0.0305010893
5 0.8981481481 0.5473856209 0.0511982571 0.0337690632
5 0.9074074074 0.4994553377 0.0413943355 0.0642701525
5 0.8725490196 0.5016339869 0.0413943355 0.0642701525
1 0.1672113290 0.5980392157 0.0795206972 0.1546840959
1 0.2407407407 0.5898692810 0.0697167756 0.1535947712
1 0.3039215686 0.5822440087 0.0718954248 0.1492374728
1 0.3676470588 0.5762527233 0.0664488017 0.1459694989
1 0.4629629630 0.5697167756 0.1372549020 0.1416122004
1 0.5855119826 0.5637254902 0.1296296296 0.1339869281
5 0.8306100218 0.6067538126 0.0577342048 0.0326797386
5 0.8099128540 0.5767973856 0.0250544662 0.0272331155
5 0.8371459695 0.5762527233 0.0294117647 0.0305010893
5 0.8807189542 0.5778867102 0.0272331155 0.0315904139
5 0.8562091503 0.5604575163 0.0108932462 0.0577342048
5 0.9144880174 0.5762527233 0.0272331155 0.0326797386
