1 0.0726744186 0.0210755814 0.1220930233 0.0421511628
1 0.2812500000 0.0036337209 0.0712209302 0.0072674419
1 0.2093023256 0.0363372093 0.0755813953 0.0726744186
1 0.2739825581 0.0363372093 0.0712209302 0.0726744186
1 0.3502906977 0.0058139535 0.0755813953 0.0116279070
1 0.3422965116 0.0465116279 0.0683139535 0.0726744186
1 0.4869186047 0.0312500000 0.0843023256 0.0625000000
1 0.6155523256 0.0297965116 0.0654069767 0.0595930233
1 0.5552325581 0.0312500000 0.0668604651 0.0625000000
1 0.8066860465 0.0167151163 0.1220930233 0.0334302326
1 0.9920058140 0.0123546512 0.0159883721 0.0247093023
1 0.0704941860 0.0639534884 0.1206395349 0.0639534884
1 0.0697674419 0.1170058140 0.1191860465 0.0595930233
1 0.2710755814 0.1191860465 0.0683139535 0.0784883721
1 0.3401162791 0.1235465116 0.0639534884 0.0813953488
1 0.4731104651 0.1039244186 0.0770348837 0.0799418605
1 0.5436046512 0.1061046512 0.0697674419 0.0813953488
1 0.6024709302 0.1010174419 0.0654069767 0.0886627907
1 0.7819767442 0.1402616279 0.1162790698 0.0654069767
1 0.7899709302 0.0719476744 0.1235465116 0.0741279070
1 0.9622093023 0.0588662791 0.0755813953 0.0770348837
1 0.9549418605 0.1315406977 0.0901162791 0.0799418605
1 0.0697674419 0.2194767442 0.1162790698 0.0494186047
1 0.0704941860 0.1693313953 0.1177325581 0.0537790698
1 0.2609011628 0.1991279070 0.0712209302 0.0813953488
1 0.3321220930 0.2034883721 0.0654069767 0.0813953488
1 0.5239825581 0.1795058140 0.0654069767 0.0712209302
1 0.4607558140 0.1780523256 0.0755813953 0.0712209302
1 0.5872093023 0.1853197674 0.0668604651 0.0799418605
1 0.7688953488 0.2093023256 0.1191860465 0.0697674419
1 0.9491279070 0.2027616279 0.1017441860 0.0683139535
1 0.0668604651 0.3197674419 0.1162790698 0.0523255814
1 0.0697674419 0.2681686047 0.1133720930 0.0479651163
1 0.2609011628 0.2834302326 0.0683139535 0.0784883721
1 0.3299418605 0.2848837209 0.0610465116 0.0784883721
1 0.4476744186 0.2456395349 0.0755813953 0.0697674419
1 0.4491279070 0.3183139535 0.0610465116 0.0668604651
1 0.5116279070 0.3183139535 0.0668604651 0.0697674419
1 0.5174418605 0.2507267442 0.0726744186 0.0712209302
1 0.5799418605 0.2565406977 0.0639534884 0.0683139535
1 0.5748546512 0.3219476744 0.0683139535 0.0712209302
1 0.7565406977 0.2710755814 0.1264534884 0.0566860465
1 0.9469476744 0.2696220930 0.1061046512 0.0683139535
1 0.0668604651 0.4113372093 0.1104651163 0.0436046512
1 0.0668604651 0.3677325581 0.1133720930 0.0465116279
1 0.2587209302 0.3604651163 0.0668604651 0.0726744186
1 0.3241279070 0.3611918605 0.0639534884 0.0741279070
1 0.5072674419 0.3873546512 0.0697674419 0.0683139535
1 0.4375000000 0.3800872093 0.0668604651 0.0712209302
1 0.5661337209 0.3888081395 0.0566860465 0.0683139535
1 0.7536337209 0.3960755814 0.1002906977 0.0741279070
1 0.7456395349 0.3306686047 0.1220930233 0.0566860465
7 0.9396802326 0.4207848837 0.1206395349 0.0450581395
2 0.9527616279 0.3393895349 0.0944767442 0.0799418605
5 0.0043604651 0.4774709302 0.0087209302 0.0392441860
5 0.0283430233 0.4796511628 0.0363372093 0.0348837209
5 0.0043604651 0.5152616279 0.0087209302 0.0334302326
5 0.0385174419 0.4469476744 0.0334302326 0.0305232558
5 0.0283430233 0.5167151163 0.0363372093 0.0334302326
5 0.1053779070 0.4803779070 0.0305232558 0.0334302326
5 0.0675872093 0.5174418605 0.0334302326 0.0319767442
5 0.0690406977 0.4818313953 0.0421511628 0.0363372093
5 0.1068313953 0.4484011628 0.0247093023 0.0305232558
5 0.0755813953 0.4469476744 0.0348837209 0.0305232558
5 0.2638081395 0.4883720930 0.0537790698 0.0610465116
5 0.2638081395 0.4309593023 0.0537790698 0.0625000000
5 0.3183139535 0.4898255814 0.0552325581 0.0581395349
5 0.3197674419 0.4287790698 0.0610465116 0.0610465116
5 0.5261627907 0.4614825581 0.1191860465 0.0799418605
5 0.4411337209 0.4571220930 0.0595930233 0.0915697674
5 0.7325581395 0.4643895349 0.1191860465 0.0683139535
5 0.0268895349 0.6002906977 0.0363372093 0.0639534884
5 0.0043604651 0.5479651163 0.0087209302 0.0319767442
5 0.0283430233 0.5508720930 0.0363372093 0.0348837209
5 0.1039244186 0.5188953488 0.0305232558 0.0348837209
5 0.0668604651 0.5508720930 0.0348837209 0.0348837209
5 0.0668604651 0.6031976744 0.0406976744 0.0639534884
5 0.1010174419 0.6031976744 0.0305232558 0.0610465116
5 0.1031976744 0.5559593023 0.0290697674 0.0334302326
5 0.2005813953 0.6039244186 0.0639534884 0.0625000000
5 0.2601744186 0.6046511628 0.0523255814 0.0581395349
5 0.2034883721 0.5210755814 0.0697674419 0.1002906977
5 0.2630813953 0.5465116279 0.0523255814 0.0581395349
5 0.3161337209 0.5472383721 0.0537790698 0.0566860465
5 0.4193313953 0.5385174419 0.0828488372 0.0770348837
5 0.3125000000 0.6031976744 0.0494186047 0.0581395349
5 0.5145348837 0.5399709302 0.1133720930 0.0770348837
5 0.7165697674 0.5944767442 0.1075581395 0.0610465116
5 0.7187500000 0.5305232558 0.1031976744 0.0668604651
5 0.0043604651 0.6620639535 0.0087209302 0.0654069767
5 0.0261627907 0.6686046512 0.0377906977 0.0697674419
5 0.0625000000 0.6693313953 0.0348837209 0.0683139535
5 0.1002906977 0.6686046512 0.0290697674 0.0668604651
5 0.2565406977 0.6642441860 0.0537790698 0.0610465116
5 0.2013081395 0.6671511628 0.0566860465 0.0610465116
5 0.3095930233 0.6635174419 0.0465116279 0.0566860465
5 0.4156976744 0.6170058140 0.0726744186 0.0741279070
5 0.4978197674 0.6911337209 0.1235465116 0.0741279070
5 0.5109011628 0.6170058140 0.1148255814 0.0741279070
5 0.7085755814 0.6569767442 0.1119186047 0.0668604651
7 0.8590116279 0.6736918605 0.0494186047 0.0392441860
7 0.8808139535 0.6257267442 0.0639534884 0.0537790698
7 0.9636627907 0.6533430233 0.0668604651 0.0595930233
5 0.0581395349 0.7783430233 0.1046511628 0.0537790698
5 0.0610465116 0.7281976744 0.1075581395 0.0465116279
5 0.2347383721 0.7710755814 0.0625000000 0.0508720930
5 0.1933139535 0.7209302326 0.0668604651 0.0610465116
5 0.2957848837 0.7718023256 0.0595930233 0.0494186047
5 0.2550872093 0.7202034884 0.0566860465 0.0566860465
5 0.3059593023 0.7194767442 0.0479651163 0.0523255814
0 0.5021802326 0.7739825581 0.0450581395 0.0334302326
5 0.7013081395 0.7202034884 0.1031976744 0.0595930233
5 0.6773255814 0.7754360465 0.1162790698 0.0508720930
7 0.8655523256 0.7492732558 0.0595930233 0.0595930233
7 0.9527616279 0.7143895349 0.0566860465 0.0595930233
7 0.9404069767 0.7725290698 0.0639534884 0.0625000000
7 0.0545058140 0.8364825581 0.1090116279 0.0683139535
0 0.1744186047 0.8786337209 0.0639534884 0.0537790698
0 0.2623546512 0.8786337209 0.1148255814 0.0566860465
0 0.2718023256 0.8219476744 0.1046511628 0.0595930233
0 0.5087209302 0.8909883721 0.0639534884 0.0523255814
0 0.4854651163 0.8313953488 0.1133720930 0.0901162791
5 0.6686046512 0.8212209302 0.1133720930 0.0465116279
0 0.6649709302 0.8771802326 0.1148255814 0.0683139535
7 0.8691860465 0.8284883721 0.0697674419 0.0581395349
7 0.8742732558 0.8902616279 0.1468023256 0.0654069767
7 0.9331395349 0.8277616279 0.0523255814 0.0625000000
7 0.0152616279 0.9651162791 0.0305232558 0.0290697674
7 0.0523255814 0.8953488372 0.1046511628 0.0523255814
7 0.0610465116 0.9345930233 0.0843023256 0.0261627907
7 0.0683139535 0.9629360465 0.0697674419 0.0276162791
0 0.2827034884 0.9353197674 0.0595930233 0.0625000000
0 0.4345930233 0.9251453488 0.0436046512 0.0915697674
0 0.5036337209 0.9454941860 0.0625000000 0.0595930233
0 0.6591569767 0.9520348837 0.1090116279 0.0668604651
7 0.0530523256 0.9883720930 0.1002906977 0.0232558140
0 0.1904069767 0.9745639535 0.0465116279 0.0508720930
0 0.2812500000 0.9840116279 0.0595930233 0.0319767442
0 0.5014534884 0.9861918605 0.0581395349 0.0276162791
0 0.6497093023 0.9912790698 0.1075581395 0.0174418605
