1 0.0471698113 0.4957118353 0.0943396226 0.1303602058
1 0.0051457976 0.4871355060 0.0102915952 0.1269296741
1 0.2307032590 0.5445969125 0.0943396226 0.1663807890
1 0.1277873070 0.5360205832 0.0840480274 0.1732418525
1 0.1869639794 0.5403087479 0.0686106346 0.1715265866
1 0.2864493997 0.5540308748 0.0857632933 0.1578044597
1 0.3833619211 0.5591766724 0.0806174957 0.1612349914
1 0.3387650086 0.5523156089 0.0840480274 0.1578044597
1 0.4305317324 0.5608919383 0.0926243568 0.1578044597
1 0.0102915952 0.5926243568 0.0205831904 0.0840480274
1 0.0608919383 0.5986277873 0.0840480274 0.0823327616
1 0.0214408233 0.7118353345 0.0428816467 0.0720411664
1 0.0823327616 0.7092624357 0.0926243568 0.0737564322
1 0.0145797599 0.8799313894 0.0291595197 0.0857632933
1 0.0265866209 0.7864493997 0.0531732419 0.0806174957
1 0.0797598628 0.8765008576 0.0943396226 0.0789022298
1 0.0960548885 0.7830188679 0.0926243568 0.0737564322
2 0.4759862779 0.7873070326 0.1355060034 0.1372212693
2 0.3996569468 0.7933104631 0.1029159520 0.1492281304
2 0.5763293310 0.8250428816 0.1234991424 0.2092624357
2 0.6355060034 0.8250428816 0.1252144082 0.2058319039
2 0.3722126930 0.9150943396 0.0789022298 0.0703259005
1 0.0677530017 0.9837049743 0.0909090909 0.0325900515
1 0.0137221269 0.9854202401 0.0274442539 0.0291595197
1 0.1389365352 0.9819897084 0.0857632933 0.0360205832
1 0.2718696398 0.9828473413 0.1492281304 0.0343053173
1 0.3867924528 0.9785591767 0.1320754717 0.0428816467
1 0.5274442539 0.9742710120 0.1389365352 0.0514579760
1 0.6132075472 0.9725557461 0.1252144082 0.0548885077
1 0.6921097770 0.9708404803 0.1217838765 0.0583190395
