0 0.9591711120 0.2027082478 0.0644234715 0.0328272466
7 0.1103816167 0.2486663931 0.0393926959 0.0361099713
7 0.1867049651 0.2724661469 0.0525235946 0.0943783340
7 0.1448502257 0.2747230201 0.0500615511 0.0923266311
7 0.2273286828 0.2751333607 0.0582683627 0.0882232253
1 0.3098071399 0.2708247846 0.0418547394 0.0951990152
1 0.2708247846 0.2710299549 0.0459581453 0.0964300369
1 0.3656134592 0.2535904801 0.0820681165 0.0713992614
1 0.4238818219 0.2496922446 0.0492408699 0.0759130078
1 0.4645055396 0.2515387772 0.0426754206 0.0763233484
1 0.5053344276 0.2503077554 0.0430857612 0.0672958556
1 0.5999179319 0.2474353714 0.0492408699 0.0755026672
1 0.5517029134 0.2492819040 0.0480098482 0.0742716455
0 0.6528518670 0.2431267952 0.0582683627 0.0750923266
0 0.7109150595 0.2408699220 0.0586787033 0.0796060730
0 0.7687730817 0.2164546574 0.0594993845 0.0356996307
0 0.7700041034 0.2587197374 0.0570373410 0.0521132540
0 0.8924907673 0.2427164547 0.0681165367 0.0471891670
0 0.8914649159 0.2064013131 0.0677061961 0.0279031596
0 0.8290931473 0.2587197374 0.0603200657 0.0545752975
0 0.8274517850 0.2141977842 0.0570373410 0.0418547394
0 0.9614279852 0.2410750923 0.0681165367 0.0463684858
7 0.1062782109 0.2823143209 0.0320065654 0.0393926959
7 0.1097661059 0.3159622487 0.0258514567 0.0344686089
7 0.0956093558 0.3799753796 0.0434961018 0.0549856381
7 0.1565449323 0.4019286007 0.0414443989 0.0373409930
7 0.1622897005 0.3686910135 0.0373409930 0.0315962249
7 0.1329503488 0.3699220353 0.0328272466 0.0398030365
1 0.2033237587 0.3924907673 0.0570373410 0.0783750513
1 0.2474353714 0.3894132130 0.0607304062 0.0738613049
1 0.2946245384 0.3935166188 0.0590890439 0.0730406237
1 0.3436602380 0.3924907673 0.0562166598 0.0857611818
1 0.3943373000 0.3892080427 0.0517029134 0.0775543701
1 0.4402954452 0.3875666803 0.0517029134 0.0824784571
1 0.4881001231 0.3887977021 0.0521132540 0.0808370948
1 0.5404185474 0.3871563398 0.0558063192 0.0849405006
0 0.5927369717 0.3816167419 0.0553959787 0.0287238408
0 0.6512105047 0.3686910135 0.0631924497 0.0283135002
0 0.6505949938 0.4091095609 0.0660648338 0.0533442757
0 0.7195322117 0.3926959376 0.0726302831 0.0812474354
0 0.7886745999 0.3867459992 0.0705785802 0.0701682396
0 0.8491998359 0.3637669265 0.0668855150 0.0307755437
0 0.9000820681 0.3902338941 0.0709889208 0.0796060730
0 0.9737382027 0.3996717275 0.0525235946 0.0533442757
0 0.9708658186 0.3598686910 0.0582683627 0.0262617973
7 0.0949938449 0.4343455068 0.0463684858 0.0537546163
7 0.1403364793 0.4345506771 0.0426754206 0.0287238408
7 0.0517029134 0.5188756668 0.0443167829 0.0775543701
4 0.1146901929 0.5344686089 0.0398030365 0.1021748051
4 0.0861715224 0.5184653262 0.0459581453 0.0742716455
1 0.1893721789 0.5018465326 0.0537546163 0.0385720148
7 0.1440295445 0.5188756668 0.0344686089 0.0750923266
1 0.1826015593 0.5418547394 0.0533442757 0.0414443989
1 0.2347148133 0.5418547394 0.0500615511 0.0414443989
1 0.2412802626 0.5075913008 0.0500615511 0.0320065654
1 0.3334017234 0.5533442757 0.0496512105 0.0504718917
1 0.2853918753 0.5434961018 0.0529339352 0.0398030365
1 0.2909314731 0.5071809602 0.0508822323 0.0344686089
1 0.3383258104 0.5080016414 0.0439064423 0.0410340583
1 0.3887977021 0.5137464095 0.0562166598 0.0475995076
1 0.4448091916 0.5149774313 0.0574476816 0.0426754206
1 0.4993844891 0.5100533443 0.0517029134 0.0402133771
1 0.4967172753 0.5547804678 0.0537546163 0.0508822323
1 0.5533442757 0.5133360689 0.0553959787 0.0434961018
0 0.6062782109 0.5383668445 0.0578580222 0.0935576529
0 0.6655724251 0.5129257284 0.0607304062 0.0426754206
0 0.7302010669 0.5354944604 0.0685268773 0.0861715224
0 0.7950348789 0.5379565039 0.0693475585 0.0869922035
0 0.8639720968 0.5143619204 0.0759130078 0.0463684858
0 0.9351661879 0.5488305293 0.0779647107 0.0898645876
0 0.9827656955 0.5184653262 0.0344686089 0.0471891670
1 0.2304062372 0.5812474354 0.0570373410 0.0439064423
1 0.2825194912 0.5837094789 0.0553959787 0.0422650800
1 0.3855149774 0.5605252359 0.0578580222 0.0508822323
1 0.4419368076 0.5597045548 0.0558063192 0.0475995076
1 0.5500615511 0.5603200657 0.0553959787 0.0512925728
0 0.6672137874 0.5631924497 0.0615510874 0.0570373410
0 0.7283545343 0.6017644645 0.0590890439 0.0447271235
0 0.8641772671 0.5650389824 0.0738613049 0.0574476816
0 0.9331144850 0.6192039393 0.0689372179 0.0558063192
0 0.9831760361 0.6200246204 0.0336479278 0.0533442757
0 0.9848173984 0.5668855150 0.0303652031 0.0537546163
7 0.0512925728 0.6462864177 0.0336479278 0.0746819860
4 0.1023799754 0.6522363562 0.0381616742 0.0775543701
4 0.0769388593 0.6491588018 0.0340582684 0.0779647107
4 0.1659827657 0.6585966352 0.0389823554 0.0787853919
4 0.1325400082 0.6557242511 0.0369306524 0.0755026672
4 0.1992203529 0.6700861715 0.0430857612 0.0853508412
4 0.2371768568 0.6739844071 0.0459581453 0.0882232253
1 0.3169881001 0.6813705375 0.0414443989 0.0734509643
4 0.2794419368 0.6780878129 0.0484201888 0.0857611818
1 0.3890028724 0.6856791137 0.0393926959 0.0738613049
1 0.3547394337 0.6823963890 0.0348789495 0.0705785802
1 0.4618383258 0.6862946245 0.0398030365 0.0874025441
1 0.4273697169 0.6832170702 0.0389823554 0.0861715224
1 0.5400082068 0.6920393927 0.0402133771 0.0890439064
1 0.4995896594 0.6903980304 0.0422650800 0.0857611818
7 0.0527287649 0.7459991793 0.0291341814 0.0500615511
7 0.0301600328 0.7488715634 0.0283135002 0.0566270004
7 0.0133360689 0.7388182191 0.0168239639 0.0447271235
7 0.0984817398 0.7622076323 0.0303652031 0.0619614280
7 0.1200246204 0.7597455888 0.0266721379 0.0627821092
7 0.0761181781 0.7447681576 0.0283135002 0.0451374641
7 0.1442347148 0.7632334838 0.0299548625 0.0631924497
7 0.1676241280 0.7628231432 0.0291341814 0.0558063192
7 0.2938038572 0.7640541650 0.0311858843 0.0279031596
1 0.5787853919 0.6965531391 0.0406237177 0.0857611818
7 0.6228970045 0.7061961428 0.0492408699 0.0910956094
7 0.6932704144 0.7115305704 0.0947886746 0.0960196963
7 0.7780057448 0.7115305704 0.0820681165 0.0910956094
7 0.8785391875 0.7293803857 0.1017644645 0.0980713993
7 0.9636848584 0.7353303242 0.0726302831 0.0902749282
7 0.0535494460 0.7952400492 0.0307755437 0.0574476816
7 0.0736561346 0.7880590890 0.0340582684 0.0512925728
7 0.1895773492 0.7734919984 0.0303652031 0.0771440295
7 0.2408699220 0.7726713172 0.0295445220 0.0615510874
7 0.2152236356 0.7753385310 0.0291341814 0.0652441526
7 0.2478457119 0.8225276980 0.0237997538 0.0504718917
1 0.3256052524 0.7870332376 0.0291341814 0.0672958556
7 0.2663110382 0.8200656545 0.0279031596 0.0570373410
7 0.2929831760 0.7915469840 0.0287238408 0.0336479278
7 0.2675420599 0.7716454657 0.0270824785 0.0488305293
7 0.2933935166 0.8202708248 0.0328272466 0.0270824785
1 0.3814115716 0.8137053755 0.0923266311 0.0837094789
1 0.4696347969 0.8229380386 0.0956093558 0.0816577760
7 0.2111202298 0.8399671728 0.0274928190 0.0656544932
1 0.5638079606 0.8494050062 0.0968403775 0.1280262618
7 0.6434140336 0.8524825605 0.0467788264 0.0841198195
7 0.6942962659 0.8617152236 0.0517029134 0.0886335659
7 0.7669265490 0.8715633976 0.1001231022 0.1091505950
7 0.8666393106 0.8799753796 0.1025851457 0.1046368486
7 0.9567090685 0.8906442347 0.0865818629 0.0972507181
