1 0.4943181818 0.0839646465 0.1452020202 0.1679292929
1 0.6382575758 0.0688131313 0.1729797980 0.1376262626
1 0.7998737374 0.0523989899 0.1780303030 0.1047979798
1 0.9406565657 0.0202020202 0.1186868687 0.0404040404
1 0.1849747475 0.1609848485 0.0820707071 0.1553030303
1 0.2727272727 0.1275252525 0.1010101010 0.1767676768
1 0.3762626263 0.0965909091 0.1085858586 0.1830808081
1 0.9311868687 0.1420454545 0.1376262626 0.2613636364
1 0.2790404040 0.2702020202 0.1085858586 0.1691919192
1 0.3787878788 0.2537878788 0.1136363636 0.1767676768
1 0.4936868687 0.2266414141 0.1237373737 0.1856060606
1 0.6275252525 0.2095959596 0.1565656566 0.2045454545
1 0.7878787879 0.1799242424 0.1944444444 0.2310606061
1 0.1786616162 0.2910353535 0.0997474747 0.1527777778
1 0.1458333333 0.4501262626 0.0290404040 0.1174242424
1 0.1761363636 0.4526515152 0.0315656566 0.1199494949
1 0.2619949495 0.4431818182 0.0189393939 0.1313131313
1 0.2058080808 0.4476010101 0.0328282828 0.1300505051
1 0.2405303030 0.4425505051 0.0391414141 0.1300505051
1 0.4097222222 0.4381313131 0.0340909091 0.1388888889
1 0.3630050505 0.4368686869 0.0467171717 0.1388888889
1 0.4444444444 0.4349747475 0.0429292929 0.1452020202
1 0.4905303030 0.4337121212 0.0568181818 0.1527777778
1 0.5359848485 0.4292929293 0.0441919192 0.1590909091
1 0.5770202020 0.4223484848 0.0454545455 0.1704545455
1 0.6584595960 0.4204545455 0.0694444444 0.1818181818
1 0.7297979798 0.4141414141 0.0833333333 0.1919191919
1 0.8112373737 0.4109848485 0.0921717172 0.1982323232
1 0.8939393939 0.4053030303 0.1085858586 0.2121212121
1 0.9659090909 0.4021464646 0.0681818182 0.2184343434
1 0.1047979798 0.5612373737 0.0429292929 0.1123737374
1 0.1414141414 0.5643939394 0.0404040404 0.1085858586
1 0.1786616162 0.5662878788 0.0315656566 0.1073232323
1 0.2651515152 0.5707070707 0.0126262626 0.1287878788
1 0.2089646465 0.5675505051 0.0340909091 0.1098484848
1 0.2424242424 0.5713383838 0.0328282828 0.1224747475
1 0.3977272727 0.5757575758 0.0378787879 0.1414141414
1 0.3579545455 0.5726010101 0.0441919192 0.1401515152
1 0.4387626263 0.5770202020 0.0467171717 0.1388888889
1 0.4829545455 0.5795454545 0.0492424242 0.1464646465
1 0.5694444444 0.5852272727 0.0479797980 0.1527777778
1 0.5303030303 0.5839646465 0.0454545455 0.1502525253
1 0.6546717172 0.5921717172 0.0770202020 0.1717171717
1 0.7215909091 0.5959595960 0.0795454545 0.1767676768
1 0.8011363636 0.5991161616 0.0946969697 0.1830808081
1 0.8876262626 0.6022727273 0.1010101010 0.1919191919
1 0.9589646465 0.6060606061 0.0820707071 0.1969696970
1 0.1117424242 0.8017676768 0.0517676768 0.0757575758
1 0.1723484848 0.8125000000 0.0568181818 0.0719696970
1 0.2146464646 0.8213383838 0.0429292929 0.0719696970
1 0.8535353535 0.8162878788 0.0732323232 0.0719696970
1 0.0953282828 0.8674242424 0.0643939394 0.0707070707
1 0.1527777778 0.8806818182 0.0555555556 0.0669191919
1 0.2569444444 0.8289141414 0.0416666667 0.0871212121
1 0.2487373737 0.9065656566 0.0555555556 0.0909090909
1 0.1976010101 0.8952020202 0.0467171717 0.0757575758
1 0.3794191919 0.8440656566 0.0593434343 0.0719696970
1 0.4286616162 0.8592171717 0.0492424242 0.0719696970
1 0.4804292929 0.8699494949 0.0593434343 0.0757575758
1 0.5631313131 0.8693181818 0.0454545455 0.0820707071
1 0.7683080808 0.8308080808 0.0744949495 0.0782828283
1 0.0896464646 0.9924242424 0.0454545455 0.0151515152
1 0.3516414141 0.9526515152 0.0542929293 0.0795454545
1 0.2992424242 0.9330808081 0.0555555556 0.0833333333
1 0.4097222222 0.9614898990 0.0694444444 0.0770202020
1 0.4728535354 0.9671717172 0.0568181818 0.0656565657
1 0.5404040404 0.9804292929 0.0858585859 0.0391414141
1 0.6672979798 0.9438131313 0.0795454545 0.1123737374
1 0.7285353535 0.9539141414 0.0757575758 0.0921717172
1 0.7941919192 0.9444444444 0.0707070707 0.1111111111
1 0.8661616162 0.9652777778 0.0909090909 0.0694444444
1 0.9545454545 0.9760101010 0.0909090909 0.0479797980
