7 0.6664656212 0.0482509047 0.1411338963 0.0651387214
1 0.0404101327 0.0814234017 0.0591073583 0.0880579011
1 0.0078407720 0.0850422195 0.0156815440 0.0952955368
4 0.1459589867 0.0705669481 0.1085645356 0.1145958987
4 0.2503015682 0.0850422195 0.1073582630 0.1121833534
4 0.3606755127 0.0717732207 0.1085645356 0.1145958987
4 0.4662243667 0.0735826297 0.1049457177 0.1158021713
4 0.5723763571 0.0759951749 0.1049457177 0.1133896261
6 0.6718938480 0.0898673100 0.0989143546 0.0591073583
6 0.8190591074 0.0657418577 0.0892641737 0.1049457177
6 0.9408926417 0.0886610374 0.0579010856 0.0904704463
6 0.8872135103 0.0886610374 0.0518697226 0.0856453559
7 0.1544028951 0.2563329312 0.0892641737 0.0470446321
7 0.2533172497 0.2599517491 0.0844390832 0.0446320869
7 0.3347406514 0.2617611580 0.0880579011 0.0434258142
7 0.4149577805 0.2665862485 0.0796139928 0.0506634499
7 0.4897466828 0.2611580217 0.0747889023 0.0398069964
6 0.7171290712 0.2702050663 0.0663449940 0.0651387214
4 0.0060313631 0.2967430639 0.0120627262 0.1158021713
4 0.0343787696 0.2949336550 0.0470446321 0.1218335344
4 0.0832328106 0.2931242461 0.0530759952 0.1158021713
7 0.1556091677 0.2931242461 0.0989143546 0.0361881785
7 0.1574185766 0.3329312425 0.1025331725 0.0458383595
7 0.2515078408 0.2973462002 0.0808202654 0.0470446321
7 0.3293124246 0.3335343788 0.0940892642 0.0446320869
7 0.3311218335 0.2967430639 0.0904704463 0.0434258142
7 0.4155609168 0.3407720145 0.0784077201 0.0494571773
7 0.4951749095 0.3389626055 0.0759951749 0.0410132690
7 0.4891435464 0.2997587455 0.0759951749 0.0373944511
6 0.5946924005 0.3347406514 0.1278648975 0.0687575392
6 0.5971049457 0.2786489747 0.1302774427 0.0603136309
6 0.7002412545 0.3377563329 0.0639324487 0.0627261761
6 0.7804583836 0.3323281062 0.0747889023 0.0615199035
6 0.7864897467 0.2726176116 0.0675512666 0.0627261761
7 0.9541616405 0.3232810615 0.0506634499 0.0844390832
6 0.8697225573 0.2997587455 0.1013268999 0.1073582630
7 0.9891435464 0.3232810615 0.0217129071 0.0844390832
7 0.1700844391 0.4662243667 0.0940892642 0.0446320869
7 0.2629674306 0.4674306393 0.0989143546 0.0446320869
7 0.4396863691 0.4692400483 0.0784077201 0.0506634499
4 0.0566948130 0.5162846803 0.0434258142 0.0868516285
4 0.0168878166 0.5174909530 0.0337756333 0.0892641737
7 0.1694813028 0.5452352232 0.0928829916 0.0410132690
4 0.1025331725 0.5180940893 0.0482509047 0.0856453559
7 0.1622436671 0.5024125452 0.1025331725 0.0470446321
7 0.2587454765 0.5066344994 0.0977080820 0.0458383595
7 0.2605548854 0.5452352232 0.0892641737 0.0410132690
7 0.3474065139 0.5488540410 0.0892641737 0.0361881785
7 0.4336550060 0.5488540410 0.0880579011 0.0386007238
7 0.3480096502 0.5078407720 0.0904704463 0.0506634499
7 0.4384800965 0.5114595899 0.0832328106 0.0482509047
7 0.5476477684 0.5162846803 0.0458383595 0.0361881785
7 0.5018094089 0.5162846803 0.0482509047 0.0410132690
6 0.6815440290 0.5138721351 0.0844390832 0.1158021713
6 0.5995174910 0.5180940893 0.0772014475 0.1242460796
6 0.7858866104 0.5699638118 0.0494571773 0.0422195416
6 0.7822677925 0.5030156815 0.0566948130 0.0410132690
6 0.9155609168 0.5126658625 0.0651387214 0.1109770808
6 0.8407720145 0.5036188179 0.0554885404 0.0422195416
6 0.8419782871 0.5723763571 0.0554885404 0.0422195416
6 0.9734620024 0.5132689988 0.0530759952 0.1097708082
4 0.0223160434 0.6821471653 0.0446320869 0.1145958987
4 0.0657418577 0.6821471653 0.0494571773 0.1145958987
7 0.1272617612 0.6827503016 0.0735826297 0.0410132690
7 0.1266586248 0.6441495778 0.0747889023 0.0386007238
7 0.2038600724 0.6447527141 0.0772014475 0.0398069964
7 0.2026537998 0.6839565742 0.0747889023 0.0434258142
7 0.2822677925 0.6483715320 0.0796139928 0.0470446321
7 0.2762364294 0.6857659831 0.0820265380 0.0470446321
7 0.3576598311 0.6477683957 0.0784077201 0.0410132690
7 0.4342581423 0.6489746683 0.0772014475 0.0410132690
6 0.6296743064 0.6809408926 0.1399276236 0.0446320869
6 0.8039806996 0.6833534379 0.0615199035 0.0422195416
6 0.7358262967 0.6803377563 0.0651387214 0.0410132690
7 0.4348612786 0.6887816647 0.0784077201 0.0410132690
7 0.3570566948 0.6869722557 0.0796139928 0.0398069964
7 0.5361881785 0.6954161641 0.0398069964 0.0373944511
7 0.4969843185 0.6960193004 0.0410132690 0.0386007238
6 0.6067551267 0.7225572979 0.1158021713 0.0434258142
6 0.7394451146 0.7310012063 0.0410132690 0.0603136309
6 0.8075995175 0.7340168878 0.0639324487 0.0591073583
6 0.9402895054 0.6966224367 0.0615199035 0.1218335344
6 0.8811821472 0.6966224367 0.0687575392 0.1242460796
4 0.0102533172 0.8763570567 0.0205066345 0.1338962606
4 0.0494571773 0.8793727382 0.0579010856 0.1351025332
7 0.1712907117 0.8281061520 0.0675512666 0.0398069964
7 0.1712907117 0.8642943305 0.0675512666 0.0398069964
4 0.1091676719 0.8781664656 0.0591073583 0.1375150784
7 0.2382388420 0.8305186972 0.0663449940 0.0398069964
7 0.3051869723 0.8323281062 0.0675512666 0.0410132690
7 0.3051869723 0.8679131484 0.0699638118 0.0373944511
7 0.2376357057 0.8667068758 0.0675512666 0.0373944511
7 0.3721351025 0.8691194210 0.0687575392 0.0398069964
7 0.4234016888 0.8751507841 0.0361881785 0.0422195416
7 0.3721351025 0.8335343788 0.0687575392 0.0386007238
7 0.4234016888 0.8353437877 0.0361881785 0.0373944511
7 0.4891435464 0.8377563329 0.0325693607 0.0398069964
7 0.4577804584 0.8811821472 0.0373944511 0.0542822678
7 0.4571773221 0.8359469240 0.0361881785 0.0361881785
6 0.6200241255 0.8932448733 0.0989143546 0.1483715320
6 0.8341375151 0.8667068758 0.0398069964 0.0398069964
6 0.8860072376 0.8655006031 0.0591073583 0.0422195416
6 0.9764776840 0.8739445115 0.0446320869 0.0446320869
6 0.5217129071 0.9312424608 0.0687575392 0.0772014475
6 0.7044632087 0.9161640531 0.0844390832 0.0591073583
6 0.8648974668 0.9209891435 0.0651387214 0.0687575392
6 0.9722557298 0.9282267793 0.0554885404 0.0663449940
