4 0.0094339623 0.0138734739 0.0188679245 0.0277469478
4 0.0549389567 0.0199778024 0.0876803552 0.0399556049
4 0.1359600444 0.0233074362 0.0876803552 0.0466148724
4 0.2147613762 0.0271920089 0.0832408435 0.0543840178
4 0.2907880133 0.0299667037 0.0799112098 0.0599334073
1 0.4039955605 0.0360710322 0.1465038846 0.0721420644
5 0.0482796892 0.1809100999 0.0899001110 0.0421753607
5 0.0283018868 0.2480577137 0.0566037736 0.0854605993
5 0.0843507214 0.2480577137 0.0510543840 0.0854605993
3 0.2236403996 0.2253052164 0.0543840178 0.0554938957
1 0.3318534961 0.2386237514 0.0643729190 0.1398446171
3 0.1725860155 0.2735849057 0.0632630411 0.0543840178
3 0.2280799112 0.2774694784 0.0543840178 0.0510543840
5 0.0355160932 0.4206437292 0.0710321865 0.0510543840
5 0.0344062153 0.3629300777 0.0688124306 0.0599334073
5 0.1037735849 0.4433962264 0.0610432852 0.1032186459
1 0.6759156493 0.3790233074 0.0688124306 0.0699223085
5 0.0360710322 0.4722530522 0.0721420644 0.0432852386
5 0.0199778024 0.6392896781 0.0399556049 0.0776914539
5 0.0183129856 0.5604883463 0.0366259711 0.0799112098
5 0.0904550499 0.5643729190 0.1009988901 0.0788013319
5 0.0943396226 0.6387347392 0.0998890122 0.0743618202
5 0.0244173141 0.7597114317 0.0488346282 0.0699223085
5 0.0954495006 0.7536071032 0.0932297447 0.0799112098
1 0.5765815760 0.7874583796 0.0810210877 0.0699223085
5 0.0216426193 0.9200887902 0.0432852386 0.0821309656
5 0.0255271920 0.8362930078 0.0510543840 0.0743618202
5 0.0987791343 0.8329633740 0.0887902331 0.0677025527
5 0.0194228635 0.9800221976 0.0388457270 0.0399556049
5 0.0993340733 0.9766925638 0.1143174251 0.0466148724
3 0.1681465039 0.2219755827 0.0588235294 0.0554938957
3 0.2769145394 0.2541620422 0.0543840178 0.1043285239
1 0.6392896781 0.8690344062 0.0665926748 0.0377358491
1 0.5421753607 0.0410654828 0.1342952275 0.0821309656
1 0.6714761376 0.0471698113 0.1265260821 0.0943396226
1 0.7918978912 0.0510543840 0.1209766926 0.1021087680
1 0.3928967814 0.2402885683 0.0599334073 0.1387347392
1 0.4483906770 0.2430632630 0.0599334073 0.1331853496
1 0.5038845727 0.2458379578 0.0554938957 0.1320754717
8 0.5832408435 0.2375138735 0.1009988901 0.1531631521
8 0.6853496115 0.2291897891 0.0899001110 0.1720310766
1 0.7902330744 0.2386237514 0.1109877913 0.1553829079
1 0.2874583796 0.3706992231 0.0799112098 0.0776914539
1 0.3718091010 0.3745837958 0.0776914539 0.0810210877
1 0.4511653718 0.3762486127 0.0765815760 0.0799112098
1 0.5283018868 0.3801331853 0.0754716981 0.0743618202
1 0.6015538291 0.3768035516 0.0732519423 0.0721420644
1 0.7480577137 0.3801331853 0.0732519423 0.0699223085
1 0.8157602664 0.3773584906 0.0665926748 0.0688124306
1 0.7497225305 0.4478357381 0.0721420644 0.0677025527
1 0.8140954495 0.4456159822 0.0654827969 0.0654827969
1 0.6731409545 0.4489456160 0.0721420644 0.0677025527
1 0.6026637070 0.4495005549 0.0688124306 0.0688124306
1 0.5260821310 0.4522752497 0.0732519423 0.0721420644
1 0.4467258602 0.4522752497 0.0765815760 0.0743618202
1 0.3701442841 0.4517203108 0.0765815760 0.0732519423
1 0.2907880133 0.4495005549 0.0821309656 0.0799112098
1 0.2058823529 0.4495005549 0.0832408435 0.0799112098
1 0.2047724750 0.3684794673 0.0854605993 0.0821309656
1 0.2119866815 0.5593784684 0.0887902331 0.0799112098
1 0.2980022198 0.5560488346 0.0854605993 0.0776914539
1 0.3829078801 0.5549389567 0.0821309656 0.0732519423
1 0.4600443951 0.5504994451 0.0765815760 0.0710321865
1 0.5321864595 0.5482796892 0.0699223085 0.0710321865
1 0.6753607103 0.5388457270 0.0632630411 0.0654827969
1 0.7475027747 0.5377358491 0.0610432852 0.0677025527
1 0.7502774695 0.6059933407 0.0510543840 0.0643729190
1 0.6820199778 0.6054384018 0.0610432852 0.0699223085
1 0.6076581576 0.6120976693 0.0721420644 0.0743618202
1 0.6054384018 0.5427302997 0.0699223085 0.0688124306
1 0.5349611543 0.6187569367 0.0665926748 0.0743618202
1 0.4583795782 0.6237513873 0.0754716981 0.0776914539
1 0.3806881243 0.6276359600 0.0732519423 0.0788013319
1 0.3002219756 0.6326304107 0.0832408435 0.0776914539
1 0.2130965594 0.6370699223 0.0865704772 0.0821309656
1 0.2230854606 0.7397336293 0.0976692564 0.0854605993
1 0.2236403996 0.8213096559 0.0943396226 0.0799112098
1 0.3174250832 0.7380688124 0.0910099889 0.0732519423
1 0.3196448391 0.8146503885 0.0932297447 0.0799112098
1 0.4067702553 0.7214206437 0.0876803552 0.0821309656
1 0.4106548280 0.8018867925 0.0865704772 0.0810210877
1 0.4966703663 0.7952275250 0.0832408435 0.0677025527
1 0.4938956715 0.7264150943 0.0821309656 0.0699223085
1 0.5726970033 0.7192008879 0.0799112098 0.0665926748
1 0.6520532741 0.7841287458 0.0632630411 0.0677025527
1 0.6548279689 0.7164261931 0.0665926748 0.0654827969
1 0.2430632630 0.9128745838 0.0998890122 0.0810210877
1 0.3451720311 0.9062153163 0.0932297447 0.0943396226
1 0.4445061043 0.8940066593 0.0876803552 0.0810210877
1 0.2386237514 0.9772475028 0.1043285239 0.0455049945
1 0.3457269700 0.9750277469 0.0943396226 0.0499445061
1 0.4378468368 0.9700332963 0.0876803552 0.0599334073
