1 0.0094972067 0.0273743017 0.0189944134 0.0435754190
1 0.0379888268 0.0268156425 0.0648044693 0.0402234637
1 0.1743016760 0.0318435754 0.0625698324 0.0569832402
1 0.2324022346 0.0463687151 0.0670391061 0.0458100559
1 0.4452513966 0.0402234637 0.0994413408 0.0379888268
1 0.0256983240 0.0726256983 0.0513966480 0.0558659218
1 0.1625698324 0.0821229050 0.0592178771 0.0480446927
1 0.2229050279 0.1000000000 0.0636871508 0.0502793296
1 0.4407821229 0.1055865922 0.0949720670 0.0279329609
1 0.4424581006 0.0726256983 0.0960893855 0.0357541899
1 0.5435754190 0.0765363128 0.1039106145 0.0256983240
1 0.5413407821 0.1033519553 0.1061452514 0.0279329609
1 0.6843575419 0.1055865922 0.1351955307 0.0882681564
1 0.7994413408 0.1111731844 0.1374301676 0.0726256983
1 0.0173184358 0.1195530726 0.0346368715 0.0402234637
1 0.0067039106 0.1597765363 0.0134078212 0.0491620112
1 0.1497206704 0.1223463687 0.0670391061 0.0413407821
1 0.2083798883 0.1748603352 0.0770949721 0.0368715084
1 0.1402234637 0.1670391061 0.0793296089 0.0502793296
1 0.2150837989 0.1374301676 0.0636871508 0.0379888268
1 0.4396648045 0.1324022346 0.0972067039 0.0301675978
1 0.4363128492 0.1620111732 0.1083798883 0.0290502793
1 0.4368715084 0.1821229050 0.1139664804 0.0111731844
1 0.5502793296 0.1603351955 0.1150837989 0.0346368715
1 0.5458100559 0.1296089385 0.1150837989 0.0290502793
1 0.5502793296 0.1793296089 0.1150837989 0.0167597765
1 0.8290502793 0.1888268156 0.1564245810 0.0893854749
1 0.1162011173 0.2122905028 0.0737430168 0.0491620112
1 0.0988826816 0.2586592179 0.0703910615 0.0480446927
1 0.7027932961 0.1944134078 0.1497206704 0.0960893855
1 0.0849162011 0.3100558659 0.0826815642 0.0614525140
1 0.1815642458 0.3268156425 0.0636871508 0.0435754190
1 0.1949720670 0.2832402235 0.0636871508 0.0525139665
1 0.4351955307 0.2642458101 0.1240223464 0.0391061453
1 0.4324022346 0.2994413408 0.1251396648 0.0335195531
1 0.5541899441 0.3100558659 0.1229050279 0.0301675978
1 0.5553072626 0.2687150838 0.1229050279 0.0413407821
1 0.7173184358 0.2826815642 0.1564245810 0.1005586592
1 0.8564245810 0.2804469274 0.1620111732 0.0960893855
1 0.0715083799 0.3659217877 0.0871508380 0.0502793296
1 0.1720670391 0.3726256983 0.0670391061 0.0525139665
1 0.4312849162 0.3357541899 0.1229050279 0.0413407821
1 0.4290502793 0.3748603352 0.1296089385 0.0435754190
1 0.5586592179 0.3815642458 0.1363128492 0.0502793296
1 0.5569832402 0.3407821229 0.1284916201 0.0379888268
1 0.7413407821 0.3843575419 0.1642458101 0.1094972067
1 0.8882681564 0.3849162011 0.1899441341 0.1284916201
1 0.0491620112 0.4256983240 0.0849162011 0.0759776536
1 0.1726256983 0.4458100559 0.0726256983 0.0402234637
1 0.4240223464 0.4513966480 0.1351955307 0.0424581006
1 0.4251396648 0.4167597765 0.1329608939 0.0402234637
1 0.5681564246 0.4581005587 0.1508379888 0.0402234637
1 0.5620111732 0.4212290503 0.1407821229 0.0379888268
1 0.0782122905 0.5374301676 0.1564245810 0.0692737430
1 0.4178770950 0.5268156425 0.1519553073 0.0681564246
1 0.5698324022 0.5301675978 0.1608938547 0.0614525140
1 0.7564245810 0.5027932961 0.1810055866 0.1385474860
1 0.9100558659 0.5122905028 0.1798882682 0.1530726257
1 0.0692737430 0.5921787709 0.1385474860 0.0670391061
1 0.4145251397 0.5860335196 0.1564245810 0.0703910615
1 0.5754189944 0.5932960894 0.1698324022 0.0737430168
1 0.0776536313 0.6502793296 0.1553072626 0.0625698324
1 0.2072625698 0.6273743017 0.0681564246 0.0659217877
1 0.4117318436 0.6564245810 0.1620111732 0.0837988827
1 0.5782122905 0.6653631285 0.1754189944 0.0815642458
1 0.7826815642 0.6446927374 0.2044692737 0.1720670391
1 0.9245810056 0.6553072626 0.1508379888 0.1575418994
1 0.0592178771 0.7139664804 0.1184357542 0.0804469274
1 0.2195530726 0.7027932961 0.0636871508 0.0648044693
1 0.4089385475 0.7329608939 0.1698324022 0.0893854749
1 0.5832402235 0.7385474860 0.1877094972 0.0960893855
1 0.0497206704 0.7966480447 0.0994413408 0.0893854749
1 0.4055865922 0.8100558659 0.1743016760 0.1005586592
1 0.5860335196 0.8217877095 0.1932960894 0.0994413408
1 0.8162011173 0.8134078212 0.2312849162 0.2055865922
1 0.9530726257 0.8256983240 0.0938547486 0.1966480447
1 0.0469273743 0.8815642458 0.0938547486 0.0804469274
1 0.4027932961 0.9011173184 0.1843575419 0.1150837989
1 0.5916201117 0.9134078212 0.2044692737 0.1150837989
1 0.8413407821 0.9441340782 0.2346368715 0.1117318436
