1 0.0148963731 0.0226683938 0.0297927461 0.0453367876
1 0.0816062176 0.0259067358 0.1036269430 0.0518134715
1 0.1774611399 0.0369170984 0.0932642487 0.0738341969
1 0.2512953368 0.0582901554 0.0725388601 0.1165803109
1 0.3186528497 0.0485751295 0.0777202073 0.0971502591
1 0.3821243523 0.0589378238 0.0803108808 0.1178756477
1 0.5116580311 0.0213730570 0.0880829016 0.0427461140
1 0.5816062176 0.0349740933 0.0569948187 0.0699481865
1 0.6457253886 0.0414507772 0.0712435233 0.0829015544
1 0.7597150259 0.0712435233 0.0556994819 0.0854922280
1 0.7053108808 0.0511658031 0.0556994819 0.0816062176
1 0.9740932642 0.0090673575 0.0466321244 0.0181347150
1 0.2778497409 0.1768134715 0.0764248705 0.0790155440
1 0.4883419689 0.1366580311 0.0466321244 0.0841968912
1 0.5731865285 0.1360103627 0.0608808290 0.0777202073
1 0.6768134715 0.1625647668 0.0608808290 0.0738341969
1 0.6262953368 0.1470207254 0.0505181347 0.0738341969
1 0.8639896373 0.1101036269 0.0492227979 0.0777202073
1 0.8115284974 0.0990932642 0.0582901554 0.0919689119
1 0.8024611399 0.1781088083 0.0427461140 0.0893782383
1 0.9099740933 0.1250000000 0.0556994819 0.0686528497
1 0.9676165803 0.1386010363 0.0647668394 0.0725388601
1 0.1904145078 0.1910621762 0.0751295337 0.0738341969
1 0.8458549223 0.1858808290 0.0440414508 0.0738341969
1 0.8892487047 0.1949481865 0.0582901554 0.0738341969
1 0.9514248705 0.2059585492 0.0531088083 0.0777202073
1 0.0136010363 0.4034974093 0.0272020725 0.2137305699
1 0.0660621762 0.4067357513 0.1165803109 0.2020725389
1 0.1554404145 0.4106217617 0.1036269430 0.1968911917
1 0.2441709845 0.4138601036 0.0971502591 0.1878238342
1 0.3257772021 0.4170984456 0.0816062176 0.1813471503
1 0.3944300518 0.4209844560 0.0790155440 0.1761658031
1 0.5220207254 0.4294041451 0.0466321244 0.1541450777
1 0.4818652850 0.4281088083 0.0492227979 0.1567357513
1 0.5705958549 0.4339378238 0.0505181347 0.1502590674
1 0.6159326425 0.4365284974 0.0479274611 0.1424870466
1 0.6988341969 0.4410621762 0.0453367876 0.1437823834
1 0.6580310881 0.4378238342 0.0388601036 0.1450777202
1 0.8173575130 0.4423575130 0.0336787565 0.1256476684
1 0.8516839378 0.4462435233 0.0349740933 0.1126943005
1 0.7940414508 0.4430051813 0.0129533679 0.1321243523
1 0.8827720207 0.4475388601 0.0323834197 0.1101036269
1 0.9209844560 0.4494818653 0.0414507772 0.1113989637
1 0.9585492228 0.4527202073 0.0440414508 0.1152849741
1 0.0064766839 0.6224093264 0.0129533679 0.2370466321
1 0.0550518135 0.6159326425 0.1101036269 0.2240932642
1 0.1489637306 0.6126943005 0.1113989637 0.2176165803
1 0.2338082902 0.6068652850 0.0945595855 0.2033678756
1 0.3173575130 0.6036269430 0.0854922280 0.1968911917
1 0.3905440415 0.5971502591 0.0712435233 0.1865284974
1 0.4740932642 0.5952072539 0.0466321244 0.1748704663
1 0.5168393782 0.5880829016 0.0440414508 0.1632124352
1 0.5628238342 0.5841968912 0.0582901554 0.1580310881
1 0.6101036269 0.5822538860 0.0440414508 0.1489637306
1 0.6936528497 0.5803108808 0.0479274611 0.1424870466
1 0.6457253886 0.5790155440 0.0349740933 0.1424870466
1 0.8193005181 0.5744818653 0.0401554404 0.1334196891
1 0.8549222798 0.5693005181 0.0336787565 0.1334196891
1 0.7972797927 0.5744818653 0.0194300518 0.1334196891
1 0.8853626943 0.5641191710 0.0323834197 0.1230569948
1 0.9164507772 0.5667098446 0.0297927461 0.1204663212
1 0.8827720207 0.7299222798 0.1023316062 0.1567357513
1 0.2577720207 0.8439119171 0.1994818653 0.2370466321
1 0.4222797927 0.8134715026 0.1606217617 0.2098445596
1 0.5595854922 0.7959844560 0.1269430052 0.1904145078
1 0.6774611399 0.7681347150 0.1165803109 0.1813471503
1 0.7797927461 0.7512953368 0.1113989637 0.1735751295
1 0.0906735751 0.8743523316 0.1813471503 0.2512953368
1 0.6800518135 0.9177461140 0.1113989637 0.1645077720
1 0.7862694301 0.8976683938 0.1036269430 0.1813471503
1 0.8762953368 0.8633419689 0.0841968912 0.1593264249
1 0.0809585492 0.9935233161 0.1619170984 0.0129533679
1 0.2454663212 0.9604922280 0.1826424870 0.0790155440
1 0.4112694301 0.9436528497 0.1774611399 0.1126943005
1 0.5589378238 0.9281088083 0.1489637306 0.1437823834
