7 0.8958051421 0.1041948579 0.1055480379 0.1190798376
7 0.9884979702 0.0778078484 0.0230040595 0.1312584574
7 0.9851150203 0.1901217862 0.0297699594 0.1204330176
7 0.0128552097 0.2557510149 0.0257104195 0.0974289581
1 0.1569688769 0.2801082544 0.0947225981 0.0893098782
1 0.1529093369 0.2165087957 0.1028416779 0.0405953992
1 0.2550744249 0.2496617050 0.0825439783 0.0960757781
1 0.4749661705 0.2347767253 0.1623815968 0.1041948579
7 0.8856562923 0.2077131258 0.0906630582 0.1177266576
7 0.0121786198 0.3552097429 0.0243572395 0.0879566982
1 0.2794316644 0.3470906631 0.0419485792 0.0933694181
1 0.4830852503 0.3511502030 0.1732070365 0.1069012179
7 0.7801082544 0.3545331529 0.0771312585 0.0893098782
7 0.9830852503 0.2895805142 0.0338294993 0.1001353180
6 0.1461434371 0.4235453315 0.1326116373 0.2029769959
1 0.4810554804 0.4553450609 0.1664411367 0.1096075778
7 0.9133964817 0.4526387009 0.1732070365 0.2178619756
7 0.0162381597 0.4634641407 0.0324763194 0.1150202977
1 0.2550744249 0.5304465494 0.0744248985 0.0866035183
7 0.7516914750 0.5020297700 0.0933694181 0.0757780785
7 0.0128552097 0.5744248985 0.0257104195 0.1014884980
6 0.1508795670 0.6251691475 0.1366711773 0.2002706360
1 0.2604871448 0.6170500677 0.0798376184 0.0893098782
1 0.4749661705 0.5615696888 0.1515561570 0.1001353180
7 0.0169147497 0.7002706360 0.0338294993 0.1420838972
1 0.2645466847 0.7043301759 0.0852503383 0.0906630582
1 0.5006765900 0.6596752368 0.1596752368 0.1014884980
7 0.7861975643 0.6326116373 0.1813261164 0.1989174560
1 0.2686062246 0.7949932341 0.0825439783 0.0906630582
1 0.4864682003 0.7483085250 0.1664411367 0.0920162382
7 0.0169147497 0.8322056834 0.0338294993 0.1190798376
6 0.1569688769 0.8294993234 0.1380243572 0.2110960758
1 0.4939106901 0.8599458728 0.1569688769 0.0933694181
1 0.0189445196 0.9431664411 0.0378890392 0.1136671177
1 0.3207036536 0.9120433018 0.1677943166 0.1055480379
6 0.1339648173 0.9641407307 0.1813261164 0.0717185386
