1 0.4398148148 0.0297619048 0.0674603175 0.0595238095
1 0.5013227513 0.0291005291 0.0634920635 0.0582010582
1 0.6117724868 0.0218253968 0.0780423280 0.0436507937
1 0.6937830688 0.0218253968 0.0806878307 0.0436507937
1 0.8214285714 0.0211640212 0.0899470899 0.0423280423
1 0.9947089947 0.0191798942 0.0105820106 0.0383597884
8 0.0939153439 0.0357142857 0.1269841270 0.0714285714
1 0.2863756614 0.0496031746 0.1494708995 0.0992063492
1 0.6084656085 0.0945767196 0.0767195767 0.0939153439
1 0.6884920635 0.0925925926 0.0780423280 0.0925925926
1 0.8154761905 0.0879629630 0.0886243386 0.0886243386
1 0.9940476190 0.0667989418 0.0119047619 0.0727513228
8 0.0866402116 0.1785714286 0.1283068783 0.2116402116
1 0.2757936508 0.1653439153 0.1494708995 0.1349206349
1 0.4351851852 0.1038359788 0.0714285714 0.0965608466
1 0.4980158730 0.1084656085 0.0595238095 0.0925925926
1 0.6025132275 0.1818783069 0.0780423280 0.0833333333
1 0.8148148148 0.1779100529 0.0952380952 0.0912698413
1 0.9927248677 0.1342592593 0.0145502646 0.0674603175
1 0.4338624339 0.2017195767 0.0740740741 0.0965608466
1 0.4966931217 0.2030423280 0.0542328042 0.0939153439
1 0.5992063492 0.2665343915 0.0740740741 0.0806878307
1 0.6825396825 0.1871693122 0.0820105820 0.0939153439
1 0.9914021164 0.2010582011 0.0171957672 0.0714285714
3 0.0701058201 0.3121693122 0.1031746032 0.0529100529
1 0.2685185185 0.3009259259 0.1507936508 0.1309523810
1 0.4298941799 0.3048941799 0.0687830688 0.1044973545
1 0.4927248677 0.3088624339 0.0515873016 0.0992063492
1 0.6812169312 0.2744708995 0.0793650794 0.0859788360
1 0.8095238095 0.2698412698 0.0873015873 0.0925925926
1 0.9894179894 0.2698412698 0.0211640212 0.0661375661
1 0.9887566138 0.3366402116 0.0224867725 0.0674603175
3 0.0396825397 0.3571428571 0.0449735450 0.0476190476
3 0.0833333333 0.4093915344 0.0476190476 0.0568783069
3 0.0383597884 0.4060846561 0.0476190476 0.0555555556
3 0.0873015873 0.3584656085 0.0502645503 0.0502645503
1 0.2685185185 0.4041005291 0.1507936508 0.0727513228
1 0.4252645503 0.4120370370 0.0701058201 0.1044973545
1 0.4900793651 0.4120370370 0.0542328042 0.1018518519
1 0.6785714286 0.3604497354 0.0793650794 0.0859788360
1 0.5985449735 0.3578042328 0.0780423280 0.0833333333
1 0.8042328042 0.3604497354 0.0873015873 0.0912698413
1 0.9874338624 0.4021164021 0.0251322751 0.0714285714
7 0.0740740741 0.5026455026 0.1375661376 0.1402116402
1 0.2652116402 0.4821428571 0.1574074074 0.0753968254
1 0.4503968254 0.5026455026 0.1230158730 0.0740740741
1 0.6355820106 0.4477513228 0.1521164021 0.0886243386
1 0.7989417989 0.4523809524 0.0820105820 0.0899470899
1 0.9867724868 0.4689153439 0.0264550265 0.0727513228
1 0.2632275132 0.5575396825 0.1560846561 0.0674603175
1 0.4457671958 0.5780423280 0.1243386243 0.0767195767
1 0.6269841270 0.5376984127 0.1481481481 0.0939153439
1 0.8359788360 0.5436507937 0.1666666667 0.0978835979
1 0.9861111111 0.5343915344 0.0277777778 0.0740740741
1 0.9847883598 0.6005291005 0.0304232804 0.0767195767
7 0.0687830688 0.6369047619 0.1349206349 0.1441798942
1 0.2592592593 0.6316137566 0.1560846561 0.0753968254
1 0.4431216931 0.6587301587 0.1243386243 0.0873015873
1 0.6256613757 0.6230158730 0.1534391534 0.0978835979
1 0.8373015873 0.6296296296 0.1746031746 0.1005291005
1 0.9841269841 0.6673280423 0.0317460317 0.0753968254
7 0.0648148148 0.7328042328 0.1296296296 0.0661375661
1 0.2559523810 0.7083333333 0.1574074074 0.0753968254
1 0.4411375661 0.7334656085 0.1230158730 0.0833333333
1 0.6243386243 0.7182539683 0.1560846561 0.1137566138
1 0.8366402116 0.7321428571 0.1732804233 0.1150793651
1 0.9834656085 0.7347883598 0.0330687831 0.0780423280
7 0.0621693122 0.7896825397 0.1243386243 0.0687830688
1 0.2519841270 0.7863756614 0.1600529101 0.0727513228
1 0.4365079365 0.8082010582 0.1269841270 0.0820105820
1 0.6216931217 0.8167989418 0.1560846561 0.1150793651
1 0.8287037037 0.8339947090 0.1706349206 0.1124338624
1 0.9814814815 0.7989417989 0.0370370370 0.0793650794
1 0.9808201058 0.8657407407 0.0383597884 0.0833333333
