5 0.1865912763 0.0274636511 0.0759289176 0.0549273021
5 0.3449111470 0.0387722132 0.1437802908 0.0775444265
5 0.5411954766 0.0290791599 0.0613893376 0.0581583199
5 0.4749596123 0.0339256866 0.0807754443 0.0678513732
5 0.6736672052 0.0193861066 0.1453957997 0.0387722132
5 0.8764135703 0.0056542811 0.2471728595 0.0113085622
5 0.0468497577 0.0428109855 0.0936995153 0.0856219709
5 0.6575121163 0.1106623586 0.1550888530 0.1276252019
5 0.8747980614 0.0856219709 0.2504038772 0.1680129241
5 0.0468497577 0.1243941842 0.0936995153 0.0807754443
5 0.2124394184 0.1252019386 0.1050080775 0.1437802908
5 0.3392568659 0.1292407108 0.1583198708 0.1389337641
5 0.5040387722 0.1211631664 0.1583198708 0.1357027464
1 0.3739903069 0.3061389338 0.3150242326 0.1890145396
1 0.0541195477 0.4192245557 0.1082390953 0.1502423263
1 0.3739903069 0.4757673667 0.3085621971 0.1954765751
2 0.7148626817 0.4571890145 0.1857835218 0.2487883683
2 0.8974151858 0.4394184168 0.1857835218 0.2423263328
1 0.0581583199 0.5646203554 0.1163166397 0.1534733441
7 0.9854604200 0.5767366721 0.0290791599 0.2100161551
1 0.0630048465 0.7092084006 0.1260096931 0.1583198708
1 0.3949919225 0.6518578352 0.3182552504 0.1890145396
1 0.3998384491 0.8360258481 0.3214862682 0.1890145396
1 0.0662358643 0.8618739903 0.1324717286 0.1663974152
1 0.0072697900 0.9684975767 0.0145395800 0.0630048465
1 0.0775444265 0.9676898223 0.1421647819 0.0646203554
1 0.3990306947 0.9636510501 0.3134087237 0.0726978998
1 0.8231017771 0.9321486268 0.2891760905 0.1357027464
7 0.9749596123 0.9418416801 0.0500807754 0.1163166397
