7 0.2430438449 0.1123524452 0.0510118044 0.1294266442
7 0.1928752108 0.1104553120 0.0535413153 0.1256323777
7 0.2915261383 0.1016020236 0.0510118044 0.1172006745
7 0.3473861720 0.1005480607 0.0548060708 0.1159359191
1 0.4247470489 0.0889544688 0.0931703204 0.1079258010
1 0.4974704890 0.0927487352 0.0531197302 0.1214165261
1 0.6037099494 0.0860033727 0.0573355818 0.1214165261
1 0.5508010118 0.0893760540 0.0526981450 0.1273187184
1 0.6623102867 0.0828414840 0.0548060708 0.1193086003
8 0.7719224283 0.0609190556 0.1576728499 0.0763069140
2 0.8946037099 0.0891652614 0.0868465430 0.1479763912
0 0.9981028668 0.0539629005 0.0037942664 0.0876897133
2 0.9637436762 0.0849494098 0.0725126476 0.1454468803
7 0.0657672850 0.1330101180 0.0657672850 0.1623102867
7 0.1283726813 0.1266863406 0.0560708263 0.1631534570
8 0.7767706577 0.1631534570 0.1555649241 0.0430016863
7 0.2641231029 0.2571669477 0.0594435076 0.0472175379
7 0.3187183811 0.2533726813 0.0590219224 0.0472175379
1 0.3722596965 0.2500000000 0.0556492411 0.0387858347
1 0.4260118044 0.2481028668 0.0569139966 0.0400505902
1 0.4839797639 0.2521079258 0.0640809444 0.0463743676
1 0.5461635750 0.2468381113 0.0653456998 0.0459527825
6 0.7554806071 0.2493676223 0.0792580101 0.0526981450
6 0.8307335582 0.2489460371 0.0855817875 0.0695615514
6 0.9072512648 0.2407251265 0.0792580101 0.0564924115
5 0.9706998314 0.2314502530 0.0586003373 0.0522765599
7 0.0676644182 0.2672849916 0.0577571669 0.0396290051
7 0.0674536256 0.3052276560 0.0581787521 0.0421585160
7 0.1387015177 0.3010118044 0.0564924115 0.0396290051
7 0.1433389545 0.2622259696 0.0573355818 0.0362563238
7 0.1994097808 0.3018549747 0.0581787521 0.0438448567
7 0.2048903879 0.2601180438 0.0657672850 0.0413153457
7 0.2603288364 0.2984822934 0.0526981450 0.0396290051
7 0.3172428331 0.2963743676 0.0577571669 0.0430016863
1 0.3743676223 0.2919477234 0.0556492411 0.0510118044
1 0.4300168634 0.2900505902 0.0598650927 0.0480607083
1 0.4898819562 0.2993254637 0.0607082631 0.0514333895
1 0.5505902192 0.2974283305 0.0649241147 0.0526981450
1 0.5999156830 0.2731871838 0.0472175379 0.0952782462
1 0.6456576728 0.2681281619 0.0493254637 0.0978077572
1 0.6962478921 0.2710792580 0.0535413153 0.1020236088
6 0.7594856661 0.3016441821 0.0763069140 0.0577571669
6 0.8248313659 0.3060708263 0.0569139966 0.0413153457
6 0.9089376054 0.2959527825 0.0851602024 0.0556492411
5 0.9738617201 0.2845699831 0.0522765599 0.0564924115
7 0.1285834739 0.3400084317 0.0607082631 0.0417369309
7 0.1956155143 0.3357925801 0.0590219224 0.0316188870
7 0.2584317032 0.3370573356 0.0590219224 0.0358347386
7 0.2717116358 0.3998735245 0.0611298482 0.0493254637
7 0.3166104553 0.3303119730 0.0573355818 0.0333052277
7 0.3334738617 0.3986087690 0.0598650927 0.0484822934
1 0.4662731872 0.3960792580 0.0741989882 0.0510118044
1 0.5432124789 0.3943929174 0.0720910624 0.0518549747
1 0.6112984823 0.3918634064 0.0716694772 0.0569139966
5 0.8634064081 0.3872259696 0.0758853288 0.0636593592
5 0.9357082631 0.3834317032 0.0788364250 0.0535413153
5 0.9846121417 0.3811129848 0.0307757167 0.0539629005
7 0.0838954469 0.4074620573 0.0666104553 0.0476391231
7 0.0771500843 0.4569983137 0.0666104553 0.0489038786
7 0.1454468803 0.4053541315 0.0607082631 0.0484822934
7 0.1424957841 0.4508853288 0.0632377740 0.0467959528
7 0.2059443508 0.4513069140 0.0636593592 0.0518549747
7 0.2076306914 0.4036677909 0.0645025295 0.0484822934
7 0.2700252951 0.4498313659 0.0628161889 0.0531197302
7 0.3324198988 0.4487774030 0.0611298482 0.0526981450
1 0.3956576728 0.4241146712 0.0687183811 0.1045531197
1 0.4679595278 0.4527824621 0.0699831366 0.0455311973
1 0.5370994941 0.4487774030 0.0699831366 0.0493254637
1 0.6134064081 0.4416104553 0.0725126476 0.0535413153
6 0.6793844857 0.4161045531 0.0670320405 0.1028667791
6 0.7377740304 0.4156829680 0.0666104553 0.1087689713
6 0.8005902192 0.4123102867 0.0708263069 0.1096121417
5 0.8558178752 0.4496205734 0.0674536256 0.0619730185
5 0.9319139966 0.4395025295 0.0872681282 0.0619730185
5 0.9850337268 0.4367622260 0.0299325464 0.0539629005
1 0.6804384486 0.5352023609 0.0590219224 0.0417369309
6 0.7995362563 0.5444772344 0.0720910624 0.0586003373
6 0.8640387858 0.5446880270 0.0695615514 0.0632377740
6 0.9279089376 0.5448988196 0.0708263069 0.0653456998
5 0.9789207420 0.5366779089 0.0421585160 0.0607082631
7 0.0522765599 0.5607082631 0.0666104553 0.0539629005
7 0.0495362563 0.6123524452 0.0661888702 0.0535413153
7 0.1190978078 0.5569139966 0.0695615514 0.0548060708
7 0.1176222597 0.6094013491 0.0725126476 0.0484822934
7 0.1846543002 0.6058178752 0.0708263069 0.0539629005
7 0.1876053963 0.5564924115 0.0699831366 0.0505902192
7 0.2529510961 0.5539629005 0.0716694772 0.0505902192
7 0.2531618887 0.6043423272 0.0687183811 0.0526981450
1 0.3849072513 0.6148819562 0.0573355818 0.0602866779
1 0.3208263069 0.6155143339 0.0674536256 0.0615514334
1 0.3204047218 0.5550168634 0.0674536256 0.0611298482
1 0.3855396290 0.5510118044 0.0636593592 0.0539629005
1 0.4468802698 0.6020236088 0.0573355818 0.0556492411
1 0.4454047218 0.5484822934 0.0569139966 0.0480607083
1 0.5029510961 0.5478499157 0.0590219224 0.0484822934
1 0.5021079258 0.6016020236 0.0590219224 0.0573355818
1 0.5617622260 0.5999156830 0.0586003373 0.0573355818
1 0.5626053963 0.5472175379 0.0586003373 0.0489038786
1 0.6212057336 0.5453204047 0.0586003373 0.0526981450
1 0.6214165261 0.5978077572 0.0640809444 0.0505902192
1 0.7422006745 0.5685075885 0.0661888702 0.1075042159
5 0.9795531197 0.5961214165 0.0408937605 0.0564924115
7 0.1125632378 0.6534569983 0.0682967960 0.0421585160
7 0.1842327150 0.6511382799 0.0666104553 0.0400505902
7 0.2506323777 0.6486087690 0.0653456998 0.0400505902
3 0.0101180438 0.7263912310 0.0202360877 0.0337268128
3 0.0739881956 0.7470489039 0.0451096121 0.0817875211
3 0.0392074199 0.7257588533 0.0396290051 0.0349915683
3 0.1108768971 0.7455733558 0.0430016863 0.0813659359
7 0.1483979764 0.7476812816 0.0421585160 0.0906408094
7 0.1795952782 0.7417790894 0.0354131535 0.0788364250
7 0.2145868465 0.7407251265 0.0379426644 0.0826306914
5 0.2464165261 0.7445193929 0.0290893761 0.0337268128
5 0.2898397976 0.7497892074 0.0240303541 0.0341483980
5 0.2563237774 0.7147976391 0.0328836425 0.0299325464
5 0.2879426644 0.7147976391 0.0354131535 0.0341483980
5 0.3235666105 0.7135328836 0.0383642496 0.0375210793
5 0.3579258010 0.7249156830 0.0337268128 0.0619730185
1 0.4584738617 0.7234401349 0.0619730185 0.0581787521
5 0.3920741990 0.7325042159 0.0345699831 0.0737774030
1 0.5236087690 0.7232293423 0.0716694772 0.0645025295
1 0.6018128162 0.7143760540 0.0779932546 0.0535413153
1 0.6009696459 0.7143760540 0.0813659359 0.0518549747
1 0.6751686341 0.7122681282 0.0746205734 0.0518549747
1 0.7502107926 0.7110033727 0.0746205734 0.0526981450
1 0.8216694772 0.7105817875 0.0691399663 0.0586003373
6 0.8859612142 0.7158516020 0.0628161889 0.0691399663
6 0.9432967960 0.7126897133 0.0661888702 0.0645025295
6 0.9839797639 0.7118465430 0.0320404722 0.0653456998
3 0.0092748735 0.7620151771 0.0185497470 0.0375210793
3 0.0354131535 0.7626475548 0.0396290051 0.0404721754
5 0.2502107926 0.7784569983 0.0282462057 0.0324620573
1 0.4565767285 0.7809865093 0.0657672850 0.0602866779
1 0.5236087690 0.7807757167 0.0682967960 0.0556492411
1 0.5988617201 0.7710792580 0.0670320405 0.0632377740
1 0.6720067454 0.7681281619 0.0801011804 0.0649241147
1 0.7485244519 0.7666526138 0.0805227656 0.0611298482
1 0.8244097808 0.7655986509 0.0746205734 0.0615514334
6 0.8965008432 0.7807757167 0.0695615514 0.0674536256
6 0.9593170320 0.7797217538 0.0712478921 0.0704047218
6 0.9917790894 0.7797217538 0.0164418212 0.0712478921
7 0.2129005059 0.9038785835 0.0345699831 0.0387858347
7 0.2504215852 0.9040893761 0.0446880270 0.0383642496
7 0.2896290051 0.9028246206 0.0396290051 0.0400505902
1 0.7432546374 0.9015598651 0.0725126476 0.0619730185
7 0.0113827993 0.9395025295 0.0227655987 0.0940134907
7 0.0798903879 0.9300168634 0.0316188870 0.0801011804
7 0.0522765599 0.9331787521 0.0244519393 0.0847386172
7 0.1458684654 0.9255902192 0.0430016863 0.0754637437
7 0.1119308600 0.9255902192 0.0408937605 0.0746205734
7 0.2152192243 0.9420320405 0.0349915683 0.0425801012
7 0.1808600337 0.9188448567 0.0370994941 0.0653456998
7 0.2514755481 0.9413996627 0.0459527825 0.0430016863
7 0.2951096121 0.9388701518 0.0430016863 0.0430016863
7 0.2740303541 0.9696458685 0.0404721754 0.0227655987
7 0.3136593592 0.9597386172 0.0354131535 0.0341483980
1 0.4116779089 0.9137858347 0.0678752108 0.0628161889
1 0.4139966273 0.9713322091 0.0657672850 0.0573355818
1 0.4766020236 0.9681703204 0.0670320405 0.0636593592
1 0.4755480607 0.9085160202 0.0623946037 0.0573355818
1 0.5413153457 0.9118887015 0.0691399663 0.0708263069
1 0.6146711636 0.9706998314 0.0657672850 0.0586003373
1 0.6747470489 0.9051433390 0.0670320405 0.0522765599
1 0.6098229342 0.9095699831 0.0678752108 0.0695615514
1 0.6800168634 0.9666947723 0.0674536256 0.0666104553
1 0.7466273187 0.9669055649 0.0666104553 0.0661888702
1 0.8128161889 0.9055649241 0.0708263069 0.0615514334
1 0.8119730185 0.9681703204 0.0699831366 0.0636593592
6 0.8901770658 0.9357082631 0.0712478921 0.1285834739
6 0.9557335582 0.9365514334 0.0733558179 0.1268971332
6 0.9924114671 0.9338111298 0.0151770658 0.1290050590
1 0.5493254637 0.9723861720 0.0674536256 0.0552276560
