1 0.0748959778 0.0284327323 0.1497919556 0.0568654646
1 0.2773925104 0.0381414702 0.1636615811 0.0762829404
1 0.4715672677 0.0339805825 0.1331484050 0.0679611650
1 0.6650485437 0.0478502080 0.1678224688 0.0762829404
7 0.8682385576 0.0443828017 0.1386962552 0.0721220527
1 0.0714285714 0.1047156727 0.1428571429 0.1206657420
1 0.2746185853 0.1192787795 0.1636615811 0.1192787795
1 0.4667128988 0.1033287101 0.1289875173 0.0873786408
1 0.6608876560 0.1296809986 0.1650485437 0.0790568655
7 0.8633841886 0.1040221914 0.1400832178 0.0693481276
1 0.0714285714 0.2122052705 0.1428571429 0.1054091540
1 0.2732316227 0.2191400832 0.1608876560 0.1026352288
1 0.4646324549 0.1816920943 0.1303744799 0.0915395284
1 0.6574202497 0.2101248266 0.1636615811 0.0790568655
7 0.8571428571 0.2045769764 0.1414701803 0.1511789182
7 0.9889042996 0.2094313454 0.0221914008 0.0970873786
1 0.0700416089 0.3023578363 0.1400832178 0.1026352288
1 0.2718446602 0.3085991678 0.1553398058 0.0984743412
1 0.4618585298 0.2662968100 0.1303744799 0.0804438280
1 0.6532593620 0.2877947295 0.1636615811 0.0707350902
7 0.9854368932 0.2891816921 0.0291262136 0.0873786408
1 0.0915395284 0.3980582524 0.0859916782 0.0943134535
1 0.2628294036 0.4029126214 0.1595006935 0.0929264910
1 0.4570041609 0.3453536755 0.1289875173 0.0776699029
1 0.6511789182 0.3668515950 0.1650485437 0.0790568655
7 0.8515950069 0.3453536755 0.1442441054 0.1470180305
7 0.9840499307 0.3730929265 0.0319001387 0.0970873786
1 0.0859916782 0.4944521498 0.0915395284 0.0957004161
1 0.3016643551 0.4972260749 0.0818307906 0.0873786408
1 0.2177531207 0.4944521498 0.0832177531 0.0901525659
1 0.4153952843 0.4403606103 0.0568654646 0.1067961165
1 0.4833564494 0.4403606103 0.0735090153 0.1095700416
1 0.6477115118 0.4486823856 0.1581137309 0.0762829404
3 0.8890429958 0.4466019417 0.0499306519 0.0582524272
3 0.8377253814 0.4965325936 0.0527045770 0.0527045770
3 0.8876560333 0.4979195562 0.0471567268 0.0499306519
3 0.8418862691 0.4431345354 0.0499306519 0.0596393897
7 0.9798890430 0.4993065187 0.0402219140 0.1636615811
1 0.0804438280 0.5894590846 0.0915395284 0.0970873786
1 0.2149791956 0.5846047157 0.0832177531 0.0901525659
1 0.4126213592 0.5485436893 0.0540915395 0.1040221914
1 0.4785020804 0.5527045770 0.0721220527 0.1095700416
1 0.6477115118 0.5568654646 0.1581137309 0.1373092926
3 0.8557558946 0.5450762829 0.1081830791 0.0554785021
1 0.2135922330 0.6761442441 0.0859916782 0.0984743412
1 0.3009708738 0.5929264910 0.0776699029 0.0846047157
1 0.4084604716 0.6595006935 0.0568654646 0.0984743412
1 0.4743411928 0.6608876560 0.0776699029 0.1012482663
2 0.9951456311 0.6241331484 0.0097087379 0.0915395284
1 0.0748959778 0.6858529820 0.0998613037 0.0957004161
1 0.2975034674 0.6816920943 0.0818307906 0.0873786408
1 0.4070735090 0.7586685160 0.0624133148 0.0970873786
1 0.4729542302 0.7635228849 0.0748959778 0.1012482663
1 0.6400832178 0.6990291262 0.1567267684 0.1414701803
8 0.8384188627 0.6851595007 0.1345353675 0.2219140083
2 0.9923717060 0.7066574202 0.0152565881 0.0957004161
1 0.0742024965 0.7801664355 0.0929264910 0.0929264910
1 0.2073509015 0.7753120666 0.0818307906 0.0970873786
1 0.2912621359 0.7732316227 0.0804438280 0.0984743412
1 0.6289875173 0.8391123440 0.1567267684 0.1414701803
8 0.8307905687 0.8543689320 0.1331484050 0.1137309293
2 0.9909847434 0.8349514563 0.0180305132 0.1692094313
1 0.0679611650 0.8737864078 0.0943134535 0.0915395284
1 0.2018030513 0.8737864078 0.0846047157 0.0943134535
1 0.2877947295 0.8710124827 0.0818307906 0.0887656033
1 0.4036061026 0.8633841886 0.0665742025 0.1040221914
1 0.4680998613 0.8613037448 0.0707350902 0.1026352288
