0 0.1407110666 0.0030045068 0.0851276915 0.0060090135
0 0.3670505759 0.0247871808 0.1762643966 0.0495743615
0 0.5818728092 0.0090135203 0.0701051577 0.0180270406
0 0.6532298448 0.0225338007 0.0716074111 0.0450676014
0 0.8172258388 0.0085127692 0.1251877817 0.0170255383
0 0.0560841262 0.0453179770 0.0911367051 0.0906359539
0 0.3738107161 0.0823735603 0.1547320981 0.1096644967
0 0.8169754632 0.0543314972 0.1316975463 0.1036554832
0 0.0493239860 0.1402103155 0.0986479720 0.1021532298
0 0.1429644467 0.1412118177 0.0976464697 0.0981472208
0 0.3738107161 0.1705057586 0.1617426139 0.1036554832
0 0.6512268403 0.0981472208 0.0676014021 0.1071607411
0 0.8132198297 0.1489734602 0.1251877817 0.1016524787
0 0.0505758638 0.2363545318 0.0991487231 0.0971457186
0 0.1459689534 0.2381071607 0.0976464697 0.1006509765
0 0.3467701552 0.2631447171 0.1066599900 0.1046569855
0 0.6467200801 0.1975463195 0.0696044066 0.0946419629
0 0.8535302954 0.2411116675 0.0555833751 0.0926389584
0 0.7946920381 0.2373560341 0.0721081622 0.0911367051
0 0.0580871307 0.3284927391 0.1011517276 0.0961442163
0 0.1522283425 0.3324987481 0.0911367051 0.0941412118
5 0.3805708563 0.3515272909 0.1562343515 0.0891337006
6 0.6191787682 0.2736604907 0.1296945418 0.0615923886
6 0.6174261392 0.3372558838 0.1281922884 0.0645968953
0 0.7836755133 0.3237356034 0.0761141713 0.0876314472
0 0.8465197797 0.3264897346 0.0615923886 0.0871306960
7 0.9682023035 0.2734101152 0.0635953931 0.0771156735
7 0.9674511768 0.3299949925 0.0650976465 0.0731096645
6 0.6164246370 0.3993490235 0.1281922884 0.0635953931
7 0.8164747121 0.3945918878 0.1186780170 0.0590886329
7 0.9664496745 0.3858287431 0.0671006510 0.0686029044
5 0.1139208813 0.5152729094 0.1657486229 0.1001502253
4 0.3828242364 0.5032548823 0.1527290936 0.0630946420
4 0.6201802704 0.4586880320 0.1186780170 0.0630946420
4 0.6141712569 0.5230345518 0.1306960441 0.0726089134
7 0.8159739609 0.4516775163 0.1156735103 0.0600901352
7 0.8144717076 0.5090135203 0.1106659990 0.0575863796
7 0.9644466700 0.4977466199 0.0711066600 0.0590886329
7 0.9654481723 0.4399098648 0.0691036555 0.0635953931
5 0.1164246370 0.6081622434 0.1637456184 0.0996494742
4 0.3830746119 0.5620931397 0.1512268403 0.0665998998
4 0.6111667501 0.5858788182 0.1216825238 0.0540811217
7 0.8142213320 0.5635953931 0.1141712569 0.0595893841
7 0.9639459189 0.5540811217 0.0721081622 0.0625938908
7 0.9641962944 0.6079118678 0.0716074111 0.0681021532
4 0.0991487231 0.6907861793 0.1982974462 0.0816224337
4 0.3833249875 0.6827741612 0.1487230846 0.0525788683
4 0.3820731097 0.6231847772 0.1552328493 0.0635953931
4 0.6141712569 0.6464697046 0.1266900351 0.0801201803
7 0.8102153230 0.6722583876 0.1151727591 0.0605908863
7 0.8102153230 0.6186780170 0.1131697546 0.0575863796
4 0.1099148723 0.7606409614 0.1877816725 0.0831246870
7 0.3850776164 0.7411116675 0.1452178267 0.0711066600
1 0.6244366550 0.7356034051 0.0971457186 0.1071607411
7 0.8087130696 0.7248372559 0.1131697546 0.0635953931
1 0.8087130696 0.7806710065 0.1091637456 0.0650976465
7 0.1199298948 0.8319979970 0.1617426139 0.0836254382
7 0.3845768653 0.8074611918 0.1412118177 0.0716074111
1 0.6111667501 0.8179769654 0.1216825238 0.0706059089
1 0.8082123185 0.8357536304 0.1051577366 0.0630946420
7 0.1219328993 0.8985978968 0.1637456184 0.0746119179
7 0.3838257386 0.8998497747 0.1487230846 0.1382073110
1 0.6114171257 0.8730595894 0.1231847772 0.0696044066
1 0.6101652479 0.9276414622 0.1226840260 0.0726089134
1 0.8082123185 0.9436654982 0.1051577366 0.0706059089
1 0.8077115674 0.8903355033 0.1021532298 0.0701051577
7 0.1256885328 0.9619429144 0.1502253380 0.0640961442
0 0.3735603405 0.9772158237 0.1612418628 0.0455683525
1 0.6104156234 0.9717075613 0.1221832749 0.0565848773
1 0.6109163746 0.9977466199 0.1231847772 0.0045067601
1 0.8067100651 0.9814722083 0.1131697546 0.0370555834
7 0.1331997997 0.9954932399 0.1552328493 0.0090135203
