1 0.3707349081 0.0866141732 0.0826771654 0.1338582677
1 0.4448818898 0.0643044619 0.0839895013 0.1286089239
2 0.5255905512 0.0728346457 0.1062992126 0.1456692913
2 0.6279527559 0.0728346457 0.1036745407 0.1456692913
2 0.7493438320 0.0544619423 0.1574803150 0.1089238845
2 0.7631233596 0.1404199475 0.1692913386 0.0629921260
7 0.0656167979 0.2709973753 0.1312335958 0.1272965879
7 0.2395013123 0.2939632546 0.1482939633 0.1128608924
1 0.3786089239 0.3129921260 0.0984251969 0.1745406824
1 0.4665354331 0.3103674541 0.0853018373 0.1824146982
1 0.5524934383 0.3051181102 0.0892388451 0.1929133858
1 0.6338582677 0.2979002625 0.0918635171 0.1968503937
1 0.7230971129 0.2972440945 0.0997375328 0.1902887139
1 0.8090551181 0.2965879265 0.1167979003 0.1889763780
7 0.0656167979 0.3996062992 0.1312335958 0.1220472441
7 0.2237532808 0.4251968504 0.1614173228 0.1154855643
1 0.4429133858 0.4927821522 0.0984251969 0.0853018373
1 0.5334645669 0.4927821522 0.0879265092 0.0853018373
1 0.6233595801 0.4908136483 0.0997375328 0.0971128609
1 0.7204724409 0.4895013123 0.0971128609 0.0997375328
1 0.8156167979 0.4888451444 0.0931758530 0.0931758530
7 0.0255905512 0.5984251969 0.0511811024 0.1784776903
7 0.0728346457 0.6003937008 0.0879265092 0.1824146982
7 0.2060367454 0.6003937008 0.0813648294 0.1850393701
7 0.1384514436 0.5977690289 0.0826771654 0.1824146982
7 0.2709973753 0.6010498688 0.0826771654 0.1837270341
1 0.4409448819 0.5787401575 0.0971128609 0.0918635171
1 0.5393700787 0.5780839895 0.0971128609 0.0853018373
1 0.6286089239 0.5702099738 0.0787401575 0.0643044619
1 0.7099737533 0.5774278215 0.0866141732 0.0708661417
1 0.8103674541 0.5721784777 0.1062992126 0.0787401575
7 0.0433070866 0.7217847769 0.0866141732 0.0682414698
7 0.1843832021 0.7283464567 0.1955380577 0.0787401575
1 0.4284776903 0.7454068241 0.0958005249 0.0708661417
1 0.4271653543 0.6673228346 0.0984251969 0.0721784777
1 0.5275590551 0.6909448819 0.0839895013 0.1325459318
1 0.6220472441 0.6876640420 0.0918635171 0.1338582677
1 0.7244094488 0.6876640420 0.1128608924 0.1469816273
1 0.8261154856 0.6870078740 0.1141732283 0.1561679790
7 0.1699475066 0.7985564304 0.1981627297 0.0721784777
7 0.0190288714 0.8799212598 0.0380577428 0.0695538058
7 0.0137795276 0.9488188976 0.0275590551 0.0682414698
7 0.0931758530 0.9101049869 0.1417322835 0.1351706037
7 0.2217847769 0.9107611549 0.1443569554 0.1364829396
1 0.3556430446 0.9206036745 0.1233595801 0.1587926509
1 0.4560367454 0.9179790026 0.0984251969 0.1640419948
1 0.5518372703 0.9179790026 0.0958005249 0.1640419948
1 0.6450131234 0.9173228346 0.1036745407 0.1653543307
1 0.7290026247 0.9166666667 0.0800524934 0.1614173228
1 0.8005249344 0.9153543307 0.0839895013 0.1587926509
1 0.8700787402 0.9192913386 0.0892388451 0.1614173228
