1 0.0130315501 0.0672153635 0.0260631001 0.1344307270
1 0.7530864198 0.0144032922 0.0603566529 0.0288065844
1 0.8024691358 0.0274348422 0.0493827160 0.0548696845
1 0.8600823045 0.0377229081 0.0685871056 0.0754458162
1 0.9156378601 0.0178326475 0.0534979424 0.0356652949
1 0.0727023320 0.0788751715 0.0987654321 0.1577503429
1 0.1508916324 0.1015089163 0.0768175583 0.2030178326
1 0.2222222222 0.0912208505 0.0823045267 0.1824417010
1 0.2894375857 0.1021947874 0.0850480110 0.2043895748
1 0.4266117970 0.0727023320 0.0932784636 0.1042524005
1 0.5006858711 0.1001371742 0.0603566529 0.1069958848
1 0.5685871056 0.1165980796 0.0754458162 0.1015089163
1 0.6893004115 0.1550068587 0.0589849108 0.0905349794
1 0.6316872428 0.1337448560 0.0589849108 0.0864197531
1 0.9163237311 0.0589849108 0.0493827160 0.0795610425
1 0.1790123457 0.2668038409 0.0809327846 0.0836762689
1 0.4019204390 0.2242798354 0.0493827160 0.0891632373
1 0.4917695473 0.2235939643 0.0644718793 0.0823045267
1 0.6015089163 0.2517146776 0.0644718793 0.0781893004
1 0.5480109739 0.2352537723 0.0534979424 0.0781893004
1 0.7997256516 0.1961591221 0.0521262003 0.0823045267
1 0.7441700960 0.1844993141 0.0617283951 0.0973936900
1 0.7345679012 0.2681755830 0.0452674897 0.0946502058
1 0.8484224966 0.2119341564 0.0589849108 0.0727023320
1 0.9101508916 0.2263374486 0.0699588477 0.0768175583
1 0.0864197531 0.2818930041 0.0795610425 0.0781893004
1 0.7805212620 0.2764060357 0.0466392318 0.0781893004
1 0.8264746228 0.2860082305 0.0617283951 0.0781893004
1 0.8923182442 0.2976680384 0.0562414266 0.0823045267
1 0.0082304527 0.5102880658 0.0164609053 0.2139917695
1 0.0521262003 0.5144032922 0.1042524005 0.2085048011
1 0.1433470508 0.5178326475 0.1028806584 0.1989026063
1 0.2297668038 0.5212620027 0.0864197531 0.1920438957
1 0.3024691358 0.5253772291 0.0836762689 0.1865569273
1 0.4375857339 0.5342935528 0.0493827160 0.1632373114
1 0.3950617284 0.5329218107 0.0521262003 0.1659807956
1 0.4890260631 0.5390946502 0.0534979424 0.1591220850
1 0.5370370370 0.5418381344 0.0507544582 0.1508916324
1 0.6248285322 0.5466392318 0.0480109739 0.1522633745
1 0.5816186557 0.5432098765 0.0411522634 0.1536351166
1 0.7503429355 0.5480109739 0.0356652949 0.1330589849
1 0.7866941015 0.5521262003 0.0370370370 0.1193415638
1 0.7256515775 0.5486968450 0.0137174211 0.1399176955
1 0.8196159122 0.5534979424 0.0342935528 0.1165980796
1 0.8600823045 0.5555555556 0.0438957476 0.1179698217
1 0.8998628258 0.5589849108 0.0466392318 0.1220850480
1 0.0507544582 0.7283950617 0.1015089163 0.2304526749
1 0.1323731139 0.7222222222 0.1001371742 0.2153635117
1 0.2208504801 0.7187928669 0.0905349794 0.2085048011
1 0.2983539095 0.7119341564 0.0754458162 0.1975308642
1 0.3868312757 0.7098765432 0.0493827160 0.1851851852
1 0.4320987654 0.7023319616 0.0466392318 0.1728395062
1 0.4807956104 0.6982167353 0.0617283951 0.1673525377
1 0.5308641975 0.6961591221 0.0466392318 0.1577503429
1 0.6193415638 0.6941015089 0.0507544582 0.1508916324
1 0.5685871056 0.6927297668 0.0370370370 0.1508916324
1 0.7524005487 0.6879286694 0.0425240055 0.1412894376
1 0.7901234568 0.6824417010 0.0356652949 0.1412894376
1 0.7290809328 0.6879286694 0.0205761317 0.1412894376
1 0.8223593964 0.6769547325 0.0342935528 0.1303155007
1 0.8552812071 0.6796982167 0.0315500686 0.1275720165
1 0.8196159122 0.8525377229 0.1083676269 0.1659807956
1 0.1577503429 0.9238683128 0.2112482853 0.1522633745
1 0.3319615912 0.9149519890 0.1700960219 0.1700960219
1 0.4773662551 0.9108367627 0.1344307270 0.1783264746
1 0.6021947874 0.8930041152 0.1234567901 0.1920438957
1 0.7105624143 0.8751714678 0.1179698217 0.1838134431
1 0.0384087791 0.9362139918 0.0768175583 0.1275720165
1 0.6049382716 0.9821673525 0.1179698217 0.0356652949
1 0.7174211248 0.9670781893 0.1097393690 0.0658436214
1 0.8127572016 0.9547325103 0.0891632373 0.0905349794
1 0.4766803841 0.9931412894 0.1577503429 0.0137174211
