8 0.1513513514 0.0221621622 0.0475675676 0.0443243243
8 0.1967567568 0.0135135135 0.0475675676 0.0270270270
1 0.2497297297 0.0118918919 0.0713513514 0.0237837838
2 0.5708108108 0.0248648649 0.0756756757 0.0497297297
1 0.6410810811 0.0216216216 0.0735135135 0.0432432432
1 0.7129729730 0.0162162162 0.0767567568 0.0324324324
0 0.2108108108 0.0891891892 0.0497297297 0.0983783784
7 0.2610810811 0.0497297297 0.0572972973 0.0627027027
0 0.2654054054 0.0994594595 0.0616216216 0.0518918919
0 0.3248648649 0.0664864865 0.0572972973 0.1048648649
2 0.4027027027 0.0491891892 0.0983783784 0.0983783784
2 0.4940540541 0.0410810811 0.0951351351 0.0821621622
5 0.1259459459 0.1783783784 0.0702702703 0.0475675676
0 0.1605405405 0.1048648649 0.0637837838 0.0908108108
5 0.1918918919 0.1724324324 0.0594594595 0.0443243243
0 0.3637837838 0.1848648649 0.0659459459 0.1081081081
1 0.4897297297 0.1632432432 0.0583783784 0.1167567568
1 0.4281081081 0.1486486486 0.0627027027 0.0529729730
1 0.5475675676 0.1562162162 0.0572972973 0.1200000000
1 0.6070270270 0.1389189189 0.0616216216 0.1135135135
1 0.6675675676 0.1313513514 0.0659459459 0.1200000000
1 0.7308108108 0.1167567568 0.0627027027 0.1145945946
5 0.1335135135 0.2351351351 0.0378378378 0.0832432432
5 0.2189189189 0.2210810811 0.0335135135 0.0854054054
5 0.1843243243 0.2302702703 0.0400000000 0.0821621622
0 0.2600000000 0.2037837838 0.0529729730 0.0962162162
0 0.3081081081 0.1951351351 0.0475675676 0.0962162162
1 0.4291891892 0.2032432432 0.0605405405 0.0540540541
1 0.5356756757 0.2805405405 0.0659459459 0.0508108108
1 0.6010810811 0.2686486486 0.0648648649 0.0681081081
1 0.6637837838 0.2600000000 0.0627027027 0.0637837838
1 0.7259459459 0.2497297297 0.0572972973 0.0627027027
5 0.1443243243 0.3545945946 0.0291891892 0.0821621622
5 0.1081081081 0.3583783784 0.0324324324 0.0810810811
5 0.1772972973 0.2875675676 0.0389189189 0.0345945946
5 0.1783783784 0.3243243243 0.0432432432 0.0410810811
5 0.1810810811 0.3713513514 0.0378378378 0.0529729730
6 0.2297297297 0.3648648649 0.0508108108 0.0551351351
1 0.2837837838 0.3329729730 0.0594594595 0.1037837838
6 0.2270270270 0.3048648649 0.0583783784 0.0627027027
1 0.3448648649 0.3318918919 0.0670270270 0.1059459459
1 0.4075675676 0.3524324324 0.0497297297 0.0497297297
1 0.4664864865 0.3394594595 0.0724324324 0.0605405405
1 0.5351351351 0.3367567568 0.0691891892 0.0616216216
1 0.5913513514 0.3308108108 0.0497297297 0.0562162162
1 0.6600000000 0.3200000000 0.0637837838 0.0627027027
1 0.7075675676 0.3756756757 0.0681081081 0.0659459459
1 0.7216216216 0.3064864865 0.0551351351 0.0616216216
7 0.1367567568 0.4286486486 0.0616216216 0.0356756757
7 0.1956756757 0.4318918919 0.0562162162 0.0248648649
0 0.2443243243 0.4210810811 0.0432432432 0.0356756757
0 0.2983783784 0.4140540541 0.0627027027 0.0302702703
0 0.4048648649 0.4178378378 0.0378378378 0.0313513514
1 0.4529729730 0.4697297297 0.0605405405 0.1113513514
1 0.5621621622 0.3956756757 0.0648648649 0.0475675676
1 0.5691891892 0.4389189189 0.0572972973 0.0518918919
1 0.6383783784 0.4410810811 0.0724324324 0.0518918919
1 0.6367567568 0.3881081081 0.0778378378 0.0583783784
1 0.7129729730 0.4313513514 0.0724324324 0.0518918919
7 0.1383783784 0.4875675676 0.0627027027 0.0843243243
7 0.1951351351 0.4864864865 0.0551351351 0.0843243243
7 0.1983783784 0.5632432432 0.0421621622 0.0324324324
0 0.2421621622 0.4832432432 0.0497297297 0.0929729730
0 0.3005405405 0.4789189189 0.0691891892 0.1016216216
0 0.4005405405 0.4800000000 0.0443243243 0.0951351351
0 0.3605405405 0.4778378378 0.0486486486 0.1037837838
1 0.5659459459 0.4935135135 0.0616216216 0.0572972973
1 0.6318918919 0.4891891892 0.0616216216 0.0594594595
1 0.7097297297 0.4864864865 0.0681081081 0.0583783784
7 0.1432432432 0.6410810811 0.0270270270 0.0281081081
7 0.1254054054 0.6297297297 0.0216216216 0.0486486486
7 0.1475675676 0.5864864865 0.0248648649 0.0291891892
7 0.2086486486 0.6248648649 0.0237837838 0.0670270270
7 0.1864864865 0.6259459459 0.0248648649 0.0648648649
7 0.1670270270 0.6291891892 0.0183783784 0.0562162162
4 0.2621621622 0.6124324324 0.0508108108 0.1070270270
7 0.2286486486 0.6243243243 0.0205405405 0.0702702703
0 0.3227027027 0.6210810811 0.0745945946 0.0918918919
7 0.3989189189 0.6302702703 0.0800000000 0.0756756757
7 0.4562162162 0.6200000000 0.0410810811 0.1048648649
1 0.5389189189 0.6210810811 0.0421621622 0.0983783784
1 0.4978378378 0.6205405405 0.0378378378 0.0972972973
1 0.6205405405 0.6216216216 0.0454054054 0.1059459459
1 0.5794594595 0.6216216216 0.0432432432 0.0994594595
1 0.6702702703 0.6216216216 0.0518918919 0.1059459459
1 0.7210810811 0.6237837838 0.0518918919 0.1081081081
4 0.1383783784 0.7210810811 0.0389189189 0.1145945946
4 0.1659459459 0.7351351351 0.0356756757 0.0972972973
4 0.1972972973 0.7378378378 0.0313513514 0.0897297297
6 0.2643243243 0.7070270270 0.0594594595 0.0627027027
4 0.2232432432 0.7416216216 0.0313513514 0.0908108108
0 0.1270270270 0.8232432432 0.0508108108 0.0551351351
0 0.1713513514 0.8259459459 0.0486486486 0.0518918919
6 0.2627027027 0.7664864865 0.0562162162 0.0627027027
1 0.3302702703 0.7589189189 0.0789189189 0.0951351351
1 0.4162162162 0.7664864865 0.0864864865 0.0972972973
1 0.4989189189 0.7686486486 0.0918918919 0.1016216216
1 0.5940540541 0.7800000000 0.1005405405 0.1070270270
1 0.6945945946 0.7848648649 0.1005405405 0.1102702703
0 0.1254054054 0.8670270270 0.0454054054 0.0454054054
0 0.1600000000 0.9243243243 0.0410810811 0.0389189189
0 0.2135135135 0.8567567568 0.0464864865 0.0940540541
0 0.1670270270 0.8745945946 0.0464864865 0.0497297297
0 0.2643243243 0.8540540541 0.0551351351 0.1102702703
0 0.3151351351 0.8670270270 0.0594594595 0.1102702703
1 0.4897297297 0.8918918919 0.0929729730 0.1318918919
1 0.5897297297 0.9000000000 0.0983783784 0.1372972973
1 0.6702702703 0.9091891892 0.0583783784 0.1297297297
1 0.7281081081 0.9151351351 0.0616216216 0.1308108108
0 0.0789189189 0.9643243243 0.1081081081 0.0691891892
7 0.2318918919 0.9610810811 0.0508108108 0.0518918919
2 0.3086486486 0.9767567568 0.1135135135 0.0464864865
2 0.0875675676 0.9908108108 0.1686486486 0.0183783784
0 0.3681081081 0.8978378378 0.0529729730 0.0702702703
