1 0.1913513514 0.0340540541 0.0994594595 0.0681081081
1 0.2935135135 0.0335135135 0.1091891892 0.0670270270
1 0.3929729730 0.0362162162 0.0962162162 0.0724324324
1 0.4859459459 0.0372972973 0.0962162162 0.0745945946
1 0.5805405405 0.0335135135 0.0994594595 0.0670270270
1 0.6778378378 0.0329729730 0.1016216216 0.0659459459
6 0.7929729730 0.0724324324 0.1070270270 0.1448648649
6 0.8859459459 0.0735135135 0.0918918919 0.1470270270
6 0.9686486486 0.0756756757 0.0627027027 0.1513513514
1 0.1994594595 0.1205405405 0.1070270270 0.1070270270
1 0.3000000000 0.1156756757 0.1091891892 0.1145945946
1 0.4005405405 0.1183783784 0.0962162162 0.0940540541
1 0.4924324324 0.1151351351 0.1027027027 0.0897297297
1 0.5848648649 0.1113513514 0.0994594595 0.0929729730
1 0.6816216216 0.1086486486 0.1005405405 0.0918918919
1 0.2167567568 0.2221621622 0.1200000000 0.0983783784
1 0.3291891892 0.2205405405 0.1156756757 0.0994594595
1 0.4427027027 0.2200000000 0.1156756757 0.1027027027
1 0.5572972973 0.2162162162 0.1221621622 0.1059459459
1 0.6756756757 0.2037837838 0.1297297297 0.1005405405
1 0.2205405405 0.3140540541 0.1232432432 0.0962162162
1 0.3335135135 0.3124324324 0.1221621622 0.0929729730
1 0.4475675676 0.3118918919 0.1167567568 0.0875675676
1 0.5621621622 0.3091891892 0.1167567568 0.0843243243
1 0.6767567568 0.3005405405 0.1275675676 0.0951351351
5 0.7848648649 0.2681081081 0.0670270270 0.1448648649
5 0.8513513514 0.2702702703 0.0616216216 0.1405405405
5 0.9178378378 0.2670270270 0.0562162162 0.1448648649
5 0.9735135135 0.2681081081 0.0529729730 0.1448648649
1 0.2248648649 0.4551351351 0.1232432432 0.0972972973
1 0.3367567568 0.4848648649 0.1113513514 0.1956756757
1 0.4389189189 0.4832432432 0.1059459459 0.1902702703
1 0.5356756757 0.4762162162 0.1027027027 0.1913513514
1 0.6329729730 0.4713513514 0.1005405405 0.1902702703
5 0.8302702703 0.4783783784 0.0540540541 0.1567567568
5 0.8881081081 0.4789189189 0.0637837838 0.1556756757
5 0.9637837838 0.4783783784 0.0724324324 0.1567567568
1 0.2275675676 0.5459459459 0.1200000000 0.0951351351
5 0.8297297297 0.6362162162 0.0962162162 0.0702702703
5 0.9621621622 0.6340540541 0.0756756757 0.0875675676
5 0.9032432432 0.6189189189 0.0529729730 0.0508108108
1 0.2281081081 0.7610810811 0.1297297297 0.2097297297
1 0.3540540541 0.7616216216 0.1264864865 0.2151351351
1 0.4772972973 0.7583783784 0.1264864865 0.2129729730
1 0.5951351351 0.7443243243 0.1308108108 0.2064864865
1 0.7086486486 0.7443243243 0.1264864865 0.2108108108
5 0.8270270270 0.7210810811 0.0929729730 0.1059459459
5 0.9183783784 0.7248648649 0.1135135135 0.0962162162
5 0.9848648649 0.7264864865 0.0302702703 0.0951351351
5 0.8324324324 0.8313513514 0.0908108108 0.1059459459
5 0.9205405405 0.8562162162 0.0918918919 0.0410810811
5 0.9178378378 0.8118918919 0.0994594595 0.0540540541
2 0.6075675676 0.9551351351 0.1664864865 0.0897297297
5 0.8394594595 0.9340540541 0.0854054054 0.1037837838
5 0.9437837838 0.9448648649 0.1124324324 0.0972972973
1 0.2508108108 0.9740540541 0.1686486486 0.0518918919
