6 0.7497181511 0.0355129651 0.1240135287 0.0710259301
1 0.2198421646 0.0670800451 0.0541149944 0.1183765502
1 0.2807215333 0.0558060879 0.0563697858 0.1116121759
1 0.3776775648 0.0636978579 0.0563697858 0.1273957159
1 0.3325817362 0.0755355130 0.0428410372 0.1127395716
1 0.4334836528 0.0693348365 0.0552423901 0.1161217587
1 0.4915445321 0.0653889515 0.0541149944 0.1127395716
1 0.5439684329 0.0603156708 0.0552423901 0.1161217587
1 0.6009019166 0.0625704622 0.0563697858 0.1138669673
1 0.2192784667 0.1612175874 0.0732807215 0.0766629087
1 0.2942502818 0.1555806088 0.0834272830 0.0834272830
1 0.3754227734 0.1679819617 0.0721533258 0.0721533258
1 0.4464487035 0.1645997745 0.0744081172 0.0744081172
1 0.5208568207 0.1600901917 0.0744081172 0.0789177001
1 0.5952649380 0.1572717024 0.0789177001 0.0732807215
6 0.8765501691 0.1753100338 0.1071025930 0.1567080045
1 0.2232243517 0.2344983089 0.0744081172 0.0676437430
1 0.3010146561 0.2344983089 0.0811724915 0.0766629087
1 0.3765501691 0.2390078918 0.0698985344 0.0676437430
1 0.4487034949 0.2384441939 0.0744081172 0.0665163472
1 0.5231116122 0.2350620068 0.0766629087 0.0755355130
1 0.5952649380 0.2316798196 0.0766629087 0.0710259301
6 0.6944757610 0.1798196167 0.0789177001 0.1612175874
6 0.7705749718 0.1843291995 0.0777903044 0.1567080045
6 0.9588500564 0.1854565953 0.0800450958 0.1657271702
1 0.2390078918 0.3218714769 0.0811724915 0.0687711387
1 0.3224351747 0.3167981962 0.0811724915 0.0676437430
1 0.4098083427 0.3207440812 0.0845546787 0.0755355130
1 0.4983089064 0.3151071026 0.0879368658 0.0665163472
1 0.5879368658 0.3100338219 0.0958286359 0.0744081172
5 0.6747463360 0.3635851184 0.0552423901 0.1228861330
5 0.7249154453 0.3669673055 0.0518602029 0.1183765502
5 0.7784667418 0.3630214205 0.0552423901 0.1240135287
5 0.8923337091 0.3235625705 0.0822998873 0.0428410372
5 0.8934611048 0.3652762120 0.0890642616 0.0405862458
5 0.9695603157 0.3635851184 0.0608793687 0.0439684329
5 0.9706877114 0.3213077790 0.0586245772 0.0360766629
1 0.2406989853 0.3906426156 0.0845546787 0.0687711387
1 0.3207440812 0.3900789177 0.0822998873 0.0698985344
1 0.4103720406 0.3900789177 0.0856820744 0.0676437430
1 0.4983089064 0.3889515220 0.0879368658 0.0698985344
1 0.5879368658 0.3866967306 0.0935738444 0.0721533258
5 0.8258173619 0.3703494927 0.0417136415 0.1161217587
5 0.8923337091 0.4058624577 0.0890642616 0.0428410372
5 0.9678692221 0.4052987599 0.0642615558 0.0394588501
1 0.2344983089 0.4971815107 0.0766629087 0.0676437430
1 0.3162344983 0.5242390079 0.0800450958 0.1443066516
1 0.3934611048 0.5214205186 0.0721533258 0.1364148816
1 0.4684329200 0.5208568207 0.0755355130 0.1420518602
1 0.5445321308 0.5180383315 0.0789177001 0.1476888388
5 0.7220969560 0.5276211950 0.0913190530 0.1240135287
5 0.8100338219 0.5281848929 0.0800450958 0.1228861330
5 0.8821871477 0.5293122886 0.0710259301 0.1228861330
5 0.9492671928 0.5321307779 0.0676437430 0.1240135287
5 0.9937993236 0.5360766629 0.0124013529 0.1228861330
1 0.2406989853 0.5659526494 0.0732807215 0.0676437430
5 0.7474633596 0.6307779030 0.0428410372 0.0349492672
5 0.6888387824 0.6493799324 0.0698985344 0.0518602029
5 0.8173618940 0.6521984216 0.0834272830 0.0665163472
1 0.2412626832 0.7226606539 0.0901916573 0.1420518602
1 0.3241262683 0.7271702368 0.0868094701 0.1488162345
1 0.4143179256 0.7266065389 0.0868094701 0.1386696731
1 0.5028184893 0.7209695603 0.0901916573 0.1431792559
1 0.5879368658 0.7288613303 0.0822998873 0.1431792559
5 0.6764374295 0.7068771139 0.0631341601 0.0766629087
5 0.7508455468 0.7198421646 0.0811724915 0.0710259301
5 0.8331454340 0.7187147689 0.0811724915 0.0687711387
5 0.9069898534 0.7277339346 0.0868094701 0.0687711387
5 0.9081172492 0.6578354002 0.0935738444 0.0732807215
5 0.9757609921 0.7294250282 0.0484780158 0.0676437430
5 0.9791431793 0.6572717024 0.0417136415 0.0676437430
5 0.6736189402 0.7863585118 0.0642615558 0.0890642616
5 0.7452085682 0.8111612176 0.0721533258 0.0326944758
5 0.7452085682 0.7773393461 0.0766629087 0.0394588501
5 0.9520856821 0.8072153326 0.0958286359 0.0789177001
1 0.2547914318 0.8754227734 0.0901916573 0.1634723788
5 0.6803833145 0.8697857948 0.0642615558 0.0710259301
5 0.7581736189 0.8821871477 0.1003382187 0.0845546787
5 0.8596392334 0.8573844419 0.0980834273 0.1521984216
5 0.9515219842 0.8833145434 0.0969560316 0.0777903044
7 0.2655016911 0.9943630214 0.0868094701 0.0112739572
5 0.6837655017 0.9520856821 0.0822998873 0.0958286359
5 0.7671927847 0.9656144307 0.0980834273 0.0687711387
5 0.8602029312 0.9678692221 0.0924464487 0.0642615558
5 0.9408117249 0.9673055242 0.0800450958 0.0653889515
5 0.9904171364 0.9678692221 0.0191657272 0.0642615558
