5 0.0880376344 0.0268817204 0.0443548387 0.0537634409
5 0.2446236559 0.0194892473 0.0672043011 0.0389784946
5 0.3111559140 0.0221774194 0.0685483871 0.0443548387
4 0.9106182796 0.0215053763 0.1787634409 0.0430107527
5 0.0120967742 0.0517473118 0.0241935484 0.1034946237
5 0.0873655914 0.0934139785 0.0456989247 0.0846774194
5 0.1451612903 0.0275537634 0.0618279570 0.0551075269
5 0.1458333333 0.0967741935 0.0604838710 0.0779569892
5 0.2439516129 0.0793010753 0.0658602151 0.0833333333
5 0.4368279570 0.0557795699 0.0456989247 0.0739247312
5 0.4952956989 0.0537634409 0.0658602151 0.0725806452
5 0.5920698925 0.0470430108 0.0524193548 0.0940860215
5 0.6895161290 0.0436827957 0.0564516129 0.0873655914
5 0.6411290323 0.0443548387 0.0537634409 0.0887096774
4 0.9092741935 0.0846774194 0.1814516129 0.0779569892
5 0.0120967742 0.1579301075 0.0241935484 0.0981182796
5 0.1384408602 0.1767473118 0.0618279570 0.0846774194
5 0.0745967742 0.1787634409 0.0631720430 0.0806451613
5 0.2432795699 0.1666666667 0.0672043011 0.0913978495
5 0.3131720430 0.1639784946 0.0752688172 0.0940860215
5 0.4341397849 0.1283602151 0.0430107527 0.0685483871
5 0.4919354839 0.1243279570 0.0698924731 0.0685483871
5 0.5873655914 0.1397849462 0.0483870968 0.0913978495
5 0.6364247312 0.1350806452 0.0497311828 0.0927419355
5 0.6848118280 0.1323924731 0.0524193548 0.0927419355
4 0.9059139785 0.1612903226 0.1801075269 0.0725806452
5 0.1317204301 0.2594086022 0.0564516129 0.0806451613
5 0.0698924731 0.2614247312 0.0645161290 0.0793010753
5 0.2405913978 0.2547043011 0.0698924731 0.0873655914
5 0.3111559140 0.2547043011 0.0793010753 0.0927419355
5 0.4979838710 0.2002688172 0.0551075269 0.0806451613
5 0.4267473118 0.2694892473 0.1008064516 0.0524193548
5 0.4442204301 0.2009408602 0.0497311828 0.0793010753
5 0.6041666667 0.2547043011 0.0900537634 0.0497311828
5 0.6081989247 0.2069892473 0.0846774194 0.0483870968
5 0.6713709677 0.2278225806 0.0443548387 0.0793010753
4 0.8991935484 0.2385752688 0.1774193548 0.0712365591
4 0.9926075269 0.2352150538 0.0147849462 0.0779569892
3 0.6303763441 0.3353494624 0.0537634409 0.0551075269
3 0.5806451613 0.3366935484 0.0537634409 0.0551075269
4 0.8931451613 0.3131720430 0.1760752688 0.0698924731
4 0.9879032258 0.3098118280 0.0241935484 0.0766129032
1 0.0120967742 0.3870967742 0.0241935484 0.0833333333
1 0.0705645161 0.3702956989 0.0685483871 0.0819892473
1 0.1424731183 0.3696236559 0.0725806452 0.0833333333
1 0.2318548387 0.4422043011 0.0712365591 0.0752688172
1 0.2338709677 0.3642473118 0.0725806452 0.0806451613
1 0.3057795699 0.3642473118 0.0739247312 0.0806451613
1 0.4106182796 0.3629032258 0.0846774194 0.0779569892
1 0.4065860215 0.4401881720 0.0819892473 0.0766129032
1 0.4852150538 0.4381720430 0.0806451613 0.0806451613
3 0.5766129032 0.3884408602 0.0510752688 0.0510752688
3 0.6008064516 0.4348118280 0.1021505376 0.0470430108
3 0.6270161290 0.3864247312 0.0524193548 0.0497311828
4 0.8870967742 0.3817204301 0.1774193548 0.0725806452
4 0.9858870968 0.3830645161 0.0282258065 0.0752688172
1 0.0114247312 0.4758064516 0.0228494624 0.0779569892
1 0.1330645161 0.4556451613 0.0672043011 0.0833333333
1 0.0672043011 0.4556451613 0.0672043011 0.0860215054
1 0.2311827957 0.5188172043 0.0698924731 0.0752688172
1 0.3037634409 0.4435483871 0.0725806452 0.0779569892
1 0.4005376344 0.5154569892 0.0725806452 0.0766129032
1 0.3024193548 0.5208333333 0.0725806452 0.0739247312
1 0.4778225806 0.5174731183 0.0793010753 0.0779569892
1 0.6149193548 0.4798387097 0.1384408602 0.0591397849
4 0.8844086022 0.4529569892 0.1801075269 0.0698924731
4 0.9825268817 0.4543010753 0.0349462366 0.0698924731
1 0.0120967742 0.5645161290 0.0241935484 0.0779569892
1 0.1431451613 0.5389784946 0.0739247312 0.0833333333
1 0.0712365591 0.5376344086 0.0698924731 0.0806451613
1 0.2291666667 0.5934139785 0.0685483871 0.0766129032
1 0.3965053763 0.5913978495 0.0725806452 0.0779569892
1 0.3010752688 0.5974462366 0.0725806452 0.0766129032
1 0.4744623656 0.5994623656 0.0833333333 0.0806451613
1 0.6129032258 0.5369623656 0.1424731183 0.0577956989
1 0.6095430108 0.5934139785 0.1384408602 0.0604838710
1 0.8555107527 0.5672043011 0.1518817204 0.1424731183
1 0.9657258065 0.5658602151 0.0685483871 0.1424731183
1 0.0665322581 0.6975806452 0.0631720430 0.0806451613
1 0.1317204301 0.6975806452 0.0672043011 0.0806451613
1 0.0651881720 0.6209677419 0.0604838710 0.0806451613
1 0.1303763441 0.6202956989 0.0672043011 0.0766129032
1 0.2298387097 0.6680107527 0.0672043011 0.0645161290
1 0.3958333333 0.6693548387 0.0712365591 0.0752688172
1 0.3017473118 0.6706989247 0.0739247312 0.0725806452
1 0.4690860215 0.6754032258 0.0806451613 0.0739247312
1 0.6048387097 0.6485215054 0.1370967742 0.0577956989
1 0.1276881720 0.7647849462 0.0618279570 0.0537634409
1 0.0645161290 0.7620967742 0.0591397849 0.0456989247
1 0.2365591398 0.7412634409 0.0752688172 0.0712365591
1 0.3951612903 0.7446236559 0.0725806452 0.0752688172
1 0.4663978495 0.7486559140 0.0752688172 0.0725806452
8 0.6135752688 0.7419354839 0.1518817204 0.0940860215
1 0.8521505376 0.7076612903 0.1559139785 0.1465053763
1 0.9596774194 0.7096774194 0.0806451613 0.1424731183
1 0.2278225806 0.8145161290 0.0631720430 0.0752688172
1 0.2943548387 0.8225806452 0.0672043011 0.0779569892
1 0.3924731183 0.8172043011 0.0698924731 0.0833333333
1 0.4616935484 0.8245967742 0.0712365591 0.0819892473
8 0.6196236559 0.8528225806 0.1747311828 0.1088709677
1 0.8413978495 0.8427419355 0.1424731183 0.1317204301
1 0.9522849462 0.8521505376 0.0954301075 0.1424731183
1 0.2318548387 0.8911290323 0.0524193548 0.0564516129
1 0.3884408602 0.8991935484 0.0698924731 0.0833333333
1 0.2983870968 0.8911290323 0.0698924731 0.0725806452
1 0.4596774194 0.9012096774 0.0725806452 0.0846774194
1 0.3897849462 0.9663978495 0.0672043011 0.0672043011
1 0.4583333333 0.9711021505 0.0752688172 0.0577956989
1 0.6095430108 0.9489247312 0.1599462366 0.1021505376
1 0.8326612903 0.9549731183 0.1438172043 0.0900537634
1 0.9529569892 0.9569892473 0.0940860215 0.0860215054
