1 0.1981258367 0.0950468541 0.1686746988 0.1070950469
1 0.3842034806 0.0943775100 0.0803212851 0.0870147256
1 0.4658634538 0.0870147256 0.0803212851 0.0910307898
1 0.5923694779 0.0943775100 0.0816599732 0.1004016064
1 0.6740294511 0.0923694779 0.0816599732 0.0963855422
1 0.7777777778 0.0736278447 0.0803212851 0.0883534137
1 0.8647925033 0.0689424364 0.0910307898 0.0870147256
1 0.9531459170 0.0696117805 0.0937081660 0.0642570281
1 0.0568942436 0.1111111111 0.1137884873 0.1070950469
1 0.4344042838 0.1840696118 0.1700133869 0.0950468541
1 0.7777777778 0.1659973226 0.0910307898 0.0963855422
1 0.8714859438 0.1579651941 0.0990629183 0.0990629183
1 0.9618473896 0.1419009371 0.0763052209 0.0669344043
1 0.1927710843 0.1934404284 0.1767068273 0.1030789826
1 0.5930388220 0.1894243641 0.0829986613 0.0977242303
1 0.6800535475 0.1914323963 0.0803212851 0.0963855422
1 0.7724230254 0.2556894244 0.0803212851 0.0829986613
1 0.8567603748 0.2543507363 0.0856760375 0.0856760375
1 0.9497991968 0.2034805890 0.1004016064 0.0508701473
1 0.9524765730 0.2570281124 0.0950468541 0.0669344043
1 0.1934404284 0.3005354752 0.1646586345 0.1030789826
1 0.4370816600 0.2757697456 0.1619812584 0.0856760375
1 0.5930388220 0.2958500669 0.0803212851 0.1017402945
1 0.6753681392 0.2951807229 0.0896921017 0.1004016064
1 0.7730923695 0.3413654618 0.0789825971 0.0883534137
1 0.8607764391 0.3386880857 0.0883534137 0.0883534137
1 0.9524765730 0.3232931727 0.0950468541 0.0655957162
1 0.2001338688 0.4056224900 0.1700133869 0.1070950469
1 0.4377510040 0.3647925033 0.1686746988 0.0896921017
1 0.5943775100 0.4002677376 0.0829986613 0.1044176707
1 0.6820615797 0.4002677376 0.0789825971 0.1044176707
1 0.7771084337 0.4297188755 0.0896921017 0.0910307898
1 0.8661311914 0.4270414993 0.0937081660 0.0883534137
1 0.9558232932 0.3922356091 0.0883534137 0.0642570281
1 0.1907630522 0.5066934404 0.1700133869 0.0977242303
1 0.4410977242 0.4551539491 0.1753681392 0.0937081660
1 0.5970548862 0.5066934404 0.0856760375 0.1111111111
1 0.6880856760 0.5066934404 0.0883534137 0.1137884873
1 0.7811244980 0.5153949130 0.0843373494 0.0910307898
1 0.8694779116 0.5153949130 0.0870147256 0.0937081660
1 0.9571619813 0.5220883534 0.0856760375 0.0669344043
1 0.9578313253 0.4544846051 0.0843373494 0.0655957162
5 0.0327978581 0.6164658635 0.0655957162 0.0763052209
5 0.1224899598 0.6084337349 0.1057563588 0.0763052209
5 0.2168674699 0.6117804552 0.0910307898 0.0749665328
5 0.6244979920 0.6097724230 0.1459170013 0.0655957162
5 0.0930388220 0.6934404284 0.0388219545 0.0856760375
5 0.1331994645 0.6934404284 0.0468540830 0.0910307898
5 0.2014725569 0.7001338688 0.0843373494 0.0963855422
5 0.3072289157 0.6961178046 0.0414993307 0.0508701473
5 0.2851405622 0.6265060241 0.0615796519 0.0829986613
5 0.4297188755 0.6659973226 0.1472556894 0.1084337349
5 0.6204819277 0.6693440428 0.1405622490 0.0615796519
6 0.8427041499 0.6331994645 0.1914323963 0.0937081660
6 0.9859437751 0.6987951807 0.0281124498 0.1472556894
5 0.0294511379 0.7088353414 0.0589022758 0.1191432396
5 0.2817938420 0.7791164659 0.0789825971 0.0990629183
5 0.4290495315 0.7704149933 0.1459170013 0.0950468541
5 0.6164658635 0.7891566265 0.1378848728 0.0495314592
5 0.6251673360 0.7329317269 0.1472556894 0.0655957162
6 0.8373493976 0.7235609103 0.1860776439 0.0923694779
5 0.0642570281 0.8293172691 0.1285140562 0.1164658635
5 0.2028112450 0.7978580991 0.0816599732 0.0963855422
5 0.4277108434 0.8560910308 0.1459170013 0.0843373494
5 0.5742971888 0.8681392236 0.0508701473 0.1057563588
5 0.6224899598 0.8694779116 0.0481927711 0.1057563588
5 0.6720214190 0.8681392236 0.0508701473 0.0977242303
6 0.8487282463 0.8493975904 0.1847389558 0.1271753681
5 0.0267737617 0.9404283802 0.0535475234 0.1191432396
5 0.0977242303 0.9410977242 0.0937081660 0.1178045515
5 0.1921017403 0.8855421687 0.0816599732 0.1030789826
5 0.2751004016 0.8868808568 0.0870147256 0.1111111111
5 0.4243641232 0.9357429719 0.1472556894 0.0803212851
6 0.8360107095 0.9471218206 0.1967871486 0.0950468541
5 0.1900937082 0.9692101740 0.0803212851 0.0615796519
5 0.2757697456 0.9732262383 0.0803212851 0.0535475234
5 0.4196787149 0.9906291834 0.1459170013 0.0187416332
5 0.5749665328 0.9598393574 0.0468540830 0.0803212851
5 0.6746987952 0.9631860776 0.0428380187 0.0736278447
5 0.6244979920 0.9618473896 0.0522088353 0.0763052209
