7 0.0493468795 0.2046444122 0.0986937591 0.0551523948
7 0.0515239478 0.2677793904 0.1030478955 0.0595065312
3 0.1654571843 0.1973875181 0.1364296081 0.0609579100
3 0.1741654572 0.2619738752 0.1364296081 0.0624092888
7 0.2837445573 0.2111756168 0.1146589260 0.1640058055
0 0.3933236575 0.1872278665 0.1132075472 0.2119013062
0 0.4949201742 0.1959361393 0.0957910015 0.1973875181
0 0.5928882438 0.1850507983 0.1059506531 0.2162554427
0 0.7046444122 0.1814223512 0.1204644412 0.2148040639
0 0.8214804064 0.1901306241 0.1306240929 0.1973875181
0 0.9419448476 0.1857764877 0.1161103048 0.1944847605
1 0.0950653120 0.3628447025 0.1233671988 0.0986937591
7 0.2336719884 0.4165457184 0.1277213353 0.1886792453
7 0.3730043541 0.3722786647 0.1509433962 0.0972423803
7 0.5087082729 0.3875181422 0.1059506531 0.0841799710
7 0.6328011611 0.3904208999 0.1248185776 0.0928882438
7 0.7452830189 0.4042089985 0.0943396226 0.1930333817
7 0.8519593614 0.4042089985 0.1044992743 0.1959361393
1 0.1124818578 0.4687953556 0.1262699565 0.0928882438
7 0.3751814224 0.4644412192 0.1523947750 0.0928882438
7 0.5101596517 0.4673439768 0.1088534107 0.0696661829
7 0.6291727141 0.4702467344 0.1233671988 0.0783744557
6 0.0747460087 0.6182873730 0.1117561684 0.1944847605
6 0.2365747460 0.6429608128 0.2264150943 0.1480406386
6 0.4557329463 0.6364296081 0.2148040639 0.1465892598
6 0.6719883890 0.6313497823 0.2177068215 0.1422351234
1 0.8258345428 0.6429608128 0.0957910015 0.1015965167
1 0.8940493469 0.6386066763 0.0435413643 0.1103047896
1 0.3708272859 0.7583454282 0.0972423803 0.0914368650
1 0.4644412192 0.7539912917 0.0957910015 0.0856313498
1 0.5573294630 0.7481857765 0.0928882438 0.0798258345
1 0.7539912917 0.7743105951 0.1001451379 0.0449927431
1 0.8584905660 0.7481857765 0.1030478955 0.0885341074
1 0.2039187228 0.9600870827 0.1001451379 0.0798258345
1 0.3236574746 0.9535558781 0.0986937591 0.0928882438
1 0.4187227866 0.9629898403 0.1088534107 0.0740203193
1 0.5239477504 0.9513788099 0.1074020319 0.0972423803
1 0.6378809869 0.9506531205 0.1175616836 0.0986937591
1 0.7496371553 0.9499274311 0.1146589260 0.1001451379
1 0.8744557329 0.9484760522 0.1117561684 0.1030478955
1 0.1480406386 0.8185776488 0.1132075472 0.1799709724
1 0.2735849057 0.7626995646 0.0972423803 0.0885341074
