7 0.9916067146 0.1702637890 0.0167865707 0.1055155875
0 0.0389688249 0.2266187050 0.0779376499 0.1031175060
0 0.0413669065 0.3297362110 0.0827338129 0.1079136691
7 0.1780575540 0.3045563549 0.1618705036 0.0863309353
1 0.3752997602 0.3261390887 0.0839328537 0.0791366906
1 0.3717026379 0.2697841727 0.0911270983 0.0359712230
1 0.4622302158 0.2991606715 0.0731414868 0.0851318945
1 0.6570743405 0.2859712230 0.1438848921 0.0923261391
7 0.9904076739 0.2619904077 0.0191846523 0.1043165468
7 0.1780575540 0.3926858513 0.1594724221 0.0779376499
1 0.4838129496 0.3854916067 0.0371702638 0.0827338129
1 0.6642685851 0.3890887290 0.1534772182 0.0947242206
7 0.9274580336 0.3920863309 0.0683453237 0.0791366906
0 0.0413669065 0.4262589928 0.0827338129 0.0995203837
6 0.3657074341 0.4532374101 0.1175059952 0.1798561151
1 0.6624700240 0.4814148681 0.1474820144 0.0971223022
7 0.9844124700 0.4790167866 0.0311750600 0.1930455635
0 0.0431654676 0.5185851319 0.0863309353 0.0875299760
7 0.1666666667 0.4856115108 0.0767386091 0.1031175060
7 0.2326139089 0.4886091127 0.0647482014 0.1019184652
1 0.4622302158 0.5479616307 0.0659472422 0.0767386091
7 0.9022781775 0.5227817746 0.0827338129 0.0671462830
0 0.0437649880 0.5995203837 0.0875299760 0.0791366906
7 0.1642685851 0.5881294964 0.0695443645 0.0875299760
7 0.2302158273 0.5869304556 0.0575539568 0.0899280576
6 0.3699040767 0.6318944844 0.1211031175 0.1774580336
1 0.4670263789 0.6247002398 0.0707434053 0.0791366906
1 0.6570743405 0.5755395683 0.1342925659 0.0887290168
0 0.0431654676 0.6834532374 0.0863309353 0.0935251799
7 0.1516786571 0.7002398082 0.0803357314 0.1247002398
7 0.2278177458 0.6984412470 0.0767386091 0.1258992806
1 0.4706235012 0.7020383693 0.0755395683 0.0803357314
1 0.6798561151 0.6624700240 0.1414868106 0.0899280576
7 0.9262589928 0.6384892086 0.1474820144 0.1762589928
7 0.0431654676 0.7739808153 0.0863309353 0.0947242206
1 0.4742206235 0.7823741007 0.0731414868 0.0803357314
1 0.6672661871 0.7410071942 0.1474820144 0.0815347722
3 0.0605515588 0.8645083933 0.0515587530 0.1127098321
7 0.1882494005 0.8153477218 0.1558752998 0.1055155875
6 0.3752997602 0.8129496403 0.1223021583 0.1870503597
1 0.6738609113 0.8399280576 0.1390887290 0.0827338129
3 0.0161870504 0.8717026379 0.0323741007 0.1127098321
1 0.1438848921 0.9304556355 0.0815347722 0.1031175060
1 0.2314148681 0.9154676259 0.0767386091 0.1043165468
1 0.5203836930 0.8860911271 0.1486810552 0.0935251799
7 0.0653477218 0.9616306954 0.0491606715 0.0767386091
7 0.0179856115 0.9634292566 0.0359712230 0.0731414868
6 0.3549160671 0.9466426859 0.1606714628 0.0923261391
