7 0.2372335151 0.0334655429 0.0758552305 0.0322260783
7 0.2342588002 0.0128904313 0.0748636589 0.0257808627
4 0.3671294001 0.0176003966 0.0937035201 0.0352007933
4 0.5287555776 0.0101636093 0.0897372335 0.0203272186
4 0.5094199306 0.0270203272 0.1234506693 0.0480912246
7 0.6303916708 0.0156172533 0.0649479425 0.0312345067
7 0.6960832920 0.0151214675 0.0664353000 0.0302429351
7 0.7734258800 0.0210708974 0.0416460089 0.0312345067
7 0.8140803173 0.0180961824 0.0475954388 0.0361923649
7 0.8547347546 0.0228061477 0.0436291522 0.0456122955
7 0.2206246901 0.1175012395 0.0932077343 0.0366881507
7 0.2335151215 0.0909766981 0.0674268716 0.0352007933
7 0.2330193356 0.0627169063 0.0763510164 0.0361923649
4 0.3629152206 0.0485870104 0.0912245910 0.0446207238
4 0.3594447199 0.0889935548 0.0951908775 0.0470996529
1 0.5004957858 0.1090728805 0.0500743679 0.0644521567
7 0.5282597918 0.0624690134 0.0907288052 0.0416460089
1 0.5488349033 0.1172533466 0.0466038671 0.0649479425
7 0.6301437779 0.0580069410 0.0347050074 0.0515617253
7 0.6695587506 0.0775904809 0.0451165097 0.0500743679
7 0.7097174021 0.0845314824 0.0381755082 0.0451165097
7 0.7082300446 0.0490827962 0.0480912246 0.0396628656
7 0.8259791770 0.1140307387 0.1140307387 0.0634605850
7 0.8232523550 0.0634605850 0.1115518096 0.0604858701
7 0.1403073872 0.1435299950 0.0793257313 0.0332176500
7 0.1613782846 0.1879028260 0.0609816559 0.0287555776
7 0.2183936539 0.1484878532 0.0788299455 0.0352007933
7 0.2216162618 0.1794744670 0.0743678731 0.0356965791
4 0.3455627169 0.1291522062 0.1031234507 0.0520575112
4 0.3408527516 0.1750123946 0.1065939514 0.0555280119
1 0.4529003471 0.1668319286 0.0530490828 0.0689142291
1 0.5418939018 0.1799702529 0.0386712940 0.0604858701
1 0.5004957858 0.1720376797 0.0500743679 0.0604858701
1 0.6846802181 0.1874070402 0.0892414477 0.0733763014
1 0.6809618245 0.1341100645 0.0946950917 0.0689142291
7 0.8227565692 0.1631135350 0.1065939514 0.0704015865
7 0.1641051066 0.2429350521 0.0327218642 0.0396628656
7 0.1643529995 0.2102131879 0.0689142291 0.0337134358
1 0.2042637581 0.2818542390 0.0813088746 0.0352007933
7 0.1988101140 0.2424392662 0.0406544373 0.0347050074
7 0.2228557263 0.2117005454 0.0589985126 0.0327218642
7 0.2320277640 0.2434308379 0.0337134358 0.0376797224
1 0.3319286068 0.2714427367 0.0887456619 0.0500743679
4 0.3358948934 0.2260783342 0.1036192365 0.0585027268
1 0.4499256321 0.2297967278 0.0510659395 0.0669310858
1 0.4985126425 0.2332672286 0.0480912246 0.0639563708
1 0.4866137828 0.2912741696 0.0609816559 0.0599900843
1 0.5423896877 0.2399603371 0.0416460089 0.0614774417
1 0.6797223599 0.2444224095 0.0882498761 0.0713931582
1 0.8279623203 0.2627664849 0.1150223104 0.0505701537
1 0.8277144274 0.2156668319 0.1165096678 0.0555280119
1 0.1720376797 0.3492811106 0.1011403074 0.1115518096
1 0.3267228557 0.3584531482 0.0892414477 0.0475954388
1 0.3306891423 0.3170550322 0.0852751611 0.0421417947
1 0.4779375310 0.3542389688 0.0614774417 0.0699058007
1 0.5413981160 0.2972235994 0.0495785821 0.0530490828
1 0.5344571145 0.3582052553 0.0575111552 0.0679226574
1 0.6849281111 0.3648983639 0.0937035201 0.0624690134
1 0.6809618245 0.3036688151 0.1036192365 0.0679226574
1 0.8487853247 0.3301933565 0.0862667328 0.0991571641
1 0.1608824988 0.4558750620 0.0986613783 0.1155180962
1 0.3296975706 0.4048091225 0.1041150223 0.0470996529
1 0.3259791770 0.4464551314 0.1056023798 0.0480912246
1 0.4789291026 0.4224095191 0.0575111552 0.0674268716
1 0.5329697571 0.4258800198 0.0515617253 0.0694100149
1 0.6871591472 0.4204263758 0.0991571641 0.0624690134
1 0.8512642538 0.4496777392 0.0922161626 0.0515617253
1 0.8534952900 0.4005949430 0.0917203768 0.0594942985
1 0.3212692117 0.4920674269 0.1041150223 0.0510659395
1 0.3190381755 0.5409023302 0.1075855231 0.0485870104
1 0.5389191869 0.4918195340 0.0485870104 0.0624690134
1 0.4848785325 0.4885969261 0.0614774417 0.0649479425
1 0.6854238969 0.4781854239 0.0976698066 0.0629647992
1 0.6874070402 0.5413981160 0.1026276648 0.0674268716
1 0.8527516113 0.4990084284 0.0813088746 0.0520575112
1 0.1289043133 0.5696579078 0.1546851760 0.1170054536
1 0.3135845315 0.5877540902 0.1036192365 0.0490827962
1 0.4781854239 0.5530490828 0.0619732276 0.0669310858
0 0.5047099653 0.6209717402 0.1130391671 0.0699058007
1 0.5349529003 0.5570153694 0.0525532970 0.0669310858
0 0.6941001487 0.6046108081 0.0347050074 0.0669310858
1 0.8539910759 0.5550322261 0.0897372335 0.0580069410
1 0.8562221120 0.6132870600 0.0912245910 0.0594942985
7 0.1251859197 0.6658403570 0.1016360932 0.0565195835
7 0.3019335647 0.6410510659 0.1100644522 0.0594942985
0 0.4747149232 0.6945959346 0.0689142291 0.0743678731
0 0.5354486862 0.6926127913 0.0515617253 0.0733763014
0 0.6608824988 0.6745166088 0.0644521567 0.0798215171
0 0.7097174021 0.6752602876 0.0342092216 0.0763510164
0 0.8614278632 0.6772434308 0.0907288052 0.0704015865
7 0.1140307387 0.7273177987 0.1070897372 0.0624690134
7 0.2954883490 0.7260783342 0.1160138820 0.1145265245
0 0.4281110560 0.7684680218 0.0540406544 0.0713931582
0 0.5081804660 0.7706990580 0.1041150223 0.0827962320
0 0.6807139316 0.7578086267 0.0981655925 0.0877540902
0 0.8641546852 0.7473971244 0.0961824492 0.0708973723
7 0.1021318790 0.8150718889 0.1318790283 0.1209717402
7 0.2954883490 0.8284581061 0.1100644522 0.0991571641
0 0.5052057511 0.8490332176 0.1051065940 0.0837878037
0 0.6879028260 0.8413485374 0.0847793753 0.0852751611
0 0.8936539415 0.8173029251 0.0431333664 0.0718889440
0 0.8425880020 0.8187902826 0.0629647992 0.0689142291
7 0.0919682697 0.9355478433 0.1264253842 0.1239464551
7 0.2739216658 0.9442240952 0.1184928111 0.1115518096
0 0.4724838870 0.9325731284 0.0694100149 0.0892414477
0 0.5337134358 0.9323252355 0.0560237977 0.0917203768
0 0.7156668319 0.9144769460 0.0371839365 0.0808130887
0 0.9058006941 0.9623202776 0.0337134358 0.0753594447
0 0.8619236490 0.9628160635 0.0570153694 0.0743678731
0 0.8963807635 0.8882002975 0.0505701537 0.0689142291
0 0.8425880020 0.8901834408 0.0659395141 0.0728805156
7 0.0790778384 0.9960337134 0.1175012395 0.0079325731
0 0.4070401587 0.9871095687 0.0674268716 0.0257808627
0 0.4920674269 0.9856222112 0.1085770947 0.0287555776
0 0.6836886465 0.9665344571 0.0961824492 0.0669310858
