1 0.3041894353 0.2604735883 0.2185792350 0.3533697632
1 0.5163934426 0.2613843352 0.2131147541 0.3624772313
1 0.7240437158 0.2559198543 0.2131147541 0.3588342441
1 0.9061930783 0.2322404372 0.1876138434 0.3479052823
2 0.9016393443 0.6165755920 0.1967213115 0.2094717668
1 0.3424408015 0.7386156648 0.2841530055 0.3260473588
7 0.3633879781 0.9253187614 0.1985428051 0.0874316940
2 0.9134790528 0.8224043716 0.1730418944 0.2094717668
7 0.3497267760 0.9772313297 0.2112932605 0.0455373406
7 0.5683060109 0.9690346084 0.2367941712 0.0619307832
7 0.8087431694 0.9499089253 0.2367941712 0.0892531876
