1 0.0534262485 0.1533101045 0.0650406504 0.0627177700
1 0.1126596980 0.1608594657 0.0580720093 0.0638792102
1 0.0522648084 0.2200929152 0.0627177700 0.0731707317
1 0.1916376307 0.2288037166 0.0603948897 0.0627177700
1 0.1138211382 0.2218350755 0.0603948897 0.0720092915
1 0.2491289199 0.2288037166 0.0452961672 0.0487804878
1 0.0505226481 0.2862950058 0.0615563298 0.0708478513
1 0.1103368177 0.2926829268 0.0603948897 0.0720092915
1 0.1951219512 0.2880371661 0.0580720093 0.0673635308
1 0.2526132404 0.2950058072 0.0545876887 0.0650406504
1 0.0464576074 0.3519163763 0.0650406504 0.0627177700
1 0.1080139373 0.3554006969 0.0627177700 0.0650406504
1 0.2450638792 0.3583042973 0.0650406504 0.0615563298
1 0.3943089431 0.3403019744 0.0499419280 0.0394889663
1 0.3391405343 0.3379790941 0.0534262485 0.0464576074
1 0.0441347271 0.4152148664 0.0696864111 0.0638792102
1 0.1887340302 0.4192799071 0.0638792102 0.0627177700
1 0.1074332172 0.4204413473 0.0615563298 0.0650406504
1 0.2508710801 0.4216027875 0.0580720093 0.0557491289
1 0.3919860627 0.3960511034 0.0545876887 0.0696864111
1 0.3356562137 0.3960511034 0.0580720093 0.0696864111
1 0.3931475029 0.4622531940 0.0522648084 0.0696864111
1 0.3373983740 0.4628339141 0.0569105691 0.0662020906
1 0.0394889663 0.4808362369 0.0720092915 0.0696864111
1 0.1893147503 0.4825783972 0.0627177700 0.0662020906
1 0.1068524971 0.4878048780 0.0627177700 0.0673635308
1 0.2514518002 0.4860627178 0.0592334495 0.0662020906
1 0.3257839721 0.5331010453 0.0638792102 0.0720092915
1 0.3879210221 0.5342624855 0.0603948897 0.0696864111
1 0.4581881533 0.5110336818 0.0592334495 0.0673635308
1 0.0365853659 0.5516840883 0.0685249710 0.0673635308
1 0.1881533101 0.5487804878 0.0627177700 0.0638792102
1 0.1033681765 0.5534262485 0.0627177700 0.0662020906
1 0.1869918699 0.6155632985 0.0627177700 0.0673635308
1 0.2497096400 0.5505226481 0.0603948897 0.0650406504
1 0.3344947735 0.6051103368 0.0580720093 0.0720092915
1 0.3914053426 0.6051103368 0.0580720093 0.0743321719
1 0.4628339141 0.5876887340 0.0662020906 0.0673635308
1 0.0325203252 0.6202090592 0.0650406504 0.0696864111
1 0.0981416957 0.6184668990 0.0708478513 0.0662020906
1 0.0946573751 0.6852497096 0.0731707317 0.0673635308
1 0.1852497096 0.6840882695 0.0638792102 0.0696864111
1 0.2473867596 0.6840882695 0.0627177700 0.0696864111
1 0.2491289199 0.6167247387 0.0615563298 0.0650406504
1 0.3885017422 0.6788617886 0.0592334495 0.0708478513
1 0.3263646922 0.6794425087 0.0627177700 0.0720092915
1 0.4593495935 0.6643437863 0.0615563298 0.0720092915
1 0.5238095238 0.6742160279 0.0557491289 0.0592334495
1 0.6730545877 0.6806039489 0.0360046458 0.0627177700
5 0.0656213705 0.8252032520 0.0429732869 0.0685249710
5 0.0807200929 0.7659698026 0.0871080139 0.0452961672
5 0.0214866434 0.8257839721 0.0429732869 0.0696864111
5 0.1811846690 0.7787456446 0.0673635308 0.0801393728
5 0.2415795587 0.7787456446 0.0603948897 0.0754936121
5 0.3356562137 0.7746806039 0.0487804878 0.0696864111
5 0.3890824623 0.7729384437 0.0557491289 0.0685249710
5 0.5063879210 0.7810685250 0.0348432056 0.0801393728
5 0.6190476190 0.7770034843 0.1091753775 0.0789779326
5 0.7421602787 0.7758420441 0.0975609756 0.0766550523
5 0.8867595819 0.7700348432 0.0406504065 0.0720092915
5 0.7996515679 0.7752613240 0.0197444832 0.0778164925
5 0.0743321719 0.8879210221 0.0371660859 0.0592334495
5 0.0272938444 0.8914053426 0.0545876887 0.0592334495
5 0.1794425087 0.8571428571 0.0638792102 0.0813008130
5 0.2392566783 0.8548199768 0.0580720093 0.0789779326
5 0.3298490128 0.8461091754 0.0534262485 0.0731707317
5 0.3850174216 0.8443670151 0.0545876887 0.0696864111
5 0.4576074332 0.8623693380 0.0580720093 0.0847851336
5 0.5063879210 0.8646922184 0.0418118467 0.0824622532
5 0.6225319396 0.8629500581 0.1114982578 0.0882694541
5 0.7468060395 0.8548199768 0.0998838560 0.0813008130
5 0.8896631823 0.9117305459 0.0394889663 0.0673635308
5 0.8013937282 0.8513356562 0.0232288037 0.0789779326
5 0.8861788618 0.8420441347 0.0418118467 0.0743321719
5 0.0249709640 0.9523809524 0.0499419280 0.0627177700
5 0.0720092915 0.9506387921 0.0394889663 0.0638792102
5 0.2386759582 0.9303135889 0.0569105691 0.0720092915
5 0.3240418118 0.9756097561 0.0534262485 0.0487804878
5 0.3739837398 0.9181184669 0.0394889663 0.0731707317
5 0.3234610918 0.9152148664 0.0522648084 0.0673635308
5 0.4593495935 0.9547038328 0.0615563298 0.0905923345
5 0.5081300813 0.9512195122 0.0406504065 0.0882694541
5 0.6265969803 0.9518002323 0.1173054588 0.0917537747
5 0.7531939605 0.9390243902 0.1056910569 0.0824622532
5 0.8275261324 0.9355400697 0.0360046458 0.0824622532
5 0.8977932636 0.9756097561 0.0487804878 0.0487804878
5 0.9477351916 0.9767711963 0.0534262485 0.0464576074
5 0.1806039489 0.9802555168 0.0592334495 0.0394889663
5 0.2386759582 0.9825783972 0.0569105691 0.0348432056
5 0.3734030197 0.9761904762 0.0383275261 0.0476190476
5 0.7566782811 0.9912891986 0.1056910569 0.0174216028
5 0.8298490128 0.9895470383 0.0406504065 0.0209059233
