1 0.8865914787 0.0175438596 0.2268170426 0.0350877193
7 0.0576441103 0.2061403509 0.1152882206 0.2994987469
7 0.2669172932 0.2606516291 0.2506265664 0.2781954887
7 0.5256892231 0.2606516291 0.2894736842 0.2932330827
7 0.7406015038 0.2769423559 0.1503759398 0.2781954887
0 0.0582706767 0.7080200501 0.1165413534 0.1754385965
0 0.4185463659 0.5958646617 0.1804511278 0.1365914787
0 0.6052631579 0.7136591479 0.1879699248 0.1741854637
1 0.9392230576 0.7224310777 0.1215538847 0.1566416040
0 0.0601503759 0.8627819549 0.1203007519 0.1416040100
0 0.2149122807 0.7907268170 0.2117794486 0.2656641604
0 0.4129072682 0.7982456140 0.2092731830 0.2631578947
0 0.6102756892 0.8671679198 0.1854636591 0.1303258145
1 0.9342105263 0.8659147870 0.1315789474 0.1328320802
0 0.7913533835 0.7894736842 0.1766917293 0.2857142857
1 0.8759398496 0.3063909774 0.1228070175 0.2619047619
1 0.9661654135 0.3201754386 0.0676691729 0.2719298246
