1 0.0096711799 0.5406189555 0.0193423598 0.1218568665
1 0.1866537718 0.5328820116 0.1992263056 0.1489361702
1 0.5609284333 0.5212765957 0.1740812379 0.1605415861
2 0.7852998066 0.5009671180 0.2978723404 0.1663442940
1 0.0087040619 0.6653771760 0.0174081238 0.1199226306
1 0.1856866538 0.6479690522 0.1972920696 0.1276595745
1 0.5406189555 0.6557059961 0.1760154739 0.1431334623
1 0.8143133462 0.6518375242 0.1624758221 0.1702127660
1 0.0067698259 0.7785299807 0.0135396518 0.1218568665
1 0.0735009671 0.7504835590 0.1160541586 0.1083172147
1 0.2147001934 0.7591876209 0.1121856867 0.1295938104
1 0.5116054159 0.7669245648 0.2069632495 0.1218568665
1 0.7930367505 0.8075435203 0.1547388781 0.1837524178
1 0.0067698259 0.8897485493 0.0135396518 0.1121856867
1 0.0773694391 0.8588007737 0.1005802708 0.1160541586
1 0.2127659574 0.8955512573 0.1044487427 0.1315280464
1 0.5116054159 0.8617021277 0.1528046422 0.1334622824
1 0.4864603482 0.9390715667 0.2069632495 0.1218568665
8 0.7446808511 0.9361702128 0.1972920696 0.1276595745
1 0.0087040619 0.9729206963 0.0174081238 0.0541586074
1 0.0773694391 0.9622823985 0.0928433269 0.0754352031
1 0.2050290135 0.9777562863 0.1005802708 0.0444874275
1 0.4816247582 0.9806576402 0.1740812379 0.0386847195
