4 0.0318518519 0.0288888889 0.0637037037 0.0577777778
4 0.1022222222 0.0311111111 0.0829629630 0.0622222222
4 0.1807407407 0.0348148148 0.0770370370 0.0696296296
1 0.3037037037 0.0533333333 0.1570370370 0.1066666667
4 0.0318518519 0.1488888889 0.0637037037 0.1940740741
4 0.1007407407 0.1555555556 0.0800000000 0.1955555556
4 0.1792592593 0.1585185185 0.0770370370 0.1985185185
1 0.4622222222 0.0600000000 0.1570370370 0.1200000000
1 0.6192592593 0.0681481481 0.1570370370 0.1362962963
1 0.7688888889 0.0681481481 0.1600000000 0.1362962963
1 0.3051851852 0.1903703704 0.1570370370 0.1674074074
1 0.4600000000 0.1940740741 0.1614814815 0.1718518519
1 0.6088888889 0.2059259259 0.1451851852 0.1570370370
1 0.7614814815 0.2155555556 0.1540740741 0.1585185185
3 0.0511111111 0.4940740741 0.0607407407 0.0607407407
3 0.0496296296 0.4385185185 0.0607407407 0.0592592593
3 0.1081481481 0.4977777778 0.0562962963 0.0562962963
3 0.1059259259 0.4422222222 0.0548148148 0.0577777778
3 0.1592592593 0.4711111111 0.0518518519 0.1125925926
1 0.2088888889 0.4555555556 0.0651851852 0.1525925926
1 0.2718518519 0.4577777778 0.0637037037 0.1570370370
1 0.3340740741 0.4614814815 0.0666666667 0.1525925926
1 0.3948148148 0.4666666667 0.0637037037 0.1511111111
8 0.4977777778 0.4570370370 0.1037037037 0.1674074074
8 0.6200000000 0.4503703704 0.1200000000 0.1925925926
1 0.7422222222 0.4614814815 0.1451851852 0.1762962963
1 0.1629629630 0.5985185185 0.0888888889 0.0888888889
1 0.1651851852 0.6851851852 0.0844444444 0.0903703704
1 0.0800000000 0.6807407407 0.0859259259 0.0933333333
1 0.2503703704 0.6066666667 0.0859259259 0.0874074074
1 0.3407407407 0.6103703704 0.0888888889 0.0918518519
1 0.4244444444 0.6162962963 0.0814814815 0.0888888889
1 0.5051851852 0.6192592593 0.0800000000 0.0829629630
1 0.5896296296 0.6244444444 0.0888888889 0.0785185185
1 0.6740740741 0.6266666667 0.0948148148 0.0800000000
1 0.7585185185 0.6281481481 0.0800000000 0.0829629630
5 0.0059259259 0.7911111111 0.0118518519 0.0859259259
1 0.0814814815 0.7962962963 0.0888888889 0.0814814815
1 0.2540740741 0.8000000000 0.0814814815 0.0800000000
1 0.1688888889 0.7985185185 0.0859259259 0.0800000000
1 0.2481481481 0.6918518519 0.0844444444 0.0800000000
1 0.3325925926 0.6962962963 0.0874074074 0.0800000000
1 0.3385185185 0.8014814815 0.0844444444 0.0800000000
1 0.4200000000 0.8007407407 0.0785185185 0.0814814815
1 0.4177777778 0.6970370370 0.0829629630 0.0785185185
1 0.5007407407 0.6977777778 0.0829629630 0.0800000000
1 0.5866666667 0.8088888889 0.0859259259 0.0740740741
1 0.5807407407 0.7007407407 0.0918518519 0.0770370370
1 0.6711111111 0.7051851852 0.0918518519 0.0770370370
1 0.6622222222 0.8044444444 0.0800000000 0.0770370370
1 0.7496296296 0.7037037037 0.0829629630 0.0740740741
5 0.0044444444 0.8681481481 0.0088888889 0.0770370370
1 0.0814814815 0.8755555556 0.0888888889 0.0800000000
1 0.1674074074 0.8777777778 0.0829629630 0.0785185185
1 0.2518518519 0.8785185185 0.0829629630 0.0770370370
1 0.3340740741 0.8807407407 0.0844444444 0.0755555556
1 0.4162962963 0.8800000000 0.0711111111 0.0740740741
1 0.4970370370 0.8725925926 0.0785185185 0.0829629630
1 0.5777777778 0.8822222222 0.0829629630 0.0696296296
1 0.6622222222 0.8777777778 0.0622222222 0.0577777778
5 0.0051851852 0.9785185185 0.0103703704 0.0429629630
1 0.0874074074 0.9681481481 0.0918518519 0.0637037037
1 0.1822222222 0.9748148148 0.0918518519 0.0503703704
1 0.2740740741 0.9674074074 0.0918518519 0.0651851852
1 0.4488888889 0.9755555556 0.0888888889 0.0488888889
1 0.3637037037 0.9770370370 0.0844444444 0.0459259259
1 0.5229629630 0.9792592593 0.0592592593 0.0414814815
