1 0.0547798067 0.1825993555 0.0494092374 0.0966702470
1 0.0966702470 0.1842105263 0.0494092374 0.0998925886
1 0.1654135338 0.1868958110 0.1031149302 0.1009667025
1 0.2604726101 0.1901181525 0.0977443609 0.1009667025
1 0.3329752954 0.1922663802 0.0408163265 0.1009667025
1 0.0569280344 0.2798066595 0.0515574651 0.0998925886
1 0.0982814178 0.2803437164 0.0504833512 0.0988184748
1 0.1401718582 0.2824919441 0.0483351235 0.0966702470
1 0.1831364125 0.2824919441 0.0504833512 0.0966702470
1 0.2271750806 0.2846401719 0.0483351235 0.0988184748
1 0.2943071966 0.2873254565 0.0966702470 0.0977443609
1 0.0767991407 0.3673469388 0.0547798067 0.0558539205
1 0.1283566058 0.3743286788 0.0461868958 0.0483351235
1 0.1809881847 0.3743286788 0.0633727175 0.0526315789
1 0.2438238453 0.3759398496 0.0622986037 0.0472610097
1 0.3050483351 0.3748657358 0.0601503759 0.0494092374
3 0.3464017186 0.3748657358 0.0225563910 0.0343716434
1 0.0773361976 0.4226638024 0.0580021482 0.0547798067
1 0.1321160043 0.4248120301 0.0537056928 0.0547798067
1 0.1831364125 0.4253490870 0.0547798067 0.0515574651
3 0.3464017186 0.4070891515 0.0247046187 0.0322234157
1 0.3029001074 0.4103114930 0.0622986037 0.0257787325
3 0.3469387755 0.4393125671 0.0279269603 0.0322234157
1 0.1203007519 0.5316863588 0.0558539205 0.0601503759
1 0.0939849624 0.4812030075 0.0633727175 0.0429645542
1 0.1734693878 0.5343716434 0.0504833512 0.0590762621
1 0.1573576799 0.4833512352 0.0612244898 0.0429645542
1 0.2234156821 0.5316863588 0.0515574651 0.0665950591
1 0.2733619764 0.5440386681 0.0526315789 0.0977443609
1 0.3308270677 0.5187969925 0.0644468314 0.0494092374
1 0.0955961332 0.6353383459 0.0622986037 0.0698174006
1 0.2094522019 0.6385606874 0.0580021482 0.0655209452
1 0.1525241676 0.6369495166 0.0622986037 0.0687432868
1 0.2631578947 0.6390977444 0.0515574651 0.0665950591
1 0.3308270677 0.5698174006 0.0644468314 0.0569280344
1 0.3125671321 0.6541353383 0.0537056928 0.0945220193
1 0.2137486574 0.7384532760 0.0601503759 0.0547798067
1 0.1584317938 0.7336197637 0.0504833512 0.0472610097
1 0.3388829216 0.7395273899 0.0526315789 0.0547798067
1 0.1031149302 0.7540279270 0.0494092374 0.0429645542
1 0.1514500537 0.7808807734 0.0429645542 0.0472610097
1 0.1009667025 0.7959183673 0.0494092374 0.0386680988
1 0.1498388829 0.8335123523 0.0461868958 0.0537056928
1 0.2132116004 0.8136412460 0.0848549946 0.0977443609
2 0.2814178303 0.7857142857 0.0665950591 0.1450053706
2 0.3383458647 0.8147153598 0.0515574651 0.0998925886
1 0.1009667025 0.8388829216 0.0515574651 0.0408163265
8 0.1401718582 0.9097744361 0.0440386681 0.0687432868
8 0.2089151450 0.9092373792 0.0461868958 0.0676691729
8 0.2862513426 0.9087003222 0.0526315789 0.0644468314
7 0.8378088077 0.8743286788 0.0472610097 0.0322234157
7 0.8931256713 0.9001074114 0.0504833512 0.0322234157
7 0.9312567132 0.8979591837 0.0236305048 0.0279269603
1 0.2416756176 0.4103114930 0.0622986037 0.0236305048
