1 0.1344594595 0.0581081081 0.2283783784 0.0864864865
1 0.3952702703 0.1108108108 0.0986486486 0.1729729730
1 0.6506756757 0.0655405405 0.0905405405 0.0959459459
1 0.5601351351 0.0655405405 0.0905405405 0.0959459459
1 0.8520270270 0.0560810811 0.1662162162 0.0770270270
1 0.1344594595 0.1378378378 0.2337837838 0.0864864865
1 0.3000000000 0.1135135135 0.0945945946 0.1864864865
1 0.5621621622 0.1628378378 0.0891891892 0.0932432432
1 0.6506756757 0.1587837838 0.0905405405 0.0905405405
1 0.8506756757 0.1263513514 0.1635135135 0.0689189189
1 0.8493243243 0.1959459459 0.1662162162 0.0702702703
1 0.1344594595 0.2168918919 0.2256756757 0.0797297297
1 0.5574324324 0.2621621622 0.0959459459 0.1081081081
1 0.6493243243 0.2554054054 0.0905405405 0.1054054054
1 0.8466216216 0.2662162162 0.1743243243 0.0756756757
1 0.1189189189 0.2878378378 0.1945945946 0.0675675676
1 0.1155405405 0.3567567568 0.1851351351 0.0729729730
1 0.3114864865 0.3006756757 0.1121621622 0.1851351351
1 0.4236486486 0.2912162162 0.1121621622 0.1851351351
1 0.6581081081 0.3668918919 0.0864864865 0.1148648649
1 0.5500000000 0.3689189189 0.1054054054 0.1054054054
1 0.8466216216 0.3378378378 0.1662162162 0.0783783784
1 0.1236486486 0.4283783784 0.1905405405 0.0756756757
3 0.7918918919 0.4310810811 0.0621621622 0.1216216216
3 0.8540540541 0.4033783784 0.0621621622 0.0608108108
1 0.1236486486 0.5020270270 0.1959459459 0.0743243243
1 0.3189189189 0.4939189189 0.1162162162 0.1932432432
1 0.4317567568 0.4918918919 0.1175675676 0.2054054054
1 0.6493243243 0.4743243243 0.0851351351 0.1000000000
1 0.5520270270 0.4722972973 0.0905405405 0.0986486486
3 0.8520270270 0.5256756757 0.0635135135 0.0675675676
3 0.8574324324 0.4635135135 0.0527027027 0.0594594595
1 0.1236486486 0.5783783784 0.1986486486 0.0810810811
1 0.5574324324 0.5716216216 0.1013513514 0.1027027027
1 0.6533783784 0.5736486486 0.0986486486 0.1040540541
3 0.7939189189 0.5567567568 0.0662162162 0.1324324324
3 0.8527027027 0.5905405405 0.0648648649 0.0702702703
