7 0.0414331465 0.1146917534 0.0828662930 0.0948759007
7 0.1285028022 0.1251000801 0.1000800641 0.1020816653
7 0.2257806245 0.1333066453 0.0976781425 0.1064851882
7 0.2966373098 0.1429143315 0.0504403523 0.0864691753
7 0.3462770216 0.1519215372 0.0456365092 0.0820656525
1 0.4239391513 0.1549239392 0.0944755805 0.1248999199
7 0.7680144115 0.1641313050 0.0268214572 0.0640512410
1 0.5158126501 0.1807445957 0.0932746197 0.0796637310
1 0.6018815052 0.1897518014 0.0900720576 0.0816653323
7 0.6877502002 0.1833466773 0.0320256205 0.0264211369
1 0.6563250600 0.2157726181 0.0284227382 0.0656525220
7 0.7129703763 0.2307846277 0.0264211369 0.0476381105
7 0.6881505204 0.2113690953 0.0280224179 0.0328262610
7 0.7141713371 0.1835468375 0.0272217774 0.0556445156
7 0.7321857486 0.1811449159 0.0232185749 0.0492393915
7 0.7640112090 0.2271817454 0.0284227382 0.0636509207
7 0.7389911930 0.2297838271 0.0288230584 0.0600480384
7 0.7890312250 0.2289831865 0.0296236990 0.0752602082
7 0.9021216974 0.2147718175 0.0332265813 0.0500400320
7 0.9217373899 0.2077662130 0.0300240192 0.0560448359
7 0.0346277022 0.2662129704 0.0692554043 0.0880704564
7 0.1168935148 0.2720176141 0.0992794235 0.0956765412
7 0.2149719776 0.2894315452 0.0800640512 0.0888710969
7 0.2976381105 0.2894315452 0.0924739792 0.0936749400
7 0.3662930344 0.2946357086 0.0480384307 0.0888710969
7 0.6873498799 0.2381905524 0.0304243395 0.0272217774
7 0.8104483587 0.2393915132 0.0284227382 0.0544435548
7 0.8332666133 0.2389911930 0.0292233787 0.0616493195
7 0.8997197758 0.2570056045 0.0276220977 0.0440352282
7 0.8568855084 0.2423939151 0.0260208167 0.0612489992
7 0.8779023219 0.2399919936 0.0296236990 0.0604483587
7 0.9225380304 0.2558046437 0.0284227382 0.0488390713
7 0.9445556445 0.2530024019 0.0276220977 0.0552441954
7 0.9609687750 0.2628102482 0.0164131305 0.0436349079
1 0.5570456365 0.3170536429 0.0380304243 0.0840672538
1 0.5234187350 0.3140512410 0.0388310649 0.0852682146
1 0.5944755805 0.3146517214 0.0384307446 0.0720576461
1 0.6279023219 0.3178542834 0.0340272218 0.0688550841
4 0.7013610889 0.3220576461 0.0472377902 0.0836669335
1 0.6647317854 0.3188550841 0.0404323459 0.0716573259
4 0.7796236990 0.3298638911 0.0420336269 0.0832666133
4 0.7425940753 0.3260608487 0.0448358687 0.0860688551
4 0.8120496397 0.3410728583 0.0380304243 0.0768614892
4 0.8446757406 0.3438751001 0.0360288231 0.0736589271
4 0.8989191353 0.3502802242 0.0332265813 0.0760608487
4 0.8740992794 0.3472778223 0.0372297838 0.0756605284
7 0.9239391513 0.3530824660 0.0328262610 0.0728582866
0 0.0156124900 0.3787029624 0.0312249800 0.0520416333
0 0.0140112090 0.4305444355 0.0280224179 0.0524419536
0 0.0636509207 0.3795036029 0.0672538030 0.0544435548
0 0.1309047238 0.4323458767 0.0720576461 0.0560448359
0 0.2634107286 0.3965172138 0.0576461169 0.0436349079
0 0.3230584468 0.4341473179 0.0600480384 0.0556445156
1 0.4373498799 0.4369495596 0.0540432346 0.0500400320
1 0.5428342674 0.4375500400 0.0544435548 0.0464371497
1 0.5978783026 0.4367493995 0.0564451561 0.0496397118
1 0.6983586869 0.4141313050 0.0540432346 0.0412329864
1 0.7491993595 0.4165332266 0.0556445156 0.0428342674
0 0.0160128102 0.4777822258 0.0320256205 0.0460368295
0 0.0616493195 0.4481585268 0.0760608487 0.0876701361
0 0.1311048839 0.4817854283 0.0740592474 0.0452361890
0 0.1983586869 0.4587670136 0.0676541233 0.0848678943
0 0.2616092874 0.4611689351 0.0668534828 0.0840672538
0 0.3246597278 0.4831865492 0.0592473979 0.0416333066
1 0.4341473179 0.4827862290 0.0540432346 0.0424339472
0 0.3825060048 0.4583666934 0.0564451561 0.0912730184
1 0.4867894315 0.4859887910 0.0504403523 0.0392313851
1 0.4893915132 0.4423538831 0.0524419536 0.0496397118
1 0.5400320256 0.4811849480 0.0560448359 0.0416333066
1 0.6439151321 0.4879903923 0.0428342674 0.0400320256
1 0.5946757406 0.4823859087 0.0548438751 0.0464371497
1 0.6901521217 0.4887910328 0.0496397118 0.0336269015
1 0.6955564452 0.4533626902 0.0516413131 0.0388310649
1 0.6487189752 0.4437550040 0.0484387510 0.0492393915
1 0.7449959968 0.4549639712 0.0488390713 0.0404323459
1 0.7385908727 0.4883907126 0.0488390713 0.0312249800
1 0.7958366693 0.4549639712 0.0520416333 0.0404323459
7 0.8334667734 0.4773819055 0.0336269015 0.0732586069
1 0.7892313851 0.4939951962 0.0524419536 0.0376301041
4 0.8620896717 0.4621697358 0.0388310649 0.0996797438
4 0.8899119295 0.4777822258 0.0448358687 0.0724579664
7 0.9235388311 0.4773819055 0.0432345877 0.0756605284
7 0.8370696557 0.5596477182 0.0416333066 0.0280224179
7 0.8813050440 0.5598478783 0.0452361890 0.0524419536
0 0.0248198559 0.5936749400 0.0496397118 0.0520416333
0 0.0276220977 0.6325060048 0.0552441954 0.0256204964
0 0.0958767014 0.6028823058 0.0692554043 0.0776621297
0 0.1455164131 0.6287029624 0.0652522018 0.0300240192
0 0.2045636509 0.6062850280 0.0688550841 0.0684547638
0 0.2720176141 0.6004803843 0.0708566853 0.0792634107
0 0.3386709367 0.6238991193 0.0616493195 0.0276220977
0 0.3392714171 0.5844675741 0.0644515612 0.0520416333
0 0.3957165733 0.6112890312 0.0540432346 0.0280224179
1 0.4977982386 0.6042834267 0.0508406725 0.0788630905
1 0.4467574059 0.6058847078 0.0544435548 0.0828662930
1 0.5444355484 0.6056845476 0.0504403523 0.0800640512
1 0.6387109688 0.6006805444 0.0548438751 0.0836669335
1 0.5892714171 0.6038831065 0.0504403523 0.0756605284
1 0.6865492394 0.5996797438 0.0576461169 0.0712570056
1 0.7756204964 0.6006805444 0.0556445156 0.0764611689
1 0.7325860689 0.6036829464 0.0592473979 0.0720576461
7 0.8212570056 0.5914731785 0.0404323459 0.0364291433
7 0.8442754203 0.6226981585 0.0320256205 0.0388310649
7 0.8156525220 0.6238991193 0.0364291433 0.0308246597
7 0.8807045637 0.6128903122 0.0424339472 0.0536429143
7 0.8702962370 0.7081665332 0.0312249800 0.0384307446
7 0.8668935148 0.6753402722 0.0252201761 0.0336269015
0 0.0360288231 0.7483987190 0.0664531625 0.0452361890
0 0.1667333867 0.7746196958 0.0556445156 0.0408326661
0 0.1651321057 0.7311849480 0.0588470777 0.0532425941
0 0.1042834267 0.7822257806 0.0660528423 0.0272217774
0 0.1032826261 0.7467974380 0.0664531625 0.0460368295
0 0.2227782226 0.7311849480 0.0556445156 0.0508406725
0 0.2239791833 0.7724179343 0.0580464371 0.0348278623
0 0.2804243395 0.7485988791 0.0572457966 0.0776621297
0 0.3372698159 0.7463971177 0.0564451561 0.0732586069
1 0.4357485989 0.7403923139 0.0468374700 0.0724579664
1 0.3887109688 0.7421937550 0.0480384307 0.0736589271
1 0.4809847878 0.7393915132 0.0420336269 0.0656525220
1 0.5208166533 0.7381905524 0.0416333066 0.0744595677
1 0.5604483587 0.7399919936 0.0480384307 0.0740592474
1 0.6172938351 0.7361889512 0.0800640512 0.0696557246
1 0.7097678143 0.7191753403 0.0448358687 0.0940752602
1 0.6717373899 0.7193755004 0.0408326661 0.0928742994
7 0.7522017614 0.7151721377 0.0568454764 0.0860688551
7 0.8326661329 0.7155724580 0.0488390713 0.0900720576
7 0.7918334668 0.7177742194 0.0512409928 0.0920736589
7 0.8664931946 0.7409927942 0.0380304243 0.0352281825
0 0.0382305845 0.7858286629 0.0628502802 0.0320256205
1 0.4095276221 0.3040432346 0.0392313851 0.0836669335
1 0.4471577262 0.3084467574 0.0392313851 0.0868694956
1 0.4865892714 0.3102481986 0.0412329864 0.0840672538
