1 0.1301289566 0.0392731536 0.1078546307 0.0785463072
1 0.2409144197 0.0386869871 0.1184056272 0.0773739742
1 0.3487690504 0.0416178195 0.1043376319 0.0832356389
1 0.4495896835 0.0427901524 0.1043376319 0.0855803048
1 0.5521688159 0.0386869871 0.1078546307 0.0773739742
1 0.6576787808 0.0381008206 0.1101992966 0.0762016413
6 0.7825322392 0.0808909730 0.1160609613 0.1617819461
6 0.8833528722 0.0820633060 0.0996483001 0.1641266120
6 0.9695193435 0.0844079719 0.0609613130 0.1688159437
1 0.1389214537 0.1354044549 0.1160609613 0.1160609613
1 0.2479484174 0.1301289566 0.1184056272 0.1242672919
1 0.3569753810 0.1330597890 0.1043376319 0.1019929660
1 0.4566236811 0.1295427902 0.1113716295 0.0973036342
1 0.5568581477 0.1254396249 0.1078546307 0.1008206331
1 0.6617819461 0.1225087925 0.1090269637 0.0996483001
1 0.1576787808 0.2456037515 0.1301289566 0.1066822978
1 0.2796014068 0.2438452521 0.1254396249 0.1078546307
1 0.4026963658 0.2432590856 0.1254396249 0.1113716295
1 0.5269636577 0.2391559203 0.1324736225 0.1148886284
1 0.6553341149 0.2256740914 0.1406799531 0.1090269637
1 0.1617819461 0.3452520516 0.1336459555 0.1043376319
1 0.2842907386 0.3434935522 0.1324736225 0.1008206331
1 0.4079718640 0.3429073857 0.1266119578 0.0949589683
1 0.5322391559 0.3399765533 0.1266119578 0.0914419695
1 0.6565064478 0.3305978898 0.1383352872 0.1031652989
5 0.7737397421 0.2954279015 0.0726846424 0.1570926143
5 0.8458382181 0.2977725674 0.0668229777 0.1524032825
5 0.9179366940 0.2942555686 0.0609613130 0.1570926143
5 0.9747948417 0.2954279015 0.0504103165 0.1570926143
1 0.1664712778 0.4982415006 0.1336459555 0.1055099648
1 0.2878077374 0.5304806565 0.1207502931 0.2121922626
1 0.3985932005 0.5287221571 0.1148886284 0.2063305979
1 0.5035169988 0.5211019930 0.1113716295 0.2075029308
1 0.6090269637 0.5158264947 0.1090269637 0.2063305979
5 0.8229777257 0.5234466589 0.0586166471 0.1699882767
5 0.8856975381 0.5240328253 0.0691676436 0.1688159437
5 0.9642438453 0.5234466589 0.0715123095 0.1699882767
1 0.1694021102 0.5967174678 0.1301289566 0.1031652989
5 0.8223915592 0.6946072685 0.1043376319 0.0762016413
5 0.9624853458 0.6922626026 0.0750293083 0.0949589683
5 0.9021101993 0.6758499414 0.0574443142 0.0550996483
1 0.1699882767 0.8300117233 0.1406799531 0.2274325909
1 0.3065650645 0.8305978898 0.1371629543 0.2332942556
1 0.4402110199 0.8270808910 0.1371629543 0.2309495897
1 0.5679953107 0.8118405627 0.1418522860 0.2239155920
1 0.6910902696 0.8118405627 0.1371629543 0.2286049238
5 0.8194607268 0.7866354045 0.1008206331 0.1148886284
5 0.9185228605 0.7907385698 0.1230949590 0.1043376319
5 0.9871043376 0.7924970692 0.0257913247 0.1031652989
5 0.8253223916 0.9062133646 0.0984759672 0.1148886284
5 0.9208675264 0.9331770223 0.0996483001 0.0445486518
5 0.9179366940 0.8851113716 0.1078546307 0.0586166471
2 0.5814771395 0.9958968347 0.1805392732 0.0082063306
5 0.8329425557 0.9806565064 0.0926143025 0.0386869871
5 0.9425556858 0.9882766706 0.1148886284 0.0234466589
