1 0.3577586207 0.0246305419 0.1145320197 0.0492610837
1 0.4722906404 0.0264778325 0.1145320197 0.0529556650
1 0.5806650246 0.0314039409 0.1046798030 0.0628078818
1 0.6748768473 0.0314039409 0.0985221675 0.0628078818
1 0.7727832512 0.0350985222 0.0899014778 0.0701970443
6 0.8497536946 0.0215517241 0.0640394089 0.0431034483
4 0.8947044335 0.0437192118 0.0357142857 0.0874384236
6 0.8479064039 0.0751231527 0.0677339901 0.0714285714
4 0.9242610837 0.0455665025 0.0357142857 0.0911330049
4 0.9599753695 0.0492610837 0.0406403941 0.0985221675
4 0.9846059113 0.0621921182 0.0307881773 0.1243842365
1 0.3275862069 0.1705665025 0.0591133005 0.1243842365
1 0.3854679803 0.1724137931 0.0591133005 0.1206896552
1 0.4889162562 0.1724137931 0.0492610837 0.1133004926
1 0.4421182266 0.1724137931 0.0517241379 0.1206896552
1 0.5350985222 0.1730295567 0.0480295567 0.1120689655
1 0.5818965517 0.1736453202 0.0431034483 0.1108374384
7 0.6293103448 0.1742610837 0.0467980296 0.1194581281
7 0.6945812808 0.1625615764 0.0911330049 0.0862068966
0 0.7814039409 0.1730295567 0.0849753695 0.1046798030
7 0.8885467980 0.1693349754 0.0233990148 0.0800492611
4 0.8503694581 0.1828817734 0.0578817734 0.1219211823
7 0.9587438424 0.1637931034 0.0209359606 0.0640394089
7 0.9365763547 0.1674876847 0.0283251232 0.0738916256
7 0.9113300493 0.1687192118 0.0270935961 0.0763546798
7 0.9809113300 0.2124384236 0.0283251232 0.0332512315
7 0.9969211823 0.1631773399 0.0061576355 0.0554187192
7 0.9852216749 0.1502463054 0.0295566502 0.0320197044
1 0.3405172414 0.3263546798 0.0775862069 0.0665024631
1 0.4291871921 0.3232758621 0.0701970443 0.0677339901
1 0.5043103448 0.3183497537 0.0701970443 0.0652709360
0 0.7383004926 0.3362068966 0.0554187192 0.1182266010
0 0.6927339901 0.3337438424 0.0504926108 0.1083743842
0 0.8066502463 0.3349753695 0.0788177340 0.1157635468
0 0.8731527094 0.3300492611 0.0566502463 0.1059113300
7 0.9230295567 0.2389162562 0.0480295567 0.0369458128
7 0.9267241379 0.3263546798 0.0628078818 0.0960591133
7 0.9778325123 0.3251231527 0.0443349754 0.0960591133
1 0.3368226601 0.3891625616 0.0825123153 0.0591133005
1 0.4236453202 0.4384236453 0.0886699507 0.0665024631
1 0.4217980296 0.3780788177 0.0825123153 0.0591133005
1 0.5006157635 0.3805418719 0.0652709360 0.0591133005
1 0.5086206897 0.4298029557 0.0738916256 0.0541871921
1 0.6330049261 0.3454433498 0.0689655172 0.1268472906
0 0.6878078818 0.4045566502 0.0431034483 0.0357142857
0 0.8091133005 0.4088669951 0.0714285714 0.0344827586
0 0.8706896552 0.4008620690 0.0492610837 0.0406403941
7 0.9261083744 0.3885467980 0.0640394089 0.0283251232
7 0.9790640394 0.3922413793 0.0418719212 0.0406403941
1 0.3269704433 0.5314039409 0.0628078818 0.0701970443
1 0.3435960591 0.4532019704 0.0763546798 0.0738916256
1 0.3971674877 0.5160098522 0.0726600985 0.0714285714
1 0.4753694581 0.5036945813 0.0566502463 0.0640394089
1 0.5394088670 0.4969211823 0.0788177340 0.0701970443
1 0.6176108374 0.4938423645 0.0825123153 0.0689655172
1 0.6847290640 0.4790640394 0.0566502463 0.0566502463
1 0.7561576355 0.5024630542 0.0763546798 0.1206896552
6 0.8903940887 0.5332512315 0.0665024631 0.0714285714
1 0.8257389163 0.5012315271 0.0677339901 0.1182266010
6 0.8873152709 0.4649014778 0.0578817734 0.0628078818
5 0.9427339901 0.4575123153 0.0431034483 0.0603448276
5 0.9458128079 0.5110837438 0.0492610837 0.0467980296
5 0.9470443350 0.5529556650 0.0443349754 0.0394088670
5 0.9839901478 0.4766009852 0.0320197044 0.0935960591
1 0.3220443350 0.5960591133 0.0652709360 0.0714285714
1 0.3928571429 0.5843596059 0.0714285714 0.0726600985
1 0.4642857143 0.5745073892 0.0738916256 0.0775862069
1 0.5387931034 0.5609605911 0.0751231527 0.0578817734
1 0.6600985222 0.6490147783 0.0689655172 0.0615763547
0 0.7980295567 0.6582512315 0.0541871921 0.1096059113
0 0.8528325123 0.6483990148 0.0603448276 0.1096059113
5 0.9390394089 0.6182266010 0.0455665025 0.0935960591
5 0.8996305419 0.6286945813 0.0381773399 0.0972906404
5 0.9876847291 0.6126847291 0.0246305419 0.0948275862
1 0.3165024631 0.7475369458 0.0714285714 0.1305418719
1 0.3885467980 0.7309113300 0.0751231527 0.1366995074
1 0.4575123153 0.7222906404 0.0701970443 0.1293103448
1 0.5252463054 0.7025862069 0.0652709360 0.1366995074
1 0.6613300493 0.7112068966 0.0714285714 0.0603448276
1 0.5911330049 0.6945812808 0.0665024631 0.1330049261
0 0.7346059113 0.6699507389 0.0751231527 0.1231527094
5 0.9304187192 0.6841133005 0.0677339901 0.0504926108
0 0.9649014778 0.7610837438 0.0701970443 0.1034482759
5 0.9827586207 0.6773399015 0.0344827586 0.0541871921
2 0.5862068966 0.8688423645 0.1083743842 0.1637931034
2 0.6902709360 0.8417487685 0.1120689655 0.1465517241
0 0.7789408867 0.8048029557 0.0652709360 0.1194581281
0 0.8466748768 0.7672413793 0.0701970443 0.0591133005
7 0.8516009852 0.8238916256 0.0652709360 0.0714285714
0 0.9088669951 0.7789408867 0.0566502463 0.1120689655
1 0.3368226601 0.9217980296 0.0874384236 0.1564039409
1 0.4187192118 0.9057881773 0.0837438424 0.1490147783
2 0.4987684729 0.9064039409 0.0862068966 0.1650246305
1 0.6921182266 0.9525862069 0.0960591133 0.0948275862
1 0.7807881773 0.9390394089 0.0862068966 0.1219211823
1 0.8645320197 0.9137931034 0.0812807882 0.1206896552
8 0.9248768473 0.8965517241 0.0541871921 0.0935960591
8 0.9747536946 0.8786945813 0.0504926108 0.0972906404
1 0.6016009852 0.9661330049 0.1046798030 0.0677339901
