5 0.2000000000 0.0139705882 0.1852941176 0.0279411765
5 0.0602941176 0.0595588235 0.1205882353 0.1191176471
5 0.2102941176 0.0661764706 0.1676470588 0.1176470588
6 0.3485294118 0.0639705882 0.1117647059 0.1279411765
6 0.4551470588 0.0661764706 0.1102941176 0.1323529412
1 0.5713235294 0.0882352941 0.1132352941 0.1176470588
1 0.6897058824 0.0911764706 0.1058823529 0.1117647059
1 0.7911764706 0.0963235294 0.1000000000 0.1161764706
5 0.0095588235 0.2757352941 0.0191176471 0.2102941176
5 0.0772058824 0.2772058824 0.1544117647 0.2014705882
5 0.2264705882 0.2720588235 0.1705882353 0.2029411765
1 0.3860294118 0.3139705882 0.1397058824 0.1161764706
1 0.5183823529 0.3110294118 0.1279411765 0.1132352941
1 0.6367647059 0.3110294118 0.1058823529 0.1073529412
1 0.7411764706 0.3132352941 0.1000000000 0.1029411765
1 0.2558823529 0.4889705882 0.1500000000 0.1191176471
1 0.3970588235 0.4867647059 0.1411764706 0.1117647059
1 0.5176470588 0.4794117647 0.1147058824 0.1029411765
1 0.6323529412 0.4772058824 0.1058823529 0.0838235294
1 0.7367647059 0.4757352941 0.1000000000 0.0838235294
5 0.0279411765 0.5566176471 0.0558823529 0.1985294118
5 0.1110294118 0.5485294118 0.1602941176 0.1970588235
1 0.2602941176 0.5845588235 0.1470588235 0.0955882353
1 0.3948529412 0.5779411765 0.1338235294 0.0852941176
1 0.5110294118 0.5683823529 0.1132352941 0.0867647059
1 0.6264705882 0.5566176471 0.1058823529 0.0867647059
1 0.7205882353 0.5529411765 0.0941176471 0.0764705882
7 0.3161764706 0.7558823529 0.1058823529 0.1176470588
7 0.4110294118 0.7455882353 0.0926470588 0.1029411765
1 0.5044117647 0.7316176471 0.1029411765 0.1338235294
1 0.5985294118 0.7169117647 0.0911764706 0.1191176471
1 0.6948529412 0.7080882353 0.1132352941 0.1220588235
6 0.0808823529 0.7683823529 0.1617647059 0.1367647059
7 0.2132352941 0.7632352941 0.1088235294 0.1264705882
1 0.6911764706 0.8742647059 0.1088235294 0.1220588235
7 0.0257352941 0.9647058824 0.0514705882 0.0705882353
7 0.1051470588 0.9794117647 0.1073529412 0.0411764706
7 0.2139705882 0.9647058824 0.0926470588 0.0705882353
7 0.3088235294 0.9330882353 0.0735294118 0.0985294118
1 0.4014705882 0.9191176471 0.0970588235 0.1147058824
1 0.4926470588 0.9080882353 0.0911764706 0.1132352941
1 0.5904411765 0.8904411765 0.1073529412 0.1132352941
