1 0.7124060150 0.0225563910 0.2518796992 0.0451127820
1 0.9577067669 0.0319548872 0.0845864662 0.0639097744
1 0.7246240602 0.1522556391 0.2424812030 0.2368421053
1 0.9849624060 0.1250000000 0.0300751880 0.1146616541
1 0.9868421053 0.3110902256 0.0263157895 0.0996240602
1 0.9868421053 0.2227443609 0.0263157895 0.0996240602
1 0.7349624060 0.3637218045 0.2293233083 0.2236842105
1 0.9849624060 0.3796992481 0.0300751880 0.0751879699
5 0.7124060150 0.7979323308 0.0526315789 0.0507518797
5 0.6597744361 0.7866541353 0.0563909774 0.0996240602
5 0.7114661654 0.7509398496 0.0469924812 0.0432330827
5 0.8609022556 0.8007518797 0.0526315789 0.0413533835
5 0.7593984962 0.7744360902 0.0526315789 0.0977443609
5 0.7396616541 0.8308270677 0.0996240602 0.0187969925
5 0.7105263158 0.8731203008 0.0526315789 0.0469924812
5 0.8449248120 0.9191729323 0.1109022556 0.0714285714
5 0.8411654135 0.8590225564 0.1109022556 0.0714285714
5 0.7622180451 0.9031954887 0.0582706767 0.0883458647
5 0.7133458647 0.9313909774 0.0582706767 0.0469924812
