1 0.4484304933 0.1008968610 0.1300448430 0.1412556054
1 0.5661434978 0.1104260090 0.1053811659 0.1221973094
1 0.6754484305 0.1137892377 0.1065022422 0.1221973094
1 0.7628923767 0.1098654709 0.0683856502 0.1367713004
1 0.8245515695 0.1098654709 0.0728699552 0.1434977578
1 0.8923766816 0.1104260090 0.0739910314 0.1378923767
1 0.1463004484 0.2836322870 0.0639013453 0.1390134529
1 0.2023542601 0.2853139013 0.0616591928 0.1378923767
1 0.2595291480 0.2881165919 0.0571748879 0.1367713004
1 0.3161434978 0.2897982063 0.0605381166 0.1378923767
1 0.4310538117 0.2954035874 0.0571748879 0.1356502242
1 0.3744394619 0.2942825112 0.0560538117 0.1356502242
1 0.4865470852 0.2976457399 0.0605381166 0.1356502242
1 0.5431614350 0.2987668161 0.0616591928 0.1356502242
1 0.5986547085 0.3004484305 0.0627802691 0.1345291480
1 0.6547085202 0.3026905830 0.0650224215 0.1345291480
1 0.7113228700 0.3043721973 0.0639013453 0.1334080717
1 0.7684977578 0.3066143498 0.0661434978 0.1311659193
1 0.8228699552 0.3094170404 0.0672645740 0.1322869955
1 0.8794843049 0.3099775785 0.0706278027 0.1334080717
1 0.1446188341 0.4955156951 0.0739910314 0.0762331839
1 0.2202914798 0.5005605381 0.0751121076 0.0751121076
1 0.2965246637 0.5011210762 0.0773542601 0.0807174888
1 0.3744394619 0.5056053812 0.0784753363 0.0739910314
1 0.4512331839 0.5100896861 0.0773542601 0.0739910314
1 0.5291479821 0.5145739910 0.0762331839 0.0695067265
1 0.6065022422 0.4831838565 0.0829596413 0.1412556054
1 0.6793721973 0.4820627803 0.0852017937 0.1479820628
1 0.7662556054 0.4826233184 0.0975336323 0.1468609865
1 0.8525784753 0.4893497758 0.0952914798 0.1446188341
1 0.1446188341 0.6036995516 0.0762331839 0.0683856502
1 0.2242152466 0.6081838565 0.0784753363 0.0661434978
1 0.3043721973 0.6132286996 0.0795964126 0.0695067265
1 0.3783632287 0.6143497758 0.0728699552 0.0672645740
1 0.1468609865 0.6732062780 0.0717488789 0.0661434978
1 0.2258968610 0.6760089686 0.0795964126 0.0650224215
1 0.2998878924 0.6810538117 0.0706278027 0.0661434978
1 0.3716367713 0.6838565022 0.0683856502 0.0627802691
1 0.4489910314 0.6844170404 0.0706278027 0.0661434978
1 0.4512331839 0.6165919283 0.0728699552 0.0672645740
1 0.5252242152 0.6530269058 0.0751121076 0.1289237668
1 0.6014573991 0.6603139013 0.0795964126 0.1255605381
1 0.6737668161 0.6614349776 0.0829596413 0.1300448430
1 0.7544843049 0.6625560538 0.0964125561 0.1322869955
1 0.8380044843 0.6647982063 0.0975336323 0.1322869955
1 0.1530269058 0.7668161435 0.0840807175 0.0538116592
1 0.2376681614 0.7696188341 0.0784753363 0.0504484305
1 0.3178251121 0.7707399103 0.0795964126 0.0459641256
1 0.4075112108 0.7741031390 0.0840807175 0.0437219731
1 0.4949551570 0.7763452915 0.0863228700 0.0459641256
1 0.1547085202 0.8189461883 0.0829596413 0.0571748879
1 0.2337443946 0.8228699552 0.0818385650 0.0605381166
1 0.3167040359 0.8239910314 0.0818385650 0.0627802691
1 0.4041479821 0.8273542601 0.0885650224 0.0582959641
1 0.4949551570 0.8312780269 0.0885650224 0.0594170404
1 0.5717488789 0.8099775785 0.0627802691 0.1042600897
1 0.6356502242 0.8139013453 0.0650224215 0.1053811659
1 0.7040358744 0.8161434978 0.0739910314 0.1053811659
1 0.7673766816 0.8178251121 0.0706278027 0.1042600897
1 0.8307174888 0.8217488789 0.0695067265 0.1076233184
1 0.1726457399 0.9428251121 0.1143497758 0.1143497758
1 0.2858744395 0.9473094170 0.1143497758 0.1053811659
1 0.4007847534 0.9501121076 0.1109865471 0.0997757848
1 0.4882286996 0.9501121076 0.0616591928 0.0997757848
1 0.5543721973 0.9501121076 0.0639013453 0.0997757848
1 0.6182735426 0.9512331839 0.0571748879 0.0975336323
1 0.6810538117 0.9529147982 0.0639013453 0.0941704036
1 0.7460762332 0.9540358744 0.0639013453 0.0919282511
1 0.8122197309 0.9551569507 0.0616591928 0.0896860987
