8 0.5744336570 0.1148867314 0.1003236246 0.0679611650
8 0.6790722762 0.0647249191 0.1434735707 0.1035598706
1 0.6353829558 0.2011866235 0.0755124056 0.1542610572
1 0.7011866235 0.1806903991 0.0474649407 0.1283710895
4 0.2756202805 0.3241639698 0.0334412082 0.1024811219
4 0.3042071197 0.3166127292 0.0366774542 0.1024811219
4 0.3392664509 0.3074433657 0.0442286947 0.1078748652
4 0.3818770227 0.2923408846 0.0388349515 0.1143473571
4 0.4147788565 0.2810140237 0.0399137001 0.1283710895
4 0.4617044229 0.2578209277 0.0604099245 0.1380798274
1 0.5426105717 0.2362459547 0.0970873786 0.1769147789
1 0.5652642934 0.4099244876 0.0776699029 0.1445523193
1 0.6370010787 0.3942826321 0.0765911543 0.1628910464
1 0.7200647249 0.3689320388 0.0938511327 0.1661272923
7 0.3106796117 0.4838187702 0.0258899676 0.0485436893
7 0.3592233010 0.4395900755 0.0215749730 0.0614886731
7 0.3619201726 0.4859762675 0.0118662352 0.0377562028
7 0.3354908306 0.4660194175 0.0323624595 0.0280474649
1 0.4137001079 0.4552319310 0.0420711974 0.1208198490
1 0.5005393743 0.4325782093 0.0668824164 0.1380798274
1 0.4498381877 0.4433656958 0.0431499461 0.1316073355
1 0.2874865156 0.5690399137 0.0442286947 0.0550161812
1 0.3306364617 0.5636461704 0.0442286947 0.0528586839
1 0.4368932039 0.5436893204 0.0625674218 0.0668824164
1 0.3764832794 0.5544768069 0.0539374326 0.0690399137
1 0.4956850054 0.5992448759 0.0636461704 0.0744336570
1 0.5571736785 0.5965480043 0.0636461704 0.0776699029
1 0.5571736785 0.5280474649 0.0614886731 0.0722761597
1 0.6229773463 0.5900755124 0.0679611650 0.0733549083
1 0.6224379720 0.5183387271 0.0711974110 0.0722761597
1 0.7108953614 0.5463861920 0.1165048544 0.1542610572
1 0.2864077670 0.6235167206 0.0355987055 0.0539374326
1 0.3257820928 0.6186623517 0.0366774542 0.0593311758
1 0.3791801510 0.6148867314 0.0507011866 0.0711974110
1 0.4347357066 0.6057173679 0.0647249191 0.0658036677
1 0.6984897519 0.6941747573 0.0550161812 0.1348435814
1 0.7535059331 0.6903991370 0.0593311758 0.1359223301
1 0.2820927724 0.7141316073 0.0312837109 0.0970873786
1 0.3149946063 0.7103559871 0.0366774542 0.1003236246
1 0.3451995685 0.7130528587 0.0345199569 0.1035598706
1 0.4104638619 0.7081984898 0.0420711974 0.1089536138
1 0.3786407767 0.7119741100 0.0345199569 0.1014023732
1 0.4498381877 0.7022653722 0.0409924488 0.1143473571
1 0.4859762675 0.7001078749 0.0420711974 0.1143473571
1 0.5399137001 0.6974110032 0.0463861920 0.1197411003
1 0.5900755124 0.6957928803 0.0560949299 0.1121898598
1 0.6488673139 0.6963322546 0.0528586839 0.1305285868
7 0.2686084142 0.8360302050 0.0647249191 0.1035598706
7 0.3549083064 0.8354908306 0.0517799353 0.1046386192
1 0.4120819849 0.8344120820 0.0690399137 0.0960086300
1 0.5000000000 0.8500539374 0.1046386192 0.1294498382
1 0.6067961165 0.8613807983 0.1132686084 0.1391585761
1 0.7162891046 0.8608414239 0.0539374326 0.1359223301
7 0.2621359223 0.9530744337 0.0668824164 0.0938511327
0 0.3791801510 0.9611650485 0.0528586839 0.0776699029
0 0.4703344121 0.9670981661 0.0776699029 0.0658036677
0 0.5577130529 0.9703344121 0.1057173679 0.0593311758
0 0.6704422869 0.9795037756 0.0852211435 0.0409924488
0 0.7588996764 0.9832793959 0.0981661273 0.0334412082
