1 0.1045150502 0.0075250836 0.1555183946 0.0150501672
1 0.3386287625 0.0209030100 0.1989966555 0.0418060201
1 0.1020066890 0.0568561873 0.1571906355 0.1103678930
1 0.3344481605 0.0911371237 0.1973244147 0.0953177258
7 0.5752508361 0.0877926421 0.1705685619 0.1755852843
7 0.8352842809 0.0903010033 0.2290969900 0.1170568562
1 0.0986622074 0.1588628763 0.1571906355 0.0969899666
1 0.3294314381 0.1847826087 0.1973244147 0.0852842809
7 0.8319397993 0.1864548495 0.2391304348 0.1053511706
1 0.0928093645 0.2541806020 0.1555183946 0.0936454849
1 0.3269230769 0.2801003344 0.1989966555 0.0953177258
7 0.5685618729 0.2541806020 0.1739130435 0.1772575251
7 0.8302675585 0.2876254181 0.2424749164 0.1170568562
1 0.0426421405 0.3687290970 0.0685618729 0.1287625418
1 0.1245819398 0.3687290970 0.0886287625 0.1321070234
1 0.3227424749 0.3787625418 0.1906354515 0.0919732441
3 0.6137123746 0.3762541806 0.0602006689 0.0702341137
3 0.5518394649 0.4364548495 0.0635451505 0.0635451505
3 0.6120401338 0.4381270903 0.0568561873 0.0602006689
3 0.5568561873 0.3720735786 0.0602006689 0.0719063545
7 0.8210702341 0.4397993311 0.2441471572 0.1973244147
1 0.0392976589 0.4991638796 0.0652173913 0.1254180602
1 0.1187290970 0.5041806020 0.0869565217 0.1321070234
1 0.3227424749 0.5091973244 0.1906354515 0.1655518395
3 0.5735785953 0.4949832776 0.1304347826 0.0668896321
1 0.0342809365 0.6329431438 0.0685618729 0.1187290970
1 0.1137123746 0.6346153846 0.0936454849 0.1220735786
2 0.8377926421 0.5903010033 0.2040133779 0.1103678930
1 0.0351170569 0.7525083612 0.0702341137 0.1170568562
1 0.1120401338 0.7583612040 0.0903010033 0.1220735786
1 0.3135451505 0.6806020067 0.1889632107 0.1705685619
8 0.5526755853 0.6638795987 0.1622073579 0.2675585284
2 0.8277591973 0.6897993311 0.1973244147 0.1153846154
1 0.3001672241 0.8494983278 0.1889632107 0.1705685619
8 0.5434782609 0.8678929766 0.1605351171 0.1371237458
2 0.8252508361 0.8444816054 0.1989966555 0.2040133779
1 0.0342809365 0.8787625418 0.0685618729 0.1254180602
1 0.1061872910 0.8762541806 0.0852842809 0.1237458194
