7 0.0943570768 0.1905642923 0.0888066605 0.0814061055
7 0.2664199815 0.2442183164 0.1184088807 0.2127659574
7 0.1720629047 0.2493061980 0.1128584644 0.2081406105
7 0.3580018501 0.2502312673 0.1313598520 0.1988899167
1 0.5439407956 0.2405180389 0.0943570768 0.2146160962
1 0.4560592044 0.2409805735 0.1036077706 0.2173913043
1 0.6697502313 0.2016651249 0.1850138760 0.1609620722
1 0.8011100833 0.1928769658 0.1110083256 0.1711378353
1 0.8926919519 0.1970397780 0.0962072155 0.1720629047
1 0.9680851064 0.1942645698 0.0638297872 0.1517113784
7 0.0851063830 0.2664199815 0.0721554117 0.0888066605
7 0.0929694727 0.3422756707 0.0582793710 0.0777058279
7 0.0610545791 0.4865864940 0.0980573543 0.1239592969
7 0.1984273821 0.5360777058 0.0934320074 0.0841813136
7 0.2113783534 0.4611470860 0.0841813136 0.0712303423
7 0.1452358927 0.4639222942 0.0740055504 0.0897317299
1 0.3038852914 0.5148011101 0.1285846438 0.1766882516
1 0.4033302498 0.5078630897 0.1369102683 0.1665124884
1 0.5097132285 0.5171137835 0.1332099907 0.1646623497
1 0.6202590194 0.5148011101 0.1267345051 0.1933395005
1 0.7345050879 0.5074005550 0.1165587419 0.1748381129
1 0.8381128585 0.5037002775 0.1165587419 0.1859389454
1 0.9435707678 0.5064754857 0.1128584644 0.1822386679
7 0.0596669750 0.6091581869 0.1045328400 0.1211840888
7 0.1618871415 0.6096207216 0.0962072155 0.0647548566
7 0.0060129510 0.7997224792 0.0120259019 0.1748381129
4 0.1040703053 0.8348751156 0.0897317299 0.2303422757
4 0.0457909343 0.7987974098 0.0915818686 0.1674375578
1 0.2724329325 0.7613320999 0.1211840888 0.0869565217
7 0.1702127660 0.7997224792 0.0777058279 0.1692876966
1 0.2571692877 0.8515263645 0.1202590194 0.0934320074
1 0.3746530990 0.8515263645 0.1128584644 0.0934320074
1 0.3894542091 0.7742830712 0.1128584644 0.0721554117
1 0.5971322849 0.8774283071 0.1119333950 0.1137835338
1 0.4888991674 0.8552266420 0.1193339500 0.0897317299
1 0.5013876041 0.7733580019 0.1147086031 0.0777058279
1 0.6082331175 0.7752081406 0.0989824237 0.0925069380
1 0.7220166512 0.7881591119 0.1267345051 0.1073080481
1 0.8482886216 0.7909343201 0.1295097132 0.0962072155
1 0.9565217391 0.7798334875 0.0869565217 0.0906567993
1 0.9523589269 0.8806660500 0.0952821462 0.1147086031
1 0.3649398705 0.9403330250 0.1285846438 0.0989824237
1 0.4824236818 0.9458834413 0.1248843663 0.0952821462
1 0.7146160962 0.8936170213 0.1304347826 0.1147086031
1 0.8418131360 0.8917668825 0.1258094357 0.1073080481
