4 0.1706896552 0.0045977011 0.0609195402 0.0091954023
4 0.2344827586 0.0068965517 0.0597701149 0.0137931034
4 0.2931034483 0.0097701149 0.0620689655 0.0195402299
4 0.3540229885 0.0114942529 0.0597701149 0.0229885057
1 0.4517241379 0.0178160920 0.1218390805 0.0356321839
1 0.5718390805 0.0201149425 0.1252873563 0.0402298851
1 0.6873563218 0.0218390805 0.1126436782 0.0436781609
1 0.8057471264 0.0258620690 0.1195402299 0.0517241379
5 0.0212643678 0.1540229885 0.0425287356 0.0459770115
5 0.0206896552 0.1132183908 0.0413793103 0.0471264368
5 0.0798850575 0.1172413793 0.0793103448 0.0436781609
5 0.0821839080 0.1586206897 0.0793103448 0.0436781609
5 0.1614942529 0.1281609195 0.0678160920 0.0379310345
5 0.0235632184 0.1965517241 0.0471264368 0.0436781609
5 0.0862068966 0.2000000000 0.0781609195 0.0413793103
5 0.1844827586 0.1856321839 0.0425287356 0.0770114943
5 0.1436781609 0.1821839080 0.0413793103 0.0724137931
3 0.2545977011 0.2063218391 0.0471264368 0.0471264368
3 0.2534482759 0.1632183908 0.0471264368 0.0459770115
3 0.2988505747 0.2091954023 0.0436781609 0.0436781609
3 0.2971264368 0.1660919540 0.0425287356 0.0448275862
3 0.3385057471 0.1885057471 0.0402298851 0.0873563218
1 0.3770114943 0.1764367816 0.0505747126 0.1183908046
1 0.4258620690 0.1781609195 0.0494252874 0.1218390805
1 0.4741379310 0.1810344828 0.0517241379 0.1183908046
1 0.5212643678 0.1850574713 0.0494252874 0.1172413793
8 0.6011494253 0.1775862069 0.0804597701 0.1298850575
8 0.6959770115 0.1724137931 0.0931034483 0.1494252874
1 0.7908045977 0.1810344828 0.1126436782 0.1367816092
5 0.0229885057 0.3287356322 0.0459770115 0.0390804598
5 0.0218390805 0.2787356322 0.0436781609 0.0563218391
5 0.0729885057 0.2816091954 0.0586206897 0.0597701149
5 0.0764367816 0.3310344828 0.0586206897 0.0367816092
5 0.1971264368 0.3373563218 0.0448275862 0.0862068966
5 0.1379310345 0.2764367816 0.0689655172 0.0471264368
5 0.1385057471 0.3224137931 0.0678160920 0.0425287356
1 0.3413793103 0.2873563218 0.0689655172 0.0689655172
1 0.3431034483 0.3545977011 0.0655172414 0.0701149425
1 0.2770114943 0.3511494253 0.0666666667 0.0724137931
1 0.4091954023 0.2936781609 0.0666666667 0.0678160920
1 0.4793103448 0.2965517241 0.0689655172 0.0712643678
1 0.5442528736 0.3011494253 0.0632183908 0.0689655172
1 0.6068965517 0.3034482759 0.0620689655 0.0643678161
1 0.6724137931 0.3074712644 0.0689655172 0.0609195402
1 0.7379310345 0.3091954023 0.0735632184 0.0620689655
1 0.8034482759 0.3103448276 0.0620689655 0.0643678161
5 0.1068965517 0.4350574713 0.0804597701 0.0632183908
5 0.1844827586 0.4367816092 0.0793103448 0.0666666667
1 0.2781609195 0.4408045977 0.0689655172 0.0632183908
1 0.4120689655 0.4436781609 0.0632183908 0.0620689655
1 0.3459770115 0.4425287356 0.0666666667 0.0620689655
1 0.4074712644 0.3597701149 0.0655172414 0.0620689655
1 0.4729885057 0.3632183908 0.0678160920 0.0620689655
1 0.4775862069 0.4448275862 0.0655172414 0.0620689655
1 0.5408045977 0.4442528736 0.0609195402 0.0632183908
1 0.5390804598 0.3637931034 0.0643678161 0.0609195402
1 0.6034482759 0.3643678161 0.0643678161 0.0620689655
1 0.6701149425 0.4505747126 0.0666666667 0.0574712644
1 0.6655172414 0.3666666667 0.0712643678 0.0597701149
1 0.7356321839 0.3701149425 0.0712643678 0.0597701149
1 0.7287356322 0.4471264368 0.0620689655 0.0597701149
1 0.7965517241 0.3689655172 0.0643678161 0.0574712644
5 0.0350574713 0.4936781609 0.0701149425 0.0563218391
5 0.1091954023 0.4942528736 0.0781609195 0.0574712644
5 0.1844827586 0.4965517241 0.0747126437 0.0597701149
1 0.2781609195 0.5022988506 0.0689655172 0.0620689655
1 0.3448275862 0.5040229885 0.0643678161 0.0609195402
1 0.4103448276 0.5045977011 0.0643678161 0.0597701149
1 0.4741379310 0.5063218391 0.0655172414 0.0586206897
1 0.5379310345 0.5057471264 0.0551724138 0.0574712644
1 0.6005747126 0.5000000000 0.0609195402 0.0643678161
1 0.6632183908 0.5074712644 0.0643678161 0.0540229885
1 0.7287356322 0.5040229885 0.0482758621 0.0448275862
5 0.0063218391 0.6270114943 0.0126436782 0.0379310345
5 0.0465517241 0.6275862069 0.0724137931 0.0390804598
5 0.0068965517 0.5781609195 0.0137931034 0.0528735632
5 0.0494252874 0.5775862069 0.0666666667 0.0517241379
5 0.1195402299 0.6385057471 0.0689655172 0.0540229885
5 0.1178160920 0.5839080460 0.0724137931 0.0528735632
5 0.1902298851 0.6425287356 0.0678160920 0.0551724138
5 0.1885057471 0.5896551724 0.0689655172 0.0482758621
1 0.2833333333 0.6419540230 0.0701149425 0.0586206897
1 0.2827586207 0.5804597701 0.0712643678 0.0620689655
1 0.3563218391 0.5885057471 0.0712643678 0.0574712644
1 0.3563218391 0.6448275862 0.0735632184 0.0574712644
1 0.4275862069 0.5798850575 0.0712643678 0.0632183908
1 0.4264367816 0.6413793103 0.0689655172 0.0597701149
1 0.5632183908 0.6454022989 0.0689655172 0.0540229885
1 0.5632183908 0.5896551724 0.0689655172 0.0574712644
1 0.4977011494 0.6465517241 0.0689655172 0.0517241379
1 0.4971264368 0.5913793103 0.0655172414 0.0563218391
1 0.6206896552 0.5931034483 0.0459770115 0.0528735632
1 0.6183908046 0.6477011494 0.0390804598 0.0494252874
5 0.0275862069 0.7120689655 0.0551724138 0.0609195402
5 0.1017241379 0.7103448276 0.0839080460 0.0574712644
1 0.2977011494 0.7120689655 0.0712643678 0.0609195402
1 0.3735632184 0.7155172414 0.0666666667 0.0655172414
1 0.4494252874 0.7109195402 0.0666666667 0.0586206897
5 0.0287356322 0.7603448276 0.0574712644 0.0402298851
5 0.0994252874 0.7586206897 0.0816091954 0.0413793103
5 0.1821839080 0.7586206897 0.0793103448 0.0344827586
1 0.2879310345 0.7758620690 0.0586206897 0.0551724138
5 0.0293103448 0.8775862069 0.0586206897 0.1160919540
5 0.1011494253 0.8735632184 0.0873563218 0.1103448276
5 0.1862068966 0.8701149425 0.0781609195 0.1080459770
1 0.2816091954 0.9235632184 0.0620689655 0.0356321839
5 0.0333333333 0.9752873563 0.0666666667 0.0494252874
5 0.1091954023 0.9735632184 0.0804597701 0.0528735632
5 0.1873563218 0.9718390805 0.0758620690 0.0563218391
