1 0.0679094541 0.1378162450 0.1358189081 0.1158455393
1 0.4300932091 0.0965379494 0.1677762983 0.0732356858
1 0.6404793609 0.1424766977 0.1677762983 0.0665778961
0 0.8695073236 0.0898801598 0.1970705726 0.1211717710
1 0.2523302264 0.1491344874 0.1904127830 0.1438082557
1 0.4347536618 0.1644474035 0.1664447403 0.0679094541
1 0.4374167776 0.2256990679 0.1611185087 0.0652463382
0 0.8568575233 0.1990679095 0.1904127830 0.1051930759
0 0.9880159787 0.2037283622 0.0239680426 0.0878828229
1 0.0825565912 0.2403462051 0.1651131824 0.0945406125
1 0.3062583222 0.2576564581 0.0905459387 0.0838881491
1 0.2177097204 0.2583222370 0.0892143808 0.0878828229
1 0.4367509987 0.2982689747 0.1384820240 0.0692410120
1 0.6411451398 0.2776298269 0.1717709720 0.1398135819
0 0.9840213049 0.2909454061 0.0319573901 0.0892143808
1 0.0865512650 0.3288948069 0.1731025300 0.0958721704
1 0.2296937417 0.3388814913 0.0892143808 0.0758988016
1 0.3142476698 0.3388814913 0.0958721704 0.0785619174
1 0.4387483356 0.3601864181 0.1478029294 0.0572569907
0 0.8388814913 0.3382157124 0.1997336884 0.1304926764
0 0.9680426099 0.3661784288 0.0639147803 0.0878828229
1 0.1118508655 0.4087882823 0.1704394141 0.0825565912
1 0.1251664447 0.4713715047 0.1624500666 0.0532623169
1 0.3175765646 0.4147802929 0.0918774967 0.0785619174
1 0.4420772304 0.4267643142 0.1411451398 0.0519307590
1 0.4447403462 0.4713715047 0.1411451398 0.0505992011
1 0.6271637816 0.4094540613 0.1597869507 0.1291611185
0 0.8169107856 0.4460719041 0.1717709720 0.0958721704
0 0.9593874834 0.4440745672 0.0812250333 0.0758988016
4 0.0046604527 0.5552596538 0.0093209055 0.0479360852
1 0.1398135819 0.5159786951 0.1491344874 0.0519307590
1 0.2623169108 0.5619174434 0.0852197071 0.0665778961
1 0.2490013316 0.4873501997 0.0825565912 0.0772303595
1 0.3368841545 0.5585885486 0.0878828229 0.0625832224
1 0.3255659121 0.4900133156 0.0812250333 0.0798934754
1 0.4520639148 0.5199733688 0.1344873502 0.0519307590
1 0.4567243675 0.5592543276 0.1251664447 0.0426098535
1 0.6078561917 0.5179760320 0.1185086551 0.0852197071
0 0.7976031957 0.5585885486 0.1624500666 0.0652463382
0 0.9520639148 0.5133155792 0.0958721704 0.0732356858
4 0.0159786951 0.6511318242 0.0319573901 0.0452729694
4 0.0119840213 0.6078561917 0.0239680426 0.0545938748
7 0.1205059920 0.5832223702 0.0758988016 0.0266311585
7 0.1750998668 0.6431424767 0.0599201065 0.0319573901
7 0.1777629827 0.5798934754 0.0466045273 0.0146471372
7 0.1531291611 0.6125166445 0.0346205060 0.0399467377
1 0.2736351531 0.6185086551 0.0652463382 0.0545938748
1 0.3415446072 0.6245006658 0.0732356858 0.0452729694
1 0.4547270306 0.6378162450 0.1238348868 0.0452729694
1 0.4580559254 0.6005326232 0.1278295606 0.0426098535
7 0.6091877497 0.5885486019 0.1291611185 0.0639147803
0 0.9773635153 0.6471371505 0.0452729694 0.0612516644
0 0.9221038615 0.6438082557 0.0918774967 0.0652463382
4 0.0206391478 0.6864181092 0.0412782956 0.0412782956
1 0.2802929427 0.6717709720 0.0679094541 0.0545938748
1 0.3475366178 0.6731025300 0.0665778961 0.0439414115
1 0.4593874834 0.6784287617 0.1198402130 0.0386151798
7 0.6098535286 0.6950732357 0.1278295606 0.0798934754
7 0.7663115846 0.7030625832 0.1398135819 0.0825565912
0 0.9027962716 0.7023968043 0.0905459387 0.0572569907
0 0.9660452730 0.7043941411 0.0679094541 0.0452729694
