7 0.0631229236 0.1882613511 0.0243632337 0.0287929125
7 0.1024363234 0.1860465116 0.0520487265 0.0332225914
7 0.1594684385 0.2126245847 0.0487264673 0.0332225914
8 0.7281284607 0.1771871539 0.0542635659 0.0664451827
8 0.8078626800 0.1766334441 0.0476190476 0.0697674419
8 0.8787375415 0.1760797342 0.0454042082 0.0708748616
1 0.9191583610 0.2491694352 0.0531561462 0.0420819491
2 0.6744186047 0.2740863787 0.0531561462 0.1029900332
2 0.7331118494 0.3039867110 0.0686600221 0.1495016611
1 0.8034330011 0.2751937984 0.0874861573 0.1007751938
1 0.8671096346 0.3089700997 0.0442967885 0.0487264673
1 0.9169435216 0.3366555925 0.0509413068 0.0442967885
1 0.9191583610 0.2934662237 0.0509413068 0.0398671096
1 0.8687707641 0.2547065338 0.0476190476 0.0553709856
1 0.6738648948 0.3516057586 0.0542635659 0.0564784053
1 0.8599114064 0.3576965670 0.0520487265 0.0487264673
1 0.8028792913 0.3527131783 0.0620155039 0.0564784053
1 0.6821705426 0.5265780731 0.0664451827 0.0586932447
1 0.7009966777 0.4396456257 0.0553709856 0.0974529347
1 0.7519379845 0.4551495017 0.0531561462 0.0686600221
1 0.8073089701 0.4557032115 0.0598006645 0.0675526024
1 0.8660022148 0.4573643411 0.0642303433 0.0708748616
1 0.9246954596 0.4590254707 0.0642303433 0.0719822813
1 0.6821705426 0.5791805094 0.0664451827 0.0509413068
1 0.7929125138 0.5658914729 0.0531561462 0.0686600221
1 0.7414174972 0.5531561462 0.0542635659 0.1007751938
1 0.8444075305 0.5631229236 0.0520487265 0.0609080842
1 0.8610188261 0.6157253599 0.0631229236 0.0442967885
1 0.8992248062 0.5658914729 0.0575858250 0.0620155039
1 0.9263565891 0.6179401993 0.0653377630 0.0442967885
1 0.7109634551 0.6910299003 0.0642303433 0.0265780731
3 0.6661129568 0.6943521595 0.0254706534 0.0332225914
3 0.6655592470 0.6611295681 0.0287929125 0.0332225914
1 0.7740863787 0.6910299003 0.0642303433 0.0243632337
1 0.8344407530 0.6755260244 0.0564784053 0.0531561462
1 0.8870431894 0.6760797342 0.0553709856 0.0564784053
1 0.9435215947 0.6782945736 0.0598006645 0.0564784053
3 0.6661129568 0.7275747508 0.0232558140 0.0354374308
1 0.7087486157 0.7275747508 0.0620155039 0.0509413068
1 0.7718715393 0.7264673311 0.0642303433 0.0487264673
1 0.8366555925 0.7281284607 0.0653377630 0.0542635659
1 0.8914728682 0.7281284607 0.0465116279 0.0498338870
1 0.9440753045 0.7353266888 0.0564784053 0.0575858250
1 0.7198228128 0.8178294574 0.0996677741 0.1007751938
1 0.7890365449 0.8205980066 0.0498338870 0.1018826135
1 0.8344407530 0.8228128461 0.0520487265 0.0996677741
1 0.8787375415 0.8228128461 0.0498338870 0.0996677741
1 0.9219269103 0.8250276855 0.0520487265 0.1018826135
1 0.9645625692 0.8255813953 0.0531561462 0.1029900332
1 0.6799557032 0.9158361019 0.0420819491 0.1040974529
1 0.7547065338 0.9180509413 0.1007751938 0.1040974529
1 0.8527131783 0.9213732004 0.1063122924 0.1040974529
1 0.9235880399 0.9246954596 0.0509413068 0.1040974529
1 0.9667774086 0.9258028793 0.0509413068 0.0996677741
