1 0.1524288107 0.0083752094 0.1775544389 0.0167504188
1 0.3274706868 0.0117252931 0.1825795645 0.0234505863
1 0.4958123953 0.0142378559 0.1641541039 0.0284757119
1 0.6683417085 0.0201005025 0.1742043551 0.0402010050
3 0.0083752094 0.2395309883 0.0167504188 0.1273031826
1 0.0435510888 0.2219430486 0.0737018425 0.1725293132
1 0.1147403685 0.2244556114 0.0720268007 0.1775544389
1 0.1850921273 0.2286432161 0.0753768844 0.1725293132
1 0.2537688442 0.2345058626 0.0720268007 0.1708542714
8 0.3701842546 0.2236180905 0.1172529313 0.1892797320
8 0.5083752094 0.2160804020 0.1356783920 0.2177554439
1 0.6465661642 0.2286432161 0.1641541039 0.1993299832
1 0.0209380235 0.3835845896 0.0418760469 0.1005025126
1 0.0209380235 0.4815745394 0.0418760469 0.1021775544
1 0.0904522613 0.3927973199 0.0971524288 0.0988274707
1 0.1926298157 0.3969849246 0.1005025126 0.1038525963
1 0.2872696817 0.4036850921 0.0921273032 0.1005025126
1 0.3785594640 0.4070351759 0.0904522613 0.0938023451
1 0.4740368509 0.4128978224 0.1005025126 0.0887772194
1 0.5695142379 0.4154103853 0.1072026801 0.0904522613
1 0.6649916248 0.4170854271 0.0904522613 0.0938023451
1 0.0946398660 0.6113902848 0.0921273032 0.0904522613
1 0.0234505863 0.6097152429 0.0469011725 0.0904522613
1 0.0879396985 0.4891122278 0.0954773869 0.0904522613
1 0.1834170854 0.4941373534 0.0988274707 0.0904522613
1 0.1901172529 0.6130653266 0.0954773869 0.0904522613
1 0.2822445561 0.6122278057 0.0887772194 0.0921273032
1 0.2797319933 0.4949748744 0.0938023451 0.0887772194
1 0.3735343384 0.4958123953 0.0938023451 0.0904522613
1 0.4706867672 0.6214405360 0.0971524288 0.0837520938
1 0.4639865997 0.4991624791 0.1038525963 0.0871021776
1 0.5661641541 0.5041876047 0.1038525963 0.0871021776
1 0.5561139028 0.6164154104 0.0904522613 0.0871021776
1 0.6549413735 0.5025125628 0.0938023451 0.0837520938
1 0.0217755444 0.6993299832 0.0435510888 0.0887772194
1 0.0921273032 0.7001675042 0.0938023451 0.0871021776
1 0.1850921273 0.7026800670 0.0954773869 0.0854271357
1 0.2780569514 0.7018425461 0.0804020101 0.0837520938
1 0.3693467337 0.6934673367 0.0887772194 0.0938023451
1 0.4606365159 0.7043551089 0.0938023451 0.0787269682
1 0.5561139028 0.6993299832 0.0703517588 0.0653266332
1 0.0326633166 0.8224455611 0.0653266332 0.0837520938
1 0.0335008375 0.9045226131 0.0670016750 0.0837520938
1 0.1172529313 0.8098827471 0.1038525963 0.0921273032
1 0.1155778894 0.8994974874 0.1005025126 0.0871021776
1 0.3149078727 0.9053601340 0.1005025126 0.0787269682
1 0.3149078727 0.8241206030 0.1005025126 0.0837520938
1 0.2194304858 0.9070351759 0.1005025126 0.0753768844
1 0.2185929648 0.8266331658 0.0954773869 0.0820770519
1 0.3986599665 0.8291457286 0.0670016750 0.0770519263
1 0.3953098827 0.9087102178 0.0569514238 0.0720268007
1 0.0435510888 0.9798994975 0.0871021776 0.0402010050
1 0.1490787270 0.9790619765 0.0971524288 0.0418760469
