1 0.0811320755 0.2157232704 0.1622641509 0.1094339623
1 0.4402515723 0.1767295597 0.1584905660 0.0691823899
1 0.6389937107 0.2201257862 0.1584905660 0.0628930818
0 0.8553459119 0.1704402516 0.1861635220 0.1144654088
0 0.9930817610 0.2031446541 0.0138364780 0.0566037736
1 0.2723270440 0.2264150943 0.1798742138 0.1358490566
1 0.4446540881 0.2408805031 0.1572327044 0.0641509434
1 0.4471698113 0.2987421384 0.1522012579 0.0616352201
0 0.8433962264 0.2735849057 0.1798742138 0.0993710692
0 0.9779874214 0.2779874214 0.0440251572 0.0830188679
1 0.0949685535 0.3125786164 0.1899371069 0.0893081761
1 0.3232704403 0.3289308176 0.0855345912 0.0792452830
1 0.2396226415 0.3295597484 0.0842767296 0.0830188679
1 0.4465408805 0.3672955975 0.1308176101 0.0654088050
1 0.6396226415 0.3477987421 0.1622641509 0.1320754717
0 0.9742138365 0.3603773585 0.0515723270 0.0842767296
1 0.0069182390 0.4226415094 0.0138364780 0.1132075472
1 0.1132075472 0.3962264151 0.1685534591 0.0905660377
1 0.2509433962 0.4056603774 0.0842767296 0.0716981132
1 0.3308176101 0.4056603774 0.0905660377 0.0742138365
1 0.4484276730 0.4257861635 0.1396226415 0.0540880503
0 0.8264150943 0.4050314465 0.1886792453 0.1232704403
0 0.9591194969 0.4314465409 0.0817610063 0.0830188679
4 0.0081761006 0.5169811321 0.0163522013 0.0704402516
1 0.1396226415 0.4716981132 0.1610062893 0.0779874214
1 0.1522012579 0.5308176101 0.1534591195 0.0503144654
1 0.3339622642 0.4773584906 0.0867924528 0.0742138365
1 0.4515723270 0.4886792453 0.1333333333 0.0490566038
1 0.4540880503 0.5308176101 0.1333333333 0.0477987421
1 0.6264150943 0.4723270440 0.1509433962 0.1220125786
0 0.8056603774 0.5069182390 0.1622641509 0.0905660377
0 0.9509433962 0.5050314465 0.0981132075 0.0716981132
4 0.0213836478 0.6100628931 0.0427672956 0.0452830189
4 0.0188679245 0.5716981132 0.0377358491 0.0465408805
1 0.1660377358 0.5729559748 0.1408805031 0.0490566038
1 0.2817610063 0.6163522013 0.0805031447 0.0628930818
1 0.2691823899 0.5459119497 0.0779874214 0.0729559748
1 0.3522012579 0.6132075472 0.0830188679 0.0591194969
1 0.3415094340 0.5484276730 0.0767295597 0.0754716981
1 0.4610062893 0.5767295597 0.1270440252 0.0490566038
1 0.4654088050 0.6138364780 0.1182389937 0.0402515723
1 0.6081761006 0.5748427673 0.1119496855 0.0805031447
0 0.7874213836 0.6132075472 0.1534591195 0.0616352201
0 0.9440251572 0.5704402516 0.1119496855 0.0691823899
4 0.0320754717 0.7006289308 0.0641509434 0.0427672956
4 0.0283018868 0.6597484277 0.0566037736 0.0515723270
7 0.1477987421 0.6364779874 0.0716981132 0.0251572327
7 0.1993710692 0.6930817610 0.0566037736 0.0301886792
7 0.2018867925 0.6333333333 0.0440251572 0.0138364780
7 0.1786163522 0.6641509434 0.0327044025 0.0377358491
1 0.2924528302 0.6698113208 0.0616352201 0.0515723270
1 0.3566037736 0.6754716981 0.0691823899 0.0427672956
1 0.4635220126 0.6880503145 0.1169811321 0.0427672956
1 0.4666666667 0.6528301887 0.1207547170 0.0402515723
7 0.6094339623 0.6415094340 0.1220125786 0.0603773585
0 0.9679245283 0.6968553459 0.0641509434 0.0578616352
0 0.9050314465 0.6937106918 0.0867924528 0.0616352201
4 0.0364779874 0.7339622642 0.0729559748 0.0389937107
1 0.2987421384 0.7201257862 0.0641509434 0.0515723270
1 0.3622641509 0.7213836478 0.0628930818 0.0415094340
1 0.4679245283 0.7264150943 0.1132075472 0.0364779874
7 0.6100628931 0.7421383648 0.1207547170 0.0754716981
7 0.7578616352 0.7496855346 0.1320754717 0.0779874214
0 0.8867924528 0.7490566038 0.0855345912 0.0540880503
0 0.9547169811 0.7509433962 0.0805031447 0.0427672956
