1 0.0039246468 0.0839874411 0.0078492936 0.1459968603
1 0.0494505495 0.0863422292 0.0989010989 0.1475667190
1 0.1428571429 0.0894819466 0.0910518053 0.1475667190
1 0.2323390895 0.0949764521 0.0879120879 0.1459968603
1 0.3398744113 0.0651491366 0.1240188383 0.0832025118
1 0.4670329670 0.0706436421 0.1240188383 0.0816326531
1 0.5894819466 0.0753532182 0.1145996860 0.0879120879
1 0.7056514914 0.0769230769 0.1145996860 0.0847723705
1 0.8163265306 0.0824175824 0.1161695447 0.0800627943
1 0.3398744113 0.1420722135 0.1208791209 0.0643642072
1 0.4623233909 0.1452119309 0.1177394035 0.0612244898
1 0.5879120879 0.1499215071 0.1114599686 0.0643642072
1 0.7001569859 0.1514913658 0.1098901099 0.0706436421
1 0.8186813187 0.1554160126 0.1177394035 0.0753532182
1 0.0219780220 0.3014128728 0.0439560440 0.1852433281
1 0.0894819466 0.3029827316 0.1161695447 0.1821036107
1 0.1907378336 0.3045525903 0.1114599686 0.1758241758
1 0.2974882261 0.3147566719 0.1051805338 0.1805337520
1 0.4010989011 0.3657770801 0.1020408163 0.0941915228
1 0.4042386185 0.2708006279 0.0989010989 0.0926216641
1 0.5125588697 0.2715855573 0.0957613815 0.0879120879
1 0.6130298273 0.2755102041 0.0989010989 0.0926216641
1 0.7166405024 0.2825745683 0.1114599686 0.0910518053
1 0.8273155416 0.2864992151 0.1004709576 0.0926216641
1 0.5031397174 0.3689167975 0.1020408163 0.0941915228
1 0.6067503925 0.3704866562 0.1114599686 0.0973312402
1 0.7189952904 0.3775510204 0.1098901099 0.0926216641
1 0.8304552590 0.3838304553 0.1067503925 0.0957613815
1 0.0141287284 0.5533751962 0.0282574568 0.2056514914
1 0.0816326531 0.5541601256 0.1193092622 0.2072213501
1 0.1836734694 0.5525902669 0.1161695447 0.1978021978
1 0.2919937206 0.5086342229 0.1067503925 0.0973312402
1 0.4010989011 0.5149136578 0.1083202512 0.1036106750
1 0.5086342229 0.5211930926 0.1098901099 0.1036106750
1 0.6177394035 0.5274725275 0.1083202512 0.1130298273
1 0.7244897959 0.5282574568 0.1051805338 0.1051805338
1 0.8304552590 0.5353218210 0.1036106750 0.1067503925
1 0.0408163265 0.8029827316 0.0816326531 0.1868131868
1 0.1161695447 0.8053375196 0.0910518053 0.1883830455
1 0.1946624804 0.8084772370 0.0879120879 0.1883830455
1 0.2723704867 0.8108320251 0.0863422292 0.1899529042
1 0.3516483516 0.8124018838 0.0847723705 0.1899529042
1 0.5086342229 0.8171114600 0.0784929356 0.1899529042
1 0.4293563579 0.8155416013 0.0800627943 0.1899529042
1 0.5902668760 0.8233908948 0.0847723705 0.1930926217
1 0.6695447410 0.8257456829 0.0800627943 0.1915227630
1 0.7496075353 0.8296703297 0.0863422292 0.1930926217
1 0.8281004710 0.8320251177 0.0894819466 0.1946624804
1 0.0062794349 0.9897959184 0.0125588697 0.0204081633
1 0.0871271586 0.9921507064 0.1491365777 0.0156985871
1 0.2401883830 0.9945054945 0.1475667190 0.0109890110
1 0.4050235479 0.9945054945 0.1821036107 0.0109890110
