5 0.0100286533 0.0744985673 0.0200573066 0.1489971347
7 0.0852435530 0.0759312321 0.1590257880 0.1518624642
1 0.2435530086 0.0873925501 0.1604584527 0.1489971347
1 0.4262177650 0.0981375358 0.0673352436 0.1532951289
1 0.3574498567 0.0909742120 0.0673352436 0.1532951289
1 0.4914040115 0.1024355301 0.0659025788 0.1504297994
1 0.5558739255 0.1067335244 0.0659025788 0.1504297994
1 0.6468481375 0.0974212034 0.1217765043 0.1260744986
5 0.7349570201 0.1117478510 0.0687679083 0.1432664756
5 0.7958452722 0.1131805158 0.0702005731 0.1432664756
4 0.0343839542 0.3166189112 0.0687679083 0.1690544413
4 0.0988538682 0.3180515759 0.0773638968 0.1690544413
4 0.1776504298 0.3202005731 0.0974212034 0.1704871060
4 0.2736389685 0.3237822350 0.0945558739 0.1690544413
1 0.4032951289 0.3223495702 0.1704871060 0.1661891117
1 0.5694842407 0.3259312321 0.1676217765 0.1676217765
5 0.6826647564 0.3209169054 0.0730659026 0.1489971347
5 0.7485673352 0.3252148997 0.0644699140 0.1489971347
5 0.8782234957 0.3302292264 0.0773638968 0.1532951289
5 0.8166189112 0.3287965616 0.0744985673 0.1561604585
5 0.7399713467 0.5565902579 0.0587392550 0.1246418338
5 0.7936962751 0.5487106017 0.0544412607 0.1146131805
5 0.8524355301 0.5494269341 0.0659025788 0.1160458453
5 0.9032951289 0.5200573066 0.0530085960 0.0515759312
4 0.0186246418 0.5974212034 0.0372492837 0.2120343840
4 0.0852435530 0.5938395415 0.0931232092 0.2106017192
4 0.1697707736 0.5952722063 0.0902578797 0.2048710602
4 0.2736389685 0.5938395415 0.1146131805 0.2077363897
1 0.4477077364 0.5809455587 0.0730659026 0.1819484241
1 0.5952722063 0.5838108883 0.0702005731 0.1704871060
1 0.5236389685 0.5838108883 0.0730659026 0.1733524355
1 0.6654727794 0.5830945559 0.0816618911 0.1719197708
5 0.9068767908 0.5752148997 0.0515759312 0.0530085960
7 0.0759312321 0.7757879656 0.1518624642 0.0759312321
7 0.1826647564 0.8151862464 0.0702005731 0.1604584527
7 0.3101719198 0.7893982808 0.0644699140 0.1088825215
7 0.2500000000 0.8037249284 0.0673352436 0.1346704871
7 0.3696275072 0.8001432665 0.0659025788 0.1303724928
7 0.4985673352 0.8094555874 0.0687679083 0.1489971347
7 0.4348137536 0.8101719198 0.0673352436 0.1504297994
7 0.5637535817 0.8144699140 0.0702005731 0.1676217765
3 0.6267908309 0.8101719198 0.0787965616 0.1618911175
3 0.6876790831 0.8015759312 0.0573065903 0.1389684814
3 0.7478510029 0.7571633238 0.0601719198 0.0616045845
5 0.8065902579 0.7535816619 0.0544412607 0.0601719198
5 0.8101719198 0.8137535817 0.0472779370 0.0601719198
5 0.8717765043 0.7879656160 0.0759312321 0.1232091691
5 0.9262177650 0.7736389685 0.0530085960 0.1002865330
7 0.0766475645 0.8395415473 0.1532951289 0.0830945559
3 0.7500000000 0.8280802292 0.0616045845 0.0687679083
