5 0.3133414933 0.0685434517 0.0538555692 0.0587515300
5 0.2723378213 0.0703794370 0.0379436965 0.0624235006
5 0.4577723378 0.0599755202 0.0881272950 0.0685434517
5 0.8702570379 0.0679314565 0.0367197062 0.0305997552
7 0.0391676867 0.1395348837 0.0318237454 0.0758873929
7 0.2374541004 0.1162790698 0.0514075887 0.0489596083
5 0.4498164015 0.1193390453 0.0795593635 0.0648714810
5 0.6101591187 0.0734394125 0.1285189718 0.0660954712
5 0.7839657283 0.0758873929 0.0722154223 0.0465116279
5 0.8378212974 0.0862913097 0.0379436965 0.0575275398
5 0.7864137087 0.1150550796 0.0722154223 0.0465116279
5 0.8720930233 0.1058751530 0.0354957160 0.0305997552
5 0.8525091799 0.1334149327 0.0648714810 0.0122399021
7 0.2031823745 0.1585067319 0.0416156671 0.0477356181
5 0.8396572827 0.1701346389 0.0342717258 0.0636474908
5 0.7735618115 0.1529987760 0.0342717258 0.0269277846
5 0.9045287638 0.1627906977 0.0367197062 0.0660954712
5 0.8708690330 0.1854345165 0.0305997552 0.0281517748
5 0.8702570379 0.1548347613 0.0342717258 0.0330477356
1 0.0569155447 0.4632802938 0.1138310894 0.1040391677
1 0.6352509180 0.4271725826 0.1346389229 0.0489596083
1 0.8561811506 0.4375764994 0.1505507956 0.1456548348
1 0.1995104039 0.5269277846 0.0709914321 0.0820073439
1 0.2558139535 0.5244798042 0.0807833537 0.0771113831
1 0.4020807834 0.5189718482 0.0869033048 0.0709914321
1 0.5189718482 0.5416156671 0.0636474908 0.0746634027
1 0.6328029376 0.4718482252 0.1346389229 0.0648714810
1 0.6315789474 0.5293757650 0.1370869033 0.0648714810
1 0.0379436965 0.5477356181 0.0758873929 0.0917992656
1 0.0238678091 0.6181150551 0.0477356181 0.0783353733
1 0.2221542228 0.6077111383 0.1456548348 0.0917992656
1 0.3977968176 0.6003671971 0.0905752754 0.0917992656
1 0.6321909425 0.5930232558 0.1407588739 0.0746634027
1 0.8629130967 0.5752753978 0.1591187271 0.1542227662
1 0.0128518972 0.6933904529 0.0257037944 0.0771113831
1 0.2160342717 0.6933904529 0.1334149327 0.0869033048
1 0.5097919217 0.6230110159 0.0771113831 0.0930232558
1 0.6034271726 0.6719706242 0.0856793146 0.0979192166
1 0.6970624235 0.6811505508 0.0844553244 0.0966952264
1 0.8702570379 0.6823745410 0.1640146879 0.0746634027
1 0.3929008568 0.6995104039 0.0930232558 0.1040391677
1 0.5018359853 0.7044063647 0.0563035496 0.0722154223
1 0.8769889841 0.7539779682 0.1676866585 0.0807833537
2 0.0299877601 0.8023255814 0.0599755202 0.1236230110
1 0.2111383109 0.7931456548 0.1481028152 0.1052631579
1 0.3929008568 0.7937576499 0.0954712362 0.0893512852
1 0.4895960832 0.7900856793 0.0783353733 0.1064871481
1 0.5985312118 0.7772337821 0.0783353733 0.1003671971
1 0.6829865361 0.7784577723 0.0832313341 0.1052631579
1 0.8855569155 0.8249694002 0.1725826193 0.0783353733
2 0.0091799266 0.9082007344 0.0183598531 0.1003671971
1 0.1915544676 0.9008567931 0.1456548348 0.1199510404
1 0.4657282742 0.8953488372 0.0379436965 0.0991432069
1 0.5177478580 0.9002447980 0.0660954712 0.0942472460
3 0.5930232558 0.8867809058 0.0624235006 0.1236230110
3 0.7105263158 0.9222766218 0.0575275398 0.0673194614
3 0.6493268054 0.8873929009 0.0648714810 0.1248470012
3 0.7068543452 0.8598531212 0.0550795594 0.0599755202
1 0.8947368421 0.9075887393 0.1738066095 0.0893512852
