1 0.3305462653 0.1348940914 0.0724637681 0.0423634337
1 0.4169453735 0.1365663322 0.0423634337 0.0412486065
1 0.4542920847 0.1354515050 0.0367892977 0.0412486065
1 0.5434782609 0.1471571906 0.0613154961 0.0312151616
8 0.1092530658 0.1605351171 0.0713489409 0.1092530658
8 0.2151616499 0.1627647715 0.0869565217 0.1092530658
1 0.3299888517 0.1778149387 0.0758082497 0.0479375697
1 0.3311036789 0.2240802676 0.0758082497 0.0468227425
1 0.4208472687 0.2235228540 0.0367892977 0.0323299889
1 0.4175027871 0.1872909699 0.0367892977 0.0379041249
1 0.4537346711 0.1772575251 0.0379041249 0.0401337793
1 0.4554069119 0.2140468227 0.0367892977 0.0379041249
1 0.5468227425 0.1945373467 0.0657748049 0.0657748049
1 0.6404682274 0.1694537347 0.0836120401 0.0334448161
1 0.6399108138 0.2352285396 0.0824972129 0.0356744705
1 0.6421404682 0.2017837235 0.0824972129 0.0356744705
2 0.7430323300 0.1817168339 0.0791527313 0.0423634337
2 0.8394648829 0.1661092531 0.0758082497 0.0758082497
2 0.8394648829 0.2408026756 0.0758082497 0.0735785953
8 0.1114827202 0.2692307692 0.0713489409 0.1125975474
8 0.2173913043 0.2714604236 0.0824972129 0.1081382386
1 0.3305462653 0.2697881828 0.0791527313 0.0468227425
1 0.3500557414 0.3154960981 0.0401337793 0.0490523969
1 0.3115942029 0.3166109253 0.0390189521 0.0445930881
1 0.4208472687 0.3394648829 0.0412486065 0.0412486065
1 0.4197324415 0.2569676700 0.0345596433 0.0367892977
1 0.4186176143 0.3021181717 0.0345596433 0.0379041249
1 0.4548494983 0.2954292085 0.0401337793 0.0423634337
1 0.4520624303 0.2541806020 0.0301003344 0.0401337793
1 0.4565217391 0.3389074693 0.0367892977 0.0401337793
1 0.5468227425 0.3232998885 0.0635451505 0.0668896321
1 0.5462653289 0.2591973244 0.0602006689 0.0635451505
1 0.6404682274 0.2709030100 0.0813823857 0.0334448161
1 0.6376811594 0.3082497213 0.0847268673 0.0345596433
2 0.7162764771 0.2597547380 0.0434782609 0.1181716834
2 0.7597547380 0.2591973244 0.0479375697 0.1192865106
2 0.8416945373 0.3132664437 0.0758082497 0.0735785953
8 0.1109253066 0.3784838350 0.0724637681 0.1103678930
8 0.2179487179 0.3790412486 0.0836120401 0.1092530658
1 0.3082497213 0.4085841695 0.0434782609 0.0523968785
1 0.3127090301 0.3617614270 0.0390189521 0.0434782609
1 0.3522853958 0.3617614270 0.0379041249 0.0434782609
1 0.3500557414 0.4102564103 0.0423634337 0.0512820513
1 0.4437012263 0.3740245262 0.0646599777 0.0278706800
1 0.4403567447 0.4247491639 0.0557413601 0.0222965440
1 0.4375696767 0.4007803790 0.0501672241 0.0278706800
1 0.5462653289 0.3701226310 0.0602006689 0.0312151616
1 0.5468227425 0.4236343367 0.0657748049 0.0245261984
1 0.5479375697 0.3985507246 0.0657748049 0.0278706800
1 0.6309921962 0.4163879599 0.0334448161 0.0412486065
1 0.6360089186 0.3779264214 0.0836120401 0.0356744705
1 0.6376811594 0.3422519509 0.0824972129 0.0312151616
1 0.6638795987 0.4158305463 0.0345596433 0.0423634337
2 0.7173913043 0.3768115942 0.0434782609 0.1181716834
2 0.7597547380 0.3751393534 0.0457079153 0.1170568562
2 0.8400222965 0.3851727982 0.0724637681 0.0724637681
8 0.1493868450 0.4966555184 0.0512820513 0.0858416945
8 0.1989966555 0.4966555184 0.0457079153 0.0880713489
8 0.2435897436 0.5000000000 0.0412486065 0.0925306577
8 0.3032329989 0.4927536232 0.0512820513 0.0758082497
8 0.3483835006 0.4921962096 0.0457079153 0.0769230769
8 0.0969899666 0.5462653289 0.0535117057 0.0824972129
8 0.1482720178 0.5819397993 0.0535117057 0.0847268673
8 0.1978818283 0.5797101449 0.0457079153 0.0824972129
8 0.2419175028 0.5841694537 0.0445930881 0.0758082497
8 0.3021181717 0.5680044593 0.0468227425 0.0791527313
8 0.3506131550 0.5680044593 0.0501672241 0.0791527313
8 0.1399108138 0.6677814939 0.1036789298 0.0869565217
8 0.2274247492 0.6688963211 0.0780379041 0.0780379041
8 0.3188405797 0.6538461538 0.0445930881 0.0769230769
8 0.3578595318 0.6516164994 0.0356744705 0.0769230769
8 0.1516164994 0.7497212932 0.0691192865 0.0769230769
8 0.2279821628 0.7480490524 0.0746934225 0.0780379041
8 0.3472686734 0.7385730212 0.0568561873 0.0925306577
8 0.2240802676 0.8690078038 0.0802675585 0.1192865106
8 0.3305462653 0.8545150502 0.0947603122 0.1059085842
8 0.2196209588 0.9593088071 0.0914158305 0.0813823857
8 0.3366778149 0.9515050167 0.0891861761 0.0969899666
