1 0.1307901907 0.2329700272 0.0735694823 0.0871934605
3 0.2459128065 0.1880108992 0.0476839237 0.0544959128
3 0.2445504087 0.2316076294 0.0504087193 0.0544959128
1 0.3549046322 0.2309264305 0.0667574932 0.0722070845
3 0.2949591281 0.1791553134 0.0476839237 0.0558583106
3 0.2929155313 0.2207084469 0.0490463215 0.0544959128
1 0.0074931880 0.3201634877 0.0149863760 0.0817438692
1 0.1103542234 0.3106267030 0.1716621253 0.0708446866
1 0.0633514986 0.2397820163 0.0640326975 0.0899182561
3 0.2717983651 0.2738419619 0.0994550409 0.0653950954
3 0.2779291553 0.3194822888 0.1117166213 0.0667574932
1 0.3617166213 0.2997275204 0.0613079019 0.0708446866
1 0.4237057221 0.2874659401 0.0572207084 0.0790190736
1 0.5265667575 0.2608991826 0.1730245232 0.1512261580
1 0.0088555858 0.4073569482 0.0177111717 0.0817438692
1 0.1369209809 0.3801089918 0.0885558583 0.0762942779
1 0.0647138965 0.3855585831 0.0749318801 0.0790190736
1 0.2915531335 0.3685286104 0.1525885559 0.0722070845
1 0.5354223433 0.4005449591 0.1771117166 0.1580381471
1 0.0129427793 0.4836512262 0.0258855586 0.0762942779
1 0.1437329700 0.4550408719 0.0831062670 0.0844686649
1 0.0674386921 0.4638964578 0.0803814714 0.0858310627
1 0.3017711172 0.4897820163 0.1594005450 0.0722070845
1 0.2942779292 0.4305177112 0.1525885559 0.0681198910
1 0.6975476839 0.4673024523 0.1444141689 0.1280653951
1 0.0647138965 0.5435967302 0.0803814714 0.0844686649
1 0.1457765668 0.5422343324 0.0844686649 0.0871934605
1 0.3010899183 0.5476839237 0.1580381471 0.0735694823
1 0.4250681199 0.5647138965 0.0681198910 0.1430517711
1 0.5660762943 0.5517711172 0.1893732970 0.1716621253
3 0.6900544959 0.5790190736 0.1049046322 0.1798365123
1 0.1512261580 0.6348773842 0.1008174387 0.0953678474
1 0.0640326975 0.6314713896 0.0817438692 0.0858310627
1 0.3065395095 0.6137602180 0.1607629428 0.0776566757
3 0.7765667575 0.5940054496 0.1008174387 0.1335149864
