2 0.4735202492 0.1573208723 0.1059190031 0.1059190031
2 0.5778816199 0.1573208723 0.1028037383 0.1059190031
2 0.6791277259 0.1542056075 0.1028037383 0.1059190031
2 0.7795950156 0.1565420561 0.1012461059 0.1012461059
2 0.4953271028 0.2920560748 0.0591900312 0.1105919003
2 0.6035825545 0.2686915888 0.1666666667 0.0669781931
2 0.7655763240 0.2686915888 0.1635514019 0.0638629283
2 0.6043613707 0.3294392523 0.1651090343 0.0607476636
2 0.7679127726 0.3278816199 0.1651090343 0.0607476636
1 0.8224299065 0.4026479751 0.0591900312 0.0482866044
1 0.4781931464 0.4353582555 0.0467289720 0.1168224299
1 0.5700934579 0.4361370717 0.0498442368 0.1152647975
1 0.5233644860 0.4330218069 0.0498442368 0.1152647975
1 0.6199376947 0.4353582555 0.0467289720 0.1137071651
1 0.6721183801 0.4392523364 0.0482866044 0.1183800623
1 0.7694704050 0.4415887850 0.0498442368 0.1168224299
1 0.7196261682 0.4392523364 0.0436137072 0.1152647975
1 0.8232087227 0.4485981308 0.0576323988 0.0467289720
1 0.4470404984 0.5708722741 0.0436137072 0.0856697819
1 0.5132398754 0.5661993769 0.0919003115 0.0919003115
1 0.6035825545 0.5669781931 0.0887850467 0.0841121495
1 0.6931464174 0.5661993769 0.0934579439 0.0887850467
1 0.7585669782 0.5669781931 0.0436137072 0.0841121495
1 0.8333333333 0.5661993769 0.0342679128 0.0919003115
1 0.7982866044 0.5646417445 0.0389408100 0.0919003115
1 0.4306853583 0.6954828660 0.0576323988 0.0514018692
1 0.5404984424 0.6939252336 0.0529595016 0.0514018692
1 0.4890965732 0.6962616822 0.0560747664 0.0529595016
1 0.5965732087 0.6985981308 0.0560747664 0.0420560748
1 0.7149532710 0.6923676012 0.0560747664 0.0514018692
1 0.6542056075 0.6947040498 0.0591900312 0.0560747664
1 0.4322429907 0.7476635514 0.0576323988 0.0591900312
1 0.5031152648 0.7468847352 0.0529595016 0.0514018692
1 0.5537383178 0.7422118380 0.0451713396 0.0514018692
1 0.6635514019 0.7453271028 0.0529595016 0.0482866044
1 0.6004672897 0.7437694704 0.0514018692 0.0482866044
1 0.7157320872 0.7422118380 0.0576323988 0.0576323988
1 0.7640186916 0.7102803738 0.0389408100 0.0903426791
1 0.8014018692 0.7188473520 0.0389408100 0.0700934579
1 0.8348909657 0.7149532710 0.0311526480 0.0778816199
1 0.4299065421 0.8683800623 0.0591900312 0.1012461059
1 0.4898753894 0.8691588785 0.0669781931 0.1059190031
1 0.5545171340 0.8676012461 0.0654205607 0.1059190031
1 0.6838006231 0.8948598131 0.0623052960 0.0545171340
1 0.6183800623 0.8683800623 0.0654205607 0.1105919003
1 0.6822429907 0.8411214953 0.0685358255 0.0560747664
1 0.7468847352 0.8380062305 0.0607476636 0.0529595016
1 0.8146417445 0.8411214953 0.0716510903 0.0591900312
1 0.7468847352 0.8933021807 0.0607476636 0.0545171340
1 0.8123052960 0.8995327103 0.0732087227 0.0607476636
8 0.9291277259 0.8434579439 0.1074766355 0.0638629283
8 0.9898753894 0.8403426791 0.0202492212 0.0700934579
8 0.9299065421 0.9065420561 0.1059190031 0.0716510903
8 0.9376947040 0.9805295950 0.1246105919 0.0389408100
8 0.9898753894 0.9080996885 0.0202492212 0.0654205607
8 0.4688473520 0.9844236760 0.1526479751 0.0311526480
8 0.6207165109 0.9844236760 0.1510903427 0.0311526480
8 0.7710280374 0.9836448598 0.1526479751 0.0327102804
