1 0.0474383302 0.0749525617 0.0569259962 0.1499051233
1 0.0104364326 0.0721062619 0.0208728653 0.1442125237
1 0.1091081594 0.0749525617 0.0702087287 0.1499051233
1 0.1755218216 0.0796963947 0.0740037951 0.1593927894
1 0.3055028463 0.0863377609 0.0721062619 0.1726755218
1 0.2466793169 0.0844402277 0.0683111954 0.1688804554
1 0.4335863378 0.0986717268 0.1157495256 0.1973434535
1 0.5341555977 0.1034155598 0.1195445920 0.2068311195
1 0.6537001898 0.1081593928 0.1423149905 0.2163187856
1 0.7836812144 0.1138519924 0.1518026565 0.2277039848
1 0.9146110057 0.1185958254 0.1707779886 0.2371916509
1 0.9857685009 0.1252371917 0.0284629981 0.2504743833
1 0.7324478178 0.4051233397 0.1100569260 0.1081593928
1 0.0322580645 0.4468690702 0.0645161290 0.1081593928
1 0.0939278937 0.4696394687 0.0740037951 0.1081593928
1 0.1717267552 0.4857685009 0.0891840607 0.1138519924
1 0.2960151803 0.4848197343 0.0683111954 0.1233396584
1 0.6043643264 0.4269449715 0.1119544592 0.1176470588
1 0.0094876660 0.6100569260 0.0189753321 0.1195445920
1 0.0654648956 0.6356736243 0.1043643264 0.1404174573
1 0.1603415560 0.6565464896 0.0853889943 0.1480075901
1 0.2618595825 0.6954459203 0.1290322581 0.1461100569
1 0.4525616698 0.6537001898 0.1195445920 0.2827324478
1 0.5445920304 0.6831119545 0.1138519924 0.2808349146
1 0.6432637571 0.6869070209 0.1062618596 0.3453510436
1 0.7514231499 0.7409867173 0.1366223909 0.3282732448
1 0.8918406072 0.7779886148 0.1518026565 0.3377609108
1 0.9838709677 0.7960151803 0.0322580645 0.3548387097
1 0.0445920304 0.9658444023 0.0891840607 0.0683111954
2 0.5322580645 0.9459203036 0.2637571157 0.1081593928
