1 0.0259653795 0.3874833555 0.0519307590 0.0905459387
1 0.0226364847 0.4793608522 0.0452729694 0.0958721704
1 0.1957390146 0.4327563249 0.0932090546 0.0905459387
1 0.3428761651 0.4367509987 0.0758988016 0.0905459387
1 0.4127829561 0.4513981358 0.0692410120 0.0852197071
1 0.5532623169 0.4747003995 0.1105193076 0.1025299601
1 0.7037283622 0.4780292943 0.1105193076 0.0985352863
7 0.9061251664 0.4873501997 0.0652463382 0.0852197071
1 0.1937416778 0.5272969374 0.0972037284 0.0958721704
1 0.3442077230 0.5312916112 0.0758988016 0.0958721704
1 0.4161118509 0.5366178429 0.0785619174 0.0958721704
1 0.5612516644 0.5619174434 0.1078561917 0.0825565912
1 0.7183754993 0.5692410120 0.1025299601 0.0972037284
1 0.0226364847 0.5865512650 0.0452729694 0.1025299601
1 0.1937416778 0.6344873502 0.1025299601 0.1158455393
1 0.3462050599 0.6351531292 0.0932090546 0.1038615180
1 0.4267643142 0.6411451398 0.0785619174 0.1025299601
1 0.5745672437 0.6471371505 0.1211717710 0.0932090546
1 0.7343541944 0.6577896138 0.1025299601 0.0825565912
7 0.9314247670 0.5825565912 0.0705725699 0.0892143808
6 0.0159786951 0.6917443409 0.0319573901 0.0998668442
1 0.3528628495 0.7443408788 0.1011984021 0.1278295606
1 0.4354194407 0.7463382157 0.0772303595 0.1211717710
7 0.5872170439 0.7316910786 0.0932090546 0.0838881491
1 0.7443408788 0.7403462051 0.1038615180 0.0878828229
1 0.9440745672 0.7110519308 0.0798934754 0.1597869507
6 0.0139813582 0.7882822903 0.0279627164 0.1011984021
1 0.1964047936 0.7543275632 0.1051930759 0.1264980027
7 0.5965379494 0.8175765646 0.1065246338 0.0958721704
7 0.7569906791 0.8242343542 0.0892143808 0.0665778961
1 0.9327563249 0.8322237017 0.1318242344 0.0932090546
5 0.0126498003 0.9134487350 0.0252996005 0.1517976032
5 0.1584553928 0.8988015979 0.1837549933 0.1544607190
1 0.3548601864 0.8721704394 0.1078561917 0.1358189081
1 0.4414114514 0.8681757656 0.0865512650 0.1331557923
7 0.6031957390 0.9107856192 0.1145139814 0.0985352863
7 0.7929427430 0.9101198402 0.0785619174 0.0838881491
5 0.4087882823 0.9653794940 0.1784287617 0.0692410120
1 0.9420772304 0.9274300932 0.1158455393 0.1025299601
5 0.1631158455 0.9820239680 0.1824234354 0.0359520639
6 0.6078561917 0.9786950732 0.1238348868 0.0426098535
7 0.8135818908 0.9806924101 0.0665778961 0.0386151798
1 0.9540612517 0.9893475366 0.0918774967 0.0213049268
