0 0.0162760417 0.1673177083 0.0325520833 0.0820312500
1 0.5703125000 0.1953125000 0.1640625000 0.1041666667
1 0.7513020833 0.1946614583 0.0781250000 0.0846354167
1 0.8307291667 0.1875000000 0.0781250000 0.0885416667
1 0.9537760417 0.1946614583 0.0794270833 0.0976562500
1 0.9967447917 0.1927083333 0.0065104167 0.0937500000
0 0.0683593750 0.2552083333 0.1367187500 0.0937500000
7 0.1679687500 0.2194010417 0.0677083333 0.1236979167
7 0.2350260417 0.2233072917 0.0559895833 0.1002604167
1 0.3938802083 0.2109375000 0.1888020833 0.1041666667
1 0.8001302083 0.2819010417 0.1653645833 0.0924479167
0 0.0462239583 0.3268229167 0.0924479167 0.0963541667
7 0.1875000000 0.3339843750 0.0442708333 0.1132812500
7 0.2265625000 0.3261718750 0.0520833333 0.1002604167
1 0.5651041667 0.2910156250 0.1718750000 0.1002604167
1 0.9544270833 0.2871093750 0.0807291667 0.0950520833
7 0.1673177083 0.4459635417 0.0403645833 0.1158854167
7 0.2128906250 0.4420572917 0.0455729167 0.1158854167
1 0.5657552083 0.3951822917 0.1601562500 0.1002604167
1 0.8027343750 0.3710937500 0.1575520833 0.0833333333
1 0.9544270833 0.3906250000 0.0781250000 0.0989583333
1 0.9954427083 0.3899739583 0.0091145833 0.0976562500
0 0.0638020833 0.5182291667 0.1276041667 0.0963541667
1 0.5722656250 0.4973958333 0.1653645833 0.1041666667
1 0.8033854167 0.4576822917 0.1640625000 0.0872395833
1 0.9557291667 0.4921875000 0.0807291667 0.1015625000
3 0.1562500000 0.5494791667 0.0520833333 0.0989583333
1 0.5631510417 0.5957031250 0.1653645833 0.0950520833
1 0.8066406250 0.5455729167 0.1705729167 0.0911458333
1 0.9583333333 0.5957031250 0.0833333333 0.1080729167
5 0.4003906250 0.7024739583 0.0820312500 0.0742187500
5 0.4967447917 0.6946614583 0.1028645833 0.0742187500
5 0.5885416667 0.6979166667 0.0885416667 0.0729166667
5 0.9570312500 0.6959635417 0.0859375000 0.0638020833
5 0.0794270833 0.7128906250 0.1588541667 0.1028645833
5 0.1744791667 0.7044270833 0.0338541667 0.0755208333
5 0.2740885417 0.7063802083 0.1731770833 0.0950520833
5 0.4680989583 0.7773437500 0.0377604167 0.0833333333
5 0.5071614583 0.7773437500 0.0455729167 0.0885416667
5 0.5735677083 0.7838541667 0.0820312500 0.0937500000
5 0.6764322917 0.7799479167 0.0403645833 0.0494791667
5 0.6549479167 0.7122395833 0.0598958333 0.0807291667
5 0.7955729167 0.7506510417 0.1432291667 0.1054687500
5 0.9563802083 0.7539062500 0.0872395833 0.0598958333
5 0.2447916667 0.8027343750 0.1692708333 0.1132812500
5 0.3860677083 0.7923177083 0.0976562500 0.1158854167
5 0.6516927083 0.8606770833 0.0768229167 0.0963541667
5 0.7949218750 0.8522135417 0.1419270833 0.0924479167
5 0.9550781250 0.8704427083 0.0898437500 0.0481770833
5 0.9570312500 0.8157552083 0.0859375000 0.0638020833
5 0.0644531250 0.9010416667 0.1289062500 0.0885416667
5 0.2434895833 0.9101562500 0.1614583333 0.1067708333
5 0.4147135417 0.9095052083 0.1757812500 0.1132812500
5 0.5748697917 0.8789062500 0.0794270833 0.0937500000
5 0.7936197917 0.9355468750 0.1419270833 0.0820312500
5 0.9361979167 0.9472656250 0.0494791667 0.1028645833
5 0.9798177083 0.9485677083 0.0403645833 0.1028645833
5 0.0104166667 0.9700520833 0.0208333333 0.0598958333
5 0.0611979167 0.9661458333 0.1041666667 0.0677083333
5 0.2415364583 0.9785156250 0.1679687500 0.0429687500
5 0.3847656250 0.9798177083 0.0898437500 0.0403645833
5 0.4726562500 0.9804687500 0.0911458333 0.0390625000
5 0.5644531250 0.9570312500 0.0794270833 0.0859375000
5 0.6451822917 0.9557291667 0.0846354167 0.0885416667
5 0.7903645833 0.9869791667 0.1432291667 0.0260416667
