1 0.6210691824 0.2861635220 0.1519916143 0.0691823899
1 0.8574423480 0.2699161426 0.1656184486 0.0744234801
1 0.0178197065 0.3165618449 0.0356394130 0.1111111111
1 0.1860587002 0.3149895178 0.1373165618 0.1079664570
1 0.3789308176 0.3165618449 0.0828092243 0.1069182390
1 0.4612159329 0.3139412998 0.0649895178 0.0828092243
1 0.6194968553 0.3506289308 0.1467505241 0.0639412998
1 0.8516771488 0.3354297694 0.1582809224 0.0712788260
1 0.0214884696 0.3993710692 0.0429769392 0.0901467505
1 0.2012578616 0.4135220126 0.1488469602 0.0890985325
1 0.3799790356 0.4135220126 0.0828092243 0.0870020964
1 0.4575471698 0.4030398323 0.0744234801 0.0890985325
1 0.6121593291 0.4072327044 0.1404612159 0.0534591195
1 0.8485324948 0.4009433962 0.1603773585 0.0744234801
1 0.0309224319 0.4806079665 0.0618448637 0.0807127883
1 0.3852201258 0.4979035639 0.0744234801 0.0922431866
1 0.4627882600 0.4973794549 0.0870020964 0.0911949686
1 0.5807127883 0.4711740042 0.0838574423 0.0828092243
1 0.6614255765 0.4638364780 0.0649895178 0.0639412998
1 0.8406708595 0.4659329140 0.1593291405 0.0702306080
1 0.2112159329 0.5062893082 0.1394129979 0.0817610063
1 0.5859538784 0.5513626834 0.0817610063 0.0754716981
1 0.8380503145 0.5293501048 0.1519916143 0.0670859539
8 0.0345911950 0.5791404612 0.0691823899 0.1247379455
1 0.2269392034 0.5828092243 0.1373165618 0.0712788260
1 0.3815513627 0.5906708595 0.0691823899 0.0849056604
1 0.4538784067 0.5922431866 0.0817610063 0.0859538784
1 0.5801886792 0.6236897275 0.0765199161 0.0754716981
1 0.6588050314 0.5911949686 0.0702306080 0.0503144654
1 0.8333333333 0.5880503145 0.1488469602 0.0607966457
8 0.0408805031 0.6761006289 0.0817610063 0.0670859539
1 0.2353249476 0.6588050314 0.1247379455 0.0702306080
1 0.3993710692 0.6761006289 0.0649895178 0.0859538784
1 0.4648846960 0.6745283019 0.0660377358 0.0828092243
1 0.5838574423 0.6986373166 0.0796645702 0.0723270440
1 0.6540880503 0.6498951782 0.0607966457 0.0482180294
1 0.8296645702 0.6776729560 0.1436058700 0.1247379455
