7 0.0529622980 0.1463195691 0.1059245961 0.2926391382
7 0.2118491921 0.0718132855 0.2333931777 0.1436265709
7 0.4344703770 0.0924596050 0.2082585278 0.1633752244
7 0.6382405745 0.1032315978 0.1956912029 0.1490125673
7 0.8267504488 0.1436265709 0.1454219031 0.2872531418
7 0.9479353680 0.1436265709 0.1041292639 0.2872531418
7 0.2118491921 0.2163375224 0.2369838420 0.1346499102
7 0.4335727110 0.2298025135 0.1885098743 0.1292639138
7 0.6220825853 0.2324955117 0.1885098743 0.1238779174
6 0.3429084381 0.4901256732 0.3375224417 0.2118491921
6 0.6840215440 0.4928186715 0.3518850987 0.2100538600
6 0.0852782765 0.4928186715 0.1705565530 0.2136445242
1 0.9254937163 0.5170556553 0.1490125673 0.1543985637
1 0.0610412926 0.6750448833 0.1220825853 0.1328545781
1 0.1965888689 0.6696588869 0.1454219031 0.1256732496
1 0.3447037702 0.6723518851 0.1436265709 0.1202872531
1 0.4883303411 0.6714542190 0.1472172352 0.1184919210
1 0.6445242370 0.6786355476 0.1579892280 0.1149012567
1 0.8061041293 0.6840215440 0.1508078995 0.1364452424
1 0.9461400359 0.6822262118 0.1077199282 0.1292639138
1 0.0314183124 0.9578096948 0.0628366248 0.0843806104
1 0.1310592460 0.9542190305 0.1436265709 0.0915619390
1 0.4479353680 0.9578096948 0.1669658887 0.0843806104
1 0.6211849192 0.9542190305 0.1723518851 0.0915619390
1 0.7926391382 0.9560143627 0.1705565530 0.0879712747
1 0.9335727110 0.9569120287 0.1328545781 0.0861759425
1 0.2836624776 0.9667863555 0.1651705566 0.0664272890
