1 0.4827044025 0.0267295597 0.0890985325 0.0534591195
8 0.1635220126 0.0990566038 0.0461215933 0.0828092243
8 0.2075471698 0.0838574423 0.0461215933 0.0796645702
1 0.2589098532 0.0691823899 0.0691823899 0.1027253669
1 0.3301886792 0.0497903564 0.0733752621 0.0995807128
1 0.4056603774 0.0382599581 0.0817610063 0.0765199161
2 0.5702306080 0.0754716981 0.0733752621 0.1404612159
1 0.6383647799 0.0765199161 0.0712788260 0.1257861635
1 0.7080712788 0.0644654088 0.0744234801 0.1289308176
0 0.2211740042 0.1839622642 0.0482180294 0.0953878407
7 0.2699161426 0.1457023061 0.0555555556 0.0607966457
0 0.2741090147 0.1939203354 0.0597484277 0.0503144654
0 0.3317610063 0.1619496855 0.0555555556 0.1016771488
2 0.4072327044 0.1305031447 0.0953878407 0.1247379455
2 0.4958071279 0.1074423480 0.0922431866 0.1394129979
5 0.1388888889 0.2704402516 0.0681341719 0.0461215933
0 0.1724318658 0.1991614256 0.0618448637 0.0880503145
5 0.2028301887 0.2646750524 0.0576519916 0.0429769392
0 0.3694968553 0.2767295597 0.0639412998 0.1048218029
1 0.4916142558 0.2557651992 0.0566037736 0.1132075472
1 0.4318658281 0.2416142558 0.0607966457 0.0513626834
1 0.5476939203 0.2489517820 0.0555555556 0.1163522013
1 0.6053459119 0.2321802935 0.0597484277 0.1100628931
1 0.6640461216 0.2248427673 0.0639412998 0.1163522013
1 0.7253668763 0.2106918239 0.0607966457 0.1111111111
5 0.1462264151 0.3254716981 0.0366876310 0.0807127883
5 0.2290356394 0.3118448637 0.0324947589 0.0828092243
5 0.1954926625 0.3207547170 0.0387840671 0.0796645702
0 0.2688679245 0.2950733753 0.0513626834 0.0932914046
0 0.3155136268 0.2866876310 0.0461215933 0.0932914046
1 0.4329140461 0.2945492662 0.0587002096 0.0524109015
1 0.5361635220 0.3694968553 0.0639412998 0.0492662474
1 0.5995807128 0.3579664570 0.0628930818 0.0660377358
1 0.6603773585 0.3495807128 0.0607966457 0.0618448637
1 0.7206498952 0.3396226415 0.0555555556 0.0607966457
5 0.1567085954 0.4412997904 0.0283018868 0.0796645702
5 0.1215932914 0.4449685535 0.0314465409 0.0786163522
5 0.1886792453 0.3763102725 0.0377358491 0.0335429769
5 0.1897274633 0.4119496855 0.0419287212 0.0398322851
5 0.1923480084 0.4575471698 0.0366876310 0.0513626834
6 0.2395178197 0.4512578616 0.0492662474 0.0534591195
1 0.2919287212 0.4203354298 0.0576519916 0.1006289308
6 0.2368972746 0.3930817610 0.0566037736 0.0607966457
1 0.3511530398 0.4192872117 0.0649895178 0.1027253669
1 0.4119496855 0.4392033543 0.0482180294 0.0482180294
1 0.4690775681 0.4266247379 0.0702306080 0.0587002096
1 0.5356394130 0.4240041929 0.0670859539 0.0597484277
1 0.5901467505 0.4182389937 0.0482180294 0.0545073375
1 0.6567085954 0.4077568134 0.0618448637 0.0607966457
1 0.7028301887 0.4617400419 0.0660377358 0.0639412998
1 0.7164570231 0.3946540881 0.0534591195 0.0597484277
7 0.1493710692 0.5131027254 0.0597484277 0.0345911950
7 0.2064989518 0.5162473795 0.0545073375 0.0241090147
0 0.2536687631 0.5057651992 0.0419287212 0.0345911950
0 0.3060796646 0.4989517820 0.0607966457 0.0293501048
0 0.4093291405 0.5026205451 0.0366876310 0.0303983229
1 0.4559748428 0.5529350105 0.0587002096 0.1079664570
1 0.5618448637 0.4811320755 0.0628930818 0.0461215933
1 0.5686582809 0.5230607966 0.0555555556 0.0503144654
1 0.6357442348 0.5251572327 0.0702306080 0.0503144654
1 0.6341719078 0.4737945493 0.0754716981 0.0566037736
1 0.7080712788 0.5157232704 0.0702306080 0.0503144654
7 0.1509433962 0.5702306080 0.0607966457 0.0817610063
7 0.2059748428 0.5691823899 0.0534591195 0.0817610063
7 0.2091194969 0.6436058700 0.0408805031 0.0314465409
0 0.2515723270 0.5660377358 0.0482180294 0.0901467505
0 0.3081761006 0.5618448637 0.0670859539 0.0985324948
0 0.4051362683 0.5628930818 0.0429769392 0.0922431866
0 0.3663522013 0.5607966457 0.0471698113 0.1006289308
1 0.5655136268 0.5759958071 0.0597484277 0.0555555556
1 0.6294549266 0.5718029350 0.0597484277 0.0576519916
1 0.7049266247 0.5691823899 0.0660377358 0.0566037736
7 0.1556603774 0.7190775681 0.0262054507 0.0272536688
7 0.1383647799 0.7080712788 0.0209643606 0.0471698113
7 0.1598532495 0.6661425577 0.0241090147 0.0283018868
7 0.2190775681 0.7033542977 0.0230607966 0.0649895178
7 0.1975890985 0.7044025157 0.0241090147 0.0628930818
7 0.1787211740 0.7075471698 0.0178197065 0.0545073375
4 0.2709643606 0.6912997904 0.0492662474 0.1037735849
7 0.2384696017 0.7028301887 0.0199161426 0.0681341719
0 0.3296645702 0.6996855346 0.0723270440 0.0890985325
7 0.4035639413 0.7085953878 0.0775681342 0.0733752621
7 0.4591194969 0.6986373166 0.0398322851 0.1016771488
1 0.5393081761 0.6996855346 0.0408805031 0.0953878407
1 0.4994758910 0.6991614256 0.0366876310 0.0943396226
1 0.6184486373 0.7002096436 0.0440251572 0.1027253669
1 0.5786163522 0.7002096436 0.0419287212 0.0964360587
1 0.6666666667 0.7002096436 0.0503144654 0.1027253669
1 0.7159329140 0.7023060797 0.0503144654 0.1048218029
4 0.1509433962 0.7966457023 0.0377358491 0.1111111111
4 0.1776729560 0.8102725367 0.0345911950 0.0943396226
4 0.2080712788 0.8128930818 0.0303983229 0.0870020964
6 0.2730607966 0.7830188679 0.0576519916 0.0607966457
4 0.2332285115 0.8165618449 0.0303983229 0.0880503145
0 0.1399371069 0.8957023061 0.0492662474 0.0534591195
0 0.1829140461 0.8983228512 0.0471698113 0.0503144654
6 0.2714884696 0.8406708595 0.0545073375 0.0607966457
1 0.3370020964 0.8333333333 0.0765199161 0.0922431866
1 0.4203354298 0.8406708595 0.0838574423 0.0943396226
1 0.5005241090 0.8427672956 0.0890985325 0.0985324948
1 0.5927672956 0.8537735849 0.0974842767 0.1037735849
1 0.6902515723 0.8584905660 0.0974842767 0.1069182390
0 0.1383647799 0.9381551363 0.0440251572 0.0440251572
0 0.1719077568 0.9874213836 0.0398322851 0.0251572327
0 0.2237945493 0.9281970650 0.0450733753 0.0911949686
0 0.1787211740 0.9454926625 0.0450733753 0.0482180294
0 0.2730607966 0.9255765199 0.0534591195 0.1069182390
0 0.3223270440 0.9381551363 0.0576519916 0.1069182390
1 0.4916142558 0.9491614256 0.0901467505 0.1016771488
1 0.5885744235 0.9517819706 0.0953878407 0.0964360587
1 0.6666666667 0.9580712788 0.0566037736 0.0838574423
1 0.7227463312 0.9606918239 0.0597484277 0.0786163522
0 0.3736897275 0.9669811321 0.0513626834 0.0660377358
