1 0.4077733860 0.2720685112 0.0803689065 0.0803689065
1 0.4927536232 0.2628458498 0.0974967062 0.0803689065
1 0.5810276680 0.2516469038 0.0869565217 0.0843214756
1 0.6765480896 0.2358366271 0.1014492754 0.0948616601
1 0.7826086957 0.2292490119 0.1133069829 0.0922266140
1 0.9025032938 0.2200263505 0.1212121212 0.0948616601
1 0.1271409750 0.3306982872 0.1146245059 0.1106719368
1 0.0447957839 0.3399209486 0.0895915679 0.1054018445
1 0.2292490119 0.3517786561 0.0658761528 0.0711462451
1 0.2364953887 0.2826086957 0.0592885375 0.0724637681
1 0.3537549407 0.3491436100 0.0777338603 0.0658761528
1 0.2839262187 0.3504611331 0.0698287220 0.0685111989
1 0.3320158103 0.2812911726 0.0737812912 0.0750988142
1 0.2812911726 0.2812911726 0.0434782609 0.0698287220
1 0.4209486166 0.3451910408 0.0777338603 0.0737812912
1 0.5922266140 0.3267457181 0.0909090909 0.0764163373
1 0.4986824769 0.3399209486 0.0935441370 0.0764163373
1 0.6851119895 0.3188405797 0.1054018445 0.0764163373
1 0.7872200264 0.3168642951 0.1040843215 0.0882740448
1 0.9011857708 0.3083003953 0.1185770751 0.0922266140
2 0.0500658762 0.4249011858 0.0606060606 0.0540184453
1 0.5704874835 0.4354413702 0.0764163373 0.0645586298
1 0.6409749671 0.4347826087 0.0777338603 0.0658761528
1 0.8050065876 0.4209486166 0.0922266140 0.0724637681
1 0.7187088274 0.4328063241 0.0856389987 0.0671936759
1 0.9051383399 0.4196310935 0.1054018445 0.0803689065
2 0.0342555995 0.5184453228 0.0685111989 0.1146245059
2 0.0111989460 0.5230566535 0.0223978920 0.1054018445
1 0.2621870883 0.5263504611 0.0711462451 0.0566534914
1 0.2747035573 0.4545454545 0.0724637681 0.0606060606
1 0.3313570487 0.5243741765 0.0724637681 0.0606060606
1 0.3458498024 0.4519104084 0.0645586298 0.0658761528
1 0.4749670619 0.4492753623 0.0830039526 0.0632411067
1 0.4071146245 0.4552042161 0.0685111989 0.0619235837
1 0.5283267457 0.5138339921 0.0711462451 0.0816864295
1 0.6653491436 0.5210803689 0.0816864295 0.0645586298
1 0.8524374177 0.5072463768 0.0869565217 0.0816864295
1 0.2727272727 0.5830039526 0.0711462451 0.0566534914
1 0.3405797101 0.5810276680 0.0750988142 0.0553359684
1 0.4670619236 0.5428194993 0.0750988142 0.1238471673
1 0.4057971014 0.5487483531 0.0843214756 0.1146245059
1 0.5316205534 0.5764163373 0.0645586298 0.0540184453
1 0.5948616601 0.5487483531 0.0830039526 0.1172595520
1 0.6778656126 0.5783926219 0.0909090909 0.0711462451
1 0.7621870883 0.5375494071 0.0935441370 0.1238471673
1 0.8517786561 0.5955204216 0.0935441370 0.1027667984
1 0.3590250329 0.6725955204 0.0777338603 0.0645586298
1 0.2891963109 0.6679841897 0.0645586298 0.0632411067
1 0.4361001318 0.6699604743 0.0764163373 0.0645586298
1 0.5889328063 0.6725955204 0.0816864295 0.0513833992
1 0.5085638999 0.6699604743 0.0711462451 0.0487483531
1 0.6712779974 0.6686429513 0.0882740448 0.0698287220
1 0.7549407115 0.6752305665 0.0869565217 0.0698287220
1 0.0204216074 0.6969696970 0.0408432148 0.1212121212
1 0.0757575758 0.7035573123 0.0645586298 0.1212121212
1 0.1159420290 0.7022397892 0.0658761528 0.1212121212
1 0.0415019763 0.6989459816 0.0619235837 0.1225296443
1 0.1923583663 0.7127799736 0.0527009223 0.1317523057
1 0.2378129117 0.7160737813 0.0645586298 0.1330698287
1 0.1587615283 0.7094861660 0.0724637681 0.1277997365
1 0.3656126482 0.7536231884 0.0750988142 0.0974967062
1 0.3010540184 0.7470355731 0.0750988142 0.1001317523
1 0.4341238472 0.7569169960 0.0724637681 0.1067193676
1 0.4947299078 0.7417654809 0.0698287220 0.0579710145
1 0.7404479578 0.7450592885 0.0816864295 0.0750988142
1 0.8254281950 0.7536231884 0.0909090909 0.0790513834
1 0.9090909091 0.7674571805 0.0895915679 0.0750988142
1 0.4413702240 0.7898550725 0.0658761528 0.0487483531
1 0.5052700922 0.7971014493 0.0750988142 0.0553359684
1 0.6607378129 0.8155467721 0.0830039526 0.0579710145
1 0.7397891963 0.8162055336 0.0777338603 0.0592885375
1 0.8175230567 0.8247694335 0.0882740448 0.0816864295
1 0.9038208169 0.8326745718 0.0948616601 0.0869565217
1 0.6594202899 0.7351778656 0.0830039526 0.0553359684
1 0.5731225296 0.7595520422 0.0816864295 0.0619235837
1 0.5790513834 0.8089591568 0.0750988142 0.0579710145
