5 0.0642135642 0.1002886003 0.1284271284 0.2005772006
2 0.3694083694 0.0757575758 0.2164502165 0.1515151515
7 0.8448773449 0.0108225108 0.1572871573 0.0216450216
1 0.8614718615 0.1349206349 0.2251082251 0.2582972583
5 0.0057720058 0.2683982684 0.0115440115 0.1298701299
5 0.0757575758 0.2828282828 0.1139971140 0.1385281385
2 0.3852813853 0.2316017316 0.2222222222 0.1659451659
5 0.0187590188 0.4458874459 0.0375180375 0.0721500722
5 0.0144300144 0.3867243867 0.0288600289 0.0548340548
5 0.0851370851 0.4199134199 0.1212121212 0.1414141414
5 0.0230880231 0.5620490620 0.0461760462 0.1284271284
5 0.0923520924 0.5670995671 0.1240981241 0.1414141414
1 0.2503607504 0.5360750361 0.1688311688 0.2813852814
1 0.4018759019 0.5360750361 0.1746031746 0.2756132756
1 0.5591630592 0.5173160173 0.1688311688 0.2842712843
1 0.7236652237 0.5129870130 0.1688311688 0.2871572872
1 0.8917748918 0.5137085137 0.1731601732 0.2799422799
5 0.0129870130 0.7034632035 0.0259740260 0.0678210678
5 0.0887445887 0.6803751804 0.1284271284 0.0937950938
1 0.8924963925 0.8008658009 0.1601731602 0.1269841270
5 0.0266955267 0.8903318903 0.0533910534 0.2077922078
5 0.0880230880 0.8910533911 0.0721500722 0.2092352092
1 0.3513708514 0.8867243867 0.1341991342 0.2265512266
1 0.4812409812 0.8831168831 0.1370851371 0.2337662338
1 0.6103896104 0.8787878788 0.1414141414 0.2424242424
1 0.7467532468 0.8759018759 0.1486291486 0.2481962482
1 0.8961038961 0.9220779221 0.1645021645 0.1298701299
