1 0.4010282776 0.0115681234 0.0616966581 0.0231362468
1 0.3399742931 0.0032133676 0.0629820051 0.0064267352
1 0.4601542416 0.0192802057 0.0642673522 0.0385604113
1 0.5218508997 0.0160668380 0.0514138817 0.0321336761
7 0.6163239075 0.0160668380 0.1735218509 0.0321336761
1 0.7095115681 0.0372750643 0.1156812339 0.0616966581
2 0.9370179949 0.0494858612 0.1259640103 0.0989717224
2 0.7114395887 0.0944730077 0.1349614396 0.0758354756
1 0.7795629820 0.0514138817 0.1092544987 0.0539845758
7 0.8026992288 0.1233933162 0.0604113111 0.0616966581
0 0.9601542416 0.1195372751 0.0796915167 0.0822622108
1 0.2127249357 0.1780205656 0.0732647815 0.1555269923
1 0.2814910026 0.1857326478 0.0694087404 0.1555269923
1 0.3772493573 0.1960154242 0.1169665810 0.1632390746
1 0.4961439589 0.2056555270 0.1105398458 0.1568123393
0 0.6407455013 0.1985861183 0.0629820051 0.0835475578
0 0.7037275064 0.2352185090 0.0706940874 0.1311053985
0 0.7641388175 0.2506426735 0.0655526992 0.1311053985
0 0.8798200514 0.2262210797 0.0552699229 0.0591259640
0 0.8245501285 0.2474293059 0.0552699229 0.1118251928
0 0.8881748072 0.1670951157 0.0488431877 0.0462724936
0 0.9293059126 0.2352185090 0.0539845758 0.0539845758
1 0.2525706941 0.3329048843 0.1195372751 0.1311053985
1 0.3721079692 0.3386889460 0.1195372751 0.1272493573
1 0.4852185090 0.3521850900 0.1092544987 0.1208226221
1 0.5835475578 0.3547557841 0.1028277635 0.1156812339
1 0.6857326478 0.3637532134 0.0938303342 0.1131105398
6 0.7660668380 0.3547557841 0.0668380463 0.0745501285
0 0.8746786632 0.2840616967 0.0578406170 0.0616966581
0 0.9273778920 0.2872750643 0.0604113111 0.0655526992
4 0.8129820051 0.3843187661 0.0372750643 0.1079691517
6 0.7641388175 0.4254498715 0.0706940874 0.0745501285
4 0.8438303342 0.3888174807 0.0372750643 0.1066838046
4 0.8811053985 0.3920308483 0.0424164524 0.1156812339
4 0.9138817481 0.4087403599 0.0462724936 0.1362467866
1 0.2210796915 0.5250642674 0.0616966581 0.1298200514
1 0.2814910026 0.5269922879 0.0616966581 0.1259640103
1 0.3894601542 0.5269922879 0.0514138817 0.1182519280
1 0.3406169666 0.5269922879 0.0539845758 0.1259640103
1 0.4376606684 0.5276349614 0.0501285347 0.1169665810
1 0.4865038560 0.5282776350 0.0449871465 0.1156812339
7 0.5359897172 0.5289203085 0.0488431877 0.1246786632
7 0.6041131105 0.5167095116 0.0951156812 0.0899742931
0 0.6947300771 0.5276349614 0.0886889460 0.1092544987
7 0.8065552699 0.5237789203 0.0244215938 0.0835475578
4 0.7667095116 0.5379177378 0.0604113111 0.1272493573
7 0.8798200514 0.5179948586 0.0218508997 0.0668380463
7 0.8566838046 0.5218508997 0.0295629820 0.0771208226
7 0.8303341902 0.5231362468 0.0282776350 0.0796915167
7 0.9029562982 0.5687660668 0.0295629820 0.0347043702
7 0.9293059126 0.5173521851 0.0257069409 0.0578406170
7 0.9080976864 0.5038560411 0.0321336761 0.0334190231
1 0.2345758355 0.6876606684 0.0809768638 0.0694087404
1 0.3271208226 0.6844473008 0.0732647815 0.0706940874
1 0.4055269923 0.6793059126 0.0732647815 0.0681233933
0 0.6497429306 0.6979434447 0.0578406170 0.1233933162
0 0.6021850900 0.6953727506 0.0526992288 0.1131105398
0 0.7210796915 0.6966580977 0.0822622108 0.1208226221
0 0.7904884319 0.6915167095 0.0591259640 0.1105398458
7 0.8425449871 0.5964010283 0.0501285347 0.0385604113
7 0.8464010283 0.6876606684 0.0655526992 0.1002570694
7 0.9138817481 0.6863753213 0.0745501285 0.1002570694
1 0.2307197943 0.7532133676 0.0861182519 0.0616966581
1 0.3213367609 0.8046272494 0.0925449871 0.0694087404
1 0.3194087404 0.7416452442 0.0861182519 0.0616966581
1 0.4016709512 0.7442159383 0.0681233933 0.0616966581
1 0.4100257069 0.7956298201 0.0771208226 0.0565552699
1 0.5398457584 0.7075835476 0.0719794344 0.1323907455
0 0.5970437018 0.7692802057 0.0449871465 0.0372750643
0 0.7236503856 0.7737789203 0.0745501285 0.0359897172
0 0.7879177378 0.7654241645 0.0514138817 0.0424164524
7 0.8457583548 0.7525706941 0.0668380463 0.0295629820
7 0.9158097686 0.7564267352 0.0732647815 0.0424164524
1 0.2204370180 0.9016709512 0.0655526992 0.0732647815
1 0.2377892031 0.8200514139 0.0796915167 0.0771208226
1 0.2937017995 0.8856041131 0.0758354756 0.0745501285
1 0.3753213368 0.8727506427 0.0591259640 0.0668380463
1 0.4421593830 0.8656812339 0.0822622108 0.0732647815
1 0.5237789203 0.8624678663 0.0861182519 0.0719794344
1 0.5938303342 0.8470437018 0.0591259640 0.0591259640
1 0.6683804627 0.8714652956 0.0796915167 0.1259640103
6 0.8084832905 0.9035989717 0.0694087404 0.0745501285
1 0.7410025707 0.8701799486 0.0706940874 0.1233933162
6 0.8052699229 0.8322622108 0.0604113111 0.0655526992
5 0.8631105398 0.8245501285 0.0449871465 0.0629820051
5 0.8663239075 0.8804627249 0.0514138817 0.0488431877
5 0.8676092545 0.9241645244 0.0462724936 0.0411311054
5 0.9074550129 0.8444730077 0.0359897172 0.0976863753
5 0.9498714653 0.8399742931 0.0385604113 0.0964010283
1 0.2152956298 0.9659383033 0.0681233933 0.0681233933
1 0.2892030848 0.9569408740 0.0745501285 0.0758354756
1 0.3637532134 0.9466580977 0.0771208226 0.0809768638
1 0.4415167095 0.9325192802 0.0784061697 0.0604113111
1 0.5681233933 0.9961439589 0.0719794344 0.0077120823
0 0.7120822622 0.9884318766 0.0565552699 0.0231362468
0 0.7692802057 0.9832904884 0.0629820051 0.0334190231
5 0.8592544987 0.9717223650 0.0475578406 0.0565552699
5 0.8181233933 0.9762210797 0.0398457584 0.0475578406
5 0.9196658098 0.9685089974 0.0449871465 0.0629820051
0 0.6458868895 0.9910025707 0.0784061697 0.0179948586
