1 0.0327433628 0.0769911504 0.0654867257 0.1539823009
1 0.1539823009 0.0796460177 0.2053097345 0.1592920354
8 0.4681415929 0.0398230088 0.2000000000 0.0796460177
1 0.6619469027 0.0283185841 0.0991150442 0.0566371681
1 0.7557522124 0.0318584071 0.0955752212 0.0637168142
1 0.9575221239 0.0327433628 0.0849557522 0.0654867257
1 0.4796460177 0.1407079646 0.1805309735 0.0761061947
1 0.6584070796 0.1053097345 0.1061946903 0.0973451327
1 0.8787610619 0.1115044248 0.0973451327 0.0955752212
1 0.7548672566 0.1132743363 0.0938053097 0.0991150442
1 0.9646017699 0.1150442478 0.0707964602 0.0849557522
1 0.0247787611 0.2495575221 0.0495575221 0.1876106195
1 0.1495575221 0.2477876106 0.2000000000 0.1876106195
1 0.4734513274 0.2132743363 0.1823008850 0.0796460177
1 0.4690265487 0.2876106195 0.1876106195 0.0761061947
1 0.6513274336 0.2053097345 0.1097345133 0.1061946903
1 0.8796460177 0.2079646018 0.0955752212 0.1008849558
1 0.7539823009 0.2159292035 0.0955752212 0.1026548673
1 0.9646017699 0.2132743363 0.0707964602 0.1008849558
4 0.1150442478 0.3982300885 0.2300884956 0.0920353982
1 0.4663716814 0.3628318584 0.1823008850 0.0778761062
1 0.6469026549 0.3132743363 0.1044247788 0.1026548673
1 0.8778761062 0.3088495575 0.0955752212 0.0973451327
1 0.7486725664 0.3159292035 0.0955752212 0.1008849558
1 0.8761061947 0.4106194690 0.0955752212 0.1026548673
1 0.9628318584 0.3115044248 0.0743362832 0.0991150442
4 0.1123893805 0.4920353982 0.2247787611 0.0955752212
3 0.5168141593 0.4831858407 0.0672566372 0.0672566372
3 0.4849557522 0.4221238938 0.1345132743 0.0619469027
3 0.4504424779 0.4858407080 0.0690265487 0.0654867257
1 0.6371681416 0.4176991150 0.1061946903 0.1061946903
1 0.7407079646 0.4150442478 0.1079646018 0.1008849558
1 0.7353982301 0.5168141593 0.1115044248 0.1026548673
1 0.8734513274 0.5150442478 0.0973451327 0.1061946903
1 0.9601769912 0.5150442478 0.0796460177 0.1061946903
1 0.9619469027 0.4123893805 0.0761061947 0.0991150442
4 0.1079646018 0.5823008850 0.2159292035 0.0920353982
3 0.5123893805 0.5513274336 0.0725663717 0.0725663717
3 0.4460176991 0.5530973451 0.0707964602 0.0725663717
4 0.1044247788 0.6805309735 0.2088495575 0.0938053097
5 0.3920353982 0.6946902655 0.0584070796 0.1044247788
5 0.4752212389 0.7221238938 0.1115044248 0.0637168142
5 0.4805309735 0.6592920354 0.1185840708 0.0654867257
5 0.6911504425 0.7300884956 0.0654867257 0.1044247788
5 0.7141592920 0.6398230088 0.1327433628 0.0690265487
5 0.6203539823 0.7309734513 0.0725663717 0.1061946903
5 0.8672566372 0.6592920354 0.1026548673 0.1221238938
5 0.9566371681 0.6592920354 0.0867256637 0.1150442478
4 0.1008849558 0.7823008850 0.2017699115 0.0955752212
5 0.4389380531 0.8168141593 0.0672566372 0.1221238938
5 0.3752212389 0.8203539823 0.0672566372 0.1221238938
5 0.5026548673 0.8106194690 0.0637168142 0.1203539823
5 0.7044247788 0.8256637168 0.0566371681 0.0902654867
5 0.6283185841 0.8309734513 0.0920353982 0.0902654867
5 0.8646017699 0.7787610619 0.0973451327 0.1238938053
5 0.9557522124 0.7752212389 0.0884955752 0.1203539823
4 0.0991150442 0.8831858407 0.1982300885 0.1026548673
5 0.4318584071 0.9389380531 0.0707964602 0.1221238938
5 0.3690265487 0.9398230088 0.0725663717 0.1203539823
5 0.4973451327 0.9353982301 0.0672566372 0.1292035398
5 0.6238938053 0.9238938053 0.0867256637 0.0955752212
5 0.7008849558 0.9212389381 0.0601769912 0.0973451327
5 0.9548672566 0.8902654867 0.0867256637 0.1097345133
4 0.0973451327 0.9690265487 0.1946902655 0.0619469027
5 0.8663716814 0.9681415929 0.0902654867 0.0637168142
5 0.9548672566 0.9716814159 0.0867256637 0.0566371681
