1 0.8107191316 0.2761194030 0.0827679783 0.0827679783
1 0.8982360923 0.2666214383 0.1004070556 0.0827679783
1 0.9721845319 0.2550881954 0.0556309362 0.0868385346
1 0.1892808684 0.3643147897 0.0963364993 0.0963364993
1 0.2516960651 0.3595658073 0.0990502035 0.1004070556
1 0.3195386703 0.3521031208 0.1099050204 0.1099050204
1 0.5217096336 0.3364993216 0.1180461330 0.1139755767
1 0.4308005427 0.3459972863 0.1044776119 0.1085481682
1 0.6268656716 0.3582089552 0.0678426052 0.0732700136
1 0.6343283582 0.2869742198 0.0610583446 0.0746268657
1 0.7550881954 0.3554952510 0.0800542741 0.0678426052
1 0.6831750339 0.3568521031 0.0719131615 0.0705563094
1 0.7327001357 0.2856173677 0.0759837178 0.0773405699
1 0.6804613297 0.2856173677 0.0447761194 0.0719131615
1 0.8242876526 0.3514246947 0.0800542741 0.0759837178
1 0.9769335142 0.3324287653 0.0461329715 0.0786974220
1 0.9043419267 0.3459972863 0.0963364993 0.0786974220
2 0.4423337856 0.4335142469 0.0624151967 0.0556309362
1 0.9694708277 0.4443690638 0.0610583446 0.0664857531
2 0.2340569878 0.5047489824 0.0990502035 0.1628222524
2 0.2808683853 0.5047489824 0.0976933514 0.1655359566
2 0.4206241520 0.5298507463 0.0814111262 0.1180461330
2 0.3602442334 0.5345997286 0.1071913161 0.1085481682
1 0.6607869742 0.5379918589 0.0732700136 0.0583446404
1 0.6736770692 0.4640434193 0.0746268657 0.0624151967
1 0.7320217096 0.5359565807 0.0746268657 0.0624151967
1 0.7469470828 0.4613297151 0.0664857531 0.0678426052
1 0.8799185889 0.4586160109 0.0854816825 0.0651289009
1 0.8100407056 0.4647218453 0.0705563094 0.0637720488
1 0.9348710991 0.5251017639 0.0732700136 0.0841248304
1 0.6716417910 0.5963364993 0.0732700136 0.0583446404
1 0.7415196744 0.5943012212 0.0773405699 0.0569877883
1 0.8717774763 0.5549525102 0.0773405699 0.1275440977
1 0.8086838535 0.5610583446 0.0868385346 0.1180461330
1 0.9382632293 0.5895522388 0.0664857531 0.0556309362
1 0.9803256445 0.5610583446 0.0393487110 0.1207598372
1 0.7605156038 0.6886024423 0.0800542741 0.0664857531
1 0.6886024423 0.6838534600 0.0664857531 0.0651289009
1 0.8398914518 0.6858887381 0.0786974220 0.0664857531
1 0.9776119403 0.6886024423 0.0447761194 0.0529172320
1 0.9145183175 0.6858887381 0.0732700136 0.0502035278
1 0.3962008141 0.7137042062 0.0732700136 0.1248303935
1 0.4687924016 0.7204884668 0.0664857531 0.1248303935
1 0.5101763908 0.7191316147 0.0678426052 0.1248303935
1 0.4335142469 0.7157394844 0.0637720488 0.1261872456
1 0.5888738128 0.7299864315 0.0542740841 0.1356852103
1 0.6356852103 0.7333785617 0.0664857531 0.1370420624
1 0.5542740841 0.7265943012 0.0746268657 0.1316146540
1 0.7672998643 0.7720488467 0.0773405699 0.1004070556
1 0.7008141113 0.7652645862 0.0773405699 0.1031207598
1 0.8378561737 0.7754409769 0.0746268657 0.1099050204
1 0.9002713704 0.7598371777 0.0719131615 0.0597014925
1 0.8453188602 0.8093622795 0.0678426052 0.0502035278
1 0.9111261872 0.8168249661 0.0773405699 0.0569877883
1 0.9694708277 0.7781546811 0.0610583446 0.0637720488
1 0.9742198100 0.8290366350 0.0515603799 0.0597014925
