2 0.3308921438 0.0505992011 0.2596537949 0.1011984021
2 0.5965379494 0.1211717710 0.3169107856 0.2423435419
2 0.8155792277 0.1251664447 0.1797603196 0.2503328895
2 0.3595206391 0.2223701731 0.2929427430 0.2529960053
6 0.9826897470 0.2403462051 0.0346205060 0.0545938748
2 0.6371504660 0.2989347537 0.2862849534 0.1531291611
6 0.9627163782 0.3009320905 0.0559254328 0.0479360852
2 0.6611185087 0.4114513981 0.2623169108 0.1278295606
4 0.8501997337 0.3754993342 0.0892143808 0.0505992011
4 0.9647137150 0.3561917443 0.0705725699 0.0466045273
4 0.9640479361 0.4034620506 0.0719041278 0.0479360852
2 0.4121171771 0.4347536618 0.2836218375 0.2276964048
4 0.8548601864 0.4207723036 0.0905459387 0.0452729694
4 0.8581890812 0.4647137150 0.0972037284 0.0452729694
4 0.9640479361 0.4460719041 0.0719041278 0.0452729694
4 0.9660452730 0.4893475366 0.0679094541 0.0466045273
2 0.6784287617 0.5252996005 0.2516644474 0.1105193076
4 0.8628495340 0.5073235686 0.0932090546 0.0399467377
4 0.8675099867 0.5479360852 0.0918774967 0.0412782956
4 0.9673768309 0.5339547270 0.0652463382 0.0479360852
4 0.9713715047 0.5765645806 0.0572569907 0.0452729694
2 0.4720372836 0.6324900133 0.2490013316 0.2023968043
2 0.6970705726 0.6364846871 0.2490013316 0.1065246338
4 0.8754993342 0.6278295606 0.0892143808 0.0386151798
4 0.8721704394 0.5872170439 0.0905459387 0.0426098535
4 0.8828229028 0.6677762983 0.0825565912 0.0386151798
4 0.9740346205 0.6631158455 0.0519307590 0.0452729694
4 0.9720372836 0.6198402130 0.0559254328 0.0466045273
2 0.7137150466 0.7376830892 0.2450066578 0.0985352863
4 0.8921438083 0.7423435419 0.0772303595 0.0359520639
4 0.8861517976 0.7050599201 0.0785619174 0.0386151798
4 0.9753661784 0.7070572570 0.0492676431 0.0479360852
4 0.9773635153 0.7496671105 0.0452729694 0.0426098535
2 0.5139813582 0.8075898802 0.2343541944 0.1717709720
2 0.7256990679 0.8215712383 0.2370173103 0.1065246338
4 0.8974700399 0.7776298269 0.0798934754 0.0372836218
0 0.9786950732 0.8355525965 0.0426098535 0.0545938748
4 0.9786950732 0.7869507324 0.0426098535 0.0346205060
0 0.6225033289 0.9041278296 0.0945406125 0.0399467377
0 0.8721704394 0.9081225033 0.1118508655 0.0479360852
0 0.8808255659 0.8615179760 0.0998668442 0.0532623169
0 0.9773635153 0.8808255659 0.0452729694 0.0466045273
0 0.5039946738 0.9354194407 0.0705725699 0.0545938748
0 0.4207723036 0.9727030626 0.0692410120 0.0545938748
0 0.4766977364 0.9786950732 0.0719041278 0.0426098535
0 0.6091877497 0.9500665779 0.1025299601 0.0492676431
0 0.5885486019 0.9866844208 0.1118508655 0.0266311585
0 0.7336884154 0.9593874834 0.1118508655 0.0572569907
0 0.8668442077 0.9580559254 0.1118508655 0.0572569907
0 0.8595206391 0.9900133156 0.1185086551 0.0199733688
0 0.9753661784 0.9667110519 0.0492676431 0.0585885486
0 0.9773635153 0.9241011984 0.0452729694 0.0559254328
0 0.7183754993 0.9900133156 0.1105193076 0.0199733688
0 0.9727030626 0.9906790945 0.0545938748 0.0186418109
