1 0.0262032086 0.0235294118 0.0524064171 0.0470588235
7 0.1352941176 0.0208556150 0.0566844920 0.0417112299
6 0.4347593583 0.0187165775 0.0951871658 0.0374331551
6 0.5112299465 0.0155080214 0.0770053476 0.0310160428
1 0.0315508021 0.0780748663 0.0631016043 0.0727272727
7 0.1524064171 0.0839572193 0.0802139037 0.0887700535
6 0.2914438503 0.0438502674 0.0930481283 0.0877005348
5 0.4636363636 0.0775401070 0.1443850267 0.1080213904
5 0.6679144385 0.0524064171 0.1529411765 0.1048128342
5 0.8315508021 0.0385026738 0.0930481283 0.0770053476
1 0.0342245989 0.1513368984 0.0684491979 0.0802139037
7 0.1443850267 0.1668449198 0.0534759358 0.0770053476
6 0.3096256684 0.1470588235 0.0994652406 0.1229946524
5 0.6668449198 0.1470588235 0.1465240642 0.1122994652
5 0.8262032086 0.1251336898 0.0887700535 0.1069518717
5 0.9951871658 0.1657754011 0.0096256684 0.1262032086
1 0.0438502674 0.2326203209 0.0877005348 0.0823529412
5 0.4695187166 0.1716577540 0.1433155080 0.1165775401
5 0.9016042781 0.2363636364 0.1069518717 0.1347593583
7 0.1609625668 0.2465240642 0.0631016043 0.0673796791
7 0.3133689840 0.2459893048 0.0919786096 0.0791443850
1 0.4433155080 0.2802139037 0.0695187166 0.1069518717
1 0.5128342246 0.2770053476 0.0866310160 0.1090909091
5 0.6705882353 0.2556149733 0.1475935829 0.1240641711
5 0.8203208556 0.2438502674 0.0855614973 0.1219251337
6 0.9903743316 0.2807486631 0.0192513369 0.0887700535
1 0.0508021390 0.3090909091 0.1016042781 0.0748663102
7 0.1898395722 0.3155080214 0.0716577540 0.0534759358
7 0.3187165775 0.3208556150 0.0855614973 0.0770053476
1 0.6401069519 0.3716577540 0.0844919786 0.1016042781
6 0.8598930481 0.3443850267 0.1689839572 0.0812834225
6 0.9850267380 0.3684491979 0.0299465241 0.0887700535
1 0.0395721925 0.4064171123 0.0641711230 0.1283422460
1 0.2000000000 0.3828877005 0.0834224599 0.0705882353
7 0.3262032086 0.3898395722 0.0748663102 0.0673796791
1 0.4481283422 0.3780748663 0.0620320856 0.0973262032
1 0.5144385027 0.3796791444 0.0812834225 0.1026737968
6 0.8545454545 0.4219251337 0.1647058824 0.0802139037
7 0.0497326203 0.5096256684 0.0566844920 0.0716577540
1 0.2080213904 0.4491978610 0.0823529412 0.0663101604
1 0.3363636364 0.4577540107 0.0973262032 0.0748663102
1 0.4550802139 0.4625668449 0.0631016043 0.0823529412
1 0.5197860963 0.4673796791 0.0748663102 0.0834224599
1 0.6422459893 0.4679144385 0.0823529412 0.0930481283
1 0.8042780749 0.5064171123 0.0855614973 0.0823529412
6 0.9796791444 0.4550802139 0.0406417112 0.0844919786
1 0.2208556150 0.5203208556 0.0823529412 0.0780748663
1 0.3475935829 0.5262032086 0.0877005348 0.0663101604
1 0.4636363636 0.5465240642 0.0631016043 0.0770053476
1 0.5213903743 0.5508021390 0.0609625668 0.0770053476
1 0.6422459893 0.5540106952 0.0780748663 0.0770053476
1 0.9754010695 0.5374331551 0.0491978610 0.0823529412
7 0.0700534759 0.5860962567 0.0524064171 0.0684491979
1 0.2326203209 0.5935828877 0.0887700535 0.0791443850
1 0.3534759358 0.5962566845 0.0887700535 0.0823529412
1 0.4663101604 0.6149732620 0.0556149733 0.0684491979
1 0.5224598930 0.6267379679 0.0609625668 0.0727272727
1 0.6406417112 0.6299465241 0.0748663102 0.0727272727
1 0.8021390374 0.5925133690 0.0812834225 0.0770053476
1 0.9716577540 0.6133689840 0.0566844920 0.0737967914
1 0.7983957219 0.6663101604 0.0844919786 0.0727272727
1 0.9657754011 0.6887700535 0.0684491979 0.0812834225
