5 0.3616894706 0.0029744200 0.1856038073 0.0059488400
6 0.6418798334 0.0237953599 0.1522903034 0.0475907198
7 0.8795359905 0.0196311719 0.1409875074 0.0392623438
5 0.0716835217 0.1475312314 0.1433670434 0.1189767995
4 0.3643664485 0.1332540155 0.1814396193 0.0749553837
4 0.6463414634 0.0803093397 0.1409875074 0.0749553837
4 0.6392028554 0.1567519334 0.1552647234 0.0862581797
7 0.8789411065 0.0719809637 0.1374182035 0.0713860797
7 0.8771564545 0.1400951814 0.1314693635 0.0684116597
5 0.0725758477 0.2578822130 0.1451516954 0.1183819155
4 0.3646638905 0.2031528852 0.1796549673 0.0791195717
4 0.6356335515 0.2314098751 0.1445568114 0.0642474717
7 0.8768590125 0.2049375372 0.1356335515 0.0707911957
4 0.0725758477 0.3560380726 0.1451516954 0.0969660916
4 0.3649613325 0.3465199286 0.1766805473 0.0624628198
4 0.3634741225 0.2757287329 0.1844140393 0.0755502677
4 0.6392028554 0.3033908388 0.1505056514 0.0951814396
7 0.8720999405 0.3340273647 0.1368233195 0.0719809637
7 0.8720999405 0.2703747769 0.1344437835 0.0684116597
4 0.0758477097 0.4390243902 0.1516954194 0.0987507436
7 0.3670434265 0.4158239143 0.1725163593 0.0844735277
1 0.6513979774 0.4092801904 0.1154074955 0.1273051755
7 0.8703152885 0.3964901844 0.1344437835 0.0755502677
1 0.8703152885 0.4628197501 0.1296847115 0.0773349197
7 0.0740630577 0.5237953599 0.1481261154 0.0993456276
7 0.3664485425 0.4946460440 0.1677572873 0.0850684117
1 0.6356335515 0.5071386080 0.1445568114 0.0838786437
1 0.8697204045 0.5282569899 0.1249256395 0.0749553837
7 0.0758477097 0.6029149316 0.1516954194 0.0886377156
7 0.3655562165 0.6044021416 0.1766805473 0.1641879833
1 0.6359309935 0.5725758477 0.1463414634 0.0826888757
1 0.6344437835 0.6374182035 0.1457465794 0.0862581797
1 0.8697204045 0.6564544914 0.1249256395 0.0838786437
1 0.8691255205 0.5930993456 0.1213563355 0.0832837597
7 0.0740630577 0.6781677573 0.1481261154 0.0761451517
0 0.3533610946 0.7233789411 0.1915526472 0.1082688876
1 0.6347412255 0.7022605592 0.1451516954 0.0922070196
1 0.6353361095 0.7656157049 0.1463414634 0.0951814396
1 0.8679357525 0.7215942891 0.1344437835 0.0844735277
7 0.0800118977 0.7855443189 0.1600237954 0.1457465794
0 0.3554431886 0.8022010708 0.1957168352 0.1100535396
1 0.8691255205 0.8280785247 0.1344437835 0.1665675193
7 0.0788221297 0.9330755503 0.1576442594 0.1338488995
0 0.3539559786 0.9039262344 0.1975014872 0.1540749554
1 0.6308744795 0.8854848305 0.1445568114 0.1802498513
