6 0.0181281619 0.0434232715 0.0362563238 0.0463743676
6 0.0919055649 0.0484822934 0.0455311973 0.0480607083
6 0.2040472175 0.0518549747 0.0590219224 0.0413153457
6 0.3317875211 0.0413153457 0.0480607083 0.0539629005
1 0.9856661046 0.0434232715 0.0286677909 0.0227655987
6 0.0147554806 0.0813659359 0.0295109612 0.0311973019
6 0.0771500843 0.0872681282 0.0413153457 0.0295109612
6 0.1138279933 0.0864249578 0.0286677909 0.0278246206
6 0.2630691400 0.0678752108 0.0691399663 0.1037099494
7 0.3768971332 0.1079258010 0.0252951096 0.0252951096
7 0.3764755481 0.0763069140 0.0261382799 0.0379426644
7 0.3545531197 0.1066610455 0.0227655987 0.0278246206
7 0.4005059022 0.1083473862 0.0252951096 0.0261382799
7 0.4005059022 0.0805227656 0.0252951096 0.0295109612
7 0.4363406408 0.0847386172 0.0480607083 0.0278246206
7 0.4363406408 0.1096121417 0.0480607083 0.0269814503
7 0.4831365936 0.1104553120 0.0472175379 0.0286677909
7 0.4835581788 0.0855817875 0.0480607083 0.0261382799
7 0.5299325464 0.1117200675 0.0463743676 0.0278246206
7 0.5303541315 0.0864249578 0.0472175379 0.0261382799
4 0.6201517707 0.0784148398 0.0413153457 0.0961214165
7 0.5767284992 0.0881112985 0.0472175379 0.0278246206
7 0.5767284992 0.1134064081 0.0472175379 0.0278246206
4 0.6618887015 0.0775716695 0.0404721754 0.0944350759
4 0.7023608769 0.0796795953 0.0404721754 0.0935919056
1 0.7348229342 0.0801011804 0.0278246206 0.0455311973
1 0.8178752108 0.0733558179 0.0370994941 0.0623946037
1 0.7693929174 0.0813659359 0.0362563238 0.0446880270
1 0.8899662732 0.0750421585 0.0379426644 0.0590219224
1 0.8541315346 0.0741989882 0.0370994941 0.0607082631
1 0.9869308600 0.0792580101 0.0261382799 0.0522765599
6 0.0392074199 0.2053119730 0.0430016863 0.0851602024
6 0.0805227656 0.2053119730 0.0480607083 0.0868465430
6 0.1800168634 0.1812816189 0.0295109612 0.0421585160
6 0.1319561551 0.1791736931 0.0446880270 0.0413153457
6 0.2723440135 0.1871838111 0.0809443508 0.0303541315
7 0.3216694772 0.2061551433 0.0278246206 0.0261382799
7 0.3494940978 0.2057335582 0.0278246206 0.0269814503
7 0.3924957841 0.2107925801 0.0548060708 0.0286677909
7 0.4468802698 0.2120573356 0.0556492411 0.0278246206
1 0.7622259696 0.1930860034 0.0505902192 0.0404721754
1 0.8119730185 0.1930860034 0.0472175379 0.0421585160
1 0.8621416526 0.1947723440 0.0531197302 0.0455311973
1 0.9603709949 0.2048903879 0.0404721754 0.0573355818
1 0.9898819562 0.2061551433 0.0202360877 0.0581787521
6 0.1344856661 0.2145868465 0.0430016863 0.0295109612
6 0.1821247892 0.2166947723 0.0455311973 0.0286677909
6 0.2563237774 0.2162731872 0.0978077572 0.0311973019
7 0.4464586847 0.2394603710 0.0548060708 0.0286677909
7 0.3929173693 0.2386172007 0.0539629005 0.0286677909
7 0.5543844857 0.2415682968 0.0531197302 0.0278246206
7 0.5033726813 0.2129005059 0.0573355818 0.0328836425
7 0.5548060708 0.2141652614 0.0522765599 0.0303541315
7 0.4991568297 0.2390387858 0.0556492411 0.0328836425
7 0.6079258010 0.2419898820 0.0522765599 0.0269814503
7 0.6075042159 0.2150084317 0.0514333895 0.0286677909
4 0.6505059022 0.2154300169 0.0345699831 0.0801011804
4 0.7183811130 0.2145868465 0.0387858347 0.0801011804
4 0.6838111298 0.2154300169 0.0354131535 0.0801011804
1 0.8060708263 0.2352445194 0.0505902192 0.0438448567
1 0.7567453626 0.2352445194 0.0497470489 0.0455311973
1 0.8604553120 0.2365092749 0.0531197302 0.0413153457
1 0.9161045531 0.2331365936 0.0514333895 0.0446880270
6 0.0177065767 0.3334738617 0.0354131535 0.0767284992
6 0.1087689713 0.3402192243 0.0387858347 0.0295109612
6 0.0564924115 0.3338954469 0.0455311973 0.0775716695
6 0.1079258010 0.2921585160 0.0387858347 0.0295109612
6 0.1471332209 0.2942664418 0.0345699831 0.0286677909
6 0.1500843170 0.3406408094 0.0404721754 0.0286677909
6 0.2774030354 0.3301011804 0.0539629005 0.0868465430
6 0.2200674536 0.3330522766 0.0590219224 0.0809443508
7 0.3456998314 0.3313659359 0.0337268128 0.0286677909
7 0.3136593592 0.3313659359 0.0320404722 0.0252951096
7 0.3899662732 0.3347386172 0.0581787521 0.0337268128
7 0.4532040472 0.3372681282 0.0632377740 0.0354131535
7 0.3933389545 0.3086003373 0.0615514334 0.0269814503
7 0.4536256324 0.3086003373 0.0623946037 0.0252951096
7 0.5143338954 0.3111298482 0.0623946037 0.0286677909
7 0.5155986509 0.3381112985 0.0682967960 0.0320404722
7 0.5830522766 0.3410623946 0.0716694772 0.0328836425
7 0.5779932546 0.3111298482 0.0649241147 0.0286677909
4 0.6247892074 0.3301011804 0.0337268128 0.0598650927
4 0.6568296796 0.3313659359 0.0303541315 0.0607082631
4 0.6892917369 0.3305227656 0.0328836425 0.0623946037
1 0.9114671164 0.3520236088 0.0455311973 0.0210792580
1 0.9182124789 0.3161888702 0.0539629005 0.0438448567
1 0.8650927487 0.3174536256 0.0404721754 0.0446880270
1 0.8663575042 0.3516020236 0.0362563238 0.0236087690
1 0.9751264755 0.3229342327 0.0497470489 0.0455311973
7 0.3891231029 0.3642495784 0.0548060708 0.0354131535
7 0.5126475548 0.3655143339 0.0691399663 0.0311973019
7 0.5775716695 0.3663575042 0.0657672850 0.0311973019
1 0.7297639123 0.3591905565 0.0548060708 0.0455311973
1 0.9759696459 0.3659359191 0.0480607083 0.0421585160
7 0.0063237774 0.4662731872 0.0126475548 0.0590219224
6 0.0889544688 0.4827150084 0.0699831366 0.0750421585
7 0.0295109612 0.4662731872 0.0354131535 0.0590219224
6 0.1467116358 0.5016863406 0.0472175379 0.0438448567
6 0.1513490725 0.4599494098 0.0514333895 0.0430016863
6 0.2807757167 0.4582630691 0.0893760540 0.0480607083
6 0.2790893761 0.4974704890 0.0910623946 0.0421585160
6 0.2069983137 0.4561551433 0.0446880270 0.0438448567
7 0.3545531197 0.4827150084 0.0531197302 0.0261382799
7 0.3503372681 0.4553119730 0.0531197302 0.0286677909
7 0.4059865093 0.4540472175 0.0548060708 0.0345699831
7 0.4650084317 0.4848229342 0.0632377740 0.0303541315
7 0.4662731872 0.4591062395 0.0657672850 0.0311973019
7 0.5206576728 0.4844013491 0.0564924115 0.0328836425
7 0.5864249578 0.4595278246 0.0716694772 0.0320404722
7 0.5876897133 0.4873524452 0.0691399663 0.0252951096
4 0.6382799325 0.4873524452 0.0370994941 0.0809443508
4 0.6724283305 0.4860876897 0.0328836425 0.0851602024
4 0.7036256324 0.4848229342 0.0311973019 0.0809443508
1 0.8081787521 0.4578414840 0.0581787521 0.0421585160
1 0.7483136594 0.4582630691 0.0581787521 0.0446880270
1 0.8709949410 0.5004215852 0.0286677909 0.0227655987
1 0.9085160202 0.5004215852 0.0480607083 0.0244519393
1 0.8612984823 0.4675379427 0.0446880270 0.0446880270
1 0.9089376054 0.4675379427 0.0472175379 0.0396290051
1 0.9894603710 0.4658516020 0.0210792580 0.0480607083
1 0.9540472175 0.4641652614 0.0480607083 0.0480607083
1 0.9481450253 0.4991568297 0.0311973019 0.0303541315
6 0.1951939292 0.5033726813 0.0463743676 0.0455311973
7 0.3541315346 0.5096964587 0.0522765599 0.0278246206
7 0.4064080944 0.5059021922 0.0556492411 0.0354131535
7 0.4624789207 0.5092748735 0.0615514334 0.0303541315
7 0.5193929174 0.5105396290 0.0590219224 0.0311973019
7 0.5885328836 0.5130691400 0.0623946037 0.0328836425
1 0.8060708263 0.5067453626 0.0590219224 0.0438448567
1 0.7457841484 0.5033726813 0.0548060708 0.0455311973
6 0.0767284992 0.6302698145 0.0370994941 0.0598650927
6 0.0387858347 0.6302698145 0.0404721754 0.0632377740
6 0.1239460371 0.6462900506 0.0623946037 0.0733558179
6 0.2268128162 0.6294266442 0.0691399663 0.0413153457
4 0.2963743676 0.6391231029 0.0733558179 0.0792580101
4 0.3705733558 0.6408094435 0.0733558179 0.0809443508
4 0.4443507589 0.6420741990 0.0758853288 0.0801011804
4 0.5215008432 0.6327993255 0.0750421585 0.0784148398
4 0.5944350759 0.6429173693 0.0758853288 0.0801011804
1 0.7095278246 0.6327993255 0.0480607083 0.0666104553
1 0.6682124789 0.6353288364 0.0413153457 0.0615514334
1 0.7533726813 0.6323777403 0.0497470489 0.0657672850
1 0.8035413153 0.6205733558 0.0505902192 0.0421585160
1 0.9005059022 0.6222596965 0.0489038786 0.0438448567
1 0.8528667791 0.6226812816 0.0514333895 0.0430016863
1 0.9515177066 0.6458684654 0.0548060708 0.0860033727
1 0.9856661046 0.6441821248 0.0286677909 0.0792580101
7 0.2306070826 0.6585160202 0.0986509275 0.0455311973
1 0.8010118044 0.6635750422 0.0489038786 0.0455311973
1 0.8988195616 0.6669477234 0.0505902192 0.0438448567
1 0.8494940978 0.6635750422 0.0514333895 0.0438448567
7 0.3431703204 0.7546374368 0.1416526138 0.0219224283
7 0.4443507589 0.7584317032 0.0590219224 0.0396290051
7 0.0143338954 0.8119730185 0.0286677909 0.0623946037
6 0.0695615514 0.8246205734 0.0750421585 0.0792580101
6 0.1483979764 0.8233558179 0.0775716695 0.0784148398
6 0.2213322091 0.8275716695 0.0716694772 0.0784148398
7 0.3402192243 0.8115514334 0.1357504216 0.0548060708
7 0.3174536256 0.8541315346 0.1492411467 0.0421585160
