7 0.4007803790 0.0462653289 0.0813823857 0.0925306577
7 0.3377926421 0.0454292085 0.0858416945 0.0908584169
7 0.4629319955 0.0493311037 0.0763656633 0.0908584169
7 0.5875139353 0.0523968785 0.0657748049 0.0936454849
7 0.5231326644 0.0512820513 0.0707915273 0.0914158305
7 0.6502229654 0.0543478261 0.0696767001 0.0919732441
7 0.7101449275 0.0560200669 0.0758082497 0.0875139353
0 0.0261984392 0.2235228540 0.0523968785 0.1393534002
0 0.0939241918 0.2238015608 0.1153846154 0.1465997770
0 0.1992753623 0.2279821628 0.1131549610 0.1393534002
0 0.2976588629 0.2486064660 0.1014492754 0.0802675585
0 0.3018394649 0.1831103679 0.1031215162 0.0618729097
0 0.3968784838 0.1909141583 0.0969899666 0.0685618729
7 0.4726867336 0.2243589744 0.0657748049 0.1321070234
7 0.5362318841 0.2249163880 0.0668896321 0.1287625418
7 0.6000557414 0.2265886288 0.0641025641 0.1231884058
7 0.6608138239 0.2268673356 0.0663322185 0.1270903010
7 0.7221293200 0.2313266444 0.0641025641 0.1259754738
7 0.7817725753 0.2313266444 0.0674470457 0.1282051282
7 0.8403010033 0.2329988852 0.0707915273 0.1259754738
1 0.9024526198 0.2329988852 0.0724637681 0.1215161650
1 0.9637681159 0.2335562988 0.0702341137 0.1170568562
1 0.9927536232 0.2341137124 0.0144927536 0.1137123746
0 0.3938127090 0.2608695652 0.0975473802 0.0847268673
0 0.0418060201 0.4060758082 0.0836120401 0.0797101449
0 0.1426978818 0.4083054627 0.1192865106 0.0752508361
0 0.2533444816 0.4133221851 0.1053511706 0.0774804905
6 0.4088628763 0.4459308807 0.0719063545 0.1426978818
6 0.3380713489 0.4439799331 0.0685618729 0.1443701226
6 0.4779821628 0.4470457079 0.0707915273 0.1426978818
4 0.5440356745 0.4428651059 0.0702341137 0.1321070234
4 0.6156633222 0.4495540691 0.0808249721 0.1454849498
4 0.7530657748 0.4495540691 0.0891861761 0.1410256410
1 0.8522853958 0.4381270903 0.1192865106 0.1081382386
0 0.0267558528 0.4855072464 0.0535117057 0.0780379041
4 0.6856187291 0.4528985507 0.0602006689 0.1354515050
1 0.9439799331 0.4528985507 0.0785953177 0.1354515050
1 0.9832775920 0.4526198439 0.0334448161 0.1371237458
0 0.0443143813 0.7246376812 0.0886287625 0.1962095875
0 0.1251393534 0.7171125975 0.1220735786 0.1722408027
0 0.2232441472 0.7171125975 0.1153846154 0.1800445931
5 0.4247491639 0.7095875139 0.0992196210 0.1739130435
4 0.5936454849 0.7070791527 0.0702341137 0.1700111483
4 0.6591415831 0.7068004459 0.0741360089 0.1683389075
4 0.7934782609 0.7065217391 0.0585284281 0.1655518395
4 0.7271460424 0.7079152731 0.0707915273 0.1727982163
7 0.8584169454 0.7045707915 0.0791527313 0.1616499443
7 0.9322742475 0.7051282051 0.0797101449 0.1571906355
7 0.9790969900 0.7059643255 0.0418060201 0.1655518395
0 0.3263656633 0.7472129320 0.1164994426 0.1187290970
0 0.0200668896 0.9646042363 0.0401337793 0.0707915273
0 0.1906354515 0.9598662207 0.1092530658 0.0802675585
0 0.2984949833 0.9581939799 0.1120401338 0.0836120401
0 0.4035674470 0.9565217391 0.1047937570 0.0869565217
5 0.6070234114 0.9570791527 0.1114827202 0.0858416945
5 0.7104236343 0.9562430323 0.1109253066 0.0875139353
4 0.8801560758 0.9531772575 0.0925306577 0.0936454849
7 0.9565217391 0.9548494983 0.0869565217 0.0903010033
7 0.9960981048 0.9531772575 0.0078037904 0.0936454849
4 0.8023968785 0.9562430323 0.0908584169 0.0875139353
