1 0.6162361624 0.2444649446 0.2841328413 0.1605166052
8 0.0959409594 0.3145756458 0.1771217712 0.2453874539
1 0.2942804428 0.2767527675 0.2195571956 0.0811808118
1 0.8939114391 0.2601476015 0.2121771218 0.1992619926
1 0.3293357934 0.3892988930 0.2638376384 0.1291512915
1 0.6595940959 0.3865313653 0.2785977860 0.1309963100
1 0.9658671587 0.4105166052 0.0682656827 0.1162361624
1 0.8717712177 0.4114391144 0.1236162362 0.1217712177
8 0.1817343173 0.4935424354 0.1162361624 0.1715867159
1 0.3892988930 0.5479704797 0.3025830258 0.1660516605
1 0.6863468635 0.5092250923 0.2472324723 0.1328413284
1 0.8883763838 0.5230627306 0.1236162362 0.1051660517
1 0.9695571956 0.5230627306 0.0608856089 0.1088560886
4 0.4261992620 0.6863468635 0.2361623616 0.1033210332
1 0.7250922509 0.6199261993 0.2361623616 0.1143911439
1 0.7435424354 0.7066420664 0.2250922509 0.0738007380
1 0.9732472325 0.6282287823 0.0535055351 0.1088560886
4 0.4852398524 0.8228782288 0.1955719557 0.0664206642
4 0.4658671587 0.7666051661 0.2195571956 0.0682656827
1 0.7638376384 0.7684501845 0.2066420664 0.0719557196
1 0.9335793358 0.8321033210 0.1180811808 0.0922509225
1 0.9151291513 0.7287822878 0.1143911439 0.1070110701
1 0.9880073801 0.8274907749 0.0239852399 0.0867158672
1 0.9824723247 0.7324723247 0.0350553506 0.1107011070
4 0.5267527675 0.9557195572 0.1752767528 0.0627306273
4 0.5110701107 0.8957564576 0.1845018450 0.0756457565
7 0.7370848708 0.8616236162 0.1051660517 0.0369003690
7 0.8127306273 0.9446494465 0.0830258303 0.0442804428
7 0.8164206642 0.8570110701 0.0645756458 0.0202952030
7 0.7822878229 0.9022140221 0.0479704797 0.0553505535
1 0.9492619926 0.9105166052 0.0904059041 0.0756457565
4 0.5396678967 0.9880073801 0.1752767528 0.0239852399
1 0.9557195572 0.9732472325 0.0885608856 0.0535055351
