0 0.7174863388 0.0076502732 0.0688524590 0.0153005464
5 0.0344262295 0.0027322404 0.0688524590 0.0054644809
5 0.0377049180 0.0415300546 0.0754098361 0.0830601093
5 0.1016393443 0.0480874317 0.0743169399 0.0961748634
5 0.2595628415 0.0606557377 0.0863387978 0.1213114754
0 0.4229508197 0.0475409836 0.0808743169 0.0950819672
0 0.5836065574 0.0327868852 0.0808743169 0.0655737705
0 0.6437158470 0.0513661202 0.0786885246 0.1027322404
5 0.2666666667 0.1344262295 0.0633879781 0.0284153005
3 0.3967213115 0.1191256831 0.0830601093 0.0437158470
7 0.4836065574 0.1284153005 0.0972677596 0.0338797814
7 0.5775956284 0.1453551913 0.0950819672 0.0371584699
7 0.6737704918 0.1289617486 0.1038251366 0.0568306011
5 0.0273224044 0.1907103825 0.0546448087 0.1409836066
5 0.0939890710 0.1923497268 0.0896174863 0.1355191257
5 0.1841530055 0.1934426230 0.0950819672 0.1420765027
5 0.2650273224 0.2180327869 0.0797814208 0.1453551913
7 0.4868852459 0.1666666667 0.0972677596 0.0382513661
7 0.5841530055 0.1781420765 0.0841530055 0.0437158470
7 0.6704918033 0.1852459016 0.0841530055 0.0469945355
5 0.0262295082 0.3109289617 0.0524590164 0.0754098361
5 0.0945355191 0.3360655738 0.0950819672 0.1475409836
5 0.1928961749 0.3120218579 0.0972677596 0.0819672131
5 0.2683060109 0.3240437158 0.0622950820 0.0688524590
1 0.6808743169 0.3185792350 0.0874316940 0.1584699454
5 0.0256830601 0.3846994536 0.0513661202 0.0765027322
5 0.2054644809 0.4136612022 0.0743169399 0.0382513661
5 0.2054644809 0.3808743169 0.0699453552 0.0316939891
5 0.2748633880 0.4049180328 0.0622950820 0.0863387978
5 0.0027322404 0.4601092896 0.0054644809 0.0655737705
5 0.0475409836 0.5295081967 0.0907103825 0.0710382514
5 0.0486338798 0.4617486339 0.0841530055 0.0666666667
5 0.1202185792 0.4704918033 0.0786885246 0.0666666667
5 0.2000000000 0.4693989071 0.0786885246 0.0688524590
5 0.2721311475 0.4819672131 0.0612021858 0.0743169399
1 0.3579234973 0.4606557377 0.0797814208 0.1387978142
1 0.4404371585 0.4683060109 0.0874316940 0.1387978142
1 0.5262295082 0.4628415301 0.0841530055 0.1344262295
1 0.6136612022 0.4622950820 0.0841530055 0.1442622951
1 0.6939890710 0.4666666667 0.0874316940 0.1377049180
5 0.1355191257 0.5349726776 0.0808743169 0.0644808743
5 0.2601092896 0.5377049180 0.0677595628 0.0502732240
5 0.2032786885 0.5557377049 0.0415300546 0.0338797814
1 0.6945355191 0.6185792350 0.0710382514 0.0655737705
5 0.0202185792 0.6513661202 0.0404371585 0.1202185792
5 0.0726775956 0.6540983607 0.0688524590 0.1191256831
5 0.1426229508 0.6551912568 0.0775956284 0.1191256831
5 0.2278688525 0.6557377049 0.0885245902 0.1202185792
1 0.4000000000 0.6650273224 0.0765027322 0.1431693989
1 0.4737704918 0.6622950820 0.0732240437 0.1377049180
1 0.5464480874 0.6617486339 0.0699453552 0.1322404372
1 0.6213114754 0.6595628415 0.0775956284 0.1387978142
1 0.7005464481 0.6852459016 0.0743169399 0.0655737705
5 0.0103825137 0.7743169399 0.0207650273 0.0382513661
5 0.0628415301 0.7737704918 0.0863387978 0.0415300546
5 0.1273224044 0.8081967213 0.0404371585 0.1125683060
1 0.3579234973 0.7923497268 0.0907103825 0.0699453552
1 0.4448087432 0.7901639344 0.0852459016 0.0677595628
1 0.5300546448 0.7890710383 0.0830601093 0.0655737705
1 0.6169398907 0.7890710383 0.0797814208 0.0677595628
1 0.6945355191 0.7885245902 0.0819672131 0.0666666667
5 0.0076502732 0.8557377049 0.0153005464 0.0349726776
5 0.0087431694 0.8147540984 0.0174863388 0.0426229508
5 0.0617486339 0.8131147541 0.0863387978 0.0393442623
5 0.0628415301 0.8535519126 0.0797814208 0.0415300546
5 0.1732240437 0.8153005464 0.0535519126 0.1202185792
5 0.2251366120 0.8114754098 0.0502732240 0.1147540984
5 0.2737704918 0.8147540984 0.0535519126 0.1191256831
1 0.3579234973 0.8666666667 0.0928961749 0.0721311475
1 0.4448087432 0.8617486339 0.0852459016 0.0644808743
1 0.5306010929 0.8562841530 0.0819672131 0.0732240437
1 0.6153005464 0.8601092896 0.0786885246 0.0655737705
1 0.6961748634 0.8551912568 0.0786885246 0.0666666667
6 0.0185792350 0.9535519126 0.0371584699 0.0928961749
6 0.1808743169 0.9562841530 0.0754098361 0.0874316940
6 0.2546448087 0.9573770492 0.0765027322 0.0852459016
1 0.3508196721 0.9426229508 0.0743169399 0.0688524590
1 0.4207650273 0.9393442623 0.0743169399 0.0732240437
1 0.4928961749 0.9360655738 0.0721311475 0.0644808743
1 0.5628415301 0.9355191257 0.0677595628 0.0655737705
1 0.6360655738 0.9398907104 0.0786885246 0.0743169399
1 0.7114754098 0.9398907104 0.0721311475 0.0655737705
6 0.0781420765 0.9612021858 0.1038251366 0.0775956284
1 0.3508196721 0.9896174863 0.0765027322 0.0207650273
1 0.4229508197 0.9868852459 0.0721311475 0.0262295082
1 0.4950819672 0.9857923497 0.0721311475 0.0284153005
1 0.5639344262 0.9846994536 0.0699453552 0.0306010929
1 0.6426229508 0.9879781421 0.0808743169 0.0240437158
1 0.7153005464 0.9868852459 0.0710382514 0.0262295082
