7 0.0397135417 0.0353732639 0.0794270833 0.0707465278
7 0.1289062500 0.0429687500 0.1085069444 0.0859375000
7 0.2343750000 0.0486111111 0.1059027778 0.0972222222
7 0.3111979167 0.0499131944 0.0546875000 0.0937500000
7 0.3650173611 0.0596788194 0.0494791667 0.0889756944
1 0.4492187500 0.0653211806 0.1024305556 0.1306423611
7 0.8222656250 0.0729166667 0.0290798611 0.0694444444
1 0.5488281250 0.0909288194 0.1011284722 0.0863715278
1 0.6421440972 0.1006944444 0.0976562500 0.0885416667
7 0.7352430556 0.0937500000 0.0347222222 0.0286458333
1 0.7011718750 0.1289062500 0.0308159722 0.0711805556
7 0.7625868056 0.1451822917 0.0286458333 0.0516493056
7 0.7356770833 0.1241319444 0.0303819444 0.0355902778
7 0.7638888889 0.0939670139 0.0295138889 0.0603298611
7 0.7834201389 0.0913628472 0.0251736111 0.0533854167
7 0.8179253472 0.1412760417 0.0308159722 0.0690104167
7 0.7907986111 0.1440972222 0.0312500000 0.0651041667
7 0.8450520833 0.1432291667 0.0321180556 0.0815972222
7 0.9676649306 0.1278211806 0.0360243056 0.0542534722
7 0.9863281250 0.1202256944 0.0273437500 0.0607638889
7 0.0323350694 0.1835937500 0.0646701389 0.0954861111
7 0.1163194444 0.1898871528 0.1076388889 0.1037326389
7 0.2226562500 0.2087673611 0.0868055556 0.0963541667
7 0.3122829861 0.2087673611 0.1002604167 0.1015625000
7 0.3867187500 0.2144097222 0.0520833333 0.0963541667
7 0.7348090278 0.1532118056 0.0329861111 0.0295138889
7 0.8682725694 0.1545138889 0.0308159722 0.0590277778
7 0.8930121528 0.1540798611 0.0316840278 0.0668402778
7 0.9650607639 0.1736111111 0.0299479167 0.0477430556
7 0.9186197917 0.1577690972 0.0282118056 0.0664062500
7 0.9414062500 0.1551649306 0.0321180556 0.0655381944
7 0.9871961806 0.1723090278 0.0256076389 0.0529513889
1 0.5935329861 0.2387152778 0.0412326389 0.0911458333
1 0.5570746528 0.2354600694 0.0421006944 0.0924479167
1 0.6341145833 0.2361111111 0.0416666667 0.0781250000
1 0.6703559028 0.2395833333 0.0368923611 0.0746527778
4 0.7500000000 0.2441406250 0.0512152778 0.0907118056
1 0.7102864583 0.2406684028 0.0438368056 0.0776909722
4 0.8348524306 0.2526041667 0.0455729167 0.0902777778
4 0.7947048611 0.2484809028 0.0486111111 0.0933159722
4 0.8700086806 0.2647569444 0.0412326389 0.0833333333
4 0.9053819444 0.2677951389 0.0390625000 0.0798611111
4 0.9641927083 0.2747395833 0.0360243056 0.0824652778
4 0.9372829861 0.2714843750 0.0403645833 0.0820312500
7 0.9867621528 0.2777777778 0.0264756944 0.0789930556
0 0.0117187500 0.3055555556 0.0234375000 0.0564236111
0 0.0099826389 0.3617621528 0.0199652778 0.0568576389
0 0.0585937500 0.3064236111 0.0729166667 0.0590277778
0 0.1315104167 0.3637152778 0.0781250000 0.0607638889
0 0.2751736111 0.3248697917 0.0625000000 0.0473090278
0 0.3398437500 0.3656684028 0.0651041667 0.0603298611
1 0.4637586806 0.3687065972 0.0585937500 0.0542534722
1 0.5781250000 0.3693576389 0.0590277778 0.0503472222
1 0.6378038194 0.3684895833 0.0611979167 0.0538194444
1 0.7467447917 0.3439670139 0.0585937500 0.0447048611
1 0.8018663194 0.3465711806 0.0603298611 0.0464409722
0 0.0121527778 0.4129774306 0.0243055556 0.0499131944
0 0.0564236111 0.3808593750 0.0824652778 0.0950520833
0 0.1317274306 0.4173177083 0.0802951389 0.0490451389
0 0.2046440972 0.3923611111 0.0733506944 0.0920138889
0 0.2732204861 0.3949652778 0.0724826389 0.0911458333
0 0.3415798611 0.4188368056 0.0642361111 0.0451388889
1 0.4602864583 0.4184027778 0.0585937500 0.0460069444
0 0.4042968750 0.3919270833 0.0611979167 0.0989583333
1 0.5173611111 0.4218750000 0.0546875000 0.0425347222
1 0.5201822917 0.3745659722 0.0568576389 0.0538194444
1 0.5750868056 0.4166666667 0.0607638889 0.0451388889
1 0.6877170139 0.4240451389 0.0464409722 0.0434027778
1 0.6343315972 0.4179687500 0.0594618056 0.0503472222
1 0.7378472222 0.4249131944 0.0538194444 0.0364583333
1 0.7437065972 0.3865017361 0.0559895833 0.0421006944
1 0.6929253472 0.3760850694 0.0525173611 0.0533854167
1 0.7973090278 0.3882378472 0.0529513889 0.0438368056
1 0.7903645833 0.4244791667 0.0529513889 0.0338541667
1 0.8524305556 0.3882378472 0.0564236111 0.0438368056
7 0.8932291667 0.4125434028 0.0364583333 0.0794270833
1 0.8452690972 0.4305555556 0.0568576389 0.0407986111
4 0.9242621528 0.3960503472 0.0421006944 0.1080729167
4 0.9544270833 0.4129774306 0.0486111111 0.0785590278
7 0.9837239583 0.4125434028 0.0325520833 0.0820312500
7 0.8971354167 0.5017361111 0.0451388889 0.0303819444
7 0.9450954861 0.5019531250 0.0490451389 0.0568576389
0 0.0217013889 0.5386284722 0.0434027778 0.0564236111
0 0.0247395833 0.5807291667 0.0494791667 0.0277777778
0 0.0935329861 0.5486111111 0.0750868056 0.0842013889
0 0.1473524306 0.5766059028 0.0707465278 0.0325520833
0 0.2113715278 0.5523003472 0.0746527778 0.0742187500
0 0.2845052083 0.5460069444 0.0768229167 0.0859375000
0 0.3567708333 0.5713975694 0.0668402778 0.0299479167
0 0.3574218750 0.5286458333 0.0698784722 0.0564236111
0 0.4186197917 0.5577256944 0.0585937500 0.0303819444
1 0.5292968750 0.5501302083 0.0551215278 0.0855034722
1 0.4739583333 0.5518663194 0.0590277778 0.0898437500
1 0.5798611111 0.5516493056 0.0546875000 0.0868055556
1 0.6820746528 0.5462239583 0.0594618056 0.0907118056
1 0.6284722222 0.5496961806 0.0546875000 0.0820312500
1 0.7339409722 0.5451388889 0.0625000000 0.0772569444
1 0.8305121528 0.5462239583 0.0603298611 0.0828993056
1 0.7838541667 0.5494791667 0.0642361111 0.0781250000
7 0.8799913194 0.5362413194 0.0438368056 0.0394965278
7 0.9049479167 0.5700954861 0.0347222222 0.0421006944
7 0.8739149306 0.5713975694 0.0394965278 0.0334201389
7 0.9444444444 0.5594618056 0.0460069444 0.0581597222
7 0.9331597222 0.6627604167 0.0338541667 0.0416666667
7 0.9294704861 0.6271701389 0.0273437500 0.0364583333
0 0.0323350694 0.7063802083 0.0646701389 0.0490451389
0 0.1703559028 0.7348090278 0.0603298611 0.0442708333
0 0.1686197917 0.6877170139 0.0638020833 0.0577256944
0 0.1026475694 0.7430555556 0.0716145833 0.0295138889
0 0.1015625000 0.7046440972 0.0720486111 0.0499131944
0 0.2311197917 0.6877170139 0.0603298611 0.0551215278
0 0.2324218750 0.7324218750 0.0629340278 0.0377604167
0 0.2936197917 0.7065972222 0.0620659722 0.0842013889
0 0.3552517361 0.7042100694 0.0611979167 0.0794270833
1 0.4620225694 0.6976996528 0.0507812500 0.0785590278
1 0.4110243056 0.6996527778 0.0520833333 0.0798611111
1 0.5110677083 0.6966145833 0.0455729167 0.0711805556
1 0.5542534722 0.6953125000 0.0451388889 0.0807291667
1 0.5972222222 0.6972656250 0.0520833333 0.0802951389
1 0.6588541667 0.6931423611 0.0868055556 0.0755208333
1 0.7591145833 0.6746961806 0.0486111111 0.1019965278
1 0.7178819444 0.6749131944 0.0442708333 0.1006944444
7 0.8051215278 0.6703559028 0.0616319444 0.0933159722
7 0.8923611111 0.6707899306 0.0529513889 0.0976562500
7 0.8480902778 0.6731770833 0.0555555556 0.0998263889
7 0.9290364583 0.6983506944 0.0412326389 0.0381944444
0 0.0325520833 0.7469618056 0.0651041667 0.0347222222
1 0.4335937500 0.2246093750 0.0425347222 0.0907118056
1 0.4743923611 0.2293836806 0.0425347222 0.0941840278
1 0.5171440972 0.2313368056 0.0447048611 0.0911458333
