0 0.0032467532 0.0292207792 0.0064935065 0.0584415584
7 0.2383116883 0.0110389610 0.1675324675 0.0220779221
7 0.4194805195 0.0181818182 0.1454545455 0.0363636364
1 0.5967532468 0.0129870130 0.1415584416 0.0259740260
1 0.7214285714 0.0214285714 0.0844155844 0.0428571429
1 0.8006493506 0.0214285714 0.0766233766 0.0428571429
0 0.0487012987 0.0331168831 0.0974025974 0.0662337662
7 0.4181818182 0.1032467532 0.1480519481 0.0688311688
1 0.6000000000 0.0883116883 0.1532467532 0.0467532468
1 0.6006493506 0.0474025974 0.1493506494 0.0480519481
1 0.8097402597 0.0740259740 0.0766233766 0.0519480519
1 0.7298701299 0.0688311688 0.0909090909 0.0519480519
7 0.9240259740 0.0512987013 0.0766233766 0.0350649351
7 0.9519480519 0.0857142857 0.0389610390 0.0493506494
0 0.0272727273 0.1694805195 0.0545454545 0.0844155844
0 0.1896103896 0.1253246753 0.2000000000 0.0818181818
1 0.4149350649 0.1818181818 0.1441558442 0.0909090909
1 0.6019480519 0.1292207792 0.1571428571 0.0480519481
1 0.6038961039 0.1746753247 0.1636363636 0.0584415584
1 0.7344155844 0.1396103896 0.0974025974 0.0636363636
1 0.8253246753 0.1363636364 0.0922077922 0.0753246753
7 0.9240259740 0.1207792208 0.0532467532 0.0155844156
7 0.9753246753 0.1162337662 0.0493506494 0.0246753247
1 0.9402597403 0.1876623377 0.1194805195 0.0558441558
0 0.0162337662 0.2474025974 0.0324675325 0.0792207792
0 0.1545454545 0.2396103896 0.2129870130 0.1103896104
1 0.6090909091 0.2292207792 0.1636363636 0.0506493506
1 0.7493506494 0.2168831169 0.1090909091 0.0883116883
1 0.8396103896 0.2194805195 0.0948051948 0.0935064935
1 0.9461038961 0.2344155844 0.1077922078 0.0558441558
1 0.3863636364 0.2967532468 0.1935064935 0.1415584416
1 0.6110389610 0.2824675325 0.1753246753 0.0610389610
1 0.7571428571 0.2987012987 0.1038961039 0.0857142857
1 0.8467532468 0.3006493506 0.0935064935 0.0792207792
1 0.9474025974 0.3090909091 0.1051948052 0.0909090909
0 0.1194805195 0.3629870130 0.2389610390 0.1597402597
1 0.3694805195 0.4389610390 0.2194805195 0.1662337662
1 0.6142857143 0.3577922078 0.1766233766 0.0688311688
1 0.6188311688 0.4292207792 0.1701298701 0.0818181818
1 0.7675324675 0.3837662338 0.1064935065 0.0870129870
1 0.8623376623 0.3850649351 0.0987012987 0.0896103896
1 0.9610389610 0.3961038961 0.0779220779 0.1038961039
1 0.6162337662 0.5064935065 0.1909090909 0.0727272727
1 0.7792207792 0.4753246753 0.1012987013 0.0961038961
1 0.8844155844 0.4766233766 0.1090909091 0.1012987013
1 0.9733766234 0.4974025974 0.0532467532 0.1168831169
0 0.1025974026 0.5272727273 0.2051948052 0.1220779221
1 0.6181818182 0.5863636364 0.2000000000 0.0818181818
1 0.8480519481 0.6006493506 0.2181818182 0.1493506494
0 0.0987012987 0.6532467532 0.1974025974 0.1454545455
1 0.3558441558 0.6142857143 0.2311688312 0.1896103896
1 0.6220779221 0.6636363636 0.2025974026 0.0883116883
1 0.9831168831 0.6214285714 0.0337662338 0.1415584416
