7 0.9779411765 0.0425420168 0.0441176471 0.0850840336
4 0.3382352941 0.0693277311 0.0462184874 0.1134453782
4 0.4170168067 0.0745798319 0.0462184874 0.1050420168
4 0.3765756303 0.0724789916 0.0493697479 0.1071428571
4 0.4942226891 0.0714285714 0.0409663866 0.0903361345
4 0.4569327731 0.0751050420 0.0420168067 0.1018907563
7 0.5346638655 0.0740546218 0.0357142857 0.0892857143
4 0.5698529412 0.0730042017 0.0367647059 0.0892857143
4 0.6045168067 0.0751050420 0.0367647059 0.0892857143
4 0.6397058824 0.0745798319 0.0357142857 0.0861344538
4 0.6733193277 0.0751050420 0.0336134454 0.0850840336
4 0.7410714286 0.0751050420 0.0346638655 0.0850840336
4 0.7069327731 0.0756302521 0.0357142857 0.0861344538
4 0.7725840336 0.0772058824 0.0367647059 0.0871848739
7 0.8734243697 0.0682773109 0.0556722689 0.0861344538
7 0.9280462185 0.0530462185 0.0619747899 0.0955882353
7 0.4732142857 0.2032563025 0.0304621849 0.0304621849
7 0.5073529412 0.2022058824 0.0399159664 0.0283613445
7 0.6003151261 0.1722689076 0.0472689076 0.0294117647
7 0.5814075630 0.1995798319 0.0472689076 0.0294117647
7 0.6817226891 0.2205882353 0.0525210084 0.0231092437
7 0.6313025210 0.1990546218 0.0525210084 0.0325630252
7 0.6806722689 0.1974789916 0.0504201681 0.0294117647
7 0.7347689076 0.2190126050 0.0577731092 0.0220588235
7 0.7258403361 0.1953781513 0.0441176471 0.0315126050
7 0.7652310924 0.1959033613 0.0388655462 0.0241596639
7 0.7888655462 0.2163865546 0.0525210084 0.0210084034
7 0.8545168067 0.1922268908 0.0640756303 0.0945378151
7 0.9080882353 0.1864495798 0.0598739496 0.0913865546
7 0.9679621849 0.1764705882 0.0640756303 0.1029411765
6 0.3608193277 0.2815126050 0.0430672269 0.0861344538
7 0.4753151261 0.2342436975 0.0262605042 0.0336134454
4 0.4894957983 0.3077731092 0.0378151261 0.0924369748
7 0.4506302521 0.2337184874 0.0273109244 0.0346638655
4 0.4522058824 0.3077731092 0.0367647059 0.0903361345
4 0.5572478992 0.3061974790 0.0367647059 0.0892857143
7 0.5483193277 0.2263655462 0.0252100840 0.0220588235
7 0.5236344538 0.2263655462 0.0262605042 0.0220588235
4 0.5231092437 0.3088235294 0.0357142857 0.0903361345
7 0.5000000000 0.2279411765 0.0252100840 0.0210084034
4 0.6260504202 0.3004201681 0.0357142857 0.0840336134
7 0.5840336134 0.2247899160 0.0462184874 0.0252100840
4 0.5924369748 0.3035714286 0.0378151261 0.0903361345
4 0.6943277311 0.3009453782 0.0357142857 0.0745798319
4 0.6601890756 0.3030462185 0.0367647059 0.0766806723
7 0.6323529412 0.2226890756 0.0525210084 0.0252100840
4 0.7626050420 0.2956932773 0.0336134454 0.0745798319
4 0.7289915966 0.2977941176 0.0378151261 0.0766806723
4 0.7920168067 0.2941176471 0.0273109244 0.0735294118
0 0.8303571429 0.2899159664 0.0430672269 0.0819327731
0 0.8660714286 0.2888655462 0.0367647059 0.0882352941
0 0.9002100840 0.2857142857 0.0441176471 0.0945378151
0 0.9338235294 0.2862394958 0.0462184874 0.0997899160
0 0.9716386555 0.2883403361 0.0525210084 0.1039915966
6 0.4086134454 0.3266806723 0.0378151261 0.0441176471
4 0.6664915966 0.3954831933 0.0304621849 0.0703781513
4 0.6344537815 0.3981092437 0.0336134454 0.0714285714
4 0.6980042017 0.3897058824 0.0304621849 0.0651260504
4 0.7568277311 0.3823529412 0.0283613445 0.0609243697
4 0.7274159664 0.3870798319 0.0304621849 0.0619747899
4 0.7846638655 0.3781512605 0.0294117647 0.0630252101
0 0.8508403361 0.3912815126 0.0420168067 0.0787815126
0 0.8876050420 0.3981092437 0.0378151261 0.0882352941
2 0.2415966387 0.4427521008 0.2542016807 0.1418067227
4 0.4674369748 0.4154411765 0.0399159664 0.0703781513
4 0.5031512605 0.4117647059 0.0357142857 0.0714285714
4 0.5378151261 0.4091386555 0.0357142857 0.0766806723
4 0.6034663866 0.4017857143 0.0325630252 0.0724789916
4 0.5714285714 0.4054621849 0.0315126050 0.0735294118
0 0.9658613445 0.4080882353 0.0430672269 0.0934873950
0 0.9269957983 0.4023109244 0.0451680672 0.0882352941
0 0.9905462185 0.4112394958 0.0189075630 0.0976890756
2 0.4957983193 0.5646008403 0.1008403361 0.2069327731
2 0.5856092437 0.5509453782 0.0871848739 0.1985294118
2 0.6733193277 0.5362394958 0.0840336134 0.1964285714
2 0.7531512605 0.5236344538 0.0777310924 0.1943277311
2 0.8193277311 0.5136554622 0.0840336134 0.1869747899
0 0.9280462185 0.5073529412 0.0451680672 0.0882352941
0 0.9690126050 0.5194327731 0.0493697479 0.0871848739
2 0.2379201681 0.6155462185 0.2489495798 0.2500000000
2 0.4070378151 0.5835084034 0.1207983193 0.2258403361
0 0.8844537815 0.5950630252 0.0315126050 0.0745798319
0 0.9206932773 0.6055672269 0.0388655462 0.0808823529
0 0.9585084034 0.6218487395 0.0388655462 0.0882352941
0 0.9868697479 0.6318277311 0.0262605042 0.0766806723
2 0.6701680672 0.7137605042 0.1596638655 0.1964285714
2 0.8082983193 0.6806722689 0.1355042017 0.1848739496
0 0.9401260504 0.7542016807 0.0462184874 0.0546218487
0 0.9459033613 0.7100840336 0.0388655462 0.0567226891
0 0.9091386555 0.6885504202 0.0430672269 0.0556722689
0 0.9810924370 0.7247899160 0.0378151261 0.0525210084
2 0.1859243697 0.8251050420 0.1302521008 0.2048319328
2 0.3466386555 0.8025210084 0.1995798319 0.2310924370
2 0.5141806723 0.7610294118 0.1796218487 0.2237394958
0 0.9800420168 0.7731092437 0.0399159664 0.0588235294
