1 0.2726708075 0.0937888199 0.0881987578 0.0881987578
1 0.3515527950 0.0987577640 0.0745341615 0.1006211180
1 0.4602484472 0.0838509317 0.1478260870 0.1080745342
1 0.6826086957 0.0422360248 0.1577639752 0.0844720497
1 0.9273291925 0.0310559006 0.1453416149 0.0621118012
1 0.0906832298 0.1000000000 0.1788819876 0.1105590062
1 0.6763975155 0.1080745342 0.1503105590 0.0795031056
1 0.6776397516 0.1757763975 0.1527950311 0.0757763975
1 0.9223602484 0.1403726708 0.1552795031 0.1664596273
1 0.0913043478 0.1813664596 0.1801242236 0.0944099379
1 0.2732919255 0.1838509317 0.0944099379 0.0919254658
1 0.3565217391 0.1937888199 0.0670807453 0.0819875776
1 0.4608695652 0.1801242236 0.1391304348 0.1068322981
1 0.6838509317 0.2552795031 0.1677018634 0.0981366460
1 0.0925465839 0.2658385093 0.1850931677 0.0869565217
1 0.2745341615 0.2757763975 0.0919254658 0.0944099379
1 0.3496894410 0.2708074534 0.0608695652 0.0745341615
1 0.4608695652 0.2770186335 0.1267080745 0.0869565217
1 0.9204968944 0.3031055901 0.1590062112 0.1639751553
1 0.0987577640 0.3428571429 0.1826086957 0.0844720497
1 0.2763975155 0.3608695652 0.0807453416 0.0832298137
1 0.3571428571 0.3552795031 0.0807453416 0.0919254658
1 0.4639751553 0.3664596273 0.1254658385 0.0795031056
1 0.6832298137 0.3434782609 0.1639751553 0.0906832298
1 0.1037267081 0.4242236025 0.1726708075 0.0807453416
1 0.2763975155 0.4465838509 0.0807453416 0.0931677019
1 0.3577639752 0.4484472050 0.0869565217 0.0919254658
1 0.5155279503 0.4602484472 0.0670807453 0.0906832298
1 0.4416149068 0.4614906832 0.0683229814 0.0931677019
1 0.6813664596 0.4341614907 0.1602484472 0.0931677019
1 0.9173913043 0.4645962733 0.1652173913 0.1590062112
1 0.1062111801 0.5074534161 0.1652173913 0.0931677019
1 0.6888198758 0.5291925466 0.1652173913 0.1167701863
1 0.9180124224 0.5745341615 0.1614906832 0.0683229814
7 0.0881987578 0.6391304348 0.1068322981 0.1403726708
7 0.2124223602 0.6540372671 0.1093167702 0.1527950311
7 0.3788819876 0.6093167702 0.1739130435 0.0782608696
7 0.3782608696 0.6708074534 0.1751552795 0.0770186335
7 0.3757763975 0.7347826087 0.1726708075 0.0782608696
7 0.4993788820 0.6913043478 0.0745341615 0.1850931677
7 0.5658385093 0.7049689441 0.0683229814 0.1875776398
7 0.6720496894 0.6559006211 0.1291925466 0.1366459627
7 0.8304347826 0.6639751553 0.1329192547 0.1428571429
7 0.3782608696 0.7968944099 0.1726708075 0.0832298137
7 0.6714285714 0.7776397516 0.1279503106 0.1341614907
7 0.9434782609 0.7975155280 0.1130434783 0.1590062112
7 0.0664596273 0.8180124224 0.1204968944 0.1527950311
7 0.1881987578 0.8335403727 0.1155279503 0.1838509317
7 0.3763975155 0.8602484472 0.1689440994 0.0857142857
7 0.4931677019 0.8739130435 0.0645962733 0.1801242236
7 0.7080745342 0.8832298137 0.0645962733 0.0869565217
7 0.6428571429 0.8732919255 0.0658385093 0.0869565217
7 0.8229813665 0.8260869565 0.1304347826 0.1888198758
7 0.3801242236 0.9236024845 0.1664596273 0.0906832298
7 0.7062111801 0.9583850932 0.0683229814 0.0832298137
7 0.6422360248 0.9515527950 0.0645962733 0.0944099379
7 0.8223602484 0.9503105590 0.1316770186 0.0720496894
7 0.9428571429 0.9273291925 0.1142857143 0.1453416149
7 0.8229813665 0.9801242236 0.1354037267 0.0397515528
