5 0.0509761388 0.0200650759 0.1019522777 0.0401301518
5 0.1561822126 0.0227765727 0.1279826464 0.0455531453
6 0.2727765727 0.0276572668 0.0900216920 0.0553145336
6 0.3617136659 0.0330802603 0.0900216920 0.0661605206
6 0.4495661605 0.0385032538 0.0856832972 0.0770065076
1 0.5330802603 0.0428416486 0.0835140998 0.0856832972
1 0.6100867679 0.0482646421 0.0748373102 0.0900216920
1 0.6865509761 0.0601952278 0.0824295011 0.0900216920
5 0.2277657267 0.1355748373 0.1366594360 0.1084598698
5 0.0330802603 0.2066160521 0.0661605206 0.0943600868
5 0.1149674620 0.2120390456 0.1084598698 0.0900216920
5 0.2353579176 0.2180043384 0.1236442516 0.0867678959
6 0.3373101952 0.1778741866 0.0824295011 0.1713665944
6 0.4159436009 0.1832971800 0.0813449024 0.1670281996
1 0.5016268980 0.2342733189 0.0835140998 0.0867678959
1 0.5889370933 0.2364425163 0.0780911063 0.0824295011
1 0.6637744035 0.2402386117 0.0737527115 0.0856832972
5 0.0471800434 0.3725596529 0.0943600868 0.1550976139
5 0.1372017354 0.3736442516 0.1138828633 0.1485900217
5 0.2472885033 0.3698481562 0.1258134490 0.1496746204
1 0.3649674620 0.4007592191 0.1030368764 0.0856832972
1 0.4625813449 0.3985900217 0.0943600868 0.0835140998
1 0.5498915401 0.3985900217 0.0780911063 0.0791757050
1 0.6268980477 0.4002169197 0.0737527115 0.0759219089
6 0.0097613883 0.5314533623 0.0195227766 0.0780911063
1 0.2689804772 0.5298264642 0.1106290672 0.0878524946
1 0.3731019523 0.5281995662 0.1041214751 0.0824295011
1 0.4620390456 0.5227765727 0.0845986985 0.0759219089
1 0.5466377440 0.5211496746 0.0780911063 0.0618221258
1 0.6236442516 0.5200650759 0.0737527115 0.0618221258
6 0.0130151844 0.6090021692 0.0260303688 0.0965292842
5 0.0667028200 0.5797180043 0.1095444685 0.1464208243
5 0.1621475054 0.5737527115 0.1182212581 0.1453362256
1 0.2722342733 0.6003253796 0.1084598698 0.0704989154
1 0.3714750542 0.5954446855 0.0986984816 0.0629067245
1 0.4571583514 0.5883947939 0.0835140998 0.0639913232
1 0.5422993492 0.5797180043 0.0780911063 0.0639913232
1 0.6117136659 0.5770065076 0.0694143167 0.0563991323
7 0.3134490239 0.7266811280 0.0780911063 0.0867678959
7 0.3834056399 0.7190889371 0.0683297180 0.0759219089
1 0.4522776573 0.7087852495 0.0759219089 0.0986984816
1 0.5216919740 0.6979392625 0.0672451193 0.0878524946
1 0.5927331887 0.6914316703 0.0835140998 0.0900216920
6 0.0385032538 0.7543383948 0.0770065076 0.0943600868
6 0.1372017354 0.7359002169 0.1247288503 0.1008676790
7 0.2375271150 0.7321041215 0.0802603037 0.0932754881
1 0.5900216920 0.8139913232 0.0802603037 0.0900216920
7 0.0726681128 0.8953362256 0.0911062907 0.0813449024
7 0.1578091106 0.9034707158 0.0791757050 0.0542299349
7 0.2380694143 0.8866594360 0.0683297180 0.0639913232
7 0.3080260304 0.8573752711 0.0542299349 0.0726681128
1 0.3763557484 0.8470715835 0.0715835141 0.0845986985
1 0.4436008677 0.8389370933 0.0672451193 0.0835140998
1 0.5157266811 0.8259219089 0.0791757050 0.0835140998
7 0.0151843818 0.9126898048 0.0303687636 0.0574837310
1 0.3015184382 0.9734273319 0.0759219089 0.0531453362
7 0.5048806941 0.9853579176 0.0726681128 0.0292841649
7 0.5824295011 0.9761388286 0.0694143167 0.0477223427
1 0.0672451193 0.9929501085 0.0737527115 0.0140997831
1 0.1415401302 0.9902386117 0.0813449024 0.0195227766
1 0.2239696312 0.9804772234 0.0835140998 0.0390455531
1 0.4002169197 0.9886117137 0.1301518438 0.0227765727
