2 0.1080882353 0.0411764706 0.1897058824 0.0823529412
2 0.3014705882 0.0220588235 0.2235294118 0.0441176471
0 0.0117647059 0.0727941176 0.0235294118 0.1044117647
2 0.6698529412 0.1235294118 0.1691176471 0.2470588235
2 0.8661764706 0.1095588235 0.2676470588 0.2191176471
2 0.0926470588 0.1867647059 0.1176470588 0.2617647059
2 0.1852941176 0.1735294118 0.1088235294 0.2705882353
2 0.2970588235 0.1551470588 0.1176470588 0.2750000000
2 0.4198529412 0.1367647059 0.1220588235 0.2735294118
2 0.5455882353 0.1301470588 0.1411764706 0.2602941176
4 0.4397058824 0.3382352941 0.0441176471 0.1029411765
4 0.3948529412 0.3433823529 0.0455882353 0.1014705882
4 0.4867647059 0.3330882353 0.0500000000 0.1073529412
4 0.5352941176 0.3294117647 0.0500000000 0.1000000000
4 0.5852941176 0.3242647059 0.0558823529 0.0985294118
2 0.8617647059 0.2860294118 0.2764705882 0.1985294118
0 0.0117647059 0.3485294118 0.0235294118 0.1235294118
0 0.0485294118 0.3580882353 0.0588235294 0.1102941176
4 0.1411764706 0.3764705882 0.0411764706 0.0882352941
4 0.2213235294 0.3639705882 0.0426470588 0.0867647059
4 0.1801470588 0.3705882353 0.0397058824 0.0852941176
4 0.2625000000 0.3602941176 0.0426470588 0.0911764706
4 0.3514705882 0.3485294118 0.0470588235 0.1000000000
4 0.3066176471 0.3522058824 0.0426470588 0.0985294118
6 0.6676470588 0.4485294118 0.0529411765 0.0617647059
0 0.0051470588 0.5058823529 0.0102941176 0.1323529412
0 0.0272058824 0.5014705882 0.0514705882 0.1235294118
0 0.0772058824 0.5000000000 0.0602941176 0.1147058824
4 0.1308823529 0.4941176471 0.0382352941 0.1029411765
4 0.1720588235 0.4919117647 0.0470588235 0.1044117647
4 0.2191176471 0.4889705882 0.0529411765 0.1073529412
7 0.3544117647 0.5941176471 0.0735294118 0.0352941176
4 0.3154411765 0.4816176471 0.0514705882 0.1073529412
4 0.2676470588 0.4845588235 0.0500000000 0.1044117647
4 0.4102941176 0.4808823529 0.0529411765 0.1264705882
7 0.4220588235 0.5911764706 0.0647058824 0.0352941176
4 0.3632352941 0.4852941176 0.0500000000 0.1176470588
4 0.4595588235 0.4772058824 0.0514705882 0.1250000000
7 0.5066176471 0.5889705882 0.0367647059 0.0308823529
4 0.5073529412 0.4735294118 0.0500000000 0.1264705882
7 0.5397058824 0.5867647059 0.0352941176 0.0294117647
7 0.4720588235 0.5889705882 0.0352941176 0.0308823529
4 0.6066176471 0.4750000000 0.0514705882 0.1264705882
7 0.5742647059 0.5779411765 0.0367647059 0.0470588235
4 0.5544117647 0.4750000000 0.0529411765 0.1294117647
7 0.6088235294 0.5786764706 0.0382352941 0.0485294118
6 0.7345588235 0.5117647059 0.0602941176 0.1205882353
7 0.0051470588 0.6448529412 0.0102941176 0.1279411765
7 0.0441176471 0.6367647059 0.0882352941 0.1323529412
7 0.1352941176 0.6029411765 0.0735294118 0.0294117647
7 0.2235294118 0.6323529412 0.0617647059 0.0441176471
7 0.1683823529 0.6316176471 0.0544117647 0.0338235294
7 0.2110294118 0.5992647059 0.0808823529 0.0308823529
7 0.2867647059 0.6294117647 0.0705882353 0.0411764706
7 0.2852941176 0.5970588235 0.0735294118 0.0323529412
7 0.3558823529 0.6272058824 0.0735294118 0.0455882353
7 0.4257352941 0.6264705882 0.0661764706 0.0411764706
7 0.3992647059 0.6647058824 0.0661764706 0.0411764706
7 0.5294117647 0.6227941176 0.0558823529 0.0397058824
7 0.5772058824 0.6213235294 0.0426470588 0.0426470588
7 0.0279411765 0.8102941176 0.0558823529 0.1205882353
4 0.1580882353 0.7977941176 0.0514705882 0.1220588235
4 0.2022058824 0.8007352941 0.0485294118 0.1191176471
4 0.2500000000 0.8000000000 0.0500000000 0.1205882353
4 0.2970588235 0.8007352941 0.0470588235 0.1191176471
4 0.3441176471 0.8014705882 0.0500000000 0.1205882353
4 0.3933823529 0.8007352941 0.0514705882 0.1250000000
4 0.4419117647 0.8036764706 0.0514705882 0.1250000000
7 0.4911764706 0.8022058824 0.0500000000 0.1250000000
4 0.6000000000 0.8007352941 0.0588235294 0.1426470588
4 0.5477941176 0.8058823529 0.0573529412 0.1264705882
4 0.7125000000 0.8044117647 0.0691176471 0.1500000000
4 0.6558823529 0.8014705882 0.0647058824 0.1470588235
4 0.7661764706 0.8088235294 0.0647058824 0.1588235294
7 0.0058823529 0.9911764706 0.0117647059 0.0176470588
7 0.0500000000 0.9705882353 0.0764705882 0.0588235294
