0 0.3809935205 0.0220302376 0.0838012959 0.0440604752
0 0.5479481641 0.0053995680 0.0946004320 0.0107991361
0 0.6220302376 0.0041036717 0.0587473002 0.0082073434
0 0.1956803456 0.0831533477 0.0440604752 0.0600431965
0 0.2425485961 0.0814254860 0.0574514039 0.0634989201
0 0.1874730022 0.0257019438 0.0293736501 0.0514038877
0 0.2257019438 0.0252699784 0.0496760259 0.0505399568
0 0.3531317495 0.0602591793 0.0323974082 0.0704103672
0 0.5116630670 0.0447084233 0.0488120950 0.0799136069
0 0.5650107991 0.0444924406 0.0604751620 0.0777537797
7 0.7380129590 0.0414686825 0.1032397408 0.0829373650
7 0.8965442765 0.0479481641 0.1101511879 0.0958963283
0 0.1980561555 0.1449244060 0.0375809935 0.0626349892
0 0.2425485961 0.1436285097 0.0548596112 0.0600431965
0 0.3773218143 0.1239740821 0.0738660907 0.0742980562
0 0.5365010799 0.1172786177 0.0915766739 0.0730021598
7 0.7192224622 0.1352051836 0.0958963283 0.0863930886
7 0.8876889849 0.1468682505 0.1149028078 0.1053995680
0 0.2237580994 0.2058315335 0.0838012959 0.0617710583
0 0.3835853132 0.1967602592 0.0855291577 0.0764578834
0 0.5339092873 0.1855291577 0.0907127430 0.0721382289
0 0.6036717063 0.1874730022 0.0470842333 0.0622030238
7 0.7192224622 0.2244060475 0.1010799136 0.0997840173
7 0.8773218143 0.2233261339 0.0933045356 0.0544276458
0 0.2261339093 0.2671706263 0.0790496760 0.0609071274
0 0.3583153348 0.2686825054 0.0298056156 0.0665226782
0 0.4008639309 0.2693304536 0.0561555076 0.0695464363
0 0.5101511879 0.2535637149 0.0449244060 0.0639308855
0 0.5630669546 0.2518358531 0.0600431965 0.0647948164
7 0.7136069114 0.2984881210 0.0958963283 0.0518358531
7 0.8676025918 0.2768898488 0.0885529158 0.0492440605
1 0.2326133909 0.3734341253 0.0781857451 0.0505399568
1 0.2306695464 0.3226781857 0.0794816415 0.0518358531
0 0.3719222462 0.3302375810 0.0302375810 0.0583153348
1 0.5105831533 0.3717062635 0.0457883369 0.0583153348
0 0.5369330454 0.3159827214 0.0984881210 0.0609071274
1 0.5600431965 0.3751619870 0.0539956803 0.0583153348
1 0.7034557235 0.3451403888 0.0902807775 0.0423326134
1 0.8643628510 0.3606911447 0.1347732181 0.1019438445
1 0.2336933045 0.4222462203 0.0708423326 0.0453563715
1 0.3794816415 0.4403887689 0.0850971922 0.0548596112
1 0.3777537797 0.3853131749 0.0894168467 0.0587473002
1 0.5071274298 0.4285097192 0.0423326134 0.0544276458
1 0.5542116631 0.4313174946 0.0535637149 0.0565874730
1 0.6987041037 0.3857451404 0.0937365011 0.0423326134
1 0.6969762419 0.4282937365 0.0902807775 0.0444924406
1 0.2349892009 0.4652267819 0.0803455724 0.0449244060
1 0.2330453564 0.5079913607 0.0799136069 0.0518358531
1 0.3781857451 0.4907127430 0.0868250540 0.0544276458
1 0.5123110151 0.4859611231 0.0449244060 0.0604751620
1 0.5593952484 0.4889848812 0.0501079914 0.0587473002
1 0.6926565875 0.4680345572 0.0920086393 0.0419006479
1 0.6894168467 0.5043196544 0.0907127430 0.0410367171
1 0.8365010799 0.4598272138 0.0859611231 0.1006479482
1 0.2371490281 0.5693304536 0.0751619870 0.0863930886
1 0.3799136069 0.5390928726 0.0816414687 0.0544276458
1 0.3833693305 0.5924406048 0.0902807775 0.0591792657
1 0.5049676026 0.5980561555 0.0431965443 0.0462203024
1 0.5110151188 0.5449244060 0.0501079914 0.0591792657
1 0.5602591793 0.5483801296 0.0535637149 0.0609071274
1 0.6920086393 0.5447084233 0.0777537797 0.0414686825
1 0.6885529158 0.5807775378 0.0742980562 0.0367170626
1 0.8267818575 0.5526997840 0.0881209503 0.0971922246
1 0.2555075594 0.6691144708 0.1015118790 0.0483801296
1 0.2552915767 0.6280777538 0.1002159827 0.0440604752
1 0.3844492441 0.6440604752 0.0768898488 0.0622030238
1 0.5041036717 0.6479481641 0.0362850972 0.0535637149
1 0.5423326134 0.6537796976 0.0419006479 0.0557235421
1 0.5526997840 0.6032397408 0.0531317495 0.0522678186
1 0.5846652268 0.6568034557 0.0444924406 0.0583153348
4 0.6840172786 0.6600431965 0.0902807775 0.0509719222
1 0.6874730022 0.6205183585 0.0773218143 0.0436285097
7 0.7745140389 0.6449244060 0.0293736501 0.0328293737
7 0.8034557235 0.6457883369 0.0354211663 0.0302375810
1 0.7987041037 0.6114470842 0.0708423326 0.0306695464
7 0.8334773218 0.6738660907 0.0600431965 0.0293736501
7 0.7825053996 0.6725701944 0.0514038877 0.0285097192
7 0.8336933045 0.6453563715 0.0285097192 0.0345572354
7 0.2598272138 0.7149028078 0.0928725702 0.0613390929
1 0.3833693305 0.7401727862 0.0825053996 0.0600431965
1 0.3801295896 0.6937365011 0.0777537797 0.0639308855
1 0.5045356371 0.7002159827 0.0336933045 0.0526997840
1 0.5406047516 0.7071274298 0.0436285097 0.0526997840
1 0.5820734341 0.7116630670 0.0462203024 0.0600431965
4 0.6755939525 0.7444924406 0.0898488121 0.0453563715
4 0.6796976242 0.7045356371 0.0928725702 0.0483801296
7 0.7835853132 0.7006479482 0.0647948164 0.0311015119
7 0.7863930886 0.7276457883 0.0686825054 0.0306695464
7 0.8360691145 0.6933045356 0.0531317495 0.0250539957
7 0.8544276458 0.7319654428 0.0691144708 0.0289416847
7 0.2593952484 0.8017278618 0.0971922246 0.0526997840
7 0.2570194384 0.7576673866 0.0993520518 0.0552915767
7 0.3583153348 0.7833693305 0.0332613391 0.0393088553
7 0.3933045356 0.7894168467 0.0393088553 0.0436285097
7 0.3596112311 0.8142548596 0.0419006479 0.0345572354
7 0.4276457883 0.8064794816 0.0302375810 0.0449244060
1 0.5406047516 0.7619870410 0.0436285097 0.0561555076
7 0.5164146868 0.8025917927 0.0790496760 0.0362850972
1 0.4984881210 0.7548596112 0.0406047516 0.0565874730
4 0.6634989201 0.7794816415 0.0829373650 0.0410367171
4 0.6604751620 0.8146868251 0.0794816415 0.0388768898
7 0.7736501080 0.8023758099 0.0665226782 0.0315334773
7 0.7732181425 0.7777537797 0.0587473002 0.0306695464
7 0.7844492441 0.7546436285 0.0812095032 0.0319654428
7 0.2319654428 0.8382289417 0.0380129590 0.0410367171
7 0.3028077754 0.8386609071 0.0362850972 0.0272138229
7 0.2673866091 0.8423326134 0.0414686825 0.0336933045
7 0.3701943844 0.8535637149 0.0578833693 0.0457883369
7 0.4274298056 0.8542116631 0.0565874730 0.0488120950
4 0.5328293737 0.8334773218 0.1075593952 0.0419006479
4 0.5159827214 0.8634989201 0.0781857451 0.0483801296
4 0.6568034557 0.8464362851 0.0816414687 0.0401727862
4 0.6535637149 0.8732181425 0.0820734341 0.0358531317
7 0.7725701944 0.8505399568 0.0652267819 0.0319654428
7 0.7699784017 0.8278617711 0.0660907127 0.0280777538
7 0.7542116631 0.8740820734 0.0475161987 0.0298056156
7 0.7997840173 0.8766738661 0.0539956803 0.0358531317
7 0.5164146868 0.8997840173 0.0816414687 0.0466522678
7 0.6505399568 0.9002159827 0.0786177106 0.0354211663
7 0.7479481641 0.9401727862 0.0470842333 0.0177105832
7 0.7585313175 0.9224622030 0.0596112311 0.0298056156
7 0.7555075594 0.8987041037 0.0526997840 0.0306695464
7 0.8073434125 0.8978401728 0.0604751620 0.0323974082
