1 0.6382978723 0.0271276596 0.0744680851 0.0542553191
1 0.7031914894 0.0106382979 0.0468085106 0.0212765957
4 0.2835106383 0.0994680851 0.0329787234 0.1010638298
4 0.3117021277 0.0920212766 0.0361702128 0.1010638298
4 0.3462765957 0.0829787234 0.0436170213 0.1063829787
4 0.3882978723 0.0680851064 0.0382978723 0.1127659574
4 0.4207446809 0.0601063830 0.0393617021 0.1202127660
4 0.4670212766 0.0510638298 0.0595744681 0.1021276596
1 0.5468085106 0.0500000000 0.0957446809 0.1000000000
1 0.5691489362 0.1840425532 0.0765957447 0.1425531915
1 0.6398936170 0.1686170213 0.0755319149 0.1606382979
1 0.7218085106 0.1436170213 0.0925531915 0.1638297872
7 0.3180851064 0.2569148936 0.0255319149 0.0478723404
7 0.3659574468 0.2132978723 0.0212765957 0.0606382979
7 0.3686170213 0.2590425532 0.0117021277 0.0372340426
7 0.3425531915 0.2393617021 0.0319148936 0.0276595745
1 0.4196808511 0.2287234043 0.0414893617 0.1191489362
1 0.5053191489 0.2063829787 0.0659574468 0.1361702128
1 0.4553191489 0.2170212766 0.0425531915 0.1297872340
1 0.2952127660 0.3409574468 0.0436170213 0.0542553191
1 0.3377659574 0.3356382979 0.0436170213 0.0521276596
1 0.4425531915 0.3159574468 0.0617021277 0.0659574468
1 0.3829787234 0.3265957447 0.0531914894 0.0680851064
1 0.5005319149 0.3707446809 0.0627659574 0.0734042553
1 0.5611702128 0.3680851064 0.0627659574 0.0765957447
1 0.5611702128 0.3005319149 0.0606382979 0.0712765957
1 0.6260638298 0.3617021277 0.0670212766 0.0723404255
1 0.6255319149 0.2909574468 0.0702127660 0.0712765957
1 0.7127659574 0.3186170213 0.1148936170 0.1521276596
1 0.2941489362 0.3946808511 0.0351063830 0.0531914894
1 0.3329787234 0.3898936170 0.0361702128 0.0585106383
1 0.3856382979 0.3861702128 0.0500000000 0.0702127660
1 0.4404255319 0.3771276596 0.0638297872 0.0648936170
1 0.7005319149 0.4643617021 0.0542553191 0.1329787234
1 0.7547872340 0.4606382979 0.0585106383 0.1340425532
1 0.2898936170 0.4840425532 0.0308510638 0.0957446809
1 0.3223404255 0.4803191489 0.0361702128 0.0989361702
1 0.3521276596 0.4829787234 0.0340425532 0.1021276596
1 0.4164893617 0.4781914894 0.0414893617 0.1074468085
1 0.3851063830 0.4819148936 0.0340425532 0.1000000000
1 0.4553191489 0.4723404255 0.0404255319 0.1127659574
1 0.4909574468 0.4702127660 0.0414893617 0.1127659574
1 0.5441489362 0.4675531915 0.0457446809 0.1180851064
1 0.5936170213 0.4659574468 0.0553191489 0.1106382979
1 0.6515957447 0.4664893617 0.0521276596 0.1287234043
7 0.2765957447 0.6042553191 0.0638297872 0.1021276596
7 0.3617021277 0.6037234043 0.0510638298 0.1031914894
1 0.4180851064 0.6026595745 0.0680851064 0.0946808511
1 0.5047872340 0.6180851064 0.1031914894 0.1276595745
1 0.6101063830 0.6292553191 0.1117021277 0.1372340426
1 0.7180851064 0.6287234043 0.0531914894 0.1340425532
7 0.2702127660 0.7292553191 0.0659574468 0.1117021277
0 0.3856382979 0.7542553191 0.0521276596 0.1297872340
0 0.4755319149 0.7696808511 0.0765957447 0.1372340426
0 0.5617021277 0.7872340426 0.1042553191 0.1595744681
0 0.6728723404 0.8015957447 0.0840425532 0.1521276596
0 0.7601063830 0.8117021277 0.0968085106 0.1574468085
0 0.2691489362 0.8957446809 0.0361702128 0.0680851064
0 0.2707446809 0.8382978723 0.0457446809 0.0723404255
0 0.3175531915 0.8537234043 0.0521276596 0.0734042553
0 0.3148936170 0.9148936170 0.0489361702 0.0702127660
0 0.4218085106 0.9132978723 0.0585106383 0.1478723404
0 0.4771276596 0.9212765957 0.0606382979 0.1404255319
0 0.5393617021 0.9324468085 0.0702127660 0.1351063830
0 0.5994680851 0.9452127660 0.0712765957 0.1095744681
0 0.6691489362 0.9484042553 0.0702127660 0.1031914894
0 0.7324468085 0.9611702128 0.0478723404 0.0776595745
