7 0.1075075075 0.0384384384 0.0576576577 0.0528528529
7 0.2192192192 0.0732732733 0.0768768769 0.1381381381
7 0.1579579580 0.0765765766 0.0732732733 0.1351351351
7 0.2786786787 0.0771771772 0.0852852853 0.1291291291
1 0.3993993994 0.0708708709 0.0612612613 0.1393393393
1 0.3423423423 0.0711711712 0.0672672673 0.1411411411
1 0.4810810811 0.0489489489 0.1201201201 0.0978978979
1 0.5663663664 0.0477477477 0.0720720721 0.0954954955
1 0.6258258258 0.0492492492 0.0624624625 0.0984984985
1 0.6855855856 0.0450450450 0.0630630631 0.0900900901
1 0.8240240240 0.0459459459 0.0720720721 0.0918918919
1 0.7534534535 0.0468468468 0.0702702703 0.0936936937
0 0.9015015015 0.0426426426 0.0852852853 0.0852852853
0 0.9717717718 0.0426426426 0.0564564565 0.0852852853
7 0.1015015015 0.0876876877 0.0468468468 0.0576576577
7 0.1066066066 0.1369369369 0.0378378378 0.0504504505
7 0.0858858859 0.2306306306 0.0636636637 0.0804804805
7 0.1750750751 0.2627627628 0.0606606607 0.0546546547
7 0.1834834835 0.2141141141 0.0546546547 0.0462462462
7 0.1405405405 0.2159159159 0.0480480480 0.0582582583
1 0.2435435435 0.2489489489 0.0834834835 0.1147147147
1 0.3081081081 0.2444444444 0.0888888889 0.1081081081
1 0.3771771772 0.2504504505 0.0864864865 0.1069069069
1 0.4489489489 0.2489489489 0.0822822823 0.1255255255
1 0.5231231231 0.2441441441 0.0756756757 0.1135135135
1 0.5903903904 0.2417417417 0.0756756757 0.1207207207
1 0.6603603604 0.2435435435 0.0762762763 0.1183183183
1 0.7369369369 0.2411411411 0.0816816817 0.1243243243
0 0.8135135135 0.2330330330 0.0810810811 0.0420420420
0 0.8990990991 0.2141141141 0.0924924925 0.0414414414
0 0.8981981982 0.2732732733 0.0966966967 0.0780780781
0 0.9729729730 0.2492492492 0.0540540541 0.1189189189
7 0.0849849850 0.3102102102 0.0678678679 0.0786786787
7 0.1513513514 0.3105105105 0.0624624625 0.0420420420
7 0.0270270270 0.4339339339 0.0540540541 0.1135135135
4 0.1138138138 0.4567567568 0.0582582583 0.1495495495
4 0.0720720721 0.4333333333 0.0672672673 0.1087087087
1 0.2231231231 0.4090090090 0.0786786787 0.0564564565
7 0.1567567568 0.4339339339 0.0504504505 0.1099099099
1 0.2132132132 0.4675675676 0.0780780781 0.0606606607
1 0.2894894895 0.4675675676 0.0732732733 0.0606606607
1 0.2990990991 0.4174174174 0.0732732733 0.0468468468
1 0.4339339339 0.4843843844 0.0726726727 0.0738738739
1 0.3636636637 0.4699699700 0.0774774775 0.0582582583
1 0.3717717718 0.4168168168 0.0744744745 0.0504504505
1 0.4411411411 0.4180180180 0.0642642643 0.0600600601
1 0.5150150150 0.4264264264 0.0822822823 0.0696696697
1 0.5969969970 0.4282282282 0.0840840841 0.0624624625
1 0.6768768769 0.4210210210 0.0756756757 0.0588588589
1 0.6729729730 0.4864864865 0.0786786787 0.0744744745
1 0.7558558559 0.4258258258 0.0810810811 0.0636636637
0 0.8333333333 0.4624624625 0.0846846847 0.1369369369
0 0.9201201201 0.4252252252 0.0888888889 0.0624624625
0 0.9822822823 0.4582582583 0.0354354354 0.1261261261
1 0.2831831832 0.5252252252 0.0834834835 0.0642642643
1 0.3594594595 0.5288288288 0.0810810811 0.0618618619
1 0.5102102102 0.4948948949 0.0846846847 0.0744744745
1 0.5927927928 0.4936936937 0.0816816817 0.0696696697
1 0.7510510511 0.4945945946 0.0810810811 0.0750750751
0 0.9225225225 0.4987987988 0.0900900901 0.0834834835
0 0.9843843844 0.5552552553 0.0312312312 0.0654654655
7 0.0228228228 0.6204204204 0.0456456456 0.1093093093
4 0.0585585586 0.6246246246 0.0498498498 0.1141141141
4 0.0957957958 0.6291291291 0.0558558559 0.1135135135
4 0.1399399399 0.6342342342 0.0540540541 0.1105105105
4 0.1888888889 0.6384384384 0.0570570571 0.1153153153
4 0.2930930931 0.6609609610 0.0672672673 0.1291291291
4 0.2375375375 0.6552552553 0.0630630631 0.1249249249
4 0.3549549550 0.6669669670 0.0708708709 0.1255255255
1 0.4099099099 0.6717717718 0.0606606607 0.1075075075
1 0.4651651652 0.6732732733 0.0510510511 0.1033033033
1 0.5153153153 0.6780780781 0.0576576577 0.1081081081
1 0.5714714715 0.6744744745 0.0570570571 0.1261261261
1 0.6219219219 0.6789789790 0.0582582583 0.1279279279
1 0.7363363363 0.6873873874 0.0588588589 0.1303303303
1 0.6771771772 0.6849849850 0.0618618619 0.1255255255
7 0.0231231231 0.7663663664 0.0426426426 0.0732732733
7 0.0054054054 0.7705705706 0.0108108108 0.0828828829
7 0.0573573574 0.7645645646 0.0414414414 0.0660660661
7 0.1216216216 0.7864864865 0.0390390390 0.0918918919
7 0.0900900901 0.7900900901 0.0444444444 0.0906906907
7 0.1570570571 0.7915915916 0.0438438438 0.0924924925
7 0.1912912913 0.7909909910 0.0426426426 0.0816816817
7 0.3759759760 0.7927927928 0.0456456456 0.0408408408
1 0.7930930931 0.6939939940 0.0594594595 0.1255255255
7 0.8576576577 0.7081081081 0.0720720721 0.1333333333
7 0.9456456456 0.7159159159 0.1087087087 0.1405405405
7 0.0243243243 0.8384384384 0.0450450450 0.0840840841
7 0.0537537538 0.8279279279 0.0498498498 0.0750750751
7 0.2234234234 0.8066066066 0.0444444444 0.1129129129
7 0.3087087087 0.8783783784 0.0348348348 0.0738738739
7 0.2609609610 0.8093093093 0.0426426426 0.0954954955
7 0.2984984985 0.8054054054 0.0432432432 0.0900900901
1 0.4225225225 0.8264264264 0.0426426426 0.0984984985
7 0.3357357357 0.8747747748 0.0408408408 0.0834834835
7 0.3747747748 0.8330330330 0.0420420420 0.0492492492
7 0.3375375375 0.8039039039 0.0396396396 0.0714714715
7 0.3753753754 0.8750750751 0.0480480480 0.0396396396
1 0.5042042042 0.8654654655 0.1351351351 0.1225225225
1 0.6333333333 0.8789789790 0.1399399399 0.1195195195
7 0.2549549550 0.9039039039 0.0402402402 0.0960960961
1 0.7711711712 0.9120120120 0.1417417417 0.1759759760
7 0.8876876877 0.9222222222 0.0684684685 0.1231231231
7 0.9621621622 0.9354354354 0.0756756757 0.1291291291
7 0.9975975976 0.9351351351 0.0048048048 0.1297297297
