7 0.3606194690 0.0346607670 0.2345132743 0.0693215339
7 0.5199115044 0.0368731563 0.0899705015 0.0737463127
5 0.7020648968 0.0272861357 0.2300884956 0.0545722714
7 0.0412979351 0.0936578171 0.0825958702 0.0899705015
7 0.1032448378 0.0235988201 0.0855457227 0.0471976401
5 0.8429203540 0.0848082596 0.0840707965 0.1283185841
5 0.9410029499 0.0449852507 0.1179941003 0.0899705015
7 0.0589970501 0.1725663717 0.1179941003 0.0914454277
7 0.1865781711 0.1452802360 0.0870206490 0.1519174041
7 0.3768436578 0.1644542773 0.2168141593 0.2109144543
7 0.5066371681 0.1615044248 0.0575221239 0.1961651917
5 0.6504424779 0.1076696165 0.1209439528 0.1209439528
5 0.7558997050 0.1010324484 0.1076696165 0.1401179941
5 0.9306784661 0.1489675516 0.1386430678 0.1209439528
7 0.0656342183 0.2441002950 0.1312684366 0.0870206490
6 0.6511799410 0.2426253687 0.1224188791 0.1548672566
6 0.7684365782 0.2404129794 0.1474926254 0.1563421829
0 0.9314159292 0.2706489676 0.1371681416 0.1548672566
7 0.0825958702 0.3134218289 0.1651917404 0.0899705015
0 0.3834808260 0.3266961652 0.2123893805 0.1489675516
0 0.9218289086 0.3783185841 0.1563421829 0.1312684366
4 0.1165191740 0.4203539823 0.2330383481 0.1445427729
0 0.4070796460 0.4660766962 0.2005899705 0.1268436578
1 0.6393805310 0.3908554572 0.1076696165 0.1533923304
1 0.7389380531 0.3797935103 0.1061946903 0.1283185841
0 0.1238938053 0.5405604720 0.2005899705 0.1666666667
0 0.3679941003 0.5471976401 0.0988200590 0.0530973451
0 0.4579646018 0.5398230088 0.0781710914 0.0442477876
1 0.6290560472 0.4948377581 0.1047197640 0.1047197640
1 0.7278761062 0.4867256637 0.0899705015 0.1032448378
0 0.9181415929 0.4815634218 0.1637168142 0.1430678466
0 0.3672566372 0.6069321534 0.0855457227 0.0870206490
0 0.4424778761 0.5907079646 0.0766961652 0.0604719764
1 0.6371681416 0.5921828909 0.1002949853 0.0870206490
1 0.7241887906 0.5855457227 0.1002949853 0.1032448378
1 0.8591445428 0.5884955752 0.0840707965 0.0825958702
1 0.9380530973 0.5789085546 0.0737463127 0.0781710914
1 0.9343657817 0.6578171091 0.0722713864 0.0884955752
1 0.0036873156 0.7293510324 0.0073746313 0.1637168142
7 0.1349557522 0.6681415929 0.1401179941 0.1297935103
1 0.6253687316 0.6895280236 0.0943952802 0.1017699115
1 0.7146017699 0.6792035398 0.0929203540 0.0958702065
1 0.8554572271 0.6666666667 0.0884955752 0.0855457227
1 0.8377581121 0.7477876106 0.0825958702 0.0825958702
1 0.9122418879 0.7404129794 0.0663716814 0.0737463127
1 0.1769911504 0.7617994100 0.1651917404 0.0811209440
1 0.1880530973 0.8156342183 0.1578171091 0.0766961652
1 0.4402654867 0.7669616519 0.1637168142 0.1091445428
1 0.4778761062 0.8488200590 0.0619469027 0.0663716814
1 0.5435103245 0.8392330383 0.0604719764 0.0737463127
1 0.6275811209 0.7853982301 0.0870206490 0.0870206490
1 0.7131268437 0.7640117994 0.0840707965 0.0796460177
1 0.7050147493 0.8399705015 0.0884955752 0.0752212389
1 0.9041297935 0.8053097345 0.0707964602 0.0589970501
1 0.8311209440 0.8178466077 0.0663716814 0.0663716814
1 0.9948377581 0.8112094395 0.0103244838 0.0707964602
1 0.0228613569 0.8510324484 0.0457227139 0.1622418879
1 0.2013274336 0.8650442478 0.1519174041 0.0781710914
1 0.2101769912 0.9107669617 0.1460176991 0.0752212389
1 0.4011799410 0.8657817109 0.0766961652 0.0678466077
1 0.3982300885 0.9373156342 0.0707964602 0.0811209440
1 0.4741887906 0.9122418879 0.0634218289 0.0870206490
1 0.5398230088 0.9048672566 0.0678466077 0.0811209440
1 0.6283185841 0.8502949853 0.0737463127 0.0604719764
1 0.6268436578 0.9188790560 0.0737463127 0.0766961652
1 0.7035398230 0.9048672566 0.0766961652 0.0722713864
1 0.8938053097 0.9233038348 0.0707964602 0.0678466077
1 0.8938053097 0.8620943953 0.0648967552 0.0634218289
1 0.8244837758 0.9424778761 0.0737463127 0.0648967552
1 0.8215339233 0.8805309735 0.0648967552 0.0589970501
1 0.9904129794 0.8753687316 0.0191740413 0.0663716814
1 0.0427728614 0.9564896755 0.0855457227 0.0870206490
1 0.2175516224 0.9675516224 0.1519174041 0.0648967552
1 0.2315634218 0.9933628319 0.1415929204 0.0132743363
1 0.4203539823 0.9852507375 0.0766961652 0.0294985251
1 0.4867256637 0.9823008850 0.0589970501 0.0353982301
1 0.6305309735 0.9793510324 0.0781710914 0.0412979351
1 0.5501474926 0.9727138643 0.0678466077 0.0545722714
1 0.7013274336 0.9690265487 0.0693215339 0.0619469027
