1 0.0255281690 0.0149647887 0.0510563380 0.0299295775
1 0.1927816901 0.0281690141 0.3644366197 0.0563380282
1 0.5598591549 0.0440140845 0.2957746479 0.0880281690
1 0.8345070423 0.0457746479 0.2676056338 0.0915492958
1 0.0704225352 0.1434859155 0.1408450704 0.2482394366
1 0.2455985915 0.1602112676 0.3221830986 0.2711267606
1 0.5677816901 0.1276408451 0.2764084507 0.1285211268
1 0.8301056338 0.1417253521 0.2552816901 0.1320422535
1 0.5721830986 0.2411971831 0.2676056338 0.1161971831
1 0.8257042254 0.2526408451 0.2464788732 0.1109154930
1 0.0933098592 0.3688380282 0.1866197183 0.2411971831
1 0.2869718310 0.3838028169 0.2852112676 0.2183098592
1 0.5809859155 0.3406690141 0.2535211268 0.0968309859
1 0.8204225352 0.3459507042 0.2394366197 0.1073943662
1 0.5933098592 0.5123239437 0.2218309859 0.0598591549
1 0.5836267606 0.4542253521 0.2376760563 0.0633802817
1 0.8089788732 0.5193661972 0.2095070423 0.0633802817
1 0.8107394366 0.4647887324 0.2130281690 0.0669014085
1 0.1144366197 0.5695422535 0.2288732394 0.2024647887
1 0.3107394366 0.5704225352 0.2588028169 0.1725352113
1 0.6012323944 0.6390845070 0.2024647887 0.0598591549
1 0.5994718310 0.5748239437 0.2130281690 0.0792253521
1 0.7992957746 0.6470070423 0.1936619718 0.0651408451
1 0.8028169014 0.5853873239 0.2042253521 0.0686619718
1 0.1294014085 0.7341549296 0.2552816901 0.1514084507
1 0.3485915493 0.7306338028 0.2464788732 0.1584507042
1 0.6038732394 0.7526408451 0.1936619718 0.0651408451
1 0.6056338028 0.6875000000 0.1936619718 0.0475352113
1 0.7931338028 0.7596830986 0.1954225352 0.0616197183
1 0.7975352113 0.7042253521 0.1971830986 0.0528169014
1 0.3714788732 0.8697183099 0.2359154930 0.1514084507
1 0.1725352113 0.8785211268 0.2464788732 0.1408450704
1 0.6126760563 0.8934859155 0.1830985915 0.0264084507
1 0.6188380282 0.9718309859 0.1813380282 0.0457746479
1 0.6117957746 0.9234154930 0.1813380282 0.0545774648
1 0.7860915493 0.9674295775 0.1531690141 0.0475352113
1 0.7913732394 0.9207746479 0.1707746479 0.0457746479
1 0.7904929577 0.8890845070 0.1795774648 0.0176056338
1 0.2191901408 0.9718309859 0.2165492958 0.0563380282
1 0.4005281690 0.9700704225 0.2130281690 0.0598591549
1 0.6258802817 0.9955985915 0.1672535211 0.0088028169
1 0.7843309859 0.9938380282 0.1496478873 0.0123239437
