1 0.6652065081 0.1971214018 0.1239048811 0.1239048811
1 0.7822277847 0.1877346683 0.1126408010 0.1151439299
1 0.9142678348 0.1808510638 0.1714643304 0.0913642053
1 0.0225281602 0.2302878598 0.0450563204 0.1501877347
1 0.1727158949 0.2296620776 0.1101376721 0.1389236546
1 0.2778473091 0.2265331665 0.1126408010 0.1426783479
1 0.4411764706 0.2215269086 0.1113892365 0.1426783479
1 0.5475594493 0.2171464330 0.1138923655 0.1389236546
1 0.9142678348 0.2772215269 0.1714643304 0.0913642053
1 0.2434292866 0.3560700876 0.2265331665 0.1289111389
1 0.4430538173 0.3523153942 0.1076345432 0.1414267835
1 0.5494367960 0.3473091364 0.1151439299 0.1339173967
1 0.6708385482 0.3135168961 0.1326658323 0.1264080100
1 0.7897371715 0.3060075094 0.1251564456 0.1264080100
1 0.9023779725 0.3510638298 0.1627033792 0.0713391740
1 0.0237797247 0.3760951189 0.0475594493 0.1464330413
1 0.6677096370 0.4299123905 0.1088861076 0.1113892365
1 0.7734668335 0.4211514393 0.1051314143 0.1113892365
1 0.9130162703 0.4211514393 0.1739674593 0.0913642053
1 0.0250312891 0.5187734668 0.0500625782 0.1464330413
1 0.2453066333 0.4743429287 0.2202753442 0.1226533166
1 0.4436795995 0.4843554443 0.1013767209 0.1351689612
1 0.5500625782 0.4787234043 0.1188986233 0.1339173967
1 0.7728410513 0.5287859825 0.1088861076 0.1113892365
1 0.9105131414 0.5006257822 0.1589486859 0.0876095119
1 0.2534418023 0.5863579474 0.2215269086 0.1188986233
1 0.6714643304 0.5362953692 0.1038798498 0.1188986233
1 0.9123904881 0.5876095119 0.1627033792 0.0888610763
1 0.0312891114 0.6551939925 0.0625782228 0.1514392991
1 0.4468085106 0.6170212766 0.0976220275 0.1351689612
1 0.5544430538 0.6113892365 0.1226533166 0.1414267835
1 0.6758448060 0.6433041302 0.1076345432 0.1151439299
1 0.7828535670 0.6382978723 0.1113892365 0.1151439299
1 0.9167709637 0.6652065081 0.1614518148 0.0888610763
1 0.2590738423 0.6989987484 0.2202753442 0.1163954944
1 0.4568210263 0.7496871089 0.1101376721 0.1476846058
1 0.5688360451 0.7484355444 0.1163954944 0.1501877347
1 0.6789737171 0.7553191489 0.1063829787 0.1163954944
1 0.7841051314 0.7509386733 0.1113892365 0.1176470588
1 0.9148936170 0.7434292866 0.1576971214 0.0901126408
1 0.0325406758 0.7866082603 0.0650813517 0.1464330413
5 0.0156445557 0.9236545682 0.0312891114 0.1076345432
5 0.0682102628 0.9267834793 0.0813516896 0.1113892365
5 0.2509386733 0.9274092616 0.1814768461 0.0625782228
5 0.4943679599 0.8748435544 0.1677096370 0.0775969962
6 0.7465581977 0.8842302879 0.2190237797 0.1239048811
6 0.9461827284 0.9299123905 0.1076345432 0.1401752190
5 0.2503128911 0.9787234043 0.1802252816 0.0425531915
5 0.4918648310 0.9518147685 0.1627033792 0.0713391740
6 0.7409261577 0.9693366708 0.2127659574 0.0613266583
5 0.0106382979 0.9818523154 0.0212765957 0.0362953692
5 0.0882352941 0.9906132666 0.0588235294 0.0187734668
