1 0.1312569522 0.0344827586 0.2335928810 0.0689655172
1 0.3798665184 0.0506117909 0.2035595106 0.1012235818
1 0.5678531702 0.0567296997 0.1835372636 0.1134593993
1 0.9377085651 0.0756395996 0.1245828699 0.0800889878
1 0.0333704116 0.1312569522 0.0667408231 0.1957730812
1 0.1562847608 0.1434927697 0.2302558398 0.2046718576
1 0.3854282536 0.1351501669 0.1924360400 0.0989988877
1 0.5650723026 0.1468298109 0.1735261402 0.1001112347
1 0.9349276974 0.1601779755 0.1301446051 0.0889877642
1 0.3882091212 0.2180200222 0.1868743048 0.0956618465
1 0.5617352614 0.2235817575 0.1690767519 0.0889877642
1 0.7502780868 0.2536151279 0.0634037820 0.0645161290
1 0.9254727475 0.2424916574 0.1490545050 0.0800889878
1 0.0617352614 0.3008898776 0.1234705228 0.1568409344
1 0.1896551724 0.3114571746 0.2035595106 0.1713014461
1 0.3932146830 0.2908787542 0.1746384872 0.0812013348
1 0.5589543938 0.2997775306 0.1612903226 0.0834260289
1 0.7630700779 0.3286985539 0.0689655172 0.0656284761
1 0.9071190211 0.3058954394 0.1857619577 0.0622914349
1 0.3959955506 0.3626251390 0.1690767519 0.0734149055
1 0.5561735261 0.3698553949 0.1557285873 0.0700778643
1 0.9132369299 0.3637374861 0.1646273637 0.0667408231
1 0.0761957731 0.4432703003 0.1523915462 0.1523915462
1 0.2157953281 0.4527252503 0.1802002225 0.1379310345
1 0.4015572859 0.4254727475 0.1601779755 0.0611790879
1 0.5528364850 0.4288097887 0.1512791991 0.0678531702
1 0.8959955506 0.4182424917 0.1657397108 0.0689655172
1 0.4093437152 0.5339265851 0.1401557286 0.0378197998
1 0.4032258065 0.4972191324 0.1501668521 0.0400444939
1 0.5456062291 0.5383759733 0.1323692992 0.0400444939
1 0.5467185762 0.5038932147 0.1345939933 0.0422691880
1 0.7969966630 0.5094549499 0.0723025584 0.0400444939
1 0.9204671858 0.5294771969 0.0856507230 0.0756395996
1 0.0895439377 0.5700778643 0.1790878754 0.1279199110
1 0.2308120133 0.5706340378 0.1635150167 0.1090100111
1 0.4143492770 0.6140155729 0.1279199110 0.0378197998
1 0.4132369299 0.5734149055 0.1345939933 0.0500556174
1 0.5394883204 0.6190211346 0.1223581758 0.0411568409
1 0.5417130145 0.5800889878 0.1290322581 0.0433815350
1 0.7975528365 0.5823136819 0.0667408231 0.0522803115
1 0.8976640712 0.5895439377 0.0867630701 0.0489432703
1 0.1162402670 0.6740823137 0.1612903226 0.0956618465
1 0.2547274750 0.6718576196 0.1557285873 0.1001112347
1 0.4160177976 0.6857619577 0.1223581758 0.0411568409
1 0.4171301446 0.6446051168 0.1223581758 0.0300333704
1 0.5355951057 0.6902113459 0.1234705228 0.0389321468
1 0.5383759733 0.6551724138 0.1245828699 0.0333704116
1 0.7880978865 0.6279199110 0.0634037820 0.0433815350
1 0.7747497219 0.6713014461 0.0634037820 0.0522803115
1 0.8854282536 0.6446051168 0.0823136819 0.0611790879
1 0.2691879867 0.7597330367 0.1490545050 0.0956618465
1 0.8704115684 0.6957730812 0.0700778643 0.0478309232
1 0.8531701891 0.7424916574 0.0734149055 0.0478309232
1 0.1434927697 0.7652947720 0.1557285873 0.0889877642
1 0.4215795328 0.7747497219 0.1156840934 0.0166852058
1 0.4254727475 0.8242491657 0.1145717464 0.0289210234
1 0.4210233593 0.7936596218 0.1145717464 0.0344827586
1 0.5311457175 0.8214682981 0.0967741935 0.0300333704
1 0.5344827586 0.7919911012 0.1078976641 0.0289210234
1 0.5339265851 0.7719688543 0.1134593993 0.0111234705
1 0.7547274750 0.8164627364 0.0634037820 0.0378197998
1 0.8197997775 0.8320355951 0.0667408231 0.0422691880
1 0.8298109010 0.7869855395 0.0800889878 0.0500556174
1 0.7614015573 0.7791991101 0.0767519466 0.0367074527
1 0.9777530590 0.7942157953 0.0444938821 0.0489432703
1 0.9671857620 0.8342602892 0.0656284761 0.0400444939
1 0.1729699666 0.8426028921 0.1368186874 0.0723025584
1 0.2875417130 0.8481646274 0.1345939933 0.0878754171
1 0.4299221357 0.8503893215 0.1056729700 0.0278086763
1 0.4276974416 0.8770856507 0.1034482759 0.0255839822
1 0.5300333704 0.8481646274 0.0945494994 0.0278086763
1 0.5283648498 0.8809788654 0.0956618465 0.0355951057
1 0.7469410456 0.8537263626 0.0634037820 0.0500556174
1 0.8070077864 0.8715239155 0.0589543938 0.0478309232
1 0.9927697442 0.8793103448 0.0144605117 0.0567296997
1 0.9532814238 0.8809788654 0.0711902113 0.0556173526
1 0.5255839822 0.9132369299 0.0989988877 0.0378197998
1 0.7374860957 0.9071190211 0.0667408231 0.0456062291
1 0.7953281424 0.9215795328 0.0622914349 0.0567296997
1 0.9310344828 0.9265850945 0.0645161290 0.0400444939
1 0.9749721913 0.9260289210 0.0500556174 0.0433815350
