2 0.1191895113 0.1883194279 0.0810488677 0.0810488677
2 0.1990464839 0.1883194279 0.0786650775 0.0810488677
2 0.2765196663 0.1859356377 0.0786650775 0.0810488677
2 0.3533969011 0.1877234803 0.0774731824 0.0774731824
2 0.1358760429 0.2914183552 0.0452920143 0.0846245530
2 0.2187127533 0.2735399285 0.1275327771 0.0512514899
2 0.3426698451 0.2735399285 0.1251489869 0.0488676996
2 0.2193087008 0.3200238379 0.1263408820 0.0464839094
2 0.3444576877 0.3188319428 0.1263408820 0.0464839094
1 0.3861740167 0.3760429082 0.0452920143 0.0369487485
1 0.1227651967 0.4010727056 0.0357568534 0.0893921335
1 0.1930870083 0.4016686532 0.0381406436 0.0882002384
1 0.1573301549 0.3992848629 0.0381406436 0.0882002384
1 0.2312276520 0.4010727056 0.0357568534 0.0870083433
1 0.2711561383 0.4040524434 0.0369487485 0.0905840286
1 0.3456495828 0.4058402861 0.0381406436 0.0893921335
1 0.3075089392 0.4040524434 0.0333730632 0.0882002384
1 0.3867699642 0.4112038141 0.0441001192 0.0357568534
1 0.0989272944 0.5047675805 0.0333730632 0.0655542312
1 0.1495828367 0.5011918951 0.0703218117 0.0703218117
1 0.2187127533 0.5017878427 0.0679380215 0.0643623361
1 0.2872467223 0.5011918951 0.0715137068 0.0679380215
1 0.3373063170 0.5017878427 0.0333730632 0.0643623361
1 0.3945172825 0.5011918951 0.0262216925 0.0703218117
1 0.3676996424 0.5000000000 0.0297973778 0.0703218117
1 0.0864123957 0.6001191895 0.0441001192 0.0393325387
1 0.1704410012 0.5989272944 0.0405244338 0.0393325387
1 0.1311084625 0.6007151371 0.0429082241 0.0405244338
1 0.2133492253 0.6025029797 0.0429082241 0.0321811681
1 0.3039332539 0.5977353993 0.0429082241 0.0393325387
1 0.2574493445 0.5995232420 0.0452920143 0.0429082241
1 0.0876042908 0.6400476758 0.0441001192 0.0452920143
1 0.1418355185 0.6394517282 0.0405244338 0.0393325387
1 0.1805721097 0.6358760429 0.0345649583 0.0393325387
1 0.2646007151 0.6382598331 0.0405244338 0.0369487485
1 0.2163289631 0.6370679380 0.0393325387 0.0369487485
1 0.3045292014 0.6358760429 0.0441001192 0.0441001192
1 0.3414779499 0.6114421931 0.0297973778 0.0691299166
1 0.3700834327 0.6179976162 0.0297973778 0.0536352801
1 0.3957091776 0.6150178784 0.0238379023 0.0595947557
1 0.0858164482 0.7324195471 0.0452920143 0.0774731824
1 0.1317044100 0.7330154946 0.0512514899 0.0810488677
1 0.1811680572 0.7318235995 0.0500595948 0.0810488677
1 0.2800953516 0.7526817640 0.0476758045 0.0417163290
1 0.2300357569 0.7324195471 0.0500595948 0.0846245530
1 0.2789034565 0.7115613826 0.0524433850 0.0429082241
1 0.3283671037 0.7091775924 0.0464839094 0.0405244338
1 0.3802145411 0.7115613826 0.0548271752 0.0452920143
1 0.3283671037 0.7514898689 0.0464839094 0.0417163290
1 0.3784266985 0.7562574493 0.0560190703 0.0464839094
8 0.4678188319 0.7133492253 0.0822407628 0.0488676996
8 0.5488676996 0.7109654350 0.0846245530 0.0536352801
8 0.6406436234 0.7449344458 0.0822407628 0.0476758045
8 0.6382598331 0.7032181168 0.0822407628 0.0381406436
8 0.7312276520 0.7145411204 0.0989272944 0.0607866508
8 0.8551847437 0.7324195471 0.1132300358 0.1013110846
8 0.9535160906 0.7258641240 0.0929678188 0.0953516091
8 0.4684147795 0.7616209774 0.0810488677 0.0548271752
8 0.4761620977 0.8253873659 0.0989272944 0.0441001192
8 0.5661501788 0.8271752086 0.0810488677 0.0476758045
8 0.5488676996 0.7628128725 0.0846245530 0.0500595948
8 0.1156138260 0.8557806913 0.1168057211 0.0929678188
8 0.2318235995 0.8533969011 0.1156138260 0.0882002384
8 0.3468414779 0.8528009535 0.1168057211 0.0893921335
8 0.4725864124 0.8730631704 0.0941597139 0.0488676996
8 0.5613825983 0.8742550656 0.0882002384 0.0488676996
8 0.6567342074 0.8426698451 0.0834326579 0.0834326579
8 0.7413587604 0.8420738975 0.0834326579 0.0798569726
8 0.8706793802 0.8462455304 0.1275327771 0.0858164482
8 0.9618593564 0.8510131108 0.0762812872 0.0977353993
8 0.1132300358 0.9654350417 0.1168057211 0.0691299166
8 0.2294398093 0.9642431466 0.1203814064 0.0715137068
8 0.3462455304 0.9642431466 0.1179976162 0.0715137068
8 0.4725864124 0.9261025030 0.0917759237 0.0548271752
8 0.5637663886 0.9272943981 0.0905840286 0.0572109654
8 0.5256257449 0.9767580453 0.0882002384 0.0464839094
8 0.6555423123 0.9362336114 0.0929678188 0.1108462455
8 0.7431466031 0.9237187128 0.0822407628 0.0738974970
