5 0.0293742018 0.0051085568 0.0587484036 0.0102171137
6 0.1187739464 0.0083014049 0.1353767561 0.0166028097
1 0.2394636015 0.0121328225 0.1111111111 0.0242656450
1 0.3320561941 0.0134099617 0.0893997446 0.0268199234
1 0.4176245211 0.0172413793 0.0893997446 0.0344827586
1 0.4987228608 0.0197956577 0.0830140485 0.0395913155
1 0.6379310345 0.0229885057 0.0651340996 0.0459770115
1 0.5721583653 0.0185185185 0.0689655172 0.0370370370
1 0.6941251596 0.0210727969 0.0625798212 0.0421455939
1 0.7496807152 0.0204342273 0.0536398467 0.0408684547
5 0.0280970626 0.0549169860 0.0561941252 0.1047254151
6 0.1206896552 0.0542784163 0.1340996169 0.1060025543
1 0.2490421456 0.0644955300 0.1328224777 0.0932311622
1 0.3390804598 0.0734355045 0.0906768838 0.0906768838
1 0.4233716475 0.0664112388 0.0753512133 0.0868454662
1 0.5076628352 0.0766283525 0.0881226054 0.0817369093
1 0.6372924649 0.1475095785 0.0638569604 0.0523627075
1 0.5906768838 0.0747126437 0.0753512133 0.0753512133
1 0.7062579821 0.0753512133 0.0664112388 0.0638569604
1 0.6468710089 0.0740740741 0.0523627075 0.0638569604
1 0.6941251596 0.1507024266 0.0702426564 0.0587484036
1 0.7637292465 0.1417624521 0.0689655172 0.0587484036
1 0.7643678161 0.0721583653 0.0472541507 0.0676883780
7 0.0676883780 0.1794380587 0.1353767561 0.0498084291
0 0.3141762452 0.2662835249 0.1098339719 0.1749680715
0 0.3780332056 0.2215836526 0.0383141762 0.0676883780
0 0.4220945083 0.2349936143 0.0523627075 0.0664112388
1 0.5747126437 0.2369093231 0.0945083014 0.1417624521
1 0.6455938697 0.2049808429 0.0574712644 0.0523627075
1 0.7005108557 0.2075351213 0.0753512133 0.0549169860
1 0.7867177522 0.2541507024 0.0715197957 0.0664112388
1 0.7765006386 0.1966794381 0.0613026820 0.0510855683
7 0.0721583653 0.2918263091 0.1443167305 0.1877394636
0 0.1934865900 0.2860791826 0.1289910600 0.1839080460
0 0.3844189017 0.2994891443 0.0459770115 0.0855683269
0 0.4361430396 0.3001277139 0.0753512133 0.0740740741
1 0.6602809706 0.2707535121 0.0587484036 0.0664112388
1 0.7222222222 0.2733077905 0.0702426564 0.0613026820
7 0.0510855683 0.4565772669 0.1021711367 0.0753512133
1 0.6168582375 0.4553001277 0.0664112388 0.1366538953
1 0.5702426564 0.4648786718 0.0702426564 0.1430395913
1 0.6992337165 0.4361430396 0.0651340996 0.1264367816
1 0.6596424010 0.4438058748 0.0676883780 0.1315453384
1 0.7982120051 0.4176245211 0.0664112388 0.1226053640
1 0.7547892720 0.4297573436 0.0689655172 0.1315453384
1 0.8384418902 0.4099616858 0.0549169860 0.1200510856
7 0.0600255428 0.5919540230 0.0791826309 0.1519795658
7 0.1219667944 0.5791826309 0.0753512133 0.1494252874
7 0.1819923372 0.5561941252 0.0779054917 0.1621966794
4 0.2745849298 0.5210727969 0.1251596424 0.2094508301
0 0.3786717752 0.5108556833 0.1443167305 0.1736909323
7 0.4891443167 0.5012771392 0.1123882503 0.1213282248
7 0.0153256705 0.6123882503 0.0306513410 0.1315453384
1 0.6475095785 0.6685823755 0.1404853129 0.1800766284
1 0.7554278416 0.6283524904 0.1085568327 0.1685823755
1 0.8352490421 0.6002554278 0.1123882503 0.1507024266
1 0.4118773946 0.7541507024 0.1647509579 0.2158365262
1 0.5421455939 0.7075351213 0.1417624521 0.1915708812
1 0.7662835249 0.7950191571 0.1149425287 0.1928480204
1 0.8735632184 0.7394636015 0.0715197957 0.1660280971
1 0.8275862069 0.7656449553 0.0689655172 0.1596424010
4 0.0293742018 0.8652618135 0.0587484036 0.2490421456
4 0.0849297573 0.8499361430 0.1162196679 0.2209450830
4 0.1583652618 0.8237547893 0.1047254151 0.2120051086
6 0.2713920817 0.8256704981 0.1468710089 0.1468710089
1 0.5019157088 0.8454661558 0.0996168582 0.0459770115
1 0.6628352490 0.8448275862 0.1507024266 0.2286079183
0 0.2024265645 0.9833971903 0.1034482759 0.0332056194
0 0.3058748404 0.9546615581 0.1264367816 0.0906768838
0 0.4182630907 0.9374201788 0.1238825032 0.1251596424
6 0.5325670498 0.9399744572 0.1123882503 0.1200510856
1 0.8888888889 0.9616858238 0.0613026820 0.0766283525
1 0.8441890166 0.9789272031 0.0664112388 0.0421455939
0 0.0925925926 0.9929757344 0.1264367816 0.0140485313
1 0.8020434227 0.9942528736 0.0587484036 0.0114942529
