1 0.8411602210 0.0435082873 0.1104972376 0.0870165746
6 0.0711325967 0.1053176796 0.1132596685 0.2106353591
6 0.1754143646 0.1022099448 0.1201657459 0.2044198895
6 0.2828038674 0.1035911602 0.1167127072 0.2071823204
1 0.4109116022 0.0504143646 0.1146408840 0.1008287293
1 0.4095303867 0.1512430939 0.1160220994 0.1008287293
1 0.5179558011 0.0524861878 0.1091160221 0.1049723757
1 0.6270718232 0.0528314917 0.1104972376 0.1056629834
1 0.7420580110 0.1450276243 0.1111878453 0.1146408840
1 0.6357044199 0.1519337017 0.1098066298 0.0856353591
1 0.7341160221 0.0462707182 0.1077348066 0.0925414365
1 0.8542817680 0.1408839779 0.1132596685 0.1160220994
1 0.9526933702 0.0504143646 0.0946132597 0.1008287293
1 0.9554558011 0.1464088398 0.0890883978 0.0939226519
1 0.5234806630 0.1578038674 0.1187845304 0.1015193370
5 0.0120856354 0.3825966851 0.0241712707 0.0966850829
6 0.0676795580 0.3573895028 0.1243093923 0.1167127072
6 0.1695441989 0.3573895028 0.1167127072 0.1153314917
6 0.2724447514 0.3556629834 0.1139502762 0.1104972376
1 0.3905386740 0.3805248619 0.1222375691 0.1008287293
1 0.5148480663 0.3787983425 0.1319060773 0.1001381215
1 0.6401933702 0.3763812155 0.1312154696 0.1063535912
1 0.7600138122 0.3715469613 0.1098066298 0.1035911602
1 0.8832872928 0.3556629834 0.1118784530 0.0911602210
1 0.9696132597 0.3553176796 0.0607734807 0.0987569061
5 0.0248618785 0.4751381215 0.0497237569 0.0925414365
6 0.0987569061 0.4685773481 0.1132596685 0.1070441989
6 0.1957872928 0.4671961326 0.1084254144 0.1056629834
6 0.2897099448 0.4620165746 0.1029005525 0.1132596685
1 0.3950276243 0.4706491713 0.1132596685 0.0959944751
1 0.5120856354 0.4699585635 0.1222375691 0.0863259669
1 0.6350138122 0.4678867403 0.1222375691 0.0849447514
1 0.7565607735 0.4644337017 0.1332872928 0.0849447514
1 0.7551795580 0.4644337017 0.1277624309 0.0877071823
1 0.8832872928 0.4499309392 0.1174033149 0.1056629834
1 0.9696132597 0.4495856354 0.0607734807 0.0953038674
5 0.0438535912 0.6584944751 0.0877071823 0.0904696133
5 0.1236187845 0.6581491713 0.0925414365 0.0925414365
1 0.5252071823 0.7033839779 0.1084254144 0.1761049724
1 0.7230662983 0.6553867403 0.1049723757 0.0828729282
1 0.7234116022 0.7413674033 0.0959944751 0.0863259669
1 0.8194060773 0.7382596685 0.0959944751 0.0801104972
1 0.8207872928 0.6519337017 0.0959944751 0.0939226519
1 0.9171270718 0.7372237569 0.0966850829 0.0794198895
1 0.9185082873 0.6491712707 0.0966850829 0.0939226519
1 0.9823895028 0.7361878453 0.0352209945 0.0787292818
1 0.9810082873 0.6484806630 0.0379834254 0.0911602210
5 0.1298342541 0.7555248619 0.0842541436 0.0994475138
5 0.0469613260 0.7472375691 0.0939226519 0.0814917127
6 0.2209944751 0.7420580110 0.1160220994 0.1070441989
6 0.3256215470 0.7424033149 0.1139502762 0.1035911602
6 0.4312845304 0.7427486188 0.1180939227 0.0959944751
1 0.6263812155 0.7579419890 0.0966850829 0.0683701657
0 0.0134668508 0.9488950276 0.0269337017 0.0897790055
5 0.0897790055 0.9191988950 0.1243093923 0.0883977901
5 0.2144337017 0.9147099448 0.1429558011 0.1015193370
5 0.3390883978 0.8981353591 0.1104972376 0.1015193370
6 0.4295580110 0.9347375691 0.1160220994 0.1305248619
6 0.5324585635 0.9323204420 0.1091160221 0.1353591160
6 0.6281077348 0.9343922652 0.1098066298 0.1312154696
1 0.7361878453 0.9112569061 0.1187845304 0.0877071823
1 0.8611878453 0.8995165746 0.1146408840 0.0808011050
1 0.9589088398 0.8929558011 0.0821823204 0.0745856354
0 0.0214088398 0.9972375691 0.0428176796 0.0055248619
5 0.0908149171 0.9830801105 0.1250000000 0.0338397790
5 0.2082182320 0.9813535912 0.1291436464 0.0372928177
5 0.3266574586 0.9741022099 0.1243093923 0.0517955801
1 0.7396408840 0.9730662983 0.1174033149 0.0538674033
1 0.8511740331 0.9730662983 0.1180939227 0.0538674033
1 0.9582182320 0.9720303867 0.0835635359 0.0559392265
