1 0.3057065217 0.0251358696 0.1603260870 0.0502717391
6 0.7221467391 0.0135869565 0.1562500000 0.0271739130
4 0.8423913043 0.0319293478 0.1114130435 0.0638586957
4 0.9205163043 0.0203804348 0.1236413043 0.0407608696
4 0.9741847826 0.0197010870 0.0516304348 0.0394021739
1 0.1304347826 0.0489130435 0.0733695652 0.0978260870
1 0.0815217391 0.0645380435 0.0760869565 0.1290760870
1 0.1956521739 0.0421195652 0.1222826087 0.0842391304
1 0.4341032609 0.0883152174 0.1508152174 0.1766304348
1 0.5726902174 0.0699728261 0.1752717391 0.1399456522
1 0.1222826087 0.1888586957 0.1195652174 0.1603260870
1 0.2072010870 0.1589673913 0.1154891304 0.1793478261
1 0.3220108696 0.1161684783 0.1494565217 0.1915760870
7 0.9891304348 0.1759510870 0.0217391304 0.1399456522
7 0.4904891304 0.2941576087 0.1195652174 0.1290760870
0 0.6080163043 0.2839673913 0.1535326087 0.1847826087
4 0.7187500000 0.2730978261 0.1331521739 0.2228260870
7 0.8172554348 0.2357336957 0.0828804348 0.1725543478
7 0.8811141304 0.2112771739 0.0801630435 0.1589673913
7 0.9470108696 0.1976902174 0.0842391304 0.1616847826
1 0.1188858696 0.3913043478 0.0584239130 0.1277173913
1 0.2078804348 0.3702445652 0.0733695652 0.1399456522
1 0.1616847826 0.3831521739 0.0706521739 0.1304347826
1 0.3091032609 0.3552989130 0.0720108696 0.1399456522
1 0.2669836957 0.3634510870 0.0692934783 0.1345108696
1 0.4042119565 0.3328804348 0.0747282609 0.1521739130
1 0.3546195652 0.3430706522 0.0706521739 0.1453804348
7 0.9510869565 0.3417119565 0.0978260870 0.0801630435
1 0.2425271739 0.5366847826 0.0747282609 0.0652173913
1 0.3084239130 0.5394021739 0.0625000000 0.0706521739
0 0.5468750000 0.5081521739 0.0801630435 0.0788043478
0 0.6019021739 0.5088315217 0.0489130435 0.0910326087
0 0.8050271739 0.5230978261 0.1372282609 0.1956521739
7 0.9286684783 0.5169836957 0.1426630435 0.1997282609
1 0.1847826087 0.6182065217 0.0652173913 0.0543478261
1 0.1739130435 0.5570652174 0.0760869565 0.0706521739
1 0.2656250000 0.6066576087 0.0801630435 0.0584239130
1 0.3240489130 0.6100543478 0.0611413043 0.0570652174
1 0.3994565217 0.5754076087 0.1005434783 0.1508152174
0 0.5618206522 0.5774456522 0.0557065217 0.0706521739
0 0.6086956522 0.5917119565 0.0407608696 0.0720108696
0 0.6766304348 0.5448369565 0.1168478261 0.1847826087
7 0.9334239130 0.6365489130 0.1331521739 0.0529891304
1 0.1976902174 0.7506793478 0.0502717391 0.0720108696
1 0.1983695652 0.6766304348 0.0733695652 0.0625000000
1 0.2724184783 0.6671195652 0.0747282609 0.0625000000
1 0.3226902174 0.7486413043 0.0557065217 0.0679347826
1 0.2595108696 0.7472826087 0.0706521739 0.0679347826
1 0.3824728261 0.7479619565 0.0801630435 0.0801630435
1 0.3328804348 0.6705163043 0.0679347826 0.0557065217
1 0.4707880435 0.7459239130 0.0937500000 0.0869565217
1 0.5604619565 0.7567934783 0.0801630435 0.0923913043
1 0.6501358696 0.7493206522 0.0964673913 0.0964673913
1 0.7459239130 0.7588315217 0.1413043478 0.0991847826
6 0.8824728261 0.7697010870 0.1426630435 0.1127717391
5 0.9755434783 0.7690217391 0.0489130435 0.1114130435
1 0.2133152174 0.8158967391 0.0570652174 0.0638586957
1 0.2724184783 0.8179347826 0.0665760870 0.0706521739
1 0.4021739130 0.8267663043 0.0733695652 0.0774456522
1 0.3322010870 0.8192934783 0.0692934783 0.0815217391
1 0.4802989130 0.8281250000 0.0883152174 0.0855978261
1 0.5665760870 0.8369565217 0.0951086957 0.0923913043
1 0.6576086957 0.8403532609 0.0951086957 0.0828804348
1 0.7561141304 0.8505434783 0.1182065217 0.0978260870
6 0.8845108696 0.8777173913 0.1440217391 0.1358695652
5 0.9741847826 0.8661684783 0.0516304348 0.0991847826
1 0.2948369565 0.9266304348 0.0543478261 0.0597826087
1 0.2377717391 0.9293478261 0.0597826087 0.0679347826
1 0.3118206522 0.9816576087 0.0584239130 0.0366847826
1 0.2554347826 0.9802989130 0.0625000000 0.0394021739
1 0.3525815217 0.9354619565 0.0611413043 0.0611413043
1 0.3641304348 0.9850543478 0.0543478261 0.0298913043
1 0.4171195652 0.9415760870 0.0760869565 0.0760869565
1 0.4918478261 0.9578804348 0.0788043478 0.0815217391
1 0.5638586957 0.9612771739 0.0760869565 0.0774456522
5 0.9843750000 0.9463315217 0.0312500000 0.0774456522
1 0.4239130435 0.9898097826 0.0679347826 0.0203804348
0 0.6623641304 0.9701086957 0.1317934783 0.0597826087
0 0.7574728261 0.9735054348 0.1209239130 0.0529891304
0 0.8566576087 0.9823369565 0.1426630435 0.0353260870
5 0.9565217391 0.9816576087 0.0869565217 0.0366847826
