1 0.0253878702 0.0246826516 0.0507757405 0.0493653032
1 0.1234132581 0.0310296192 0.1537376587 0.0620592384
1 0.3935119887 0.0239774330 0.1156558533 0.0479548660
1 0.5246826516 0.0310296192 0.0705218618 0.0620592384
1 0.8046544429 0.0190409027 0.0719322990 0.0380818054
1 0.9294781382 0.0176304654 0.0620592384 0.0352609309
1 0.8681241185 0.0197461213 0.0719322990 0.0394922426
1 0.0423131171 0.1078984485 0.0846262341 0.1283497884
1 0.3921015515 0.0712270804 0.1184767278 0.0634696756
1 0.5944992948 0.0345557123 0.0691114245 0.0691114245
1 0.5246826516 0.0937940762 0.0733427362 0.0775740480
1 0.5874471086 0.0973201693 0.0691114245 0.0705218618
1 0.6614950635 0.0366713681 0.0733427362 0.0733427362
1 0.6537376587 0.1071932299 0.0662905501 0.0705218618
1 0.7940761636 0.0796897038 0.0818053597 0.0860366714
1 0.9188998590 0.0761636107 0.0634696756 0.0874471086
1 0.8603667137 0.0789844852 0.0648801128 0.0874471086
1 0.1375176305 0.1220028209 0.1283497884 0.1283497884
1 0.3899858956 0.1241184767 0.1170662906 0.0620592384
1 0.3892806770 0.1755994358 0.1156558533 0.0578279267
1 0.5846262341 0.1777150917 0.0662905501 0.0761636107
1 0.6516220028 0.1819464034 0.0620592384 0.0789844852
1 0.7806770099 0.1629055007 0.0747531735 0.0775740480
1 0.8490832158 0.1650211566 0.0677009873 0.0789844852
1 0.9062059238 0.1600846262 0.0634696756 0.0860366714
1 0.0465444288 0.2249647391 0.0930888575 0.1170662906
1 0.1452750353 0.2418899859 0.1184767278 0.1227080395
1 0.3892806770 0.2750352609 0.1128349788 0.0479548660
1 0.3899858956 0.2263751763 0.1142454161 0.0521861777
1 0.5747531735 0.2552891396 0.0691114245 0.0789844852
1 0.6438645980 0.2595204513 0.0634696756 0.0789844852
1 0.8300423131 0.2362482370 0.0634696756 0.0691114245
1 0.7686882934 0.2348377997 0.0733427362 0.0691114245
1 0.8913963329 0.2418899859 0.0648801128 0.0775740480
1 0.0500705219 0.3363892807 0.1001410437 0.1142454161
1 0.1502115656 0.3561354020 0.1170662906 0.1170662906
1 0.3864598025 0.3723554302 0.1128349788 0.0507757405
1 0.3892806770 0.3222849083 0.1100141044 0.0465444288
1 0.5747531735 0.3370944993 0.0662905501 0.0761636107
1 0.6417489422 0.3385049365 0.0592383639 0.0761636107
1 0.7559943583 0.3004231312 0.0733427362 0.0677009873
1 0.7574047955 0.3709449929 0.0592383639 0.0648801128
1 0.8180535966 0.3709449929 0.0648801128 0.0677009873
1 0.8236953456 0.3053596615 0.0705218618 0.0691114245
1 0.8843441467 0.3110014104 0.0620592384 0.0662905501
1 0.8794076164 0.3744710860 0.0662905501 0.0691114245
1 0.0655853315 0.4520451340 0.1057827927 0.0888575458
1 0.1629055007 0.4555712271 0.0944992948 0.0874471086
1 0.3864598025 0.4612129760 0.1071932299 0.0423131171
1 0.3864598025 0.4188998590 0.1100141044 0.0451339915
1 0.5726375176 0.4118476728 0.0648801128 0.0705218618
1 0.6361071932 0.4125528914 0.0620592384 0.0719322990
1 0.8138222849 0.4379407616 0.0677009873 0.0662905501
1 0.7461212976 0.4308885755 0.0648801128 0.0691114245
1 0.8709449929 0.4393511989 0.0550070522 0.0662905501
1 0.9929478138 0.3829337094 0.0141043724 0.0550070522
2 0.0394922426 0.5260930889 0.0620592384 0.0620592384
2 0.1417489422 0.5282087447 0.1368124118 0.0606488011
5 0.3117066291 0.5253878702 0.0366713681 0.0380818054
5 0.3490832158 0.5275035261 0.0352609309 0.0338504937
5 0.3124118477 0.5620592384 0.0352609309 0.0324400564
5 0.3589562764 0.4957686883 0.0324400564 0.0296191819
5 0.3490832158 0.5634696756 0.0352609309 0.0324400564
5 0.4238363893 0.5282087447 0.0296191819 0.0324400564
5 0.3871650212 0.5641748942 0.0324400564 0.0310296192
5 0.3885754584 0.5296191819 0.0409026798 0.0352609309
5 0.4252468265 0.4971791255 0.0239774330 0.0296191819
5 0.3949224260 0.4957686883 0.0338504937 0.0296191819
5 0.5775740480 0.5359661495 0.0521861777 0.0592383639
5 0.5775740480 0.4802538787 0.0521861777 0.0606488011
5 0.6304654443 0.5373765867 0.0535966150 0.0564174894
5 0.6318758815 0.4781382228 0.0592383639 0.0592383639
5 0.8321579690 0.5098730606 0.1156558533 0.0775740480
5 0.7496473907 0.5056417489 0.0578279267 0.0888575458
5 0.9873060649 0.5126939351 0.0253878702 0.0662905501
7 0.0564174894 0.5994358251 0.1015514810 0.0818053597
7 0.1614950635 0.5803949224 0.1057827927 0.0437235543
7 0.1607898449 0.6255289140 0.1043723554 0.0437235543
5 0.3476727786 0.6445698166 0.0352609309 0.0620592384
5 0.3131170663 0.5937940762 0.0338504937 0.0310296192
5 0.3490832158 0.5966149506 0.0352609309 0.0338504937
5 0.4224259520 0.5655853315 0.0296191819 0.0338504937
5 0.3864598025 0.5966149506 0.0338504937 0.0338504937
5 0.3864598025 0.6473906911 0.0394922426 0.0620592384
5 0.4196050776 0.6473906911 0.0296191819 0.0592383639
5 0.4217207334 0.6015514810 0.0282087447 0.0324400564
5 0.5162200282 0.6480959097 0.0620592384 0.0606488011
5 0.5740479549 0.6488011283 0.0507757405 0.0564174894
5 0.5190409027 0.5677009873 0.0677009873 0.0973201693
5 0.5768688293 0.5923836389 0.0507757405 0.0564174894
5 0.6283497884 0.5930888575 0.0521861777 0.0550070522
5 0.7284908322 0.5846262341 0.0803949224 0.0747531735
5 0.6248236953 0.6473906911 0.0479548660 0.0564174894
5 0.8208744711 0.5860366714 0.1100141044 0.0747531735
5 0.9823695346 0.6389280677 0.0352609309 0.0592383639
5 0.9844851904 0.5768688293 0.0310296192 0.0648801128
7 0.0592383639 0.6861777151 0.0987306065 0.0916784203
7 0.1622002821 0.6741889986 0.1043723554 0.0479548660
7 0.1629055007 0.7425952045 0.1114245416 0.0944992948
5 0.3117066291 0.7045133992 0.0366713681 0.0634696756
5 0.3469675599 0.7108603667 0.0366713681 0.0677009873
5 0.3822284908 0.7115655853 0.0338504937 0.0662905501
5 0.4188998590 0.7108603667 0.0282087447 0.0648801128
5 0.5705218618 0.7066290550 0.0521861777 0.0592383639
5 0.5169252468 0.7094499295 0.0550070522 0.0592383639
5 0.6220028209 0.7059238364 0.0451339915 0.0550070522
5 0.7249647391 0.6607898449 0.0705218618 0.0719322990
5 0.8046544429 0.7327221439 0.1198871650 0.0719322990
5 0.8173483780 0.6607898449 0.1114245416 0.0719322990
5 0.9774330042 0.6995768688 0.0451339915 0.0648801128
7 0.0543018336 0.7700987306 0.1086036671 0.0451339915
4 0.1551480959 0.8173483780 0.1241184767 0.0550070522
5 0.3779971791 0.8173483780 0.1015514810 0.0521861777
5 0.3808180536 0.7686882934 0.1043723554 0.0451339915
5 0.5493653032 0.8102961918 0.0606488011 0.0493653032
5 0.5091678420 0.7616361072 0.0648801128 0.0592383639
5 0.6086036671 0.8110014104 0.0578279267 0.0479548660
5 0.5691114245 0.7609308886 0.0550070522 0.0550070522
5 0.6184767278 0.7602256700 0.0465444288 0.0507757405
0 0.8088857546 0.8131170663 0.0437235543 0.0324400564
5 0.9760225670 0.7609308886 0.0479548660 0.0578279267
5 0.9612129760 0.8145275035 0.0775740480 0.0493653032
4 0.1558533145 0.9203102962 0.1227080395 0.0634696756
4 0.1636107193 0.8667136812 0.1071932299 0.0521861777
7 0.3702397743 0.8737658674 0.1142454161 0.0662905501
0 0.4908321580 0.9146685472 0.0620592384 0.0521861777
0 0.5761636107 0.9146685472 0.1114245416 0.0550070522
0 0.5853314528 0.8596614951 0.1015514810 0.0578279267
0 0.8152327221 0.9266572638 0.0620592384 0.0507757405
0 0.7926657264 0.8688293371 0.1100141044 0.0874471086
5 0.9576868829 0.8589562764 0.0846262341 0.0451339915
0 0.9555712271 0.9132581100 0.0888575458 0.0662905501
4 0.1636107193 0.9675599436 0.1071932299 0.0394922426
4 0.1650211566 0.9915373766 0.1071932299 0.0169252468
7 0.3187588152 0.9922425952 0.0648801128 0.0155148096
7 0.3723554302 0.9308885755 0.1015514810 0.0507757405
7 0.3808180536 0.9689703808 0.0818053597 0.0253878702
7 0.3878702398 0.9915373766 0.0677009873 0.0169252468
0 0.5959097320 0.9696755994 0.0578279267 0.0606488011
0 0.7433004231 0.9576868829 0.0423131171 0.0846262341
0 0.8102961918 0.9753173484 0.0606488011 0.0493653032
0 0.9541607898 0.9767277856 0.0916784203 0.0465444288
0 0.5063469676 0.9915373766 0.0451339915 0.0169252468
