7 0.1546707504 0.5313935681 0.0735068913 0.0673813170
7 0.2970903522 0.5758039816 0.0980091884 0.1761102603
7 0.2189892802 0.5800153139 0.0934150077 0.1722817764
7 0.3728943338 0.5807810107 0.1087289433 0.1646248086
1 0.5267993874 0.5727411945 0.0781010720 0.1776416539
1 0.4540581930 0.5731240429 0.0857580398 0.1799387443
1 0.6309341501 0.5405819296 0.1531393568 0.1332312404
1 0.7396630934 0.5333078101 0.0918836141 0.1416539051
1 0.8154670750 0.5367534456 0.0796324655 0.1424196018
1 0.8916539051 0.5344563553 0.0803981623 0.1255742726
1 0.9666921899 0.5325421133 0.0666156202 0.1385911179
7 0.1470137825 0.5941807044 0.0597243492 0.0735068913
7 0.1535222052 0.6569678407 0.0482388974 0.0643185299
7 0.1271056662 0.7764165391 0.0811638591 0.1026033691
7 0.2408116386 0.8173813170 0.0773353752 0.0696784074
7 0.2515313936 0.7553598775 0.0696784074 0.0589586524
7 0.1967840735 0.7576569678 0.0612557427 0.0742725881
1 0.3281010720 0.7997702910 0.1064318530 0.1462480858
1 0.4104134763 0.7940275651 0.1133231240 0.1378254211
1 0.4984686064 0.8016845329 0.1102603369 0.1362940276
1 0.5899693721 0.7997702910 0.1049004594 0.1600306279
1 0.6845329250 0.7936447167 0.0964777948 0.1447166922
1 0.7702909648 0.7905819296 0.0964777948 0.1539050536
1 0.8594946401 0.7928790199 0.0972434916 0.1508422665
1 0.9525267994 0.7898162328 0.0949464012 0.1584992343
7 0.1259571210 0.8778713629 0.0865237366 0.1003062787
7 0.2105666156 0.8782542113 0.0796324655 0.0535987749
7 0.0451761103 0.9816232772 0.0826952527 0.0367534456
4 0.1627105666 0.9846860643 0.0742725881 0.0306278714
4 0.1094946401 0.9827718224 0.0857580398 0.0344563553
1 0.3020673813 0.9839203675 0.1003062787 0.0321592649
7 0.2174578867 0.9827718224 0.0643185299 0.0344563553
1 0.3989280245 0.9923430322 0.0934150077 0.0153139357
1 0.4915773354 0.9908116386 0.0949464012 0.0183767228
1 0.5800153139 0.9885145482 0.0819295559 0.0229709035
1 0.6741960184 0.9908116386 0.1049004594 0.0183767228
1 0.7787136294 0.9942572741 0.1071975498 0.0114854518
1 0.8805513017 0.9908116386 0.0964777948 0.0183767228
1 0.9647779479 0.9923430322 0.0704441041 0.0153139357
