1 0.3387096774 0.0939278937 0.1347248577 0.1157495256
1 0.4753320683 0.0597722960 0.1309297913 0.0588235294
1 0.7324478178 0.0939278937 0.1214421252 0.1043643264
1 0.8538899431 0.0863377609 0.1252371917 0.1119544592
1 0.9563567362 0.0806451613 0.0872865275 0.1195445920
1 0.3814041746 0.2314990512 0.1252371917 0.1328273245
1 0.2922201139 0.2371916509 0.0569259962 0.1442125237
6 0.5825426945 0.2466793169 0.2846299810 0.1859582543
6 0.8624288425 0.2400379507 0.2751423150 0.1916508539
7 0.6385199241 0.4573055028 0.1612903226 0.1024667932
7 0.7941176471 0.4611005693 0.1423149905 0.0910815939
7 0.9354838710 0.4648956357 0.1290322581 0.1214421252
7 0.3472485769 0.5436432638 0.1366223909 0.2561669829
7 0.4867172676 0.5436432638 0.1233396584 0.2523719165
7 0.6337760911 0.5616698292 0.1631878558 0.1214421252
7 0.7960151803 0.5654648956 0.1385199241 0.1100569260
7 0.9373814042 0.5853889943 0.1252371917 0.1271347249
0 0.2239089184 0.8292220114 0.1631878558 0.2542694497
0 0.3870967742 0.8235294118 0.1707779886 0.2580645161
0 0.5398481973 0.8349146110 0.1574952562 0.2808349146
0 0.6859582543 0.8301707780 0.1385199241 0.2827324478
0 0.8140417457 0.8159392789 0.1252371917 0.2580645161
0 0.9364326376 0.8273244782 0.1271347249 0.2770398482
