6 0.0266749380 0.0155086849 0.0533498759 0.0310173697
6 0.0856079404 0.0155086849 0.0595533499 0.0310173697
6 0.2729528536 0.0291563275 0.0794044665 0.0583126551
6 0.1885856079 0.0291563275 0.0868486352 0.0583126551
7 0.3734491315 0.0086848635 0.0496277916 0.0173697270
7 0.3263027295 0.0074441687 0.0471464020 0.0148883375
7 0.4385856079 0.0130272953 0.0856079404 0.0260545906
7 0.5316377171 0.0155086849 0.0930521092 0.0310173697
7 0.6234491315 0.0148883375 0.1004962779 0.0297766749
7 0.7227047146 0.0173697270 0.1054590571 0.0347394541
4 0.7841191067 0.0192307692 0.0496277916 0.0384615385
4 0.8312655087 0.0204714640 0.0446650124 0.0409429280
4 0.8790322581 0.0204714640 0.0483870968 0.0409429280
7 0.4373449132 0.0446650124 0.0806451613 0.0521091811
7 0.6191066998 0.0465260546 0.1017369727 0.0459057072
7 0.7146401985 0.0477667494 0.0967741935 0.0459057072
1 0.9385856079 0.0372208437 0.0806451613 0.0669975186
6 0.0235732010 0.2189826303 0.0471464020 0.1104218362
6 0.0806451613 0.2468982630 0.0694789082 0.0645161290
6 0.0874689826 0.1854838710 0.0756823821 0.0632754342
6 0.2779156328 0.1830024814 0.1315136476 0.0707196030
6 0.2754342432 0.2406947891 0.1339950372 0.0620347395
6 0.1693548387 0.1799007444 0.0657568238 0.0645161290
7 0.3864764268 0.2189826303 0.0781637717 0.0384615385
7 0.3802729529 0.1786600496 0.0781637717 0.0421836228
7 0.4621588089 0.1767990074 0.0806451613 0.0508684864
7 0.5490074442 0.2220843672 0.0930521092 0.0446650124
7 0.5508684864 0.1842431762 0.0967741935 0.0459057072
7 0.6308933002 0.2214640199 0.0831265509 0.0483870968
7 0.7276674938 0.1848635236 0.1054590571 0.0471464020
7 0.7295285360 0.2258064516 0.1017369727 0.0372208437
4 0.8039702233 0.2258064516 0.0545905707 0.1191066998
4 0.8542183623 0.2239454094 0.0483870968 0.1253101737
4 0.9001240695 0.2220843672 0.0459057072 0.1191066998
1 0.9615384615 0.1830024814 0.0769230769 0.0657568238
6 0.1519851117 0.2493796526 0.0682382134 0.0669975186
7 0.3858560794 0.2586848635 0.0769230769 0.0409429280
7 0.4627791563 0.2531017370 0.0818858561 0.0521091811
7 0.5452853598 0.2580645161 0.0905707196 0.0446650124
7 0.6290322581 0.2599255583 0.0868486352 0.0459057072
7 0.7307692308 0.2636476427 0.0918114144 0.0483870968
1 0.9609181141 0.2493796526 0.0781637717 0.0669975186
6 0.0471464020 0.4596774194 0.0918114144 0.1079404467
6 0.1985111663 0.4348635236 0.1017369727 0.0607940447
4 0.3008684864 0.4491315136 0.1079404467 0.1166253102
4 0.4100496278 0.4516129032 0.1079404467 0.1191066998
4 0.5186104218 0.4534739454 0.1116625310 0.1178660050
4 0.6321339950 0.4398263027 0.1104218362 0.1153846154
4 0.7394540943 0.4547146402 0.1116625310 0.1178660050
1 0.9088089330 0.4398263027 0.0707196030 0.0980148883
1 0.8480148883 0.4435483871 0.0607940447 0.0905707196
1 0.9683622829 0.4392059553 0.0632754342 0.0967741935
7 0.2040942928 0.4776674938 0.1451612903 0.0669975186
7 0.3697270471 0.6191066998 0.2084367246 0.0322580645
7 0.5186104218 0.6246898263 0.0868486352 0.0583126551
6 0.0111662531 0.7220843672 0.0223325062 0.1166253102
6 0.0831265509 0.7202233251 0.1141439206 0.1153846154
6 0.1904466501 0.7264267990 0.1054590571 0.1153846154
7 0.3653846154 0.7028535980 0.1997518610 0.0806451613
7 0.3318858561 0.7655086849 0.2196029777 0.0620347395
