6 0.7115800866 0.1114718615 0.1742424242 0.1060606061
1 0.9475108225 0.1347402597 0.1049783550 0.1266233766
1 0.5248917749 0.1801948052 0.1645021645 0.1028138528
1 0.8511904762 0.1488095238 0.0919913420 0.1266233766
1 0.3538961039 0.2554112554 0.1450216450 0.0952380952
6 0.6812770563 0.2602813853 0.1287878788 0.2153679654
7 0.8966450216 0.2629870130 0.1893939394 0.1320346320
1 0.3522727273 0.3441558442 0.1569264069 0.0865800866
1 0.5714285714 0.2949134199 0.0800865801 0.0876623377
1 0.5746753247 0.3836580087 0.0757575758 0.0876623377
7 0.8479437229 0.3928571429 0.0811688312 0.1428571429
7 0.9366883117 0.3928571429 0.0898268398 0.1406926407
7 0.0741341991 0.4491341991 0.1482683983 0.2012987013
1 0.3403679654 0.4361471861 0.1504329004 0.0995670996
1 0.5730519481 0.4729437229 0.0725108225 0.0865800866
6 0.6829004329 0.4718614719 0.1277056277 0.2034632035
1 0.3506493506 0.5351731602 0.1515151515 0.1006493506
1 0.5735930736 0.5589826840 0.0714285714 0.0898268398
7 0.8398268398 0.5265151515 0.0779220779 0.1136363636
7 0.9226190476 0.5270562771 0.0984848485 0.1255411255
7 0.0936147186 0.5827922078 0.1093073593 0.0811688312
7 0.1704545455 0.6055194805 0.0660173160 0.0746753247
1 0.3506493506 0.6396103896 0.1601731602 0.1038961039
1 0.5692640693 0.6536796537 0.0692640693 0.0952380952
6 0.6812770563 0.6774891775 0.1266233766 0.2121212121
7 0.8382034632 0.6401515152 0.0746753247 0.1136363636
7 0.9161255411 0.6498917749 0.0898268398 0.1179653680
7 0.0535714286 0.7218614719 0.1071428571 0.0974025974
1 0.3474025974 0.7429653680 0.1645021645 0.1028138528
1 0.5660173160 0.7510822511 0.0822510823 0.0909090909
7 0.9009740260 0.7635281385 0.1915584416 0.0876623377
1 0.6666666667 0.8252164502 0.0930735931 0.0941558442
1 0.3506493506 0.8474025974 0.1536796537 0.1190476190
1 0.5670995671 0.8511904762 0.0779220779 0.0963203463
1 0.6677489177 0.8869047619 0.0952380952 0.0422077922
7 0.8998917749 0.8544372294 0.1893939394 0.0984848485
