1 0.5509666081 0.0184534271 0.1142355009 0.0369068541
1 0.0773286467 0.0869947276 0.1230228471 0.1739894552
1 0.1959578207 0.0826010545 0.1177504394 0.1652021090
1 0.3128295255 0.0799648506 0.1124780316 0.1599297012
1 0.4332161687 0.0808435852 0.1247803163 0.1616871705
1 0.5606326889 0.0913884007 0.1195079086 0.1054481547
1 0.0413005272 0.2636203866 0.0826010545 0.1124780316
1 0.1493848858 0.2601054482 0.1370826011 0.1089630931
1 0.2864674868 0.2583479789 0.1335676626 0.1054481547
1 0.4261862917 0.2583479789 0.1282952548 0.1089630931
1 0.5509666081 0.2574692443 0.1318101933 0.1072056239
1 0.0421792619 0.3831282953 0.0843585237 0.1159929701
1 0.1493848858 0.3752196837 0.1370826011 0.1036906854
1 0.2873462214 0.3664323374 0.1318101933 0.1177504394
1 0.4235500879 0.3725834798 0.1265377856 0.1054481547
1 0.5536028120 0.3646748682 0.1265377856 0.1072056239
1 0.0289982425 0.5052724077 0.0579964851 0.1107205624
1 0.1107205624 0.5000000000 0.1195079086 0.1177504394
1 0.2267135325 0.4947275923 0.1159929701 0.1036906854
1 0.3391915641 0.4938488576 0.1089630931 0.1054481547
1 0.4569420035 0.5008787346 0.1265377856 0.1195079086
1 0.5782073814 0.5008787346 0.1159929701 0.1054481547
1 0.0298769772 0.6212653779 0.0597539543 0.1142355009
1 0.1142355009 0.6168717047 0.1159929701 0.1230228471
1 0.2302284710 0.6098418278 0.1159929701 0.1159929701
1 0.3409490334 0.6045694200 0.1124780316 0.1124780316
1 0.4674868190 0.6239015817 0.1300527241 0.1300527241
1 0.5843585237 0.6151142355 0.1142355009 0.1195079086
1 0.0782073814 0.7724077329 0.0861159930 0.1810193322
1 0.0166959578 0.7688927944 0.0333919156 0.1775043937
1 0.1599297012 0.7644991213 0.0843585237 0.1757469244
1 0.2504393673 0.7583479789 0.0861159930 0.1810193322
1 0.4077328647 0.7486818981 0.0667838313 0.1757469244
1 0.3374340949 0.7688927944 0.0878734622 0.2021089631
1 0.4885764499 0.7794376098 0.0878734622 0.1739894552
1 0.5834797891 0.7618629174 0.0843585237 0.1845342707
1 0.0536028120 0.9332161687 0.1072056239 0.1335676626
1 0.1458699473 0.9428822496 0.0808435852 0.1142355009
1 0.2275922671 0.9402460457 0.0826010545 0.1195079086
1 0.3224956063 0.9516695958 0.0931458699 0.0966608084
1 0.4138840070 0.9481546573 0.0896309315 0.1036906854
1 0.4850615114 0.9411247803 0.0597539543 0.1072056239
1 0.5799648506 0.9428822496 0.0878734622 0.1142355009
