1 0.0639534884 0.0296511628 0.1279069767 0.0593023256
1 0.2656976744 0.0465116279 0.2127906977 0.0930232558
1 0.4622093023 0.0529069767 0.1918604651 0.1058139535
1 0.8918604651 0.0662790698 0.2162790698 0.0837209302
1 0.0761627907 0.1372093023 0.1523255814 0.2139534884
1 0.2715116279 0.1284883721 0.2011627907 0.1034883721
1 0.4593023256 0.1406976744 0.1813953488 0.1046511628
1 0.8813953488 0.1546511628 0.2069767442 0.0930232558
1 0.2744186047 0.2151162791 0.1953488372 0.1000000000
1 0.4558139535 0.2209302326 0.1767441860 0.0930232558
1 0.6529069767 0.2523255814 0.0662790698 0.0674418605
1 0.8587209302 0.2406976744 0.2011627907 0.0837209302
1 0.0866279070 0.3127906977 0.1732558140 0.1790697674
1 0.2796511628 0.2912790698 0.1825581395 0.0848837209
1 0.4529069767 0.3005813953 0.1686046512 0.0872093023
1 0.6662790698 0.3308139535 0.0720930233 0.0686046512
1 0.8255813953 0.3069767442 0.2116279070 0.0651162791
1 0.2825581395 0.3662790698 0.1767441860 0.0767441860
1 0.4500000000 0.3738372093 0.1627906977 0.0732558140
1 0.8232558140 0.3674418605 0.1720930233 0.0697674419
2 0.9755813953 0.3750000000 0.0488372093 0.1616279070
1 0.0139534884 0.4505813953 0.0279069767 0.1593023256
1 0.0941860465 0.4604651163 0.1883720930 0.1441860465
1 0.2883720930 0.4319767442 0.1674418605 0.0639534884
1 0.4465116279 0.4354651163 0.1581395349 0.0709302326
1 0.8052325581 0.4244186047 0.1732558140 0.0720930233
1 0.2965116279 0.5453488372 0.1465116279 0.0395348837
1 0.2901162791 0.5069767442 0.1569767442 0.0418604651
1 0.4389534884 0.5500000000 0.1383720930 0.0418604651
1 0.4401162791 0.5139534884 0.1406976744 0.0441860465
1 0.7017441860 0.5197674419 0.0755813953 0.0418604651
1 0.8308139535 0.5406976744 0.0895348837 0.0790697674
1 0.0279069767 0.5831395349 0.0558139535 0.1337209302
1 0.1098837209 0.5837209302 0.1709302326 0.1139534884
1 0.3017441860 0.6290697674 0.1337209302 0.0395348837
1 0.3005813953 0.5866279070 0.1406976744 0.0523255814
1 0.4325581395 0.6343023256 0.1279069767 0.0430232558
1 0.4348837209 0.5936046512 0.1348837209 0.0453488372
1 0.7023255814 0.5959302326 0.0697674419 0.0546511628
1 0.8069767442 0.6034883721 0.0906976744 0.0511627907
1 0.0372093023 0.6918604651 0.0744186047 0.1000000000
1 0.1348837209 0.6895348837 0.1627906977 0.1046511628
1 0.3034883721 0.7040697674 0.1279069767 0.0430232558
1 0.3046511628 0.6610465116 0.1279069767 0.0313953488
1 0.4284883721 0.7087209302 0.1290697674 0.0406976744
1 0.4313953488 0.6720930233 0.1302325581 0.0348837209
1 0.6924418605 0.6436046512 0.0662790698 0.0453488372
1 0.6784883721 0.6889534884 0.0662790698 0.0546511628
1 0.7941860465 0.6610465116 0.0860465116 0.0639534884
1 0.9877906977 0.6744186047 0.0244186047 0.0558139535
1 0.1500000000 0.7813953488 0.1558139535 0.1000000000
1 0.7784883721 0.7145348837 0.0732558140 0.0500000000
1 0.7604651163 0.7633720930 0.0767441860 0.0500000000
1 0.9819767442 0.7302325581 0.0360465116 0.0581395349
1 0.0500000000 0.7872093023 0.1000000000 0.0930232558
1 0.3093023256 0.7970930233 0.1209302326 0.0174418605
1 0.3133720930 0.8488372093 0.1197674419 0.0302325581
1 0.3087209302 0.8168604651 0.1197674419 0.0360465116
1 0.4238372093 0.8459302326 0.1011627907 0.0313953488
1 0.4273255814 0.8151162791 0.1127906977 0.0302325581
1 0.4267441860 0.7941860465 0.1186046512 0.0116279070
1 0.6575581395 0.8406976744 0.0662790698 0.0395348837
1 0.7255813953 0.8569767442 0.0697674419 0.0441860465
1 0.7360465116 0.8098837209 0.0837209302 0.0523255814
1 0.6645348837 0.8017441860 0.0802325581 0.0383720930
1 0.9046511628 0.8174418605 0.0744186047 0.0511627907
1 0.9436046512 0.8587209302 0.0523255814 0.0430232558
1 0.8813953488 0.8593023256 0.0720930233 0.0418604651
1 0.9645348837 0.8110465116 0.0546511628 0.0523255814
1 0.9819767442 0.8593023256 0.0360465116 0.0465116279
1 0.9901162791 0.8127906977 0.0197674419 0.0511627907
1 0.0604651163 0.8680232558 0.1209302326 0.0755813953
1 0.1691860465 0.8738372093 0.1406976744 0.0918604651
1 0.3180232558 0.8761627907 0.1104651163 0.0290697674
1 0.3156976744 0.9040697674 0.1081395349 0.0267441860
1 0.4226744186 0.8738372093 0.0988372093 0.0290697674
1 0.4209302326 0.9081395349 0.1000000000 0.0372093023
1 0.6494186047 0.8796511628 0.0662790698 0.0523255814
1 0.7122093023 0.8982558140 0.0616279070 0.0500000000
1 0.9267441860 0.9063953488 0.0558139535 0.0593023256
1 0.8651162791 0.9081395349 0.0744186047 0.0581395349
1 0.9668604651 0.9081395349 0.0662790698 0.0534883721
1 0.4180232558 0.9418604651 0.1034883721 0.0395348837
1 0.6395348837 0.9354651163 0.0697674419 0.0476744186
1 0.7000000000 0.9505813953 0.0651162791 0.0593023256
1 0.8418604651 0.9558139535 0.0674418605 0.0418604651
1 0.9453488372 0.9540697674 0.0697674419 0.0453488372
1 0.8976744186 0.9552325581 0.0720930233 0.0453488372
