8 0.4440559441 0.0122377622 0.1398601399 0.0244755245
1 0.5967365967 0.0710955711 0.0675990676 0.1421911422
1 0.3933566434 0.1462703963 0.1223776224 0.2249417249
1 0.5093240093 0.0979020979 0.0815850816 0.1958041958
4 0.1083916084 0.2622377622 0.0396270396 0.1258741259
4 0.1526806527 0.2424242424 0.0536130536 0.1258741259
4 0.1928904429 0.2278554779 0.0337995338 0.1340326340
4 0.2389277389 0.2109557110 0.0489510490 0.1701631702
4 0.2972027972 0.1754079254 0.0839160839 0.1759906760
4 0.0745920746 0.2756410256 0.0349650350 0.1223776224
1 0.5128205128 0.3420745921 0.1048951049 0.2272727273
1 0.6241258741 0.3141025641 0.1270396270 0.2482517483
7 0.1433566434 0.4510489510 0.0442890443 0.0349650350
7 0.1707459207 0.4149184149 0.0221445221 0.0745920746
1 0.2348484848 0.4347319347 0.0501165501 0.1608391608
1 0.2768065268 0.4184149184 0.0501165501 0.1724941725
1 0.3438228438 0.4032634033 0.0815850816 0.1981351981
1 0.4219114219 0.3776223776 0.0932400932 0.2004662005
7 0.1124708625 0.4761072261 0.0314685315 0.0687645688
1 0.1888111888 0.5646853147 0.0675990676 0.0827505828
7 0.1748251748 0.4761072261 0.0139860140 0.0477855478
1 0.2634032634 0.5518648019 0.0839160839 0.0850815851
1 0.3362470862 0.5454545455 0.0710955711 0.0839160839
1 0.4120046620 0.5314685315 0.0804195804 0.0885780886
1 0.4941724942 0.5116550117 0.0909090909 0.0979020979
1 0.6054778555 0.5442890443 0.1340326340 0.1958041958
1 0.0827505828 0.5868298368 0.0442890443 0.0687645688
1 0.0804195804 0.6579254079 0.0489510490 0.0757575758
1 0.1328671329 0.5786713287 0.0466200466 0.0687645688
1 0.1282051282 0.6503496503 0.0466200466 0.0815850816
1 0.1917249417 0.6468531469 0.0571095571 0.0885780886
1 0.2610722611 0.6328671329 0.0792540793 0.0979020979
1 0.3344988345 0.6258741259 0.0769230769 0.0932400932
1 0.4108391608 0.6165501166 0.0780885781 0.0955710956
1 0.4930069930 0.6060606061 0.0862470862 0.0909090909
1 0.1089743590 0.7663170163 0.0431235431 0.1340326340
1 0.2231934732 0.7634032634 0.0524475524 0.1468531469
1 0.1824009324 0.7651515152 0.0431235431 0.1410256410
1 0.2721445221 0.7587412587 0.0454545455 0.1468531469
1 0.3199300699 0.7569930070 0.0547785548 0.1573426573
1 0.3875291375 0.7540792541 0.0617715618 0.1585081585
1 0.4516317016 0.7500000000 0.0734265734 0.1526806527
1 0.5209790210 0.7523310023 0.0652680653 0.1713286713
1 0.5926573427 0.7505827506 0.0734265734 0.1794871795
1 0.6620046620 0.7470862471 0.0792540793 0.1818181818
1 0.0699300699 0.7698135198 0.0396270396 0.1270396270
1 0.1456876457 0.7668997669 0.0419580420 0.1375291375
7 0.0565268065 0.9289044289 0.0850815851 0.1305361305
7 0.1590909091 0.9300699301 0.0617715618 0.1328671329
1 0.2296037296 0.9329836830 0.0815850816 0.1293706294
1 0.3327505828 0.9358974359 0.1270396270 0.1282051282
1 0.4603729604 0.9376456876 0.1491841492 0.1247086247
1 0.6177156177 0.9411421911 0.1701631702 0.1177156177
