7 0.2462562396 0.0124792013 0.2229617304 0.0249584027
7 0.0948419301 0.0757071547 0.0865224626 0.1514143095
7 0.2512479201 0.0532445923 0.2262895175 0.1064891847
7 0.5033277870 0.1039933444 0.1547420965 0.2079866889
7 0.6663893511 0.1056572379 0.1613976705 0.2046589018
7 0.2487520799 0.1339434276 0.2312811980 0.1114808652
7 0.0216306156 0.2570715474 0.0432612313 0.2512479201
7 0.0865224626 0.2753743760 0.0998336106 0.2479201331
7 0.2487520799 0.3028286190 0.2346089850 0.1031613977
7 0.2520798669 0.2171381032 0.2312811980 0.1048252912
7 0.2479201331 0.3851913478 0.2329450915 0.1048252912
7 0.4708818636 0.3252911814 0.1464226290 0.2046589018
7 0.6372712146 0.3452579035 0.1430948419 0.1880199667
1 0.6131447587 0.5216306156 0.2212978369 0.1247920133
1 0.9001663894 0.5116472546 0.1697171381 0.1048252912
1 0.0648918469 0.5848585691 0.0898502496 0.1214642263
1 0.1638935108 0.5831946755 0.0915141431 0.1247920133
1 0.2762063228 0.6006655574 0.1164725458 0.1231281198
1 0.3851913478 0.6031613977 0.1081530782 0.1247920133
1 0.6164725458 0.6331114809 0.2312811980 0.1081530782
1 0.9234608985 0.6056572379 0.1530782030 0.1064891847
1 0.1339434276 0.7104825291 0.1680532446 0.1064891847
1 0.2770382696 0.7254575707 0.1081530782 0.1231281198
1 0.3851913478 0.7179700499 0.1081530782 0.1114808652
1 0.6231281198 0.7420965058 0.2445923461 0.1131447587
2 0.9126455907 0.7079866889 0.1747088186 0.1347753744
1 0.1381031614 0.8302828619 0.1697171381 0.1164725458
1 0.2870216306 0.8386023295 0.0815307820 0.0998336106
1 0.3876871880 0.8319467554 0.1231281198 0.1264559068
1 0.6322795341 0.8452579035 0.2495840266 0.1164725458
2 0.9126455907 0.8377703827 0.1747088186 0.1314475874
1 0.1381031614 0.9442595674 0.1863560732 0.1114808652
1 0.2778702163 0.9417637271 0.0898502496 0.1098169717
1 0.3893510815 0.9467554077 0.1264559068 0.1064891847
1 0.6331114809 0.9475873544 0.2412645591 0.1048252912
2 0.8319467554 0.9509151414 0.0798668885 0.0981697171
2 0.9359400998 0.9459234609 0.1281198003 0.1081530782
