1 0.6468401487 0.0204460967 0.1003717472 0.0408921933
3 0.8020446097 0.0083643123 0.0687732342 0.0167286245
1 0.9526022305 0.0139405204 0.0910780669 0.0278810409
1 0.0697026022 0.0604089219 0.1394052045 0.1208178439
1 0.3224907063 0.0697026022 0.0947955390 0.1133828996
1 0.4442379182 0.1003717472 0.0892193309 0.1115241636
1 0.6189591078 0.0873605948 0.2342007435 0.0966542751
1 0.5548327138 0.0260223048 0.0873605948 0.0520446097
3 0.8392193309 0.0408921933 0.1356877323 0.0817843866
3 0.8475836431 0.0994423792 0.1524163569 0.0910780669
1 0.9600371747 0.0724907063 0.0799256506 0.0966542751
1 0.0511152416 0.2165427509 0.1022304833 0.1282527881
1 0.0752788104 0.1421933086 0.1505576208 0.1171003717
1 0.3141263941 0.1840148699 0.1003717472 0.1263940520
1 0.4442379182 0.2193308550 0.0966542751 0.1115241636
1 0.6552044610 0.1821561338 0.1208178439 0.1040892193
1 0.5566914498 0.1895910781 0.1022304833 0.1078066914
1 0.8661710037 0.1663568773 0.2081784387 0.0985130112
1 0.0631970260 0.3076208178 0.1263940520 0.1171003717
1 0.3122676580 0.3150557621 0.1078066914 0.1245353160
1 0.4479553903 0.3234200743 0.1115241636 0.1040892193
1 0.6644981413 0.2843866171 0.1133828996 0.1152416357
1 0.5604089219 0.2964684015 0.1096654275 0.1171003717
1 0.8801115242 0.3317843866 0.2174721190 0.0985130112
1 0.8698884758 0.2509293680 0.2081784387 0.0929368030
1 0.0427509294 0.4144981413 0.0855018587 0.1375464684
1 0.3401486989 0.4219330855 0.1895910781 0.1226765799
1 0.5566914498 0.4052044610 0.1096654275 0.1152416357
1 0.6672862454 0.4033457249 0.1152416357 0.1189591078
1 0.8791821561 0.4107806691 0.2156133829 0.1003717472
1 0.0315985130 0.5436802974 0.0631970260 0.1542750929
1 0.3392193309 0.5325278810 0.1914498141 0.1431226766
1 0.6747211896 0.5297397770 0.1375464684 0.1301115242
1 0.5557620818 0.5250929368 0.1115241636 0.1171003717
1 0.8866171004 0.5009293680 0.2193308550 0.1059479554
