1 0.9949712644 0.0129310345 0.0100574713 0.0258620690
1 0.6084770115 0.0948275862 0.0675287356 0.0603448276
1 0.7557471264 0.0790229885 0.0660919540 0.0775862069
1 0.6774425287 0.0783045977 0.0761494253 0.0531609195
1 0.8175287356 0.0646551724 0.0574712644 0.0689655172
1 0.8821839080 0.0531609195 0.0747126437 0.0804597701
1 0.2313218391 0.1975574713 0.0689655172 0.0704022989
1 0.2995689655 0.1860632184 0.0732758621 0.0646551724
1 0.4913793103 0.1810344828 0.0632183908 0.0574712644
1 0.4209770115 0.1393678161 0.0689655172 0.0660919540
1 0.4224137931 0.1989942529 0.0632183908 0.0617816092
1 0.4892241379 0.1206896552 0.0704022989 0.0632183908
1 0.6063218391 0.1573275862 0.0747126437 0.0704022989
1 0.7658045977 0.1573275862 0.0660919540 0.0790229885
1 0.6810344828 0.1436781609 0.0718390805 0.0747126437
1 0.6795977011 0.2104885057 0.0718390805 0.0589080460
1 0.8297413793 0.1501436782 0.0617816092 0.0847701149
1 0.9037356322 0.1257183908 0.0689655172 0.0790229885
1 0.9008620690 0.1954022989 0.0747126437 0.0660919540
1 0.1113505747 0.2887931034 0.1479885057 0.1206896552
1 0.2586206897 0.2485632184 0.1379310345 0.0689655172
1 0.4820402299 0.2420977011 0.0646551724 0.0646551724
1 0.4109195402 0.2543103448 0.0689655172 0.0574712644
1 0.6048850575 0.2205459770 0.0862068966 0.0732758621
1 0.5969827586 0.2945402299 0.0818965517 0.0775862069
1 0.6803160920 0.2737068966 0.0847701149 0.0847701149
1 0.7622126437 0.2212643678 0.0589080460 0.0718390805
1 0.8627873563 0.2916666667 0.1594827586 0.1063218391
1 0.8268678161 0.2119252874 0.0589080460 0.0646551724
2 0.2198275862 0.3160919540 0.1839080460 0.1091954023
1 0.4030172414 0.3175287356 0.0646551724 0.0718390805
1 0.4583333333 0.3893678161 0.0862068966 0.0833333333
1 0.4755747126 0.3103448276 0.0804597701 0.0804597701
1 0.5955459770 0.3771551724 0.0905172414 0.0933908046
1 0.6824712644 0.3670977011 0.0919540230 0.0991379310
1 0.0732758621 0.3987068966 0.1264367816 0.1106321839
2 0.2061781609 0.4295977011 0.1882183908 0.1637931034
1 0.3814655172 0.3979885057 0.0704022989 0.0862068966
1 0.3778735632 0.4748563218 0.0718390805 0.0761494253
1 0.4547413793 0.4655172414 0.0818965517 0.0804597701
1 0.5862068966 0.4683908046 0.0977011494 0.1005747126
1 0.6709770115 0.4619252874 0.0977011494 0.0847701149
0 0.8606321839 0.4633620690 0.0747126437 0.0589080460
0 0.9339080460 0.4475574713 0.0833333333 0.0847701149
1 0.0603448276 0.5028735632 0.1206896552 0.1264367816
2 0.1767241379 0.5775862069 0.2011494253 0.1925287356
0 0.3850574713 0.5696839080 0.1839080460 0.1393678161
1 0.5826149425 0.5646551724 0.0876436782 0.1005747126
1 0.6788793103 0.5567528736 0.1020114943 0.1020114943
0 0.8455459770 0.5129310345 0.0761494253 0.0431034483
0 0.9331896552 0.5057471264 0.0962643678 0.0517241379
1 0.0431034483 0.6278735632 0.0862068966 0.1350574713
1 0.5718390805 0.6688218391 0.1034482759 0.1250000000
1 0.6688218391 0.6580459770 0.1048850575 0.1494252874
0 0.8958333333 0.5847701149 0.1968390805 0.1235632184
0 0.1566091954 0.7241379310 0.1551724138 0.1264367816
0 0.3735632184 0.6702586207 0.1925287356 0.1278735632
0 0.9073275862 0.7205459770 0.1853448276 0.1451149425
7 0.0711206897 0.8512931034 0.1250000000 0.1451149425
0 0.1666666667 0.8433908046 0.1034482759 0.1235632184
0 0.3548850575 0.7751436782 0.1925287356 0.1508620690
6 0.5431034483 0.8045977011 0.1436781609 0.1522988506
6 0.6573275862 0.8024425287 0.1192528736 0.1508620690
5 0.3656609195 0.8936781609 0.1738505747 0.1178160920
5 0.5553160920 0.9360632184 0.1048850575 0.1278735632
5 0.6580459770 0.9339080460 0.1178160920 0.1178160920
7 0.7981321839 0.8814655172 0.0560344828 0.1910919540
7 0.9094827586 0.8785919540 0.1810344828 0.2054597701
0 0.0883620690 0.9547413793 0.1767241379 0.0905172414
5 0.2270114943 0.9827586207 0.1034482759 0.0344827586
5 0.3541666667 0.9755747126 0.1566091954 0.0488505747
5 0.4705459770 0.9468390805 0.0818965517 0.1063218391
5 0.6077586207 0.9928160920 0.2241379310 0.0143678161
7 0.7852011494 0.9834770115 0.0876436782 0.0330459770
7 0.9130747126 0.9856321839 0.1738505747 0.0287356322
