7 0.1533149171 0.0672191529 0.2016574586 0.1123388582
7 0.1533149171 0.0105893186 0.1961325967 0.0211786372
7 0.3614180479 0.0124309392 0.1445672192 0.0248618785
7 0.3586556169 0.0612338858 0.1519337017 0.1151012891
7 0.6436464088 0.0492633517 0.2099447514 0.0985267035
4 0.9525782689 0.0262430939 0.0948434622 0.0524861878
7 0.1487108656 0.1680478821 0.2034990792 0.1151012891
7 0.3554327808 0.1648250460 0.1546961326 0.1086556169
7 0.3535911602 0.2711786372 0.1510128913 0.1169429098
7 0.6404235727 0.2495395948 0.2127071823 0.1104972376
7 0.6431860037 0.1441068140 0.2034990792 0.1058931860
4 0.9456721915 0.2366482505 0.1086556169 0.1160220994
4 0.9456721915 0.1183241252 0.1086556169 0.1335174954
7 0.1381215470 0.3812154696 0.2099447514 0.1123388582
7 0.1441068140 0.2734806630 0.2108655617 0.1123388582
7 0.3503683241 0.3706261510 0.1500920810 0.1261510129
7 0.6395027624 0.3545119705 0.2182320442 0.1086556169
6 0.9447513812 0.3457642726 0.1104972376 0.1169429098
7 0.1344383057 0.4811233886 0.2117863720 0.1132596685
7 0.3443830571 0.4732965009 0.1546961326 0.1344383057
7 0.3388581952 0.5773480663 0.1602209945 0.1418047882
0 0.5842541436 0.4797421731 0.1132596685 0.1602209945
0 0.6998158379 0.4848066298 0.1399631676 0.1611418048
6 0.9438305709 0.4599447514 0.1123388582 0.1187845304
6 0.9415285451 0.5768876611 0.1169429098 0.1132596685
0 0.1344383057 0.7232965009 0.2136279926 0.1666666667
7 0.1339779006 0.5874769797 0.1998158379 0.1160220994
0 0.5713627993 0.6367403315 0.1022099448 0.1703499079
0 0.6795580110 0.6436464088 0.1325966851 0.1675874770
0 0.9438305709 0.7168508287 0.1123388582 0.1740331492
0 0.1362799263 0.8802946593 0.2081031308 0.1841620626
0 0.6454880295 0.8061694291 0.2302025783 0.1869244936
0 0.9406077348 0.8996316759 0.1187845304 0.1970534070
0 0.1367403315 0.9746777164 0.2274401473 0.0506445672
0 0.6385819521 0.9424493554 0.2421731123 0.1151012891
