1 0.3961267606 0.0088028169 0.0845070423 0.0176056338
1 0.5589788732 0.0123239437 0.0862676056 0.0246478873
5 0.6522887324 0.0079225352 0.1109154930 0.0158450704
1 0.0096830986 0.0836267606 0.0193661972 0.0897887324
1 0.1549295775 0.0994718310 0.0880281690 0.0827464789
1 0.0625000000 0.0897887324 0.1003521127 0.0915492958
1 0.2482394366 0.1021126761 0.0985915493 0.0774647887
1 0.3450704225 0.1117957746 0.0985915493 0.0792253521
1 0.4436619718 0.1144366197 0.0950704225 0.0739436620
1 0.5360915493 0.1214788732 0.0897887324 0.0774647887
5 0.6919014085 0.1285211268 0.0704225352 0.0669014085
5 0.6179577465 0.1267605634 0.0739436620 0.0739436620
5 0.7508802817 0.0281690141 0.0933098592 0.0563380282
5 0.8292253521 0.1355633803 0.0704225352 0.0598591549
5 0.7614436620 0.1311619718 0.0686619718 0.0651408451
5 0.9022887324 0.1390845070 0.0686619718 0.0563380282
5 0.8459507042 0.0272887324 0.0897887324 0.0545774648
5 0.9691901408 0.1434859155 0.0616197183 0.0580985915
1 0.0088028169 0.1663732394 0.0176056338 0.0862676056
1 0.0492957746 0.2605633803 0.0985915493 0.0880281690
1 0.0536971831 0.1734154930 0.1073943662 0.0862676056
1 0.1382042254 0.2605633803 0.0968309859 0.0915492958
1 0.1426056338 0.1822183099 0.0880281690 0.0862676056
1 0.2429577465 0.1857394366 0.0950704225 0.0827464789
1 0.3397887324 0.1980633803 0.0985915493 0.0862676056
1 0.4419014085 0.1980633803 0.0950704225 0.0827464789
1 0.5352112676 0.2007042254 0.0880281690 0.0809859155
5 0.6205985915 0.1945422535 0.0757042254 0.0651408451
5 0.6901408451 0.1945422535 0.0739436620 0.0651408451
5 0.7605633803 0.1954225352 0.0704225352 0.0633802817
5 0.7297535211 0.2676056338 0.1214788732 0.0845070423
5 0.8309859155 0.1989436620 0.0704225352 0.0633802817
5 0.8301056338 0.2711267606 0.0757042254 0.0774647887
5 0.9066901408 0.2702464789 0.0739436620 0.0686619718
5 0.9031690141 0.2033450704 0.0739436620 0.0651408451
5 0.9674295775 0.2799295775 0.0651408451 0.0809859155
5 0.9683098592 0.2051056338 0.0633802817 0.0686619718
1 0.0404929577 0.4242957746 0.0809859155 0.1443661972
1 0.1100352113 0.4260563380 0.0792253521 0.1478873239
1 0.1760563380 0.4286971831 0.0774647887 0.1461267606
1 0.2403169014 0.4295774648 0.0721830986 0.1443661972
1 0.3644366197 0.4295774648 0.0598591549 0.1408450704
1 0.3036971831 0.4286971831 0.0651408451 0.1426056338
1 0.4859154930 0.4330985915 0.0633802817 0.1408450704
1 0.4234154930 0.4295774648 0.0580985915 0.1373239437
1 0.5440140845 0.4330985915 0.0563380282 0.1373239437
1 0.5968309859 0.4330985915 0.0528169014 0.1338028169
5 0.6804577465 0.3864436620 0.0404929577 0.0369718310
5 0.6399647887 0.4225352113 0.0369718310 0.0422535211
5 0.6417253521 0.3846830986 0.0369718310 0.0299295775
5 0.6822183099 0.4304577465 0.0440140845 0.0510563380
5 0.7253521127 0.4322183099 0.0387323944 0.0404929577
5 0.7720070423 0.3890845070 0.0404929577 0.0352112676
5 0.8292253521 0.3917253521 0.0739436620 0.0369718310
5 0.8292253521 0.4330985915 0.0774647887 0.0492957746
5 0.7658450704 0.4330985915 0.0422535211 0.0422535211
5 0.7271126761 0.3882042254 0.0422535211 0.0369718310
5 0.9084507042 0.3926056338 0.0809859155 0.0352112676
5 0.9093309859 0.4383802817 0.0827464789 0.0422535211
5 0.9762323944 0.4401408451 0.0475352113 0.1302816901
5 0.7244718310 0.4797535211 0.0404929577 0.0440140845
5 0.6399647887 0.4674295775 0.0369718310 0.0404929577
5 0.7227112676 0.5255281690 0.0404929577 0.0440140845
5 0.6795774648 0.4797535211 0.0422535211 0.0440140845
5 0.6769366197 0.5264084507 0.0475352113 0.0457746479
5 0.8257042254 0.4815140845 0.0774647887 0.0440140845
5 0.7623239437 0.5246478873 0.0387323944 0.0422535211
5 0.7658450704 0.4797535211 0.0422535211 0.0440140845
5 0.9084507042 0.4823943662 0.0845070423 0.0457746479
5 0.9005281690 0.5264084507 0.0792253521 0.0457746479
1 0.1734154930 0.7438380282 0.1602112676 0.1602112676
1 0.3230633803 0.7341549296 0.1531690141 0.1478873239
1 0.4656690141 0.7279929577 0.1461267606 0.1461267606
1 0.5897887324 0.7121478873 0.1091549296 0.1179577465
2 0.6804577465 0.7385563380 0.0757042254 0.1707746479
7 0.8019366197 0.7147887324 0.0545774648 0.1302816901
7 0.7455985915 0.7139084507 0.0545774648 0.1320422535
7 0.9445422535 0.7121478873 0.1109154930 0.1390845070
7 0.8626760563 0.7130281690 0.0598591549 0.1302816901
1 0.0492957746 0.7614436620 0.0985915493 0.1919014085
1 0.1558098592 0.8820422535 0.1602112676 0.1443661972
1 0.3019366197 0.8688380282 0.1461267606 0.1390845070
1 0.4410211268 0.8600352113 0.1426056338 0.1390845070
1 0.5853873239 0.8336267606 0.1109154930 0.1320422535
2 0.6778169014 0.8661971831 0.0774647887 0.0774647887
7 0.7693661972 0.8450704225 0.1021126761 0.1267605634
7 0.8776408451 0.8415492958 0.1144366197 0.1232394366
7 0.9771126761 0.8485915493 0.0457746479 0.1373239437
1 0.0413732394 0.9260563380 0.0827464789 0.1478873239
