8 0.0333333333 0.0064814815 0.0666666667 0.0129629630
2 0.6666666667 0.0259259259 0.1296296296 0.0518518519
1 0.7870370370 0.0203703704 0.1259259259 0.0407407407
1 0.9101851852 0.0111111111 0.1314814815 0.0222222222
0 0.0500000000 0.1194444444 0.0851851852 0.1685185185
7 0.1361111111 0.0527777778 0.0981481481 0.1055555556
0 0.1435185185 0.1370370370 0.1055555556 0.0888888889
0 0.2453703704 0.0851851852 0.0981481481 0.1703703704
2 0.3787037037 0.0675925926 0.1685185185 0.1351851852
2 0.5351851852 0.0537037037 0.1629629630 0.1074074074
0 0.0092592593 0.1462962963 0.0185185185 0.1555555556
5 0.0342592593 0.2620370370 0.0685185185 0.0759259259
0 0.3120370370 0.2833333333 0.1129629630 0.1851851852
1 0.5277777778 0.2462962963 0.1000000000 0.2000000000
1 0.4222222222 0.2212962963 0.1074074074 0.0907407407
1 0.6268518519 0.2342592593 0.0981481481 0.2055555556
1 0.7287037037 0.2046296296 0.1055555556 0.1944444444
1 0.8324074074 0.1916666667 0.1129629630 0.2055555556
1 0.9407407407 0.1666666667 0.1074074074 0.1962962963
5 0.0638888889 0.3453703704 0.0574074074 0.1462962963
5 0.0194444444 0.3611111111 0.0388888889 0.1407407407
0 0.1342592593 0.3157407407 0.0907407407 0.1648148148
0 0.2166666667 0.3009259259 0.0814814815 0.1648148148
1 0.4240740741 0.3148148148 0.1037037037 0.0925925926
1 0.6064814815 0.4472222222 0.1129629630 0.0870370370
1 0.7185185185 0.4268518519 0.1111111111 0.1166666667
1 0.8259259259 0.4120370370 0.1074074074 0.1092592593
1 0.9324074074 0.3944444444 0.0981481481 0.1074074074
5 0.0129629630 0.4592592593 0.0259259259 0.0592592593
5 0.0157407407 0.5222222222 0.0314814815 0.0703703704
5 0.0157407407 0.6027777778 0.0314814815 0.0907407407
6 0.0824074074 0.5916666667 0.0870370370 0.0944444444
1 0.1750000000 0.5370370370 0.1018518519 0.1777777778
6 0.0777777778 0.4888888889 0.1000000000 0.1074074074
1 0.2796296296 0.5351851852 0.1148148148 0.1814814815
1 0.3870370370 0.5703703704 0.0851851852 0.0851851852
1 0.4879629630 0.5481481481 0.1240740741 0.1037037037
1 0.6055555556 0.5435185185 0.1185185185 0.1055555556
1 0.7018518519 0.5333333333 0.0851851852 0.0962962963
1 0.8194444444 0.5148148148 0.1092592593 0.1074074074
1 0.9009259259 0.6101851852 0.1166666667 0.1129629630
1 0.9250000000 0.4916666667 0.0944444444 0.1055555556
7 0.0361111111 0.7064814815 0.0722222222 0.0425925926
0 0.1074074074 0.6879629630 0.0740740741 0.0611111111
0 0.2000000000 0.6759259259 0.1074074074 0.0518518519
0 0.3824074074 0.6824074074 0.0648148148 0.0537037037
1 0.4648148148 0.7712962963 0.1037037037 0.1907407407
1 0.6518518519 0.6444444444 0.1111111111 0.0814814815
1 0.6638888889 0.7185185185 0.0981481481 0.0888888889
1 0.7824074074 0.7222222222 0.1240740741 0.0888888889
1 0.7796296296 0.6314814815 0.1333333333 0.1000000000
1 0.9101851852 0.7055555556 0.1240740741 0.0888888889
7 0.0351851852 0.8000000000 0.0703703704 0.1444444444
7 0.0324074074 0.9314814815 0.0648148148 0.0555555556
0 0.1037037037 0.7944444444 0.0851851852 0.1592592593
0 0.2037037037 0.7870370370 0.1185185185 0.1740740741
0 0.3750000000 0.7888888889 0.0759259259 0.1629629630
0 0.3064814815 0.7851851852 0.0833333333 0.1777777778
1 0.6583333333 0.8120370370 0.1055555556 0.0981481481
1 0.7712962963 0.8046296296 0.1055555556 0.1018518519
1 0.9046296296 0.8000000000 0.1166666667 0.1000000000
7 0.0462962963 0.9898148148 0.0407407407 0.0203703704
7 0.0148148148 0.9916666667 0.0296296296 0.0166666667
4 0.1379629630 0.9620370370 0.0870370370 0.0759259259
7 0.0805555556 0.9879629630 0.0351851852 0.0240740741
0 0.2416666667 0.9759259259 0.1277777778 0.0481481481
7 0.3722222222 0.9907407407 0.1370370370 0.0185185185
7 0.4703703704 0.9694444444 0.0703703704 0.0611111111
1 0.6120370370 0.9731481481 0.0722222222 0.0537037037
1 0.5416666667 0.9731481481 0.0648148148 0.0537037037
1 0.7518518519 0.9703703704 0.0777777778 0.0592592593
1 0.6814814815 0.9731481481 0.0740740741 0.0537037037
1 0.8370370370 0.9703703704 0.0888888889 0.0592592593
1 0.9240740741 0.9712962963 0.0888888889 0.0574074074
