1 0.7258454106 0.0084541063 0.1014492754 0.0169082126
1 0.8399758454 0.0120772947 0.1074879227 0.0241545894
1 0.6310386473 0.0881642512 0.0954106280 0.0772946860
1 0.7312801932 0.0712560386 0.1026570048 0.0893719807
1 0.8478260870 0.0628019324 0.1135265700 0.0966183575
5 0.9685990338 0.0670289855 0.0628019324 0.0905797101
1 0.4118357488 0.2041062802 0.0724637681 0.0410628019
1 0.6237922705 0.1769323671 0.0954106280 0.0881642512
1 0.7318840580 0.1636473430 0.1014492754 0.1026570048
1 0.8429951691 0.1564009662 0.1086956522 0.0881642512
5 0.9758454106 0.2433574879 0.0483091787 0.0736714976
1 0.3979468599 0.2964975845 0.0688405797 0.0736714976
1 0.4800724638 0.2928743961 0.0881642512 0.0760869565
1 0.5670289855 0.2844202899 0.0905797101 0.0736714976
1 0.6606280193 0.2777777778 0.0942028986 0.0893719807
1 0.7596618357 0.2632850242 0.1014492754 0.0869565217
1 0.7620772947 0.3466183575 0.0990338164 0.0797101449
1 0.8647342995 0.3448067633 0.1062801932 0.0929951691
1 0.8641304348 0.2560386473 0.1026570048 0.0869565217
5 0.9764492754 0.3297101449 0.0471014493 0.0869565217
1 0.3949275362 0.3701690821 0.0724637681 0.0712560386
1 0.4842995169 0.3671497585 0.0869565217 0.0724637681
1 0.5700483092 0.3592995169 0.0893719807 0.0760869565
1 0.6648550725 0.3647342995 0.0954106280 0.0893719807
1 0.2910628019 0.4909420290 0.0555555556 0.0688405797
1 0.3653381643 0.4909420290 0.0664251208 0.0760869565
1 0.4462560386 0.4836956522 0.0785024155 0.0809178744
1 0.5283816425 0.5537439614 0.0760869565 0.0785024155
1 0.5253623188 0.4764492754 0.0724637681 0.0809178744
1 0.6068840580 0.5507246377 0.0833333333 0.0772946860
1 0.6086956522 0.4710144928 0.0821256039 0.0845410628
1 0.6908212560 0.5458937198 0.0893719807 0.0797101449
1 0.6932367150 0.4673913043 0.0797101449 0.0845410628
1 0.7832125604 0.5446859903 0.0929951691 0.0845410628
1 0.7807971014 0.4613526570 0.0905797101 0.0845410628
1 0.8768115942 0.5416666667 0.0966183575 0.0857487923
1 0.8756038647 0.4565217391 0.0942028986 0.0893719807
5 0.9752415459 0.4547101449 0.0495169082 0.0809178744
5 0.9770531401 0.5356280193 0.0458937198 0.0857487923
1 0.2940821256 0.5646135266 0.0664251208 0.0736714976
1 0.3725845411 0.5640096618 0.0688405797 0.0700483092
1 0.4486714976 0.5597826087 0.0760869565 0.0760869565
1 0.2222222222 0.6648550725 0.0724637681 0.0712560386
1 0.2198067633 0.7391304348 0.0724637681 0.0748792271
1 0.2916666667 0.6624396135 0.0785024155 0.0736714976
1 0.2934782609 0.7361111111 0.0797101449 0.0760869565
1 0.3756038647 0.6612318841 0.0797101449 0.0736714976
1 0.3719806763 0.7373188406 0.0748792271 0.0760869565
1 0.4516908213 0.6606280193 0.0748792271 0.0748792271
1 0.4528985507 0.7397342995 0.0797101449 0.0785024155
1 0.5350241546 0.6576086957 0.0797101449 0.0785024155
1 0.5326086957 0.7361111111 0.0821256039 0.0809178744
1 0.6213768116 0.6576086957 0.0833333333 0.0809178744
1 0.6171497585 0.7403381643 0.0821256039 0.0869565217
1 0.7028985507 0.7421497585 0.0845410628 0.0881642512
1 0.7047101449 0.6588164251 0.0833333333 0.0809178744
1 0.7946859903 0.7463768116 0.0869565217 0.0845410628
1 0.7910628019 0.6606280193 0.0893719807 0.0869565217
1 0.8834541063 0.6606280193 0.0905797101 0.0869565217
1 0.8846618357 0.7493961353 0.0929951691 0.0881642512
5 0.9806763285 0.6672705314 0.0386473430 0.1123188406
3 0.8592995169 0.8478260870 0.0591787440 0.0555555556
3 0.9196859903 0.8520531401 0.0688405797 0.0591787440
1 0.2475845411 0.8900966184 0.1207729469 0.1690821256
8 0.3617149758 0.9003623188 0.0978260870 0.1871980676
8 0.4728260870 0.8913043478 0.1099033816 0.1666666667
1 0.6195652174 0.8858695652 0.0652173913 0.1461352657
1 0.5591787440 0.8822463768 0.0603864734 0.1437198068
1 0.6799516908 0.8882850242 0.0652173913 0.1509661836
1 0.7463768116 0.8900966184 0.0700483092 0.1521739130
3 0.8641304348 0.9045893720 0.0591787440 0.0603864734
3 0.8061594203 0.8737922705 0.0591787440 0.1123188406
3 0.9245169082 0.9082125604 0.0640096618 0.0603864734
5 0.9939613527 0.8798309179 0.0120772947 0.0929951691
