5 0.8716645489 0.0082592122 0.0482846252 0.0165184244
5 0.1251588310 0.0368487929 0.0775095299 0.0736975858
5 0.2160101652 0.0362134689 0.0914866582 0.0724269377
5 0.4326556544 0.0355781449 0.0902160102 0.0711562897
5 0.3475222363 0.0374841169 0.0851334180 0.0749682338
5 0.5711562897 0.0317662008 0.1181702668 0.0635324015
5 0.7947903431 0.0177890724 0.0978398983 0.0355781449
1 0.3494282084 0.1537484117 0.0940279543 0.0991105464
1 0.4390088945 0.1524777637 0.0902160102 0.1016518424
1 0.6575603558 0.1442185515 0.0927573062 0.0978398983
1 0.5641677255 0.1454891995 0.0914866582 0.0952986023
3 0.7655654384 0.1073697586 0.0622617535 0.0724269377
3 0.8246505718 0.1022871665 0.0635324015 0.0673443456
1 0.0400254130 0.1880559085 0.0800508259 0.1143583227
1 0.2318932656 0.1651842440 0.0978398983 0.1118170267
1 0.1385006353 0.1658195680 0.0914866582 0.1080050826
1 0.5641677255 0.2426937738 0.0914866582 0.0940279543
1 0.6543837357 0.2388818297 0.0889453621 0.0914866582
3 0.7611181703 0.1709021601 0.0584498094 0.0622617535
3 0.8208386277 0.1658195680 0.0635324015 0.0622617535
3 0.7884371029 0.2268106734 0.1181702668 0.0622617535
1 0.0476493011 0.3049555273 0.0952986023 0.1067344346
1 0.2337992376 0.2731893266 0.0838627700 0.1041931385
1 0.1461245235 0.2757306226 0.0914866582 0.1067344346
1 0.4421855146 0.2509529860 0.0889453621 0.0978398983
1 0.3545108005 0.2534942821 0.0889453621 0.0952986023
1 0.8055908513 0.2897077510 0.1601016518 0.0736975858
1 0.1613722999 0.3799237611 0.0940279543 0.0991105464
1 0.2528589581 0.3754764930 0.0940279543 0.1003811944
1 0.4434561626 0.3481575604 0.0838627700 0.0940279543
1 0.3608640407 0.3456162643 0.0889453621 0.0838627700
1 0.5622617535 0.3335451080 0.0851334180 0.0876747141
1 0.6499364676 0.3354510801 0.0927573062 0.0889453621
1 0.8036848793 0.3595933926 0.1588310038 0.0686149936
1 0.0552731893 0.4186785260 0.0927573062 0.1003811944
1 0.1683608640 0.4783989835 0.0775095299 0.0952986023
1 0.2471410419 0.4752223634 0.0800508259 0.0940279543
1 0.3646759848 0.4345616264 0.0889453621 0.0864040661
1 0.4485387548 0.4364675985 0.0813214740 0.0876747141
1 0.5609911055 0.4212198221 0.0851334180 0.0876747141
1 0.6480304956 0.4256670902 0.0914866582 0.0864040661
1 0.7973316391 0.4866581957 0.1512071156 0.0635324015
1 0.8011435832 0.4231257942 0.1537484117 0.0686149936
1 0.1772554003 0.5698856417 0.0800508259 0.0927573062
1 0.2554002541 0.5654383736 0.0762388818 0.0914866582
1 0.4517153748 0.5190597205 0.0825921220 0.0800508259
1 0.3703939009 0.5222363405 0.0851334180 0.0762388818
1 0.5609911055 0.5120711563 0.0825921220 0.0838627700
1 0.6435832274 0.5146124524 0.0851334180 0.0864040661
1 0.9923761118 0.5304955527 0.0152477764 0.1537484117
1 0.0838627700 0.6416772554 0.0432020330 0.0762388818
1 0.3780177891 0.6054637865 0.0851334180 0.0825921220
1 0.4580686150 0.6029224905 0.0800508259 0.0800508259
1 0.6473951715 0.5984752224 0.0825921220 0.0838627700
1 0.5641677255 0.5997458704 0.0787801779 0.0787801779
8 0.8068614994 0.5775095299 0.1753494282 0.1156289708
1 0.1810673443 0.6562897078 0.0775095299 0.0724269377
1 0.2585768742 0.6594663278 0.0749682338 0.0762388818
1 0.3856416773 0.6905972046 0.0800508259 0.0698856417
1 0.4625158831 0.6829733164 0.0736975858 0.0724269377
1 0.6448538755 0.6836086404 0.0800508259 0.0787801779
1 0.5648030496 0.6797966963 0.0775095299 0.0838627700
8 0.8163913596 0.6944091487 0.1969504447 0.1029224905
1 0.9860228717 0.6785260483 0.0279542567 0.1448538755
1 0.3856416773 0.7687420584 0.0724269377 0.0584498094
1 0.4631512071 0.7655654384 0.0775095299 0.0698856417
1 0.5660736976 0.7681067344 0.0775095299 0.0825921220
1 0.6435832274 0.7662007624 0.0800508259 0.0838627700
1 0.8055908513 0.8144853875 0.1778907243 0.1270648030
1 0.6467598475 0.8437102922 0.0787801779 0.0762388818
1 0.5686149936 0.8411689962 0.0749682338 0.0762388818
1 0.9809402795 0.8163913596 0.0381194409 0.1385006353
