5 0.2848751836 0.0367107195 0.1027900147 0.0734214391
5 0.3891336270 0.0345080764 0.1057268722 0.0690161527
5 0.7767988253 0.0132158590 0.0616740088 0.0264317181
5 0.0367107195 0.0440528634 0.0734214391 0.0881057269
5 0.1255506608 0.0425844347 0.0925110132 0.0851688693
5 0.5058737151 0.0580029369 0.0572687225 0.1160058737
5 0.6505139501 0.0558002937 0.0792951542 0.1116005874
5 0.5741556535 0.0572687225 0.0675477239 0.1145374449
5 0.8024963289 0.0580029369 0.1130690162 0.0748898678
5 0.8913362702 0.0844346549 0.0558002937 0.1189427313
5 0.0367107195 0.1512481645 0.0734214391 0.1174743025
5 0.1336270191 0.1468428781 0.1057268722 0.1233480176
5 0.3839941263 0.1402349486 0.1042584435 0.1336270191
5 0.2856093979 0.1453744493 0.0983847283 0.1321585903
5 0.5440528634 0.1578560940 0.1365638767 0.0807635830
5 0.8024963289 0.1321585903 0.1130690162 0.0675477239
1 0.2878120411 0.3024963289 0.1086637298 0.1145374449
1 0.3913362702 0.3010279001 0.1042584435 0.1174743025
1 0.6439060206 0.2914831131 0.1071953010 0.1130690162
1 0.5359765051 0.2929515419 0.1057268722 0.1101321586
3 0.7687224670 0.2488986784 0.0719530103 0.0837004405
3 0.8370044053 0.2430249633 0.0734214391 0.0778267254
1 0.1519823789 0.3157121880 0.1130690162 0.1292217327
1 0.0484581498 0.3164464023 0.0969162996 0.1248164464
1 0.5359765051 0.4052863436 0.1057268722 0.1086637298
1 0.6402349486 0.4008810573 0.1027900147 0.1057268722
3 0.7635829662 0.3223201175 0.0675477239 0.0719530103
3 0.8325991189 0.3164464023 0.0734214391 0.0719530103
3 0.7951541850 0.3869309838 0.1365638767 0.0719530103
1 0.1541850220 0.4405286344 0.0969162996 0.1204111601
1 0.0528634361 0.4434654919 0.1057268722 0.1233480176
1 0.3950073421 0.4148311307 0.1027900147 0.1130690162
1 0.2936857562 0.4177679883 0.1027900147 0.1101321586
1 0.8149779736 0.4596182085 0.1850220264 0.0851688693
1 0.0704845815 0.5638766520 0.1086637298 0.1145374449
1 0.1762114537 0.5587371512 0.1086637298 0.1160058737
1 0.3964757709 0.5271659325 0.0969162996 0.1086637298
1 0.3010279001 0.5242290749 0.1027900147 0.0969162996
1 0.5337738620 0.5102790015 0.0983847283 0.1013215859
1 0.6350954479 0.5124816446 0.1071953010 0.1027900147
1 0.8127753304 0.5403817915 0.1835535977 0.0792951542
1 0.0785609398 0.6776798825 0.0895741557 0.1101321586
1 0.1696035242 0.6740088106 0.0925110132 0.1086637298
1 0.3054331865 0.6270190896 0.1027900147 0.0998531571
1 0.4023494860 0.6292217327 0.0939794420 0.1013215859
1 0.5323054332 0.6116005874 0.0983847283 0.1013215859
1 0.6328928047 0.6167400881 0.1057268722 0.0998531571
1 0.8054331865 0.6872246696 0.1747430250 0.0734214391
1 0.8098384728 0.6138032305 0.1776798825 0.0792951542
1 0.0888399413 0.7834067548 0.0925110132 0.1071953010
1 0.1791483113 0.7782672540 0.0881057269 0.1057268722
1 0.4060205580 0.7246696035 0.0954478708 0.0925110132
1 0.3120411160 0.7283406755 0.0983847283 0.0881057269
1 0.5323054332 0.7165932452 0.0954478708 0.0969162996
1 0.6277533040 0.7195301028 0.0983847283 0.0998531571
1 0.3208516887 0.8245227606 0.0983847283 0.0954478708
1 0.4133627019 0.8215859031 0.0925110132 0.0925110132
1 0.6321585903 0.8164464023 0.0954478708 0.0969162996
1 0.5359765051 0.8179148311 0.0910425844 0.0910425844
8 0.8164464023 0.7922173275 0.2026431718 0.1336270191
1 0.0932452276 0.8832599119 0.0895741557 0.0837004405
1 0.1828193833 0.8869309838 0.0866372981 0.0881057269
1 0.3296622614 0.9229074890 0.0925110132 0.0807635830
1 0.4185022026 0.9140969163 0.0851688693 0.0837004405
1 0.6292217327 0.9148311307 0.0925110132 0.0910425844
1 0.5367107195 0.9104258443 0.0895741557 0.0969162996
8 0.8274596182 0.9273127753 0.2276064611 0.1189427313
1 0.3296622614 0.9897209985 0.0837004405 0.0205580029
1 0.4192364170 0.9845814978 0.0895741557 0.0308370044
1 0.5381791483 0.9823788546 0.0895741557 0.0352422907
1 0.6277533040 0.9809104258 0.0925110132 0.0381791483
1 0.8149779736 0.9963289280 0.2055800294 0.0073421439
