5 0.0617048346 0.0076335878 0.1234096692 0.0152671756
5 0.0610687023 0.0496183206 0.1221374046 0.0661577608
5 0.2856234097 0.0190839695 0.1844783715 0.0381679389
5 0.4688295165 0.0209923664 0.1030534351 0.0419847328
5 0.4510178117 0.0667938931 0.0597964377 0.0623409669
5 0.5756997455 0.0578880407 0.1132315522 0.1157760814
5 0.7302798982 0.0502544529 0.0483460560 0.1005089059
5 0.6781170483 0.0540712468 0.0636132316 0.1081424936
5 0.8346055980 0.0426208651 0.1145038168 0.0852417303
5 0.9484732824 0.0318066158 0.1030534351 0.0636132316
5 0.0617048346 0.1278625954 0.1234096692 0.0725190840
5 0.2862595420 0.0846055980 0.1832061069 0.0750636132
5 0.8218829517 0.1418575064 0.1221374046 0.1005089059
5 0.9472010178 0.1221374046 0.1055979644 0.1323155216
5 0.0617048346 0.2061068702 0.1234096692 0.0788804071
5 0.2856234097 0.1526717557 0.1844783715 0.0636132316
5 0.4713740458 0.1533078880 0.0826972010 0.1132315522
5 0.5712468193 0.1564885496 0.1246819338 0.1094147583
5 0.7010178117 0.1501272265 0.1246819338 0.1068702290
1 0.5986005089 0.2958015267 0.2480916031 0.1488549618
1 0.0108142494 0.3346055980 0.0216284987 0.1526717557
1 0.0763358779 0.3333333333 0.1119592875 0.1501272265
1 0.2773536896 0.3848600509 0.2239185751 0.1183206107
1 0.0197201018 0.4739185751 0.0394402036 0.1437659033
1 0.0865139949 0.4681933842 0.0992366412 0.1374045802
1 0.5986005089 0.4293893130 0.2430025445 0.1539440204
2 0.8670483461 0.4147582697 0.1463104326 0.1959287532
2 0.9688295165 0.4007633588 0.0623409669 0.1908396947
1 0.2830788804 0.4993638677 0.2251908397 0.1208651399
1 0.0209923664 0.6087786260 0.0419847328 0.1361323155
1 0.0896946565 0.6030534351 0.1030534351 0.1374045802
1 0.2913486005 0.6132315522 0.2239185751 0.1246819338
1 0.6151399491 0.5680661578 0.2506361323 0.1488549618
1 0.6189567430 0.7131043257 0.2531806616 0.1488549618
1 0.0203562341 0.7423664122 0.0407124682 0.1361323155
1 0.0903307888 0.7372773537 0.1094147583 0.1437659033
1 0.2932569975 0.7334605598 0.2302798982 0.1310432570
1 0.0209923664 0.8746819338 0.0419847328 0.1412213740
1 0.0922391858 0.8702290076 0.1132315522 0.1450381679
1 0.2582697201 0.8651399491 0.1145038168 0.1450381679
1 0.3651399491 0.8619592875 0.1119592875 0.1412213740
1 0.6183206107 0.8613231552 0.2468193384 0.1526717557
1 0.9192111959 0.8346055980 0.1615776081 0.1984732824
