1 0.0044722719 0.3157423971 0.0089445438 0.1162790698
1 0.0518783542 0.3193202147 0.0930232558 0.1091234347
1 0.2307692308 0.3175313059 0.2361359571 0.0983899821
8 0.6225402504 0.4042933810 0.1144901610 0.1753130590
8 0.5134168157 0.3872987478 0.1144901610 0.1735241503
1 0.0491949911 0.4257602862 0.0983899821 0.1037567084
1 0.2683363148 0.5098389982 0.1717352415 0.1109123435
1 0.2683363148 0.4123434705 0.1717352415 0.1091234347
1 0.0483005367 0.5429338104 0.0966010733 0.1234347048
1 0.2674418605 0.6180679785 0.1771019678 0.1162790698
2 0.5536672630 0.5465116279 0.2593917710 0.1449016100
1 0.0491949911 0.6735241503 0.0983899821 0.1341681574
1 0.2692307692 0.7370304114 0.1771019678 0.1180679785
2 0.5948121646 0.7164579606 0.1842576029 0.1985688730
1 0.0491949911 0.8014311270 0.0983899821 0.1252236136
3 0.2987477639 0.8246869410 0.1288014311 0.0679785331
3 0.2075134168 0.8363148479 0.0608228980 0.0733452594
2 0.3944543828 0.8676207513 0.0661896243 0.1109123435
2 0.5948121646 0.8676207513 0.1842576029 0.1109123435
3 0.0644007156 0.8953488372 0.0644007156 0.0697674419
3 0.3050089445 0.8890876565 0.1162790698 0.0644007156
