1 0.7786774629 0.0087719298 0.1106612686 0.0175438596
1 0.8933873144 0.0114709852 0.1187584345 0.0229419703
1 0.3684210526 0.0195681511 0.0809716599 0.0391363023
1 0.4682860999 0.0182186235 0.0971659919 0.0364372470
1 0.5641025641 0.0148448043 0.0998650472 0.0296896086
1 0.6700404858 0.0215924426 0.1066126856 0.0431848853
1 0.2523616734 0.1342780027 0.0620782726 0.0769230769
1 0.3353576248 0.1342780027 0.0742240216 0.0850202429
1 0.4257759784 0.1261808367 0.0877192982 0.0904183536
1 0.5175438596 0.2044534413 0.0850202429 0.0877192982
1 0.5141700405 0.1180836707 0.0809716599 0.0904183536
1 0.6052631579 0.2010796221 0.0931174089 0.0863697706
1 0.6072874494 0.1120107962 0.0917678812 0.0944669366
1 0.6990553306 0.1956815115 0.0998650472 0.0890688259
1 0.7017543860 0.1079622132 0.0890688259 0.0944669366
1 0.8022941970 0.1943319838 0.1039136302 0.0944669366
1 0.7995951417 0.1012145749 0.1012145749 0.0944669366
1 0.9068825911 0.1909581646 0.1079622132 0.0958164642
1 0.9055330634 0.0958164642 0.1052631579 0.0998650472
5 0.9946018893 0.0937921727 0.0107962213 0.0904183536
5 0.9966261808 0.1842105263 0.0067476383 0.0958164642
1 0.2557354926 0.2165991903 0.0742240216 0.0823211876
1 0.3434547908 0.2159244265 0.0769230769 0.0782726046
1 0.4284750337 0.2112010796 0.0850202429 0.0850202429
1 0.1754385965 0.3286099865 0.0809716599 0.0796221323
1 0.1727395412 0.4116059379 0.0809716599 0.0836707152
1 0.2530364372 0.3259109312 0.0877192982 0.0823211876
1 0.2550607287 0.4082321188 0.0890688259 0.0850202429
1 0.3468286100 0.3245614035 0.0890688259 0.0823211876
1 0.3427800270 0.4095816464 0.0836707152 0.0850202429
1 0.4318488529 0.3238866397 0.0836707152 0.0836707152
1 0.4331983806 0.4122807018 0.0890688259 0.0877192982
1 0.5249662618 0.3205128205 0.0890688259 0.0877192982
1 0.5222672065 0.4082321188 0.0917678812 0.0904183536
1 0.6214574899 0.3205128205 0.0931174089 0.0904183536
1 0.6167341430 0.4129554656 0.0917678812 0.0971659919
1 0.7125506073 0.4149797571 0.0944669366 0.0985155196
1 0.7145748988 0.3218623482 0.0931174089 0.0904183536
1 0.8151147099 0.4197031039 0.0971659919 0.0944669366
1 0.8110661269 0.3238866397 0.0998650472 0.0971659919
1 0.9143049933 0.3238866397 0.1012145749 0.0971659919
1 0.9156545209 0.4230769231 0.1039136302 0.0985155196
3 0.8873144399 0.5330634278 0.0661268556 0.0620782726
3 0.9547908232 0.5377867746 0.0769230769 0.0661268556
1 0.2037786775 0.5802968961 0.1349527665 0.1889338731
8 0.3313090418 0.5917678812 0.1093117409 0.2091767881
8 0.4554655870 0.5816464238 0.1228070175 0.1862348178
1 0.6194331984 0.5755735493 0.0728744939 0.1632928475
1 0.5519568151 0.5715249663 0.0674763833 0.1605937922
1 0.6869095816 0.5782726046 0.0728744939 0.1686909582
1 0.7611336032 0.5802968961 0.0782726046 0.1700404858
3 0.8927125506 0.5964912281 0.0661268556 0.0674763833
3 0.8279352227 0.5620782726 0.0661268556 0.1255060729
3 0.9601889339 0.6005398111 0.0715249663 0.0674763833
1 0.2017543860 0.8306342780 0.1470985155 0.1686909582
1 0.3481781377 0.8461538462 0.1538461538 0.1781376518
1 0.5053981107 0.8623481781 0.1632928475 0.1835357625
1 0.6734143050 0.8771929825 0.1781376518 0.1889338731
1 0.2024291498 0.9541160594 0.1511470985 0.0917678812
1 0.3515519568 0.9588394062 0.1524966262 0.0823211876
1 0.5053981107 0.9703103914 0.1632928475 0.0593792173
1 0.6788124157 0.9736842105 0.1808367072 0.0526315789
4 0.8110661269 0.8987854251 0.0971659919 0.2024291498
4 0.9035087719 0.9021592443 0.1012145749 0.1956815115
4 0.9730094467 0.9068825911 0.0539811066 0.1862348178
