1 0.2489495798 0.2552521008 0.0756302521 0.0693277311
1 0.3177521008 0.2615546218 0.0703781513 0.0651260504
1 0.3797268908 0.2683823529 0.0619747899 0.0472689076
1 0.4427521008 0.2689075630 0.0661764706 0.0462184874
1 0.5078781513 0.2741596639 0.0598739496 0.0462184874
1 0.5667016807 0.2836134454 0.0598739496 0.0441176471
1 0.6176470588 0.2893907563 0.0525210084 0.0388655462
1 0.2447478992 0.3072478992 0.0714285714 0.0598739496
1 0.3114495798 0.3182773109 0.0724789916 0.0630252101
1 0.3792016807 0.3251050420 0.0651260504 0.0598739496
1 0.4438025210 0.3329831933 0.0661764706 0.0441176471
1 0.5131302521 0.3140756303 0.0640756303 0.0504201681
1 0.5751050420 0.3277310924 0.0556722689 0.0462184874
1 0.6234243697 0.3156512605 0.0577731092 0.0850840336
1 0.7295168067 0.3235294118 0.0598739496 0.0798319328
1 0.6780462185 0.3182773109 0.0598739496 0.0777310924
1 0.8429621849 0.3534663866 0.0577731092 0.1018907563
1 0.7799369748 0.3482142857 0.0514705882 0.1060924370
1 0.8161764706 0.3508403361 0.0420168067 0.1050420168
1 0.8771008403 0.3592436975 0.0525210084 0.0966386555
1 0.9364495798 0.3623949580 0.0493697479 0.0987394958
1 0.9091386555 0.3581932773 0.0514705882 0.0966386555
1 0.9653361345 0.3634453782 0.0567226891 0.0966386555
1 0.3676470588 0.3813025210 0.0693277311 0.0546218487
1 0.4343487395 0.3860294118 0.0703781513 0.0556722689
1 0.5640756303 0.3849789916 0.0567226891 0.0388655462
1 0.5000000000 0.3828781513 0.0651260504 0.0409663866
1 0.6218487395 0.3849789916 0.0609243697 0.0514705882
1 0.6832983193 0.3828781513 0.0619747899 0.0514705882
1 0.7389705882 0.3865546218 0.0514705882 0.0504201681
1 0.2904411765 0.4443277311 0.0745798319 0.0819327731
1 0.3618697479 0.4910714286 0.0745798319 0.0997899160
1 0.4290966387 0.4579831933 0.0724789916 0.0567226891
1 0.4952731092 0.4816176471 0.0661764706 0.0934873950
1 0.5456932773 0.4595588235 0.0514705882 0.0430672269
1 0.6460084034 0.4816176471 0.0672268908 0.0913865546
1 0.5971638655 0.4863445378 0.0598739496 0.0987394958
1 0.6980042017 0.4558823529 0.0598739496 0.0441176471
1 0.7521008403 0.4543067227 0.0567226891 0.0451680672
1 0.2899159664 0.5147058824 0.0693277311 0.0651260504
1 0.4390756303 0.5036764706 0.0651260504 0.0514705882
1 0.5483193277 0.5094537815 0.0567226891 0.0651260504
1 0.6449579832 0.5561974790 0.0546218487 0.0493697479
1 0.5908613445 0.5609243697 0.0661764706 0.0504201681
1 0.6938025210 0.5588235294 0.0514705882 0.0525210084
1 0.7053571429 0.5015756303 0.0577731092 0.0493697479
1 0.7505252101 0.5567226891 0.0577731092 0.0483193277
1 0.7605042017 0.4994747899 0.0567226891 0.0451680672
2 0.9758403361 0.5021008403 0.0483193277 0.0840336134
2 0.9464285714 0.5057773109 0.0630252101 0.0913865546
1 0.2478991597 0.5845588235 0.0840336134 0.0640756303
1 0.3965336134 0.5740546218 0.0682773109 0.0535714286
1 0.3277310924 0.5835084034 0.0735294118 0.0577731092
1 0.4585084034 0.5724789916 0.0619747899 0.0525210084
1 0.5147058824 0.5719537815 0.0609243697 0.0514705882
2 0.9296218487 0.5803571429 0.0483193277 0.0430672269
1 0.2510504202 0.6733193277 0.0945378151 0.0735294118
1 0.3419117647 0.6664915966 0.0829831933 0.0703781513
1 0.4233193277 0.6649159664 0.0840336134 0.0609243697
1 0.5719537815 0.6481092437 0.0745798319 0.0609243697
1 0.4973739496 0.6586134454 0.0724789916 0.0609243697
1 0.6339285714 0.6439075630 0.0619747899 0.0588235294
1 0.7431722689 0.6397058824 0.0556722689 0.0546218487
1 0.7048319328 0.6948529412 0.0588235294 0.0598739496
1 0.7452731092 0.6948529412 0.0346638655 0.0556722689
1 0.6875000000 0.6407563025 0.0619747899 0.0525210084
1 0.7809873950 0.6938025210 0.0472689076 0.0577731092
1 0.7867647059 0.6386554622 0.0525210084 0.0567226891
1 0.8681722689 0.6554621849 0.0913865546 0.0882352941
1 0.9385504202 0.6481092437 0.0808823529 0.0840336134
1 0.9910714286 0.6433823529 0.0178571429 0.0850840336
1 0.2500000000 0.7436974790 0.0966386555 0.0756302521
1 0.3455882353 0.7363445378 0.0903361345 0.0735294118
1 0.4301470588 0.7310924370 0.0808823529 0.0756302521
1 0.5068277311 0.7184873950 0.0703781513 0.0672268908
1 0.5766806723 0.7095588235 0.0777310924 0.0640756303
1 0.6444327731 0.7022058824 0.0640756303 0.0640756303
