1 0.0123339658 0.0313092979 0.0246679317 0.0626185958
1 0.0844402277 0.0246679317 0.1271347249 0.0493358634
1 0.2049335863 0.0227703985 0.1214421252 0.0455407970
1 0.3036053131 0.0151802657 0.0872865275 0.0303605313
1 0.4240986717 0.0085388994 0.1119544592 0.0170777989
1 0.5075901328 0.0597722960 0.1195445920 0.1157495256
0 0.0047438330 0.1337760911 0.0094876660 0.0550284630
1 0.0607210626 0.2248576850 0.1062618596 0.1954459203
1 0.2523719165 0.0948766603 0.1138519924 0.0834914611
1 0.2647058824 0.1707779886 0.1005692600 0.0910815939
1 0.3861480076 0.1745730550 0.1271347249 0.0910815939
1 0.3833017078 0.0815939279 0.1366223909 0.1024667932
1 0.5170777989 0.1574952562 0.1271347249 0.0910815939
1 0.2590132827 0.2666034156 0.1081593928 0.1005692600
1 0.3747628083 0.2590132827 0.1081593928 0.1043643264
1 0.5113851992 0.2542694497 0.1195445920 0.1024667932
7 0.0180265655 0.5066413662 0.0360531309 0.1328273245
7 0.0664136622 0.4886148008 0.0721062619 0.1840607211
1 0.2115749526 0.4905123340 0.0740037951 0.1726755218
1 0.1394686907 0.4895635674 0.0664136622 0.1707779886
1 0.3548387097 0.4914611006 0.0796963947 0.1859582543
1 0.2827324478 0.4914611006 0.0759013283 0.1745730550
1 0.4421252372 0.4914611006 0.0910815939 0.1859582543
1 0.5313092979 0.4952561670 0.0910815939 0.1897533207
1 0.0360531309 0.7457305503 0.0721062619 0.1707779886
1 0.1413662239 0.7495256167 0.1612903226 0.1783681214
1 0.3083491461 0.7694497154 0.1764705882 0.1878557875
1 0.4848197343 0.7779886148 0.1764705882 0.1935483871
1 0.1252371917 0.9250474383 0.1631878558 0.1499051233
1 0.3007590133 0.9297912713 0.1726755218 0.1404174573
1 0.4421252372 0.9411764706 0.1024667932 0.1176470588
1 0.5436432638 0.9459203036 0.1081593928 0.1081593928
