2 0.1501865672 0.6856343284 0.1511194030 0.2705223881
2 0.0382462687 0.7285447761 0.0764925373 0.1921641791
8 0.2985074627 0.7574626866 0.1828358209 0.1194029851
8 0.3162313433 0.6436567164 0.1809701493 0.1194029851
1 0.3889925373 0.3488805970 0.1026119403 0.2462686567
1 0.2901119403 0.3880597015 0.1138059701 0.1791044776
1 0.1884328358 0.3880597015 0.1156716418 0.1791044776
1 0.0755597015 0.3871268657 0.1212686567 0.1847014925
1 0.0065298507 0.3889925373 0.0130597015 0.1847014925
1 0.1567164179 0.0541044776 0.1268656716 0.1044776119
1 0.0494402985 0.0503731343 0.0988805970 0.1007462687
1 0.2770522388 0.0541044776 0.1138059701 0.1044776119
1 0.0438432836 0.1548507463 0.0876865672 0.1119402985
1 0.1539179104 0.1567164179 0.1287313433 0.1044776119
1 0.2761194030 0.1576492537 0.1082089552 0.1063432836
1 0.3861940299 0.1623134328 0.1119402985 0.0970149254
1 0.3908582090 0.0597014925 0.1212686567 0.1156716418
