2 0.1190773067 0.1309226933 0.2381546135 0.1546134663
2 0.3653366584 0.1926433915 0.2967581047 0.2955112219
2 0.5704488778 0.1970074813 0.1683291771 0.3017456359
2 0.1433915212 0.3216957606 0.2743142145 0.2369077307
6 0.7618453865 0.3385286783 0.1022443890 0.0511221945
4 0.9731920200 0.3117206983 0.0536159601 0.0548628429
2 0.4033665835 0.3933915212 0.2680798005 0.1433915212
6 0.7082294264 0.3952618454 0.0523690773 0.0448877805
4 0.9731920200 0.3572319202 0.0536159601 0.0586034913
4 0.9725685786 0.4052369077 0.0548628429 0.0548628429
2 0.4258104738 0.4987531172 0.2456359102 0.1197007481
4 0.6028678304 0.4650872818 0.0835411471 0.0473815461
7 0.8179551122 0.4744389027 0.0399002494 0.0311720698
4 0.7306733167 0.4470074813 0.1072319202 0.0436408978
7 0.8185785536 0.4451371571 0.0411471322 0.0324189526
4 0.7306733167 0.4912718204 0.1097256858 0.0448877805
7 0.8547381546 0.4719451372 0.0361596010 0.0361596010
4 0.9788029925 0.4968827930 0.0423940150 0.0486284289
4 0.9731920200 0.4526184539 0.0536159601 0.0498753117
2 0.1926433915 0.5205735661 0.2655860349 0.2132169576
4 0.6072319202 0.5074812968 0.0847880299 0.0423940150
4 0.6103491272 0.5486284289 0.0910224439 0.0423940150
4 0.7294264339 0.5311720698 0.1072319202 0.0423940150
7 0.8254364090 0.5037406484 0.0249376559 0.0299251870
7 0.8273067332 0.5610972569 0.0261845387 0.0299251870
7 0.8273067332 0.5317955112 0.0261845387 0.0311720698
4 0.7325436409 0.5716957606 0.1059850374 0.0436408978
7 0.8559850374 0.5124688279 0.0336658354 0.0473815461
7 0.9775561097 0.5448877805 0.0448877805 0.0423940150
2 0.4420199501 0.6053615960 0.2356608479 0.1034912718
4 0.6147132170 0.5885286783 0.0872817955 0.0374064838
4 0.6190773067 0.6265586035 0.0860349127 0.0386533666
4 0.7356608479 0.6134663342 0.1072319202 0.0448877805
7 0.8291770574 0.6034912718 0.0299251870 0.0548628429
4 0.7394014963 0.6533665835 0.0997506234 0.0423940150
7 0.8591022444 0.6003740648 0.0349127182 0.0561097257
7 0.8915211970 0.6228179551 0.0349127182 0.0561097257
4 0.9769326683 0.6278054863 0.0461346633 0.0436408978
4 0.9781795511 0.5866583541 0.0436408978 0.0436408978
2 0.2487531172 0.7057356608 0.2331670823 0.1895261845
2 0.4594763092 0.7094763092 0.2331670823 0.0997506234
4 0.6265586035 0.7013715711 0.0835411471 0.0361596010
4 0.6234413965 0.6633416459 0.0847880299 0.0399002494
4 0.6334164589 0.7387780549 0.0773067332 0.0361596010
4 0.7387780549 0.7344139651 0.0885286783 0.0423940150
4 0.7362842893 0.6938902743 0.0910224439 0.0436408978
7 0.8316708229 0.6608478803 0.0299251870 0.0623441397
7 0.8341645885 0.7194513716 0.0274314214 0.0623441397
7 0.8597256858 0.6596009975 0.0386533666 0.0623441397
7 0.8615960100 0.7182044888 0.0349127182 0.0598503741
4 0.9781795511 0.7094763092 0.0436408978 0.0399002494
4 0.9781795511 0.6695760599 0.0436408978 0.0423940150
2 0.4750623441 0.8042394015 0.2294264339 0.0922693267
4 0.6421446384 0.8086034913 0.0723192020 0.0336658354
4 0.6365336658 0.7736907731 0.0735660848 0.0361596010
4 0.7425187032 0.7755610973 0.0910224439 0.0448877805
4 0.7450124688 0.8154613466 0.0885286783 0.0399002494
7 0.8634663342 0.8185785536 0.0286783042 0.0461346633
7 0.8360349127 0.7824189526 0.0261845387 0.0685785536
7 0.8640897756 0.7718204489 0.0374064838 0.0523690773
4 0.9775561097 0.7493765586 0.0448877805 0.0423940150
4 0.9781795511 0.7899002494 0.0436408978 0.0411471322
2 0.2880299252 0.8697007481 0.2194513716 0.1608478803
2 0.4862842893 0.8827930175 0.2219451372 0.0997506234
4 0.6471321696 0.8416458853 0.0748129676 0.0349127182
0 0.7518703242 0.8958852868 0.0972568579 0.0511221945
4 0.7468827930 0.8503740648 0.0872817955 0.0324189526
7 0.8391521197 0.8466334165 0.0249376559 0.0623441397
4 0.9763092269 0.8273067332 0.0473815461 0.0436408978
0 0.3896508728 0.9600997506 0.0885286783 0.0374064838
0 0.6234413965 0.9638403990 0.1047381546 0.0448877805
0 0.6315461347 0.9201995012 0.0935162095 0.0498753117
0 0.7531172070 0.9382793017 0.1047381546 0.0436408978
7 0.8678304239 0.9245635910 0.1122194514 0.0760598504
7 0.9819201995 0.9470074813 0.0361596010 0.0660847880
0 0.2786783042 0.9819201995 0.0660847880 0.0361596010
0 0.3771820449 0.9900249377 0.0960099751 0.0199501247
0 0.4937655860 0.9925187032 0.1047381546 0.0149625935
0 0.6184538653 0.9918952618 0.1047381546 0.0162094763
0 0.7562344140 0.9956359102 0.1184538653 0.0087281796
0 0.7568578554 0.9763092269 0.1122194514 0.0473815461
7 0.8746882793 0.9763092269 0.1084788030 0.0473815461
7 0.9881546135 0.9875311721 0.0236907731 0.0249376559
