0 0.1973237043 0.0121070518 0.0378079864 0.0242141037
5 0.2710280374 0.0070093458 0.0560747664 0.0140186916
5 0.3262531861 0.0057349193 0.0586236194 0.0114698386
5 0.6391248938 0.0131690739 0.0556499575 0.0263381478
5 0.7519116398 0.0014868309 0.0569243840 0.0029736619
2 0.1242565845 0.0637213254 0.1465590484 0.0900594732
0 0.0930331351 0.0197536109 0.0883602379 0.0395072218
5 0.2718776551 0.0522514868 0.0526762957 0.0849617672
5 0.3254035684 0.0482158029 0.0569243840 0.0802888700
5 0.4226847918 0.0333474936 0.0543755310 0.0666949873
5 0.4787595582 0.0329226848 0.0543755310 0.0658453696
5 0.5845369584 0.0150807137 0.0501274427 0.0301614274
5 0.5794392523 0.0522514868 0.0611724724 0.0518266780
5 0.6393372982 0.0484282073 0.0569243840 0.0569243840
6 0.7559473237 0.0339847069 0.0658453696 0.0679694138
6 0.8243415463 0.0261257434 0.0717926933 0.0522514868
6 0.9573067120 0.0254885302 0.0853865760 0.0509770603
2 0.1285046729 0.1418861512 0.1491079014 0.0875106202
6 0.2812234494 0.1291418862 0.0569243840 0.0798640612
6 0.3368734070 0.1274426508 0.0560747664 0.0858113849
5 0.4250212404 0.1004672897 0.0539507222 0.0794392523
5 0.4815208156 0.1042905692 0.0624468989 0.0879354291
6 0.5877230246 0.1083262532 0.0658453696 0.0713678845
6 0.7567969414 0.0928207307 0.0649957519 0.0666949873
6 0.8243415463 0.0766779949 0.0709430756 0.0717926933
6 0.8254035684 0.1399745115 0.0679694138 0.0700934579
6 0.9592183517 0.0802888700 0.0815632965 0.0739167375
6 0.2895072218 0.2062446899 0.0700934579 0.0862361937
6 0.3470688190 0.2121920136 0.0416312659 0.0573491929
5 0.4288445200 0.1733220051 0.0641461342 0.0764655905
5 0.4917162277 0.1809685641 0.0624468989 0.0679694138
6 0.5875106202 0.1726847918 0.0637213254 0.0700934579
6 0.7599830076 0.1505947324 0.0696686491 0.0632965166
1 0.7546728972 0.2153780799 0.0590484282 0.0696686491
1 0.8101104503 0.2126168224 0.0620220901 0.0751911640
6 0.9583687341 0.1463466440 0.0832625319 0.0717926933
8 0.1000424809 0.2655055225 0.0768903993 0.1588785047
8 0.2030586236 0.2606202209 0.0433305013 0.1567544605
6 0.2899320306 0.2820730671 0.0531011045 0.0798640612
6 0.3426083263 0.2780373832 0.0581988105 0.0768903993
6 0.4541206457 0.2366185217 0.1104502974 0.0713678845
6 0.5872982158 0.2376805438 0.0590484282 0.0726423110
1 0.7550977060 0.2873831776 0.0531011045 0.0751911640
1 0.9910790144 0.2251486831 0.0178419711 0.0705182668
1 0.9511469839 0.2242990654 0.0620220901 0.0713678845
1 0.3118096856 0.3417587086 0.1028037383 0.0539507222
6 0.4579439252 0.3587510620 0.1036533560 0.0675446049
6 0.4575191164 0.2999150382 0.1096006797 0.0671197961
1 0.5779524214 0.3576890399 0.0420560748 0.0594732370
1 0.6115123195 0.2954545455 0.1083262532 0.0666949873
1 0.8111724724 0.2890824129 0.0615972812 0.0811384877
1 0.9471112999 0.2943925234 0.0624468989 0.0730671198
1 0.9895921835 0.3581138488 0.0208156330 0.0679694138
1 0.9898045879 0.2909940527 0.0203908241 0.0671197961
1 0.1221325404 0.3759558199 0.1202209006 0.0552251487
1 0.3088360238 0.3927357689 0.0985556500 0.0497026338
1 0.4335174172 0.4273576890 0.0573491929 0.0722175021
1 0.4836448598 0.4252336449 0.0539507222 0.0730671198
1 0.5881478335 0.4173746814 0.0531011045 0.0590484282
1 0.6410365336 0.4171622770 0.0509770603 0.0645709431
1 0.7563721325 0.3629991504 0.0522514868 0.0751911640
1 0.8126593033 0.3661852167 0.0654205607 0.0807136788
1 0.9551826678 0.4288445200 0.0700934579 0.0683942226
1 0.9507221750 0.3634239592 0.0526762957 0.0675446049
1 0.9936278675 0.4239592184 0.0127442651 0.0662701784
1 0.1287170773 0.4883177570 0.1282922685 0.0531011045
1 0.1253186066 0.4350042481 0.1223449448 0.0577740017
1 0.2873831776 0.4929906542 0.0463041631 0.0658453696
1 0.3383602379 0.4885301614 0.0531011045 0.0654205607
1 0.3139337298 0.4388275276 0.0960067969 0.0475785896
1 0.4360662702 0.4959643161 0.0522514868 0.0726423110
1 0.4908666100 0.5021240442 0.0497026338 0.0705182668
1 0.5900594732 0.4764231096 0.0492778250 0.0590484282
1 0.6431605777 0.4772727273 0.0577740017 0.0590484282
1 0.7584961767 0.4369158879 0.0539507222 0.0785896347
1 0.7584961767 0.4377655055 0.0522514868 0.0819881054
1 0.8156329652 0.4398895497 0.0637213254 0.0675446049
1 0.9575191164 0.4978759558 0.0713678845 0.0696686491
1 0.9953271028 0.4898045879 0.0093457944 0.0679694138
1 0.1321155480 0.5420560748 0.1223449448 0.0535259133
1 0.2926932880 0.5556499575 0.0467289720 0.0645709431
1 0.3402718777 0.5497026338 0.0518266780 0.0611724724
1 0.4377655055 0.5734919286 0.0514018692 0.0747663551
1 0.4949022940 0.5720050977 0.0458793543 0.0700934579
1 0.6448598131 0.5373831776 0.0577740017 0.0594732370
1 0.5906966865 0.5365335599 0.0488530161 0.0594732370
1 0.7674171623 0.5157179269 0.0649957519 0.0722175021
1 0.8254035684 0.5157179269 0.0560747664 0.0688190314
1 0.9910790144 0.5630841121 0.0178419711 0.0675446049
1 0.9541206457 0.5641461342 0.0577740017 0.0628717077
1 0.1282922685 0.6153355990 0.1087510620 0.0938827528
1 0.2886576041 0.6140611725 0.0403568394 0.0573491929
1 0.3309260833 0.6100254885 0.0484282073 0.0603228547
1 0.4660152931 0.6448598131 0.1053525913 0.0688190314
1 0.6452846219 0.5930331351 0.0560747664 0.0577740017
1 0.5913338997 0.5945199660 0.0484282073 0.0573491929
1 0.7676295667 0.5813508921 0.0586236194 0.0624468989
5 0.7767629567 0.6482582838 0.0743415463 0.0348343246
1 0.8256159728 0.5832625319 0.0607476636 0.0662701784
1 0.9594307562 0.6285046729 0.0632965166 0.0683942226
1 0.9942650807 0.6261682243 0.0114698386 0.0662701784
7 0.1399745115 0.6932880204 0.1168224299 0.0552251487
7 0.2939677145 0.7221750212 0.0475785896 0.0594732370
1 0.2905692438 0.6682242991 0.0390824129 0.0560747664
1 0.3328377230 0.6661002549 0.0514018692 0.0560747664
7 0.4403143585 0.7073067120 0.0488530161 0.0603228547
7 0.4908666100 0.7083687341 0.0531011045 0.0615972812
1 0.5938827528 0.6548428207 0.0543755310 0.0641461342
1 0.5979184367 0.7204757859 0.0615972812 0.0679694138
1 0.6588785047 0.7200509771 0.0620220901 0.0679694138
1 0.6582412914 0.6554800340 0.0607476636 0.0577740017
5 0.7691163976 0.6826677995 0.0624468989 0.0339847069
5 0.7576465590 0.7172897196 0.0378079864 0.0386576041
7 0.1410365336 0.7495751912 0.1180968564 0.0514018692
7 0.2977909941 0.7771877655 0.0475785896 0.0598980459
7 0.3394222600 0.7810110450 0.0399320306 0.0531011045
7 0.3372982158 0.7236618522 0.0433305013 0.0581988105
7 0.3782922685 0.7829226848 0.0361087511 0.0594732370
7 0.4415887850 0.7695412065 0.0497026338 0.0615972812
7 0.3714953271 0.7242990654 0.0335598980 0.0577740017
7 0.4919286321 0.7712404418 0.0535259133 0.0632965166
7 0.5968564146 0.7884451997 0.0509770603 0.0722175021
7 0.6476210705 0.7882327952 0.0531011045 0.0692438403
7 0.6922259983 0.7907816483 0.0403568394 0.0658453696
5 0.7888700085 0.7950297366 0.0339847069 0.0293118097
5 0.7941801189 0.7512744265 0.0344095157 0.0242141037
5 0.7589209856 0.7850467290 0.0301614274 0.0331350892
5 0.7589209856 0.7531860663 0.0344095157 0.0356839422
5 0.8230671198 0.7912064571 0.0327102804 0.0284621920
7 0.9483857264 0.7514868309 0.0403568394 0.0399320306
7 0.9496601529 0.7909940527 0.0386576041 0.0450297366
7 0.9827952421 0.7899320306 0.0344095157 0.0463041631
7 0.9815208156 0.7459643161 0.0369583687 0.0433305013
7 0.9942650807 0.7272727273 0.0114698386 0.0356839422
7 0.1518691589 0.7984282073 0.1304163127 0.0514018692
7 0.1499575191 0.8489804588 0.1265930331 0.0539507222
7 0.3007646559 0.8368734070 0.0416312659 0.0662701784
7 0.3428207307 0.8423959218 0.0441801189 0.0586236194
7 0.3770178420 0.8462192014 0.0318606627 0.0594732370
7 0.4934154630 0.8358113849 0.0522514868 0.0641461342
7 0.4454120646 0.8341121495 0.0488530161 0.0649957519
7 0.5994052676 0.8542905692 0.0509770603 0.0705182668
7 0.6491079014 0.8572642311 0.0543755310 0.0713678845
7 0.6947748513 0.8576890399 0.0403568394 0.0671197961
7 0.7850467290 0.8271028037 0.0832625319 0.0382327952
7 0.7861087511 0.8623619371 0.0794392523 0.0356839422
7 0.9494477485 0.8288020391 0.0390824129 0.0348343246
7 0.9645284622 0.8610875106 0.0658453696 0.0373831776
7 0.9832200510 0.8264655905 0.0335598980 0.0352591334
7 0.1663126593 0.9139762107 0.1644010195 0.0564995752
7 0.3419711130 0.9035683942 0.0399320306 0.0569243840
7 0.3028887001 0.8988954970 0.0365335599 0.0577740017
7 0.3812659303 0.9137638063 0.0420560748 0.0611724724
7 0.4471112999 0.8967714528 0.0488530161 0.0611724724
7 0.4929906542 0.8997451147 0.0471537808 0.0637213254
7 0.5998300765 0.9233220051 0.0552251487 0.0700934579
7 0.6527187766 0.9248088360 0.0488530161 0.0730671198
7 0.6971112999 0.9299065421 0.0424808836 0.0688190314
7 0.7920560748 0.8937977910 0.0913338997 0.0424808836
3 0.7899320306 0.9316057774 0.0819881054 0.0433305013
7 0.9666525064 0.8963466440 0.0666949873 0.0433305013
7 0.9668649108 0.9305437553 0.0662701784 0.0412064571
7 0.1726847918 0.9719626168 0.1635514019 0.0560747664
7 0.3079864061 0.9730246389 0.0399320306 0.0539507222
7 0.3462192014 0.9730246389 0.0424808836 0.0539507222
7 0.4991503823 0.9655904843 0.0492778250 0.0671197961
7 0.4492353441 0.9587935429 0.0480033985 0.0671197961
7 0.6556924384 0.9800339847 0.0539507222 0.0399320306
7 0.6036533560 0.9785471538 0.0543755310 0.0429056924
3 0.7699660153 0.9919286321 0.0352591334 0.0161427358
3 0.7914188615 0.9687765506 0.0824129142 0.0454545455
3 0.8071367884 0.9938402719 0.0407816483 0.0123194562
7 0.9677145285 0.9628292268 0.0645709431 0.0318606627
7 0.9681393373 0.9893797791 0.0637213254 0.0212404418
