7 0.0307692308 0.0209790210 0.0615384615 0.0419580420
1 0.1776223776 0.0069930070 0.1650349650 0.0139860140
7 0.5566433566 0.0062937063 0.0419580420 0.0125874126
4 0.8069930070 0.0146853147 0.1510489510 0.0293706294
1 0.0279720280 0.0895104895 0.0559440559 0.0979020979
1 0.1797202797 0.0328671329 0.1692307692 0.0517482517
1 0.1818181818 0.0818181818 0.1762237762 0.0629370629
1 0.3223776224 0.0440559441 0.1048951049 0.0685314685
1 0.4202797203 0.0405594406 0.0993006993 0.0811188811
7 0.5265734266 0.0237762238 0.0573426573 0.0167832168
7 0.6000000000 0.0188811189 0.0895104895 0.0265734266
1 0.5762237762 0.0958041958 0.1930069930 0.0601398601
4 0.8244755245 0.0454545455 0.1608391608 0.0405594406
1 0.1874125874 0.1405594406 0.1762237762 0.0545454545
1 0.3384615385 0.1272727273 0.1174825175 0.0951048951
1 0.4356643357 0.1300699301 0.1020979021 0.1006993007
1 0.5958041958 0.1461538462 0.2069930070 0.0601398601
4 0.8874125874 0.1706293706 0.2111888112 0.1006993007
4 0.8447552448 0.1006993007 0.2041958042 0.0587412587
1 0.0258741259 0.2132867133 0.0517482517 0.1524475524
1 0.1895104895 0.1979020979 0.1888111888 0.0657342657
1 0.3468531469 0.2153846154 0.1118881119 0.0923076923
1 0.4433566434 0.2174825175 0.1006993007 0.0853146853
1 0.6139860140 0.2265734266 0.2377622378 0.0979020979
1 0.0237762238 0.3664335664 0.0475524476 0.1790209790
1 0.1930069930 0.2790209790 0.1902097902 0.0741258741
1 0.1979020979 0.3559440559 0.1832167832 0.0881118881
1 0.3580419580 0.3069930070 0.1146853147 0.0937062937
1 0.4601398601 0.3083916084 0.1062937063 0.0965034965
1 0.6447552448 0.3202797203 0.2405594406 0.1118881119
1 0.8937062937 0.2860139860 0.2125874126 0.1468531469
1 0.1951048951 0.4391608392 0.2055944056 0.0783216783
1 0.3706293706 0.4055944056 0.1090909091 0.1034965035
1 0.4839160839 0.4069930070 0.1174825175 0.1090909091
1 0.6874125874 0.4293706294 0.2727272727 0.1258741259
1 0.9314685315 0.4251748252 0.1370629371 0.0979020979
1 0.1972027972 0.5251748252 0.2153846154 0.0881118881
1 0.4447552448 0.5405594406 0.2349650350 0.1608391608
1 0.9636363636 0.5300699301 0.0727272727 0.0811188811
1 0.0195804196 0.5552447552 0.0391608392 0.2041958042
1 0.2013986014 0.6083916084 0.2181818182 0.0951048951
1 0.7209790210 0.5629370629 0.2979020979 0.1524475524
