1 0.0714285714 0.0197044335 0.1001642036 0.0394088670
1 0.0098522167 0.0155993432 0.0197044335 0.0311986864
1 0.2044334975 0.0139573071 0.0968801314 0.0279146141
1 0.3029556650 0.0082101806 0.1034482759 0.0164203612
1 0.4671592775 0.0303776683 0.0968801314 0.0607553366
1 0.5673234811 0.0311986864 0.1001642036 0.0623973727
1 0.0722495895 0.0886699507 0.1018062397 0.1018062397
1 0.0090311987 0.0903119869 0.0180623974 0.1083743842
1 0.2101806240 0.0845648604 0.1018062397 0.1034482759
1 0.3128078818 0.0812807882 0.1100164204 0.1067323481
1 0.6929392447 0.0418719212 0.0558292282 0.0837438424
1 0.9844006568 0.1190476190 0.0311986864 0.2216748768
1 0.0763546798 0.2019704433 0.1067323481 0.1083743842
1 0.0123152709 0.1986863711 0.0246305419 0.1116584565
1 0.2183908046 0.1929392447 0.1050903120 0.1034482759
1 0.3226600985 0.1888341544 0.1100164204 0.0985221675
1 0.4712643678 0.1330049261 0.0985221675 0.1182266010
1 0.5722495895 0.1272577997 0.1034482759 0.1198686371
1 0.0114942529 0.3136288998 0.0229885057 0.1116584565
1 0.0763546798 0.3193760263 0.1100164204 0.1133004926
1 0.3300492611 0.3021346470 0.1149425287 0.1116584565
1 0.2216748768 0.2996715928 0.1050903120 0.1133004926
1 0.4819376026 0.2495894910 0.1034482759 0.1215106732
1 0.5837438424 0.2454844007 0.1001642036 0.1231527094
1 0.7298850575 0.3226600985 0.1198686371 0.1297208539
1 0.8505747126 0.3325123153 0.1050903120 0.1297208539
1 0.0106732348 0.4302134647 0.0213464696 0.1149425287
1 0.0755336617 0.4326765189 0.1083743842 0.1133004926
1 0.3357963875 0.4170771757 0.1165845649 0.1083743842
1 0.2282430213 0.4137931034 0.1083743842 0.1215106732
1 0.4745484401 0.3784893268 0.1215106732 0.1297208539
1 0.5935960591 0.3727422003 0.1198686371 0.1280788177
1 0.9926108374 0.3555008210 0.0147783251 0.2380952381
1 0.2298850575 0.5394088670 0.1149425287 0.1264367816
1 0.3431855501 0.5361247947 0.1149425287 0.1231527094
1 0.4991789819 0.5106732348 0.1083743842 0.1346469622
1 0.6124794745 0.5073891626 0.1182266010 0.1379310345
1 0.7479474548 0.4696223317 0.1395730706 0.1379310345
1 0.8735632184 0.4688013136 0.1215106732 0.1395730706
1 0.9737274220 0.4614121511 0.0525451560 0.1379310345
1 0.0065681445 0.5550082102 0.0131362890 0.1182266010
1 0.0722495895 0.5500821018 0.1182266010 0.1215106732
1 0.6223316913 0.6494252874 0.1182266010 0.1395730706
1 0.5016420361 0.6502463054 0.1264367816 0.1444991790
1 0.7577996716 0.6206896552 0.1198686371 0.1477832512
1 0.8850574713 0.6272577997 0.1313628900 0.1543513957
1 0.9696223317 0.6165845649 0.0607553366 0.1461412151
1 0.0065681445 0.6773399015 0.0131362890 0.1264367816
1 0.0722495895 0.6756978654 0.1182266010 0.1231527094
1 0.3497536946 0.6650246305 0.1215106732 0.1280788177
1 0.2348111658 0.6666666667 0.1182266010 0.1313628900
5 0.0697865353 0.8267651888 0.1395730706 0.0903119869
5 0.2422003284 0.8464696223 0.1165845649 0.1494252874
5 0.3522167488 0.8407224959 0.1100164204 0.1477832512
5 0.5221674877 0.8390804598 0.1182266010 0.1379310345
5 0.6395730706 0.8341543514 0.1001642036 0.1313628900
5 0.8793103448 0.8333333333 0.1231527094 0.1691297209
5 0.0336617406 0.9376026273 0.0673234811 0.1247947455
5 0.1059113300 0.9367816092 0.0640394089 0.1264367816
5 0.5311986864 0.9540229885 0.1034482759 0.0919540230
5 0.6444991790 0.9523809524 0.1100164204 0.0952380952
5 0.7684729064 0.9581280788 0.1215106732 0.0837438424
5 0.2364532020 0.9630541872 0.1182266010 0.0738916256
5 0.3530377668 0.9605911330 0.1149425287 0.0788177340
5 0.8760262726 0.9614121511 0.0968801314 0.0771756979
