1 0.1316211878 0.0593900482 0.1894060995 0.0577849117
1 0.1324237560 0.0192616372 0.1845906902 0.0385232745
1 0.3908507223 0.0417335474 0.0947030498 0.0642054575
1 0.2921348315 0.0353130016 0.1123595506 0.0642054575
7 0.5321027287 0.0176565008 0.0947030498 0.0353130016
7 0.5666131621 0.0561797753 0.0481540931 0.0609951846
4 0.8266452648 0.0176565008 0.1733547352 0.0353130016
4 0.8539325843 0.0690208668 0.1733547352 0.0738362761
1 0.1340288925 0.1099518459 0.1942215088 0.0593900482
1 0.1364365971 0.1661316212 0.2022471910 0.0722311396
1 0.2977528090 0.1227929374 0.1203852327 0.0786516854
1 0.4101123596 0.1187800963 0.1139646870 0.0930979133
7 0.5321027287 0.0995184591 0.0658105939 0.0192616372
7 0.6163723917 0.0939004815 0.1027287319 0.0304975923
1 0.5890850722 0.1821829856 0.2215088283 0.0690208668
4 0.8739967897 0.1243980738 0.1845906902 0.0465489567
1 0.1428571429 0.2335473515 0.2022471910 0.0626003210
1 0.3162118780 0.2182985554 0.1348314607 0.1091492777
1 0.4277688604 0.2215088283 0.1171749599 0.1155698234
1 0.6115569823 0.2399678973 0.2375601926 0.0690208668
4 0.9125200642 0.2680577849 0.1749598716 0.1155698234
4 0.8900481541 0.1878009631 0.2199036918 0.0674157303
1 0.1452648475 0.2993579454 0.2166934189 0.0754414125
1 0.3258426966 0.3194221509 0.1284109149 0.1059390048
1 0.4365971108 0.3218298555 0.1155698234 0.0979133226
1 0.6324237560 0.3322632424 0.2728731942 0.1123595506
1 0.1492776886 0.3924558587 0.2182985554 0.0850722311
1 0.1548956661 0.4807383628 0.2102728732 0.1011235955
1 0.3386837881 0.4245585875 0.1316211878 0.1075441413
1 0.4558587480 0.4261637239 0.1219903692 0.1107544141
1 0.6677367576 0.4398073836 0.2760834671 0.1284109149
1 0.9157303371 0.4004815409 0.1685393258 0.1685393258
1 0.1516853933 0.5762439807 0.2359550562 0.0898876404
1 0.3531300161 0.5377207063 0.1252006421 0.1187800963
1 0.4831460674 0.5393258427 0.1348314607 0.1252006421
1 0.7166934189 0.5650080257 0.3130016051 0.1444622793
1 0.9590690209 0.5601926164 0.0818619583 0.1123595506
1 0.1540930979 0.6749598716 0.2471910112 0.1011235955
1 0.4382022472 0.6926163724 0.2696629213 0.1845906902
1 0.9959871589 0.6805778491 0.0080256822 0.0930979133
1 0.1589085072 0.7704654896 0.2504012841 0.1091492777
1 0.7552166934 0.7182985554 0.3418940610 0.1749598716
