4 0.3686419753 0.0182716049 0.0804938272 0.0365432099
7 0.0362962963 0.0244444444 0.0725925926 0.0488888889
7 0.1012345679 0.0195061728 0.0632098765 0.0390123457
7 0.1637037037 0.0209876543 0.0735802469 0.0419753086
7 0.2293827160 0.0195061728 0.0824691358 0.0390123457
4 0.2997530864 0.0209876543 0.0819753086 0.0419753086
5 0.4503703704 0.0182716049 0.0977777778 0.0365432099
5 0.5419753086 0.0175308642 0.0992592593 0.0350617284
0 0.7219753086 0.0180246914 0.0928395062 0.0360493827
0 0.8150617284 0.0165432099 0.0992592593 0.0330864198
0 0.9106172840 0.0150617284 0.0967901235 0.0301234568
0 0.7903703704 0.1829629630 0.1032098765 0.1051851852
0 0.0219753086 0.2111111111 0.0439506173 0.1624691358
0 0.0637037037 0.2093827160 0.0898765432 0.1590123457
7 0.1624691358 0.2195061728 0.1362962963 0.1466666667
7 0.2535802469 0.2202469136 0.0706172840 0.1392592593
7 0.3190123457 0.2207407407 0.0701234568 0.1432098765
4 0.4353086420 0.2177777778 0.0627160494 0.1530864198
4 0.3765432099 0.2190123457 0.0518518519 0.1466666667
4 0.4955555556 0.2187654321 0.0656790123 0.1491358025
4 0.5535802469 0.2185185185 0.0622222222 0.1506172840
5 0.7032098765 0.2162962963 0.0879012346 0.1540740741
0 0.8817283951 0.2096296296 0.1022222222 0.1595061728
0 0.9572839506 0.2096296296 0.0854320988 0.1525925926
1 0.0019753086 0.4397530864 0.0039506173 0.1200000000
1 0.0340740741 0.4434567901 0.0681481481 0.1214814815
1 0.0812345679 0.4429629630 0.0765432099 0.1204938272
1 0.1350617284 0.4427160494 0.0716049383 0.1209876543
1 0.1888888889 0.4439506173 0.0686419753 0.1214814815
1 0.2432098765 0.4437037037 0.0696296296 0.1200000000
4 0.4720987654 0.4437037037 0.0533333333 0.1200000000
1 0.3244444444 0.4567901235 0.1056790123 0.0958024691
4 0.4125925926 0.4466666667 0.0795061728 0.1249382716
4 0.5340740741 0.4466666667 0.0716049383 0.1288888889
4 0.5975308642 0.4525925926 0.0622222222 0.1170370370
6 0.6560493827 0.4488888889 0.0627160494 0.1264197531
6 0.7800000000 0.4516049383 0.0607407407 0.1279012346
6 0.7172839506 0.4498765432 0.0637037037 0.1264197531
0 0.8550617284 0.4787654321 0.0933333333 0.0686419753
0 0.9501234568 0.4832098765 0.0997530864 0.0666666667
0 0.7306172840 0.6138271605 0.0864197531 0.0750617284
1 0.0229629630 0.6375308642 0.0459259259 0.1116049383
1 0.0651851852 0.6365432099 0.0701234568 0.1116049383
1 0.1718518519 0.6375308642 0.0691358025 0.1007407407
1 0.1192592593 0.6380246914 0.0696296296 0.1037037037
1 0.2256790123 0.6380246914 0.0622222222 0.1037037037
1 0.2800000000 0.6385185185 0.0641975309 0.1076543210
7 0.3350617284 0.6385185185 0.0627160494 0.1116049383
7 0.3869135802 0.6400000000 0.0597530864 0.1135802469
7 0.4397530864 0.6400000000 0.0567901235 0.1116049383
7 0.4940740741 0.6439506173 0.0587654321 0.1125925926
7 0.5479012346 0.6441975309 0.0567901235 0.1091358025
7 0.6044444444 0.6456790123 0.0592592593 0.1140740741
7 0.6607407407 0.6461728395 0.0582716049 0.1170370370
0 0.7279012346 0.6758024691 0.0859259259 0.0607407407
0 0.8120987654 0.6827160494 0.0913580247 0.0548148148
0 0.8158024691 0.6246913580 0.0898765432 0.0711111111
0 0.9029629630 0.6429629630 0.1002469136 0.1234567901
0 0.9725925926 0.6466666667 0.0548148148 0.1298765432
7 0.5034567901 0.7967901235 0.0617283951 0.0814814815
7 0.4503703704 0.7953086420 0.0671604938 0.0775308642
7 0.6160493827 0.7995061728 0.0627160494 0.0809876543
7 0.5590123457 0.7985185185 0.0582716049 0.0829629630
7 0.6693827160 0.8012345679 0.0676543210 0.0804938272
7 0.7802469136 0.8074074074 0.0760493827 0.0859259259
7 0.7244444444 0.8044444444 0.0720987654 0.0829629630
1 0.0306172840 0.8817283951 0.0612345679 0.0953086420
1 0.0841975309 0.8827160494 0.0637037037 0.0962962963
1 0.1849382716 0.8955555556 0.0666666667 0.1012345679
1 0.1328395062 0.8837037037 0.0622222222 0.0962962963
1 0.2377777778 0.8972839506 0.0607407407 0.1066666667
1 0.3441975309 0.9032098765 0.0622222222 0.1007407407
1 0.2918518519 0.9017283951 0.0641975309 0.1017283951
1 0.3970370370 0.9051851852 0.0602469136 0.1027160494
7 0.4513580247 0.9069135802 0.0612345679 0.1051851852
7 0.5066666667 0.9069135802 0.0602469136 0.1081481481
7 0.5607407407 0.9093827160 0.0617283951 0.1091358025
7 0.6172839506 0.9118518519 0.0602469136 0.1130864198
7 0.6750617284 0.9150617284 0.0602469136 0.1125925926
7 0.7286419753 0.9170370370 0.0607407407 0.1135802469
0 0.8585185185 0.9170370370 0.0893827160 0.1145679012
7 0.7856790123 0.9172839506 0.0622222222 0.1071604938
0 0.9427160494 0.9160493827 0.0987654321 0.1116049383
0 0.9898765432 0.9158024691 0.0202469136 0.1219753086
