1 0.0133333333 0.0472727273 0.0266666667 0.0945454545
1 0.0460606061 0.0490909091 0.0557575758 0.0981818182
1 0.1236363636 0.0509090909 0.1163636364 0.1018181818
1 0.2309090909 0.0527272727 0.1103030303 0.1054545455
1 0.3127272727 0.0539393939 0.0460606061 0.1078787879
1 0.0151515152 0.1496969697 0.0303030303 0.1127272727
1 0.0478787879 0.1503030303 0.0569696970 0.1115151515
1 0.0951515152 0.1527272727 0.0545454545 0.1090909091
1 0.1436363636 0.1527272727 0.0569696970 0.1090909091
1 0.1933333333 0.1551515152 0.0545454545 0.1115151515
1 0.2690909091 0.1581818182 0.1090909091 0.1103030303
1 0.0272727273 0.2484848485 0.0545454545 0.0630303030
1 0.0818181818 0.2563636364 0.0521212121 0.0545454545
1 0.1412121212 0.2563636364 0.0715151515 0.0593939394
1 0.2121212121 0.2581818182 0.0703030303 0.0533333333
1 0.2812121212 0.2569696970 0.0678787879 0.0557575758
3 0.3278787879 0.2569696970 0.0254545455 0.0387878788
1 0.0284848485 0.3109090909 0.0569696970 0.0618181818
1 0.0860606061 0.3133333333 0.0606060606 0.0618181818
1 0.1436363636 0.3139393939 0.0618181818 0.0581818182
3 0.3278787879 0.2933333333 0.0278787879 0.0363636364
1 0.2787878788 0.2969696970 0.0703030303 0.0290909091
3 0.3284848485 0.3296969697 0.0315151515 0.0363636364
1 0.0727272727 0.4339393939 0.0630303030 0.0678787879
1 0.0430303030 0.3769696970 0.0715151515 0.0484848485
1 0.1327272727 0.4369696970 0.0569696970 0.0666666667
1 0.1145454545 0.3793939394 0.0690909091 0.0484848485
1 0.1890909091 0.4339393939 0.0581818182 0.0751515152
1 0.2454545455 0.4478787879 0.0593939394 0.1103030303
1 0.3103030303 0.4193939394 0.0727272727 0.0557575758
1 0.0448484848 0.5509090909 0.0703030303 0.0787878788
1 0.1733333333 0.5545454545 0.0654545455 0.0739393939
1 0.1090909091 0.5527272727 0.0703030303 0.0775757576
1 0.2339393939 0.5551515152 0.0581818182 0.0751515152
1 0.3103030303 0.4769696970 0.0727272727 0.0642424242
1 0.2896969697 0.5721212121 0.0606060606 0.1066666667
1 0.1781818182 0.6672727273 0.0678787879 0.0618181818
1 0.1157575758 0.6618181818 0.0569696970 0.0533333333
1 0.3193939394 0.6684848485 0.0593939394 0.0618181818
1 0.0533333333 0.6848484848 0.0557575758 0.0484848485
1 0.1078787879 0.7151515152 0.0484848485 0.0533333333
1 0.0509090909 0.7321212121 0.0557575758 0.0436363636
1 0.1060606061 0.7745454545 0.0521212121 0.0606060606
1 0.1775757576 0.7521212121 0.0957575758 0.1103030303
2 0.2545454545 0.7206060606 0.0751515152 0.1636363636
2 0.3187878788 0.7533333333 0.0581818182 0.1127272727
1 0.0509090909 0.7806060606 0.0581818182 0.0460606061
8 0.0951515152 0.8606060606 0.0496969697 0.0775757576
8 0.1727272727 0.8600000000 0.0521212121 0.0763636364
8 0.2600000000 0.8593939394 0.0593939394 0.0727272727
7 0.8824242424 0.8206060606 0.0533333333 0.0363636364
7 0.9448484848 0.8496969697 0.0569696970 0.0363636364
7 0.9872727273 0.8472727273 0.0254545455 0.0315151515
1 0.2096969697 0.2969696970 0.0703030303 0.0266666667
