5 0.1160809372 0.0287539936 0.1427050053 0.0553780618
5 0.5676251331 0.0170394036 0.0937167199 0.0340788072
5 0.1150159744 0.0851970181 0.1427050053 0.0553780618
5 0.3232161874 0.0378061768 0.1544195953 0.0756123536
5 0.4765708200 0.0394036209 0.0862619808 0.0788072417
5 0.4616613419 0.0995740149 0.0500532481 0.0521831736
5 0.5660276890 0.0846645367 0.0947816826 0.1118210863
5 0.6954206603 0.0825346113 0.0404685836 0.0905218317
5 0.6517571885 0.0851970181 0.0532481363 0.0979765708
5 0.7827476038 0.0575079872 0.0958466454 0.1150159744
5 0.9174653887 0.0484558040 0.1650692226 0.0969116081
5 0.1182108626 0.1506922258 0.1384451544 0.0607028754
5 0.3237486688 0.1144834931 0.1533546326 0.0628328009
5 0.7720979766 0.1624068158 0.1022364217 0.0841320554
5 0.9164004260 0.1458998935 0.1671991480 0.1107561235
5 0.1160809372 0.2161874334 0.1427050053 0.0660276890
5 0.3232161874 0.1714589989 0.1544195953 0.0532481363
5 0.4787007455 0.1719914803 0.0692225772 0.0947816826
5 0.5623003195 0.1746538871 0.1043663472 0.0915867945
5 0.6709265176 0.1693290735 0.1043663472 0.0894568690
1 0.5851970181 0.2912673056 0.2076677316 0.1246006390
1 0.0527156550 0.3237486688 0.0990415335 0.1277955272
1 0.1480298190 0.3226837061 0.0937167199 0.1256656017
1 0.3162939297 0.3658146965 0.1874334398 0.0990415335
1 0.0037273695 0.4132055378 0.0074547391 0.0979765708
1 0.0649627263 0.4403620873 0.1043663472 0.1203407881
1 0.1565495208 0.4355697551 0.0830670927 0.1150159744
1 0.5851970181 0.4030883919 0.2034078807 0.1288604899
2 0.8099041534 0.3908413206 0.1224707135 0.1640042599
2 0.9302449414 0.3791267306 0.1224707135 0.1597444089
1 0.0047923323 0.5042598509 0.0095846645 0.1011714590
1 0.3210862620 0.4616613419 0.1884984026 0.1011714590
7 0.9893503727 0.4696485623 0.0212992545 0.1384451544
1 0.0686900958 0.5532481363 0.1011714590 0.1139510117
1 0.1592119276 0.5484558040 0.0862619808 0.1150159744
1 0.3280085197 0.5569755059 0.1874334398 0.1043663472
1 0.5990415335 0.5191693291 0.2097976571 0.1246006390
1 0.0074547391 0.5947816826 0.0149094782 0.0947816826
1 0.6022364217 0.6405750799 0.2119275825 0.1246006390
1 0.0111821086 0.6938232162 0.0223642173 0.1075612354
1 0.0692225772 0.6650692226 0.0979765708 0.1139510117
1 0.1597444089 0.6608093717 0.0915867945 0.1203407881
1 0.3296059638 0.6576144835 0.1927582535 0.1096911608
1 0.0708200213 0.7758253461 0.0969116081 0.1182108626
1 0.1613418530 0.7720979766 0.0947816826 0.1214057508
1 0.3003194888 0.7678381257 0.0958466454 0.1214057508
1 0.3897763578 0.7651757188 0.0937167199 0.1182108626
1 0.6017039404 0.7646432375 0.2066027689 0.1277955272
1 0.8812566560 0.7422790202 0.1906283280 0.1661341853
7 0.9824281150 0.7300319489 0.0351437700 0.1160809372
1 0.0117145900 0.7928647497 0.0234291800 0.1054313099
