2 0.2480739599 0.0523882897 0.1263482280 0.1047765794
2 0.3813559322 0.0785824345 0.1556240370 0.1571648690
1 0.5184899846 0.0570107858 0.0970724191 0.1140215716
1 0.6132511556 0.0708782743 0.0986132512 0.1417565485
1 0.7018489985 0.0885978428 0.1155624037 0.1771956857
1 0.8081664099 0.1132511556 0.1309707242 0.2234206471
1 0.2573189522 0.3228043143 0.1510015408 0.1833590139
1 0.3929121726 0.3474576271 0.1325115562 0.1864406780
1 0.5184899846 0.3536209553 0.1093990755 0.1679506934
1 0.6263482280 0.3613251156 0.1155624037 0.1833590139
1 0.7280431433 0.3328197227 0.1032357473 0.0893682589
1 0.7311248074 0.4036979969 0.0970724191 0.1016949153
1 0.3921417565 0.5762711864 0.1124807396 0.1201848998
1 0.5107858243 0.5762711864 0.1309707242 0.1171032357
1 0.6355932203 0.5824345146 0.1155624037 0.1140215716
1 0.7380585516 0.5878274268 0.0893682589 0.1093990755
1 0.2642526965 0.6679506934 0.1248073960 0.0477657935
1 0.2580893683 0.7334360555 0.1186440678 0.0832049307
1 0.3967642527 0.6979969183 0.1340523883 0.0986132512
1 0.5053929122 0.7134052388 0.0924499230 0.0708782743
1 0.6070878274 0.7234206471 0.1171032357 0.0970724191
1 0.7095531587 0.7349768875 0.0939907550 0.0801232666
3 0.2750385208 0.8281972265 0.1556240370 0.0785824345
1 0.4129429892 0.8351309707 0.1263482280 0.0986132512
1 0.5454545455 0.8412942989 0.1232665639 0.1078582435
1 0.6448382126 0.8775038521 0.0939907550 0.1771956857
1 0.7973805855 0.8782742681 0.0816640986 0.1694915254
1 0.7249614792 0.8767334361 0.0816640986 0.1725731895
1 0.8536209553 0.8813559322 0.0616332820 0.1694915254
3 0.2303543914 0.9699537750 0.0847457627 0.0600924499
3 0.2742681048 0.8990755008 0.1571648690 0.0816640986
3 0.3089368259 0.9684129430 0.0755007704 0.0631741140
1 0.4114021572 0.9414483821 0.1325115562 0.1047765794
1 0.5338983051 0.9530046225 0.1217257319 0.0939907550
