1 0.6891217565 0.0099800399 0.0948103792 0.0199600798
1 0.0259481038 0.0084830339 0.0518962076 0.0169660679
1 0.1711576846 0.0054890220 0.0688622754 0.0109780439
1 0.1696606786 0.0329341317 0.0678642715 0.0479041916
1 0.3093812375 0.0229540918 0.0538922156 0.0459081836
1 0.3602794411 0.0214570858 0.0499001996 0.0429141717
1 0.5179640719 0.0474051896 0.0359281437 0.0369261477
1 0.4765469062 0.0404191617 0.0568862275 0.0568862275
1 0.4785429142 0.0054890220 0.0568862275 0.0109780439
1 0.6916167665 0.0434131737 0.1017964072 0.0648702595
1 0.0254491018 0.1162674651 0.0508982036 0.0449101796
1 0.0249500998 0.1586826347 0.0499001996 0.0439121756
1 0.1576846307 0.1492015968 0.0538922156 0.0628742515
1 0.2030938124 0.0853293413 0.0528942116 0.0608782435
1 0.2070858283 0.1511976048 0.0489021956 0.0628742515
1 0.3438123752 0.0913173653 0.0249500998 0.0548902196
1 0.3013972056 0.0828343313 0.0518962076 0.0638722555
1 0.3028942116 0.1457085828 0.0528942116 0.0479041916
1 0.3433133733 0.1442115768 0.0279441118 0.0429141717
1 0.5194610778 0.1387225549 0.0269461078 0.0339321357
1 0.5194610778 0.0943113772 0.0289421158 0.0568862275
1 0.4805389222 0.1501996008 0.0528942116 0.0528942116
1 0.4805389222 0.0938123752 0.0469061876 0.0558882236
1 0.6641716567 0.1596806387 0.0508982036 0.0598802395
1 0.6636726547 0.1037924152 0.0518962076 0.0578842315
1 0.7125748503 0.1641716567 0.0518962076 0.0608782435
1 0.7165668663 0.1057884232 0.0518962076 0.0598802395
1 0.0254491018 0.2015968064 0.0508982036 0.0439121756
1 0.0249500998 0.2589820359 0.0499001996 0.0429141717
1 0.1556886228 0.2085828343 0.0499001996 0.0558882236
1 0.1551896208 0.2679640719 0.0469061876 0.0588822355
1 0.2055888224 0.2155688623 0.0518962076 0.0598802395
1 0.2055888224 0.2739520958 0.0538922156 0.0588822355
1 0.4695608782 0.2839321357 0.0528942116 0.0688622754
1 0.4690618762 0.2130738523 0.0499001996 0.0688622754
1 0.5229540918 0.2869261477 0.0538922156 0.0648702595
1 0.5269461078 0.2155688623 0.0518962076 0.0698602794
1 0.6616766467 0.2185628743 0.0499001996 0.0598802395
1 0.6756487026 0.2779441118 0.0778443114 0.0588822355
1 0.7125748503 0.2215568862 0.0538922156 0.0578842315
1 0.0244510978 0.2999001996 0.0489021956 0.0329341317
4 0.0384231537 0.3388223553 0.0768463074 0.0469061876
4 0.0374251497 0.3862275449 0.0748502994 0.0479041916
4 0.1821357285 0.3997005988 0.0948103792 0.0409181637
4 0.1811377246 0.3203592814 0.0948103792 0.0459081836
4 0.1821357285 0.3612774451 0.0948103792 0.0419161677
4 0.3183632735 0.3537924152 0.0738522954 0.0389221557
4 0.3193612774 0.3922155689 0.0718562874 0.0359281437
1 0.3522954092 0.3058882236 0.0538922156 0.0648702595
4 0.5009980040 0.3368263473 0.0958083832 0.0369261477
4 0.5024950100 0.3737524950 0.1007984032 0.0389221557
1 0.6791417166 0.3787425150 0.0728542914 0.0489021956
1 0.6761477046 0.3298403194 0.0788423154 0.0568862275
4 0.0384231537 0.4356287425 0.0768463074 0.0489021956
7 0.0314371257 0.4870259481 0.0329341317 0.0558882236
7 0.0613772455 0.4870259481 0.0329341317 0.0558882236
7 0.1816367265 0.4505988024 0.0339321357 0.0608782435
7 0.2135728543 0.4500998004 0.0319361277 0.0618762475
7 0.3308383234 0.4795409182 0.0389221557 0.0848303393
4 0.3178642715 0.4301397206 0.0708582834 0.0399201597
7 0.2954091816 0.4855289421 0.0339321357 0.0768463074
7 0.3607784431 0.4860279441 0.0369261477 0.0778443114
4 0.5039920160 0.4141716567 0.0958083832 0.0439121756
7 0.5039920160 0.4740518962 0.0299401198 0.0818363273
7 0.4710578842 0.4755489022 0.0379241517 0.0848303393
7 0.5344311377 0.4730538922 0.0389221557 0.0738522954
4 0.6881237525 0.4660678643 0.0948103792 0.0898203593
7 0.0578842315 0.5978043912 0.0339321357 0.0558882236
7 0.0284431138 0.5978043912 0.0309381238 0.0578842315
7 0.0593812375 0.5424151697 0.0329341317 0.0548902196
7 0.0294411178 0.5419161677 0.0309381238 0.0558882236
7 0.1806387226 0.5129740519 0.0359281437 0.0618762475
7 0.2130738523 0.5139720559 0.0329341317 0.0638722555
7 0.2100798403 0.5788423154 0.0389221557 0.0658682635
7 0.1791417166 0.5738522954 0.0389221557 0.0678642715
7 0.3273453094 0.5593812375 0.0379241517 0.0808383234
7 0.2954091816 0.5608782435 0.0339321357 0.0738522954
7 0.3597804391 0.5628742515 0.0369261477 0.0818363273
7 0.5004990020 0.5533932136 0.0389221557 0.0668662675
7 0.5314371257 0.5548902196 0.0369261477 0.0698602794
4 0.6761477046 0.5523952096 0.0928143713 0.0888223553
7 0.0553892216 0.6956087824 0.0309381238 0.0299401198
7 0.0568862275 0.6531936128 0.0319361277 0.0568862275
7 0.0224550898 0.6956087824 0.0349301397 0.0299401198
7 0.0274451098 0.6531936128 0.0329341317 0.0568862275
7 0.1766467066 0.7050898204 0.0339321357 0.0648702595
7 0.1781437126 0.6407185629 0.0329341317 0.0658682635
7 0.2105788423 0.6412175649 0.0339321357 0.0648702595
7 0.2095808383 0.7045908184 0.0339321357 0.0638722555
7 0.3263473054 0.6332335329 0.0419161677 0.0748502994
7 0.2924151697 0.7040918164 0.0319361277 0.0728542914
7 0.2924151697 0.6327345309 0.0299401198 0.0738522954
7 0.3233532934 0.7080838323 0.0399201597 0.0688622754
7 0.3582834331 0.7090818363 0.0419161677 0.0648702595
7 0.4645708583 0.6891217565 0.0409181637 0.0648702595
7 0.5009980040 0.6192614770 0.0359281437 0.0748502994
7 0.4705588822 0.6177644711 0.0369261477 0.0778443114
7 0.5299401198 0.6222554890 0.0359281437 0.0728542914
7 0.5259481038 0.6886227545 0.0419161677 0.0658682635
4 0.6871257485 0.6437125749 0.0948103792 0.0898203593
7 0.8248502994 0.6437125749 0.0469061876 0.0698602794
6 0.0039920160 0.7769461078 0.0079840319 0.0568862275
7 0.0199600798 0.7240518962 0.0399201597 0.0309381238
7 0.0548902196 0.7235528942 0.0299401198 0.0299401198
7 0.0533932136 0.7500000000 0.0329341317 0.0269461078
7 0.1706586826 0.7564870259 0.0319361277 0.0339321357
7 0.1711576846 0.7889221557 0.0309381238 0.0329341317
7 0.3193612774 0.7984031936 0.0299401198 0.0379241517
7 0.3193612774 0.7604790419 0.0339321357 0.0399201597
7 0.4985029940 0.7500000000 0.0309381238 0.0628742515
7 0.4660678643 0.7549900200 0.0339321357 0.0628742515
7 0.5304391218 0.7504990020 0.0329341317 0.0618762475
4 0.6856287425 0.7310379242 0.0958083832 0.0868263473
4 0.6836327345 0.8188622754 0.0938123752 0.0868263473
7 0.8203592814 0.7644710579 0.0259481038 0.1676646707
7 0.9381237525 0.7939121756 0.0499001996 0.1766467066
7 0.8877245509 0.7669660679 0.0648702595 0.1606786427
6 0.0064870259 0.9281437126 0.0129740519 0.0698602794
6 0.0344311377 0.8582834331 0.0688622754 0.0818363273
6 0.1487025948 0.8473053892 0.0359281437 0.0958083832
6 0.1831337325 0.8662674651 0.0369261477 0.1157684631
6 0.3178642715 0.8413173653 0.1027944112 0.0638722555
6 0.3213572854 0.9091816367 0.0958083832 0.0698602794
6 0.4670658683 0.9246506986 0.0518962076 0.0528942116
6 0.5159680639 0.8393213573 0.0499001996 0.1077844311
6 0.4695608782 0.8373253493 0.0568862275 0.1057884232
6 0.6721556886 0.9011976048 0.0489021956 0.0818363273
7 0.7065868263 0.8967065868 0.0538922156 0.1167664671
6 0.9066866267 0.9076846307 0.0928143713 0.0848303393
6 0.1392215569 0.9935129741 0.0489021956 0.0129740519
6 0.1417165669 0.9570858283 0.0499001996 0.0339321357
6 0.1811377246 0.9925149701 0.0349301397 0.0149700599
6 0.1836327345 0.9540918164 0.0339321357 0.0538922156
6 0.2749500998 0.9875249501 0.0349301397 0.0249500998
6 0.3303393214 0.9845309381 0.0339321357 0.0309381238
6 0.5209580838 0.9840319361 0.0518962076 0.0319361277
6 0.4715568862 0.9800399202 0.0508982036 0.0399201597
6 0.5229540918 0.9386227545 0.0538922156 0.0548902196
6 0.6921157685 0.9930139721 0.0868263473 0.0139720559
6 0.9016966068 0.9740518962 0.0928143713 0.0518962076
