6 0.0593424218 0.0685645549 0.0561347233 0.0392943063
6 0.1808340016 0.0585404972 0.0457097033 0.0513231756
1 0.8055332799 0.0605453087 0.0328789094 0.0216519647
1 0.8532477947 0.0457097033 0.0400962310 0.0417000802
1 0.8925421010 0.0457097033 0.0400962310 0.0400962310
1 0.9338412189 0.0453087410 0.0425020048 0.0408981556
6 0.1154771451 0.0838011227 0.0657578188 0.0986367281
7 0.2237369687 0.1218925421 0.0240577386 0.0240577386
7 0.2233360064 0.0918203689 0.0248596632 0.0360866079
7 0.2024859663 0.1206896552 0.0216519647 0.0264635124
7 0.2461908581 0.1222935044 0.0240577386 0.0248596632
7 0.2461908581 0.0958299920 0.0240577386 0.0280673617
7 0.2802726544 0.0998396151 0.0457097033 0.0264635124
7 0.2802726544 0.1234963913 0.0457097033 0.0256615878
7 0.3247794707 0.1242983160 0.0449077787 0.0272654370
7 0.3251804330 0.1006415397 0.0457097033 0.0248596632
7 0.3692862871 0.1255012029 0.0441058540 0.0264635124
7 0.3696872494 0.1014434643 0.0449077787 0.0248596632
4 0.4550922213 0.0938251804 0.0392943063 0.0914194066
7 0.4137931034 0.1030473136 0.0449077787 0.0264635124
7 0.4137931034 0.1271050521 0.0449077787 0.0264635124
4 0.4947874900 0.0930232558 0.0384923817 0.0898155573
4 0.5332798717 0.0950280674 0.0384923817 0.0890136327
1 0.5641539695 0.0954290297 0.0264635124 0.0433039294
1 0.6431435445 0.0890136327 0.0352846832 0.0593424218
1 0.5970328789 0.0966319166 0.0344827586 0.0425020048
1 0.7117080994 0.0906174820 0.0360866079 0.0561347233
1 0.6776263031 0.0898155573 0.0352846832 0.0577385726
1 0.8103448276 0.0946271051 0.0376904571 0.0497193264
1 0.8965517241 0.1259021652 0.0417000802 0.0384923817
1 0.8576583801 0.0866078589 0.0392943063 0.0417000802
1 0.8969526864 0.0862068966 0.0408981556 0.0408981556
1 0.9807538091 0.1038492382 0.0384923817 0.0264635124
1 0.9366479551 0.0866078589 0.0400962310 0.0417000802
1 0.9374498797 0.1255012029 0.0417000802 0.0360866079
6 0.0364875702 0.1916599840 0.0280673617 0.0400962310
6 0.0060144346 0.1896551724 0.0120288693 0.0392943063
6 0.1242983160 0.1972734563 0.0769847634 0.0288692863
7 0.1712109062 0.2153167602 0.0264635124 0.0248596632
7 0.1976744186 0.2149157979 0.0264635124 0.0256615878
7 0.2385725742 0.2197273456 0.0521251002 0.0272654370
7 0.2902967121 0.2209302326 0.0529270249 0.0264635124
1 0.5902165196 0.2028869286 0.0481154771 0.0384923817
1 0.6375300722 0.2028869286 0.0449077787 0.0400962310
1 0.6852445870 0.2044907779 0.0505212510 0.0433039294
1 0.7786688051 0.2141138733 0.0384923817 0.0545308741
1 0.8159582999 0.2153167602 0.0376904571 0.0553327987
1 0.8821170810 0.2181234964 0.0288692863 0.0497193264
1 0.8516439455 0.2149157979 0.0384923817 0.0561347233
6 0.0068163593 0.2233360064 0.0136327185 0.0280673617
6 0.0384923817 0.2253408180 0.0433039294 0.0272654370
6 0.1090617482 0.2249398557 0.0930232558 0.0296712109
7 0.2898957498 0.2469927827 0.0521251002 0.0272654370
7 0.2389735365 0.2461908581 0.0513231756 0.0272654370
7 0.3925421010 0.2489975942 0.0505212510 0.0264635124
7 0.3440256616 0.2217321572 0.0545308741 0.0312750601
7 0.3929430634 0.2229350441 0.0497193264 0.0288692863
7 0.3400160385 0.2465918204 0.0529270249 0.0312750601
7 0.4434643144 0.2493985565 0.0497193264 0.0256615878
7 0.4430633520 0.2237369687 0.0489174018 0.0272654370
4 0.4839615076 0.2241379310 0.0328789094 0.0761828388
4 0.5485164395 0.2233360064 0.0368885325 0.0761828388
4 0.5156375301 0.2241379310 0.0336808340 0.0761828388
1 0.6319165998 0.2429831596 0.0481154771 0.0417000802
1 0.5850040096 0.2429831596 0.0473135525 0.0433039294
1 0.6836407378 0.2441860465 0.0505212510 0.0392943063
1 0.7365677626 0.2409783480 0.0489174018 0.0425020048
1 0.9250200481 0.2285485164 0.0441058540 0.0769847634
1 0.9631114675 0.2273456295 0.0400962310 0.0777866881
1 0.9911788292 0.2285485164 0.0176423416 0.0769847634
6 0.0108259824 0.2991178829 0.0216519647 0.0272654370
6 0.0136327185 0.3432237370 0.0272654370 0.0272654370
6 0.1291098637 0.3331996792 0.0513231756 0.0825982358
6 0.0745789896 0.3360064154 0.0561347233 0.0769847634
7 0.1940657578 0.3344025662 0.0320769848 0.0272654370
7 0.1635926223 0.3344025662 0.0304731355 0.0240577386
7 0.2361668003 0.3376102646 0.0553327987 0.0320769848
7 0.2963111468 0.3400160385 0.0601443464 0.0336808340
7 0.2393744988 0.3127506014 0.0585404972 0.0256615878
7 0.2967121091 0.3127506014 0.0593424218 0.0240577386
7 0.3544506816 0.3151563753 0.0593424218 0.0272654370
7 0.3556535686 0.3408179631 0.0649558941 0.0304731355
7 0.4198075381 0.3436246993 0.0681635926 0.0312750601
7 0.4149959904 0.3151563753 0.0617481957 0.0272654370
4 0.4595028067 0.3331996792 0.0320769848 0.0569366480
4 0.4899759423 0.3344025662 0.0288692863 0.0577385726
4 0.5208500401 0.3336006415 0.0312750601 0.0593424218
1 0.7321571772 0.3540497193 0.0433039294 0.0200481155
1 0.7385725742 0.3199679230 0.0513231756 0.0417000802
1 0.6880513232 0.3211708099 0.0384923817 0.0425020048
1 0.6892542101 0.3536487570 0.0344827586 0.0224538893
1 0.7971130714 0.3263833200 0.0561347233 0.0433039294
1 0.8552526063 0.3267842823 0.0601443464 0.0441058540
1 0.9582999198 0.3584603047 0.0481154771 0.0240577386
1 0.9210104250 0.3576583801 0.0296712109 0.0240577386
1 0.9125902165 0.3251804330 0.0449077787 0.0408981556
1 0.9611066560 0.3259823577 0.0521251002 0.0408981556
1 0.9911788292 0.3255813953 0.0176423416 0.0417000802
7 0.2353648757 0.3656776263 0.0521251002 0.0336808340
7 0.3528468324 0.3668805132 0.0657578188 0.0296712109
7 0.4145950281 0.3676824379 0.0625501203 0.0296712109
1 0.5593424218 0.3608660786 0.0521251002 0.0433039294
1 0.7979149960 0.3672814755 0.0545308741 0.0400962310
1 0.8532477947 0.3668805132 0.0577385726 0.0425020048
6 0.0136327185 0.4963913392 0.0272654370 0.0417000802
6 0.0168404170 0.4566960706 0.0336808340 0.0408981556
6 0.1323175621 0.4550922213 0.0850040096 0.0457097033
6 0.1307137129 0.4923817161 0.0866078589 0.0400962310
6 0.0621491580 0.4530874098 0.0425020048 0.0417000802
7 0.2024859663 0.4783480353 0.0505212510 0.0248596632
7 0.1984763432 0.4522854852 0.0505212510 0.0272654370
7 0.2514033681 0.4510825982 0.0521251002 0.0328789094
7 0.3075380914 0.4803528468 0.0601443464 0.0288692863
7 0.3087409783 0.4558941460 0.0625501203 0.0296712109
7 0.3604651163 0.4799518845 0.0537289495 0.0312750601
7 0.4230152366 0.4562951083 0.0681635926 0.0304731355
7 0.4242181235 0.4827586207 0.0657578188 0.0240577386
4 0.4723336006 0.4827586207 0.0352846832 0.0769847634
4 0.5048115477 0.4815557338 0.0312750601 0.0809943865
4 0.5344827586 0.4803528468 0.0296712109 0.0769847634
1 0.6339214114 0.4546912590 0.0553327987 0.0400962310
1 0.5769847634 0.4550922213 0.0553327987 0.0425020048
1 0.6936647955 0.4951884523 0.0272654370 0.0216519647
1 0.7293504411 0.4951884523 0.0457097033 0.0232558140
1 0.6844426624 0.4639133921 0.0425020048 0.0425020048
1 0.7297514034 0.4639133921 0.0449077787 0.0376904571
1 0.8211708099 0.4623095429 0.0497193264 0.0457097033
1 0.7726543705 0.4607056937 0.0457097033 0.0457097033
1 0.7670408982 0.4939855654 0.0296712109 0.0288692863
1 0.8552526063 0.4582999198 0.0264635124 0.0425020048
1 0.9089815557 0.4623095429 0.0521251002 0.0408981556
1 0.8624699278 0.4943865277 0.0425020048 0.0296712109
1 0.9546912590 0.4663191660 0.0441058540 0.0425020048
1 0.9875701684 0.4651162791 0.0248596632 0.0417000802
6 0.0509222133 0.4979951885 0.0441058540 0.0433039294
7 0.2020850040 0.5040096231 0.0497193264 0.0264635124
7 0.2518043304 0.5004009623 0.0529270249 0.0336808340
7 0.3051323176 0.5036086608 0.0585404972 0.0288692863
7 0.3592622294 0.5048115477 0.0561347233 0.0296712109
7 0.4250200481 0.5072173216 0.0593424218 0.0312750601
1 0.6319165998 0.5012028869 0.0561347233 0.0417000802
1 0.5745789896 0.4979951885 0.0521251002 0.0433039294
1 0.9627105052 0.4975942261 0.0264635124 0.0216519647
1 0.9871692061 0.4971932638 0.0256615878 0.0240577386
6 0.0064153970 0.6339214114 0.0128307939 0.0697674419
6 0.0809943865 0.6178829190 0.0657578188 0.0392943063
4 0.1471531676 0.6271050521 0.0697674419 0.0753809142
4 0.2177225341 0.6287089014 0.0697674419 0.0769847634
4 0.2878909383 0.6299117883 0.0721732157 0.0761828388
4 0.3612670409 0.6210906175 0.0713712911 0.0745789896
4 0.4306335204 0.6307137129 0.0721732157 0.0761828388
1 0.5400962310 0.6210906175 0.0457097033 0.0633520449
1 0.5008019246 0.6234963913 0.0392943063 0.0585404972
1 0.5817963111 0.6206896552 0.0473135525 0.0625501203
1 0.6295108260 0.6094627105 0.0481154771 0.0400962310
1 0.7217321572 0.6110665597 0.0465116279 0.0417000802
1 0.6764234162 0.6114675221 0.0489174018 0.0408981556
1 0.7702485966 0.6335204491 0.0521251002 0.0817963111
1 0.8267842823 0.6319165998 0.0753809142 0.0753809142
7 0.0846030473 0.6455493184 0.0938251804 0.0433039294
1 0.6271050521 0.6503608661 0.0465116279 0.0433039294
1 0.7201283079 0.6535685646 0.0481154771 0.0417000802
1 0.6732157177 0.6503608661 0.0489174018 0.0417000802
1 0.9314354451 0.6375300722 0.0970328789 0.0801924619
7 0.1916599840 0.7369687249 0.1347233360 0.0208500401
7 0.2878909383 0.7405773857 0.0561347233 0.0376904571
1 0.8849238172 0.7425821973 0.1323175621 0.0400962310
6 0.0216519647 0.8023255814 0.0433039294 0.0745789896
6 0.0757818765 0.8063352045 0.0681635926 0.0745789896
7 0.1888532478 0.7910986367 0.1291098637 0.0521251002
7 0.1672012831 0.8315958300 0.1419406576 0.0400962310
1 0.9109863673 0.7882919006 0.1234963913 0.0176423416
1 0.9206094627 0.8628708901 0.1218925421 0.0481154771
1 0.8592622294 0.1251002406 0.0344827586 0.0352846832
