5 0.0096277279 0.4537869063 0.0192554557 0.0397946085
5 0.0718870347 0.4717586650 0.0128369705 0.0680359435
5 0.0430038511 0.4518613607 0.0320924262 0.0359435173
5 0.0943517330 0.4531450578 0.0346598203 0.0359435173
5 0.1264441592 0.4525032092 0.0295250321 0.0320924262
5 0.1026957638 0.4172015404 0.0693196406 0.0385109114
1 0.3908857510 0.4685494223 0.1527599487 0.1566110398
1 0.5359435173 0.4614890886 0.1604621309 0.1655969191
1 0.6476251605 0.4531450578 0.0783055199 0.1720154044
1 0.7227214377 0.4460847240 0.0847240051 0.1758664955
1 0.7971758665 0.4370988447 0.0821566110 0.1810012837
1 0.8844672657 0.4274711168 0.0924261874 0.1822849807
5 0.0526315789 0.5410783055 0.0487804878 0.0757381258
5 0.0179717587 0.5436456996 0.0359435173 0.0757381258
5 0.0263157895 0.4871630295 0.0526315789 0.0397946085
5 0.0924261874 0.5545571245 0.0282413350 0.0359435173
5 0.1103979461 0.4852374840 0.0667522465 0.0359435173
1 0.6463414634 0.6354300385 0.1014120668 0.0872913992
1 0.7483953787 0.6495507060 0.1103979461 0.0872913992
3 0.8337612323 0.6245186136 0.0629011553 0.0577663671
3 0.8626444159 0.6848523748 0.1309370988 0.0680359435
3 0.8992297818 0.6206675225 0.0706033376 0.0603337612
5 0.0218228498 0.7259306804 0.0436456996 0.1347881900
1 0.3799743261 0.7002567394 0.0513478819 0.1424903723
1 0.4871630295 0.7034659820 0.0680359435 0.1437740693
1 0.4268292683 0.7021822850 0.0680359435 0.1412066752
1 0.5539152760 0.7028241335 0.0783055199 0.1476251605
1 0.6367137356 0.7329910141 0.1026957638 0.0898587933
1 0.7471116816 0.7381258023 0.1052631579 0.0821566110
3 0.8620025674 0.7439024390 0.1296534018 0.0654685494
5 0.0154043646 0.8857509628 0.0308087291 0.0924261874
5 0.0571245186 0.8940949936 0.0680359435 0.0834403081
1 0.5000000000 0.8215661104 0.0783055199 0.0667522465
1 0.5853658537 0.8311938383 0.0975609756 0.0808729140
1 0.6707317073 0.8395378691 0.0757381258 0.0590500642
1 0.7605905006 0.8523748395 0.1116816431 0.0821566110
1 0.8709884467 0.8774069320 0.1039794608 0.0397946085
1 0.4762516046 0.9441591784 0.0744544288 0.0911424904
1 0.5616174583 0.9486521181 0.0962772786 0.0949935815
1 0.6655969191 0.9525032092 0.1091142490 0.0949935815
1 0.7644415918 0.9518613607 0.0937098845 0.0962772786
1 0.8761232349 0.8228498074 0.0988446727 0.0693196406
