1 0.0453597497 0.3227320125 0.0907194995 0.1240875912
1 0.1939520334 0.3503649635 0.0604796663 0.0479666319
1 0.2638164755 0.3018769552 0.0792492179 0.0719499479
1 0.3821689260 0.3258602711 0.0656934307 0.0823774765
1 0.4473409802 0.3242961418 0.0646506778 0.0855057351
1 0.6105318040 0.3415015641 0.1240875912 0.0698644421
8 0.8242961418 0.3242961418 0.1220020855 0.0667361835
8 0.9890510949 0.3587069864 0.0218978102 0.1272158498
1 0.0448383733 0.4118873827 0.0896767466 0.0604796663
1 0.1892596455 0.4087591241 0.0698644421 0.0500521376
1 0.2674661105 0.3764337852 0.0761209593 0.0750782065
1 0.3931178311 0.4077163712 0.0813347237 0.0855057351
1 0.4650677789 0.4092805005 0.0688216893 0.0844629823
1 0.6188738269 0.4171011470 0.1366006257 0.0709071950
8 0.8493222106 0.4207507821 0.1470281543 0.1240875912
1 0.0432742440 0.4702815433 0.0865484880 0.0667361835
1 0.2617309698 0.4483837331 0.0813347237 0.0750782065
1 0.6345151199 0.4932221064 0.1386861314 0.0813347237
1 0.0437956204 0.5333680918 0.0875912409 0.0698644421
1 0.1866527633 0.5354535975 0.0646506778 0.0636079249
1 0.2669447341 0.5281543274 0.0834202294 0.0823774765
1 0.3842544317 0.5020855057 0.0865484880 0.0907194995
1 0.4614181439 0.5015641293 0.0740354536 0.0917622523
1 0.8639207508 0.5187695516 0.1616266945 0.0802919708
1 0.0401459854 0.5980187696 0.0802919708 0.0740354536
1 0.2356621481 0.5917622523 0.1397288843 0.0531803962
1 0.3894681960 0.5959332638 0.0740354536 0.0886339937
1 0.4666319082 0.5855057351 0.0823774765 0.0865484880
1 0.6444212722 0.5855057351 0.1480709072 0.0886339937
1 0.8800834202 0.5995828989 0.1564129301 0.0896767466
1 0.0380604797 0.6631908238 0.0761209593 0.0709071950
1 0.2283628780 0.6480709072 0.1459854015 0.0636079249
1 0.3858185610 0.6845672576 0.0646506778 0.0823774765
1 0.4676746611 0.6819603754 0.0823774765 0.1063607925
1 0.6595411887 0.6835245047 0.1366006257 0.1074035454
1 0.8972888425 0.6819603754 0.1762252346 0.1105318040
1 0.0370177268 0.7283628780 0.0740354536 0.0740354536
1 0.2267987487 0.7122002086 0.1511991658 0.0688216893
