1 0.1323987539 0.0436137072 0.1433021807 0.0872274143
1 0.2795950156 0.0428348910 0.1573208723 0.0856697819
1 0.4228971963 0.0467289720 0.1386292835 0.0934579439
1 0.5568535826 0.0482866044 0.1386292835 0.0965732087
1 0.6931464174 0.0428348910 0.1433021807 0.0856697819
1 0.8333333333 0.0420560748 0.1464174455 0.0841121495
6 0.9610591900 0.0989096573 0.0778816199 0.1978193146
1 0.1440809969 0.1627725857 0.1542056075 0.1542056075
1 0.2889408100 0.1557632399 0.1573208723 0.1651090343
1 0.4338006231 0.1596573209 0.1386292835 0.1355140187
1 0.5661993769 0.1549844237 0.1479750779 0.1292834891
1 0.6993769470 0.1495327103 0.1433021807 0.1339563863
1 0.8387850467 0.1456386293 0.1448598131 0.1323987539
1 0.1690031153 0.3091900312 0.1728971963 0.1417445483
1 0.3309968847 0.3068535826 0.1666666667 0.1433021807
1 0.4945482866 0.3060747664 0.1666666667 0.1479750779
1 0.6596573209 0.3006230530 0.1760124611 0.1526479751
1 0.8302180685 0.2827102804 0.1869158879 0.1448598131
1 0.1744548287 0.4415887850 0.1775700935 0.1386292835
1 0.3372274143 0.4392523364 0.1760124611 0.1339563863
1 0.5015576324 0.4384735202 0.1682242991 0.1261682243
1 0.6666666667 0.4345794393 0.1682242991 0.1214953271
1 0.8317757009 0.4221183801 0.1838006231 0.1370716511
5 0.9696261682 0.3753894081 0.0607476636 0.2087227414
1 0.1806853583 0.6448598131 0.1775700935 0.1401869159
1 0.3419003115 0.6876947040 0.1604361371 0.2819314642
1 0.4890965732 0.6853582555 0.1526479751 0.2741433022
1 0.6285046729 0.6752336449 0.1479750779 0.2757009346
1 0.7686915888 0.6682242991 0.1448598131 0.2741433022
1 0.1845794393 0.7757009346 0.1728971963 0.1370716511
5 0.9914330218 0.9057632399 0.0171339564 0.1012461059
1 0.1853582555 0.9672897196 0.1869158879 0.0654205607
1 0.3668224299 0.9657320872 0.1822429907 0.0685358255
1 0.5443925234 0.9641744548 0.1822429907 0.0716510903
1 0.7141744548 0.9563862928 0.1884735202 0.0872274143
1 0.8777258567 0.9548286604 0.1822429907 0.0903426791
5 0.9906542056 0.9758566978 0.0186915888 0.0482866044
