5 0.0326460481 0.0160366552 0.0652920962 0.0320733104
5 0.3911798396 0.0309278351 0.0378006873 0.0618556701
5 0.5246277205 0.0246277205 0.0572737686 0.0492554410
5 0.5813287514 0.0269186712 0.0584192440 0.0538373425
5 0.0343642612 0.0750286369 0.0687285223 0.0813287514
5 0.1414662085 0.0624284078 0.1156930126 0.0904925544
5 0.2583046964 0.0630011455 0.0400916380 0.0870561283
5 0.3064146621 0.0584192440 0.0607101947 0.0916380298
5 0.3906071019 0.0956471936 0.0389461627 0.0721649485
5 0.4398625430 0.0315005727 0.0526918671 0.0630011455
5 0.4404352806 0.0985108820 0.0515463918 0.0664375716
5 0.5240549828 0.0836197022 0.0561282932 0.0710194731
5 0.6884306987 0.0635738832 0.0389461627 0.0630011455
5 0.7382588774 0.0618556701 0.0561282932 0.0618556701
5 0.8207331042 0.0504009164 0.0446735395 0.0916380298
5 0.9037800687 0.0452462772 0.0481099656 0.0904925544
5 0.8625429553 0.0458190149 0.0458190149 0.0916380298
5 0.0360824742 0.1580756014 0.0721649485 0.0801832761
5 0.1454753723 0.1500572738 0.1099656357 0.0870561283
5 0.2600229095 0.1483390607 0.0412371134 0.0813287514
5 0.3081328751 0.1506300115 0.0572737686 0.0836197022
5 0.4341351661 0.1666666667 0.0526918671 0.0721649485
5 0.3797250859 0.1683848797 0.0538373425 0.0687285223
5 0.5234822451 0.1580756014 0.0572737686 0.0778923253
5 0.5830469645 0.1557846506 0.0641466208 0.0801832761
5 0.6861397480 0.1254295533 0.0366552119 0.0584192440
5 0.7353951890 0.1219931271 0.0595647194 0.0584192440
5 0.8167239404 0.1351660939 0.0412371134 0.0778923253
5 0.8585337915 0.1311569301 0.0423825888 0.0790378007
5 0.8997709049 0.1288659794 0.0446735395 0.0790378007
5 0.0378006873 0.2359679267 0.0756013746 0.0756013746
5 0.1489117984 0.2348224513 0.1076746850 0.0778923253
5 0.2600229095 0.2308132875 0.0343642612 0.0790378007
5 0.4284077892 0.2371134021 0.0481099656 0.0687285223
5 0.3757159221 0.2388316151 0.0549828179 0.0675830470
5 0.5211912944 0.2331042383 0.0595647194 0.0744558992
5 0.5813287514 0.2331042383 0.0675830470 0.0790378007
5 0.7405498282 0.1867124857 0.0469644903 0.0687285223
5 0.6798396334 0.2457044674 0.0859106529 0.0446735395
5 0.6947308133 0.1872852234 0.0423825888 0.0675830470
5 0.8310423826 0.2331042383 0.0767468499 0.0423825888
5 0.8344788087 0.1924398625 0.0721649485 0.0412371134
5 0.8883161512 0.2101947308 0.0378006873 0.0675830470
3 0.8533791523 0.3018327606 0.0458190149 0.0469644903
3 0.8109965636 0.3029782360 0.0458190149 0.0469644903
1 0.0956471936 0.3298969072 0.0355097365 0.0618556701
1 0.2428407789 0.3361970218 0.0549828179 0.0584192440
1 0.3064146621 0.3459335624 0.0607101947 0.0710194731
1 0.3762886598 0.3316151203 0.0584192440 0.0698739977
1 0.4375715922 0.3310423826 0.0618556701 0.0710194731
1 0.5137457045 0.3928980527 0.0607101947 0.0641466208
1 0.5154639175 0.3264604811 0.0618556701 0.0687285223
1 0.5767468499 0.3264604811 0.0630011455 0.0687285223
1 0.6660939290 0.3253150057 0.0721649485 0.0664375716
1 0.6626575029 0.3911798396 0.0698739977 0.0652920962
1 0.7296678121 0.3894616266 0.0687285223 0.0687285223
3 0.8075601375 0.3470790378 0.0435280641 0.0435280641
3 0.8281786942 0.3865979381 0.0870561283 0.0400916380
3 0.8505154639 0.3453608247 0.0446735395 0.0423825888
1 0.3029782360 0.4215349370 0.0652920962 0.0664375716
1 0.4295532646 0.4043528064 0.0572737686 0.0710194731
1 0.3734249714 0.4043528064 0.0572737686 0.0733104238
1 0.5131729668 0.4581901489 0.0595647194 0.0641466208
1 0.5750286369 0.3940435281 0.0618556701 0.0664375716
1 0.6575028637 0.4553264605 0.0618556701 0.0652920962
1 0.5738831615 0.4599083620 0.0618556701 0.0630011455
1 0.7233676976 0.4570446735 0.0675830470 0.0664375716
1 0.8402061856 0.4249713631 0.1179839633 0.0504009164
4 0.9965635739 0.4020618557 0.0068728522 0.0595647194
1 0.3075601375 0.4971363116 0.0584192440 0.0664375716
1 0.4381443299 0.4753722795 0.0630011455 0.0710194731
1 0.3768613975 0.4742268041 0.0595647194 0.0687285223
1 0.5114547537 0.5217640321 0.0584192440 0.0652920962
1 0.6540664376 0.5200458190 0.0618556701 0.0664375716
1 0.5727376861 0.5252004582 0.0618556701 0.0652920962
1 0.7205040092 0.5269186712 0.0710194731 0.0687285223
1 0.8384879725 0.4736540664 0.1214203895 0.0492554410
1 0.8356242841 0.5217640321 0.1179839633 0.0515463918
1 0.9902634593 0.4994272623 0.0194730813 0.1214203895
1 0.3728522337 0.6105383734 0.0538373425 0.0687285223
1 0.4284077892 0.6105383734 0.0572737686 0.0687285223
1 0.3717067583 0.5452462772 0.0515463918 0.0687285223
1 0.4272623139 0.5446735395 0.0572737686 0.0652920962
1 0.5120274914 0.5853379152 0.0572737686 0.0549828179
1 0.6534936999 0.5864833906 0.0607101947 0.0641466208
1 0.5733104238 0.5876288660 0.0630011455 0.0618556701
1 0.7159221077 0.5916380298 0.0687285223 0.0630011455
1 0.8316151203 0.5687285223 0.1168384880 0.0492554410
1 0.4249713631 0.6678121420 0.0526918671 0.0458190149
1 0.3711340206 0.6655211913 0.0504009164 0.0389461627
1 0.5177548683 0.6477663230 0.0641466208 0.0607101947
1 0.6529209622 0.6506300115 0.0618556701 0.0641466208
1 0.7136311569 0.6540664376 0.0641466208 0.0618556701
8 0.8390607102 0.6483390607 0.1294387171 0.0801832761
1 0.9879725086 0.6191294387 0.0240549828 0.1248568156
1 0.5103092784 0.7101947308 0.0538373425 0.0641466208
1 0.5670103093 0.7170675830 0.0572737686 0.0664375716
1 0.6506300115 0.7124856816 0.0595647194 0.0710194731
1 0.7096219931 0.7187857961 0.0607101947 0.0698739977
8 0.8442153494 0.7428407789 0.1489117984 0.0927835052
1 0.9862542955 0.7342497136 0.0274914089 0.1122565865
1 0.5137457045 0.7754868270 0.0446735395 0.0481099656
1 0.6471935853 0.7823596793 0.0595647194 0.0710194731
1 0.5704467354 0.7754868270 0.0595647194 0.0618556701
1 0.7079037801 0.7840778923 0.0618556701 0.0721649485
1 0.6483390607 0.8424971363 0.0572737686 0.0630011455
1 0.7067583047 0.8499427262 0.0641466208 0.0618556701
1 0.8356242841 0.8373424971 0.1363115693 0.1122565865
1 0.9822451317 0.8510882016 0.0355097365 0.1191294387
