0 0.5499457112 0.0152008686 0.1313789359 0.0304017372
7 0.0152008686 0.0575461455 0.0304017372 0.1085776330
0 0.1465798046 0.0369163952 0.1650380022 0.0738327904
7 0.3669923996 0.0933767644 0.1389793702 0.1867535288
7 0.5477741585 0.0846905537 0.1183496200 0.1324647123
0 0.7073832790 0.0304017372 0.0922909881 0.0608034745
7 0.9744842562 0.0423452769 0.0510314875 0.0738327904
0 0.1460369164 0.1091205212 0.1617806732 0.0814332248
7 0.6986970684 0.1156351792 0.0922909881 0.1248642780
7 0.8398479913 0.1281216069 0.0879478827 0.0629750271
0 0.9733984799 0.1036916395 0.0532030402 0.0705754615
7 0.0146579805 0.1796959826 0.0293159609 0.1335504886
0 0.1471226927 0.1802388708 0.1596091205 0.0716612378
7 0.3659066232 0.2138979370 0.1389793702 0.0694896851
5 0.5450597177 0.2052117264 0.1216069490 0.1281216069
7 0.6938110749 0.2280130293 0.0998914224 0.1172638436
7 0.8349619978 0.1834961998 0.0868621064 0.0651465798
0 0.9706840391 0.1704668838 0.0586319218 0.0781758958
4 0.1444082519 0.2448425624 0.1606948969 0.0749185668
4 0.3572204126 0.2747014115 0.1281216069 0.0629750271
7 0.8197611292 0.2741585233 0.0933767644 0.0749185668
7 0.9630836048 0.2350705755 0.0738327904 0.0684039088
7 0.0190010858 0.3078175896 0.0380021716 0.1226927253
4 0.1471226927 0.3186753529 0.1596091205 0.0705754615
4 0.3561346363 0.3289902280 0.1281216069 0.0586319218
7 0.5412595005 0.3186753529 0.1183496200 0.1205211726
7 0.6862106406 0.3371335505 0.0955483170 0.1140065147
7 0.8116178067 0.3642779587 0.0814332248 0.1031487514
7 0.0200868621 0.3925081433 0.0401737242 0.0532030402
4 0.1460369164 0.3827361564 0.1552660152 0.0684039088
4 0.3545059718 0.3887079262 0.1292073833 0.0738327904
1 0.5309446254 0.4386536374 0.1129207383 0.1216069490
7 0.0195439739 0.4435396308 0.0390879479 0.0510314875
7 0.0200868621 0.4891422367 0.0401737242 0.0488599349
4 0.1471226927 0.4614549403 0.1574375679 0.0868621064
4 0.3517915309 0.4614549403 0.1281216069 0.0716612378
6 0.6791530945 0.4451682953 0.1031487514 0.1085776330
7 0.8056460369 0.4565689468 0.0825190011 0.0879478827
7 0.0200868621 0.5342019544 0.0401737242 0.0499457112
1 0.3528773073 0.5597176982 0.1259500543 0.1292073833
1 0.5282301846 0.5249728556 0.1161780673 0.0510314875
1 0.5228013029 0.5770901194 0.1161780673 0.0510314875
6 0.6427795874 0.5727470141 0.0412595005 0.1400651466
6 0.6807817590 0.5743756786 0.0586319218 0.1302931596
7 0.7980456026 0.5374592834 0.0716612378 0.0564603692
7 0.0200868621 0.6319218241 0.0401737242 0.0521172638
7 0.0200868621 0.5836047774 0.0401737242 0.0510314875
1 0.1568946797 0.5933767644 0.1378935939 0.0553745928
1 0.5195439739 0.6264929425 0.1140065147 0.0499457112
2 0.8007600434 0.6362649294 0.0749185668 0.1389793702
7 0.0217155266 0.6813246471 0.0434310532 0.0532030402
1 0.1547231270 0.7052117264 0.1292073833 0.0532030402
1 0.1547231270 0.6509229099 0.1313789359 0.0553745928
1 0.3501628664 0.6856677524 0.1270358306 0.1270358306
1 0.5162866450 0.6753528773 0.1140065147 0.0499457112
5 0.6585233442 0.6677524430 0.0836047774 0.0629750271
3 0.0222584148 0.7290988056 0.0445168295 0.0597176982
3 0.0211726384 0.7752442997 0.0423452769 0.0434310532
1 0.1552660152 0.7584147666 0.1302931596 0.0618892508
5 0.3539630836 0.7714440825 0.1129207383 0.0553745928
1 0.5233441911 0.7442996743 0.0955483170 0.0922909881
5 0.6541802389 0.7280130293 0.0814332248 0.0640608035
3 0.0233441911 0.8208469055 0.0466883822 0.0456026059
5 0.1813246471 0.8555917481 0.0868621064 0.0412595005
5 0.1753528773 0.8148751357 0.0944625407 0.0445168295
5 0.3507057546 0.8213897937 0.1129207383 0.0488599349
5 0.5130293160 0.8110749186 0.1074918567 0.0521172638
5 0.6520086862 0.7937024973 0.0814332248 0.0716612378
2 0.7671009772 0.8295331162 0.0575461455 0.1150922910
2 0.9136807818 0.7958740499 0.1074918567 0.1346362649
5 0.0260586319 0.8653637351 0.0456026059 0.0412595005
5 0.0233441911 0.9147665581 0.0466883822 0.0575461455
5 0.1807817590 0.9001085776 0.0879478827 0.0499457112
5 0.3479913138 0.8729641694 0.1183496200 0.0564603692
5 0.3469055375 0.9196525516 0.1161780673 0.0586319218
5 0.5114006515 0.8572204126 0.1085776330 0.0532030402
5 0.6498371336 0.8610206298 0.0857763301 0.0651465798
5 0.0244299674 0.9560260586 0.0488599349 0.0401737242
5 0.1612377850 0.9413680782 0.0401737242 0.0390879479
5 0.2030401737 0.9386536374 0.0390879479 0.0401737242
