0 0.2523510972 0.0564263323 0.1954022989 0.1128526646
0 0.2518286311 0.1635318704 0.1859979101 0.1159874608
7 0.4561128527 0.1530825496 0.1828631139 0.0950888192
1 0.6802507837 0.1217345873 0.0919540230 0.0407523511
1 0.7774294671 0.1562173459 0.0752351097 0.0929989551
1 0.9561128527 0.1598746082 0.0877742947 0.1149425287
1 0.6812957158 0.1812957158 0.0898641588 0.0909090909
0 0.2398119122 0.2716823406 0.2037617555 0.1149425287
7 0.4550679206 0.2408568443 0.1849529781 0.0846394984
1 0.7784743992 0.2528735632 0.0794148380 0.0877742947
1 0.9555903866 0.2607105538 0.0888192268 0.0992685475
7 0.4404388715 0.3505747126 0.0867293626 0.1138975967
7 0.5156739812 0.3599791014 0.0721003135 0.1097178683
6 0.6671891327 0.3239289446 0.1222570533 0.2048066876
1 0.7753396029 0.3469174504 0.0668756531 0.0919540230
1 0.9545454545 0.3605015674 0.0909090909 0.1003134796
0 0.2429467085 0.3751306165 0.2037617555 0.1003134796
0 0.2502612330 0.4743991641 0.1870428422 0.0919540230
7 0.4341692790 0.4691745037 0.0950888192 0.1212121212
7 0.5141065831 0.4696969697 0.0752351097 0.1097178683
1 0.7711598746 0.4383490073 0.0689655172 0.0867293626
1 0.9566353187 0.4613375131 0.0867293626 0.0971786834
7 0.2413793103 0.5689655172 0.2006269592 0.1076280042
6 0.6656217346 0.5224660397 0.1233019854 0.1964472309
1 0.7716823406 0.5214211076 0.0700104493 0.0835945664
1 0.9618599791 0.5569487983 0.0762800418 0.0961337513
7 0.4205851620 0.5987460815 0.0867293626 0.1358411703
7 0.5062695925 0.5987460815 0.0783699060 0.1379310345
1 0.7701149425 0.6076280042 0.0731452456 0.0846394984
7 0.2659352142 0.6750261233 0.1556948798 0.1149425287
1 0.7732497388 0.6933124347 0.0773249739 0.0846394984
1 0.9545454545 0.6457680251 0.0909090909 0.0835945664
7 0.4592476489 0.7241379310 0.1828631139 0.1274817137
6 0.6671891327 0.7267502612 0.1243469175 0.2079414838
1 0.9566353187 0.7314524556 0.0867293626 0.0919540230
3 0.2481713689 0.7857889237 0.0637408568 0.1358411703
3 0.3103448276 0.7805642633 0.0626959248 0.1316614420
1 0.5031347962 0.8343782654 0.0888192268 0.1222570533
1 0.8181818182 0.8040752351 0.1588296761 0.0992685475
1 0.4096133751 0.8479623824 0.1024033438 0.1222570533
6 0.6379310345 0.8704284222 0.1682340648 0.1024033438
7 0.2507836991 0.9184952978 0.0606060606 0.1442006270
7 0.3108672936 0.9127481714 0.0616509927 0.1431556949
