1 0.5879032258 0.0032258065 0.1564516129 0.0064516129
7 0.2887096774 0.1084677419 0.1822580645 0.0927419355
7 0.2887096774 0.0354838710 0.1854838710 0.0709677419
4 0.6044354839 0.0645161290 0.2040322581 0.1290322581
4 0.9282258065 0.0237903226 0.1435483871 0.0475806452
4 0.9266129032 0.1012096774 0.1467741935 0.1024193548
7 0.0491935484 0.1258064516 0.0983870968 0.1096774194
7 0.0495967742 0.2125000000 0.0991935484 0.1008064516
7 0.2822580645 0.1971774194 0.1838709677 0.0959677419
4 0.6092741935 0.1612903226 0.1959677419 0.0870967742
4 0.9274193548 0.1995967742 0.1451612903 0.1072580645
7 0.0487903226 0.3032258065 0.0975806452 0.0951612903
7 0.0471774194 0.3963709677 0.0943548387 0.1024193548
7 0.2794354839 0.3774193548 0.1862903226 0.0967741935
7 0.2818548387 0.2850806452 0.1782258065 0.0927419355
4 0.5947580645 0.3661290323 0.1911290323 0.1016129032
4 0.6044354839 0.2625000000 0.2104838710 0.1169354839
4 0.9270161290 0.2943548387 0.1459677419 0.1016129032
7 0.0455645161 0.4834677419 0.0911290323 0.1104838710
7 0.2786290323 0.4693548387 0.1911290323 0.0951612903
6 0.6008064516 0.4616935484 0.2064516129 0.1024193548
7 0.0439516129 0.5733870968 0.0879032258 0.1177419355
7 0.0427419355 0.6645161290 0.0854838710 0.1241935484
0 0.2302419355 0.5790322581 0.0991935484 0.1403225806
0 0.3314516129 0.5834677419 0.1225806452 0.1411290323
6 0.5991935484 0.5616935484 0.2064516129 0.1040322581
6 0.5963709677 0.6641129032 0.2088709677 0.0991935484
5 0.9274193548 0.5387096774 0.1451612903 0.1435483871
0 0.2189516129 0.7165322581 0.0895161290 0.1491935484
0 0.3137096774 0.7225806452 0.1161290323 0.1467741935
0 0.5520161290 0.7866935484 0.1120967742 0.1524193548
0 0.9745967742 0.6810483871 0.0508064516 0.1685483871
0 0.2838709677 0.8649193548 0.2016129032 0.1637096774
0 0.5447580645 0.9302419355 0.1088709677 0.1395161290
0 0.9306451613 0.8302419355 0.1387096774 0.1669354839
0 0.2778225806 0.9669354839 0.2120967742 0.0661290323
0 0.9334677419 0.9419354839 0.1330645161 0.1161290323
