5 0.2638888889 0.0167824074 0.1550925926 0.0335648148
5 0.6406250000 0.0237268519 0.0543981481 0.0474537037
5 0.7540509259 0.0318287037 0.1030092593 0.0636574074
5 0.8946759259 0.0248842593 0.0439814815 0.0497685185
5 0.8472222222 0.0283564815 0.0578703704 0.0567129630
5 0.9687500000 0.0179398148 0.0625000000 0.0358796296
6 0.0677083333 0.0434027778 0.1354166667 0.0868055556
5 0.2673611111 0.0746527778 0.1504629630 0.0659722222
5 0.4907407407 0.0353009259 0.1666666667 0.0682870370
5 0.9612268519 0.0873842593 0.0775462963 0.0914351852
6 0.0665509259 0.1371527778 0.1331018519 0.1145833333
5 0.2650462963 0.1458333333 0.1550925926 0.0717592593
5 0.4901620370 0.0972222222 0.1678240741 0.0578703704
5 0.6591435185 0.0978009259 0.0752314815 0.1030092593
5 0.7500000000 0.1006944444 0.1134259259 0.0995370370
5 0.8680555556 0.0949074074 0.1134259259 0.0972222222
1 0.7748842593 0.2274305556 0.2256944444 0.1354166667
1 0.0243055556 0.2604166667 0.0486111111 0.1087962963
1 0.0943287037 0.2563657407 0.0983796296 0.1076388889
1 0.1961805556 0.2627314815 0.1076388889 0.1388888889
1 0.2997685185 0.2615740741 0.1018518519 0.1365740741
1 0.4826388889 0.3084490741 0.2037037037 0.1076388889
1 0.0248842593 0.3645833333 0.0497685185 0.1064814815
1 0.0972222222 0.3599537037 0.0995370370 0.1064814815
1 0.2094907407 0.3894675926 0.1134259259 0.1307870370
1 0.3090277778 0.3842592593 0.0902777778 0.1250000000
1 0.7748842593 0.3489583333 0.2210648148 0.1400462963
2 0.9762731481 0.3356481481 0.0474537037 0.1782407407
1 0.1012731481 0.4589120370 0.0960648148 0.1099537037
1 0.4878472222 0.4126157407 0.2048611111 0.1099537037
1 0.0289351852 0.4658564815 0.0578703704 0.1030092593
1 0.2135416667 0.5121527778 0.1099537037 0.1238425926
1 0.3119212963 0.5069444444 0.0937500000 0.1250000000
1 0.4953703704 0.5162037037 0.2037037037 0.1134259259
1 0.7899305556 0.4751157407 0.2280092593 0.1354166667
1 0.0277777778 0.5653935185 0.0555555556 0.1030092593
1 0.1047453704 0.5572916667 0.1006944444 0.1030092593
1 0.7934027778 0.6070601852 0.2303240741 0.1354166667
1 0.0248842593 0.6718750000 0.0497685185 0.1168981481
1 0.1018518519 0.6649305556 0.1226851852 0.1168981481
1 0.2141203704 0.6336805556 0.1064814815 0.1238425926
1 0.3125000000 0.6290509259 0.0995370370 0.1307870370
1 0.4971064815 0.6255787037 0.2094907407 0.1192129630
1 0.2158564815 0.7540509259 0.1053240741 0.1284722222
1 0.3142361111 0.7500000000 0.1030092593 0.1319444444
1 0.4652777778 0.7453703704 0.1041666667 0.1319444444
1 0.5625000000 0.7424768519 0.1018518519 0.1284722222
1 0.7928240741 0.7418981481 0.2245370370 0.1388888889
1 0.9965277778 0.7175925926 0.0069444444 0.1805555556
1 0.0254629630 0.7812500000 0.0509259259 0.1064814815
1 0.1070601852 0.7725694444 0.1145833333 0.1145833333
