1 0.4451137885 0.0093708166 0.1004016064 0.0187416332
1 0.5374832664 0.0093708166 0.0896921017 0.0187416332
1 0.6291834003 0.0113788487 0.1017402945 0.0227576975
1 0.7282463186 0.0113788487 0.0990629183 0.0227576975
1 0.8253012048 0.0093708166 0.0950468541 0.0187416332
7 0.0227576975 0.0870147256 0.0455153949 0.1740294511
7 0.0676037483 0.0890227577 0.0896921017 0.1780455154
7 0.2034805890 0.0896921017 0.0829986613 0.1793842035
7 0.1345381526 0.0876840696 0.0843373494 0.1753681392
7 0.2697456493 0.0896921017 0.0843373494 0.1793842035
1 0.4431057564 0.0629183400 0.0990629183 0.0937081660
1 0.5435073628 0.0622489960 0.0990629183 0.0870147256
1 0.6345381526 0.0542168675 0.0803212851 0.0655957162
1 0.7175368139 0.0615796519 0.0883534137 0.0722891566
1 0.8199464525 0.0562248996 0.1084337349 0.0803212851
7 0.0408299866 0.2088353414 0.0816599732 0.0696117805
7 0.1813922356 0.2155287818 0.1994645248 0.0803212851
1 0.4303882195 0.2329317269 0.0977242303 0.0722891566
1 0.4290495315 0.1532797858 0.1004016064 0.0736278447
1 0.5314591700 0.1773761714 0.0856760375 0.1352074967
1 0.6278447122 0.1740294511 0.0937081660 0.1365461847
1 0.7322623829 0.1740294511 0.1151271754 0.1499330656
1 0.8360107095 0.1733601071 0.1164658635 0.1593038822
7 0.1666666667 0.2871485944 0.2021419009 0.0736278447
7 0.0160642570 0.3701472557 0.0321285141 0.0709504685
7 0.0107095047 0.4404283802 0.0214190094 0.0696117805
7 0.0883534137 0.4009370817 0.1445783133 0.1378848728
7 0.2195448461 0.4016064257 0.1472556894 0.1392235609
1 0.3560910308 0.4196787149 0.1258366801 0.1780455154
1 0.4585006693 0.4116465863 0.1004016064 0.1726907631
1 0.5562248996 0.4136546185 0.0977242303 0.1767068273
1 0.6512717537 0.4143239625 0.1057563588 0.1807228916
1 0.7369477912 0.4076305221 0.0816599732 0.1646586345
1 0.8099062918 0.4062918340 0.0856760375 0.1619812584
1 0.8808567604 0.4129852744 0.0910307898 0.1700133869
7 0.0689424364 0.5642570281 0.1378848728 0.1405622490
7 0.2108433735 0.5722891566 0.1539491299 0.1432396252
7 0.0763052209 0.7101740295 0.1526104418 0.1539491299
1 0.3072289157 0.6666666667 0.0736278447 0.1740294511
1 0.4257028112 0.6666666667 0.1713520750 0.1793842035
1 0.5997322624 0.6753681392 0.1767068273 0.1834002677
1 0.7751004016 0.6813922356 0.1793842035 0.1874163320
1 0.9049531459 0.6887550201 0.0910307898 0.1807228916
1 0.5555555556 0.8018741633 0.1338688086 0.0829986613
1 0.6773761714 0.8072289157 0.1044176707 0.0803212851
1 0.8125836680 0.8145917001 0.1713520750 0.0870147256
1 0.4303882195 0.8433734940 0.1673360107 0.1740294511
1 0.5890227577 0.8781793842 0.1526104418 0.0749665328
1 0.7443105756 0.8828647925 0.1552878179 0.0789825971
