5 0.0569060773 0.1453038674 0.0276243094 0.0342541436
5 0.1160220994 0.1607734807 0.0110497238 0.0585635359
5 0.0911602210 0.1436464088 0.0276243094 0.0309392265
5 0.1353591160 0.1447513812 0.0298342541 0.0309392265
5 0.1629834254 0.1441988950 0.0254143646 0.0276243094
5 0.1425414365 0.1138121547 0.0596685083 0.0331491713
1 0.3906077348 0.1580110497 0.1314917127 0.1348066298
1 0.5154696133 0.1519337017 0.1381215470 0.1425414365
1 0.6116022099 0.1447513812 0.0674033149 0.1480662983
1 0.6762430939 0.1386740331 0.0729281768 0.1513812155
1 0.7403314917 0.1309392265 0.0707182320 0.1558011050
1 0.8154696133 0.1226519337 0.0795580110 0.1569060773
5 0.0994475138 0.2204419890 0.0419889503 0.0651933702
5 0.0640883978 0.2226519337 0.0419889503 0.0651933702
5 0.0734806630 0.1740331492 0.0519337017 0.0342541436
5 0.1337016575 0.2320441989 0.0243093923 0.0309392265
5 0.1491712707 0.1723756906 0.0574585635 0.0309392265
1 0.6104972376 0.3016574586 0.0872928177 0.0751381215
1 0.6983425414 0.3138121547 0.0950276243 0.0751381215
3 0.7718232044 0.2922651934 0.0541436464 0.0497237569
3 0.7966850829 0.3441988950 0.1127071823 0.0585635359
3 0.8281767956 0.2889502762 0.0607734807 0.0519337017
5 0.0618784530 0.3795580110 0.0596685083 0.1160220994
1 0.3812154696 0.3574585635 0.0441988950 0.1226519337
1 0.4734806630 0.3602209945 0.0585635359 0.1237569061
1 0.4215469613 0.3591160221 0.0585635359 0.1215469613
1 0.5309392265 0.3596685083 0.0674033149 0.1270718232
1 0.6022099448 0.3856353591 0.0883977901 0.0773480663
1 0.6972375691 0.3900552486 0.0906077348 0.0707182320
3 0.7961325967 0.3950276243 0.1116022099 0.0563535912
5 0.0497237569 0.5171270718 0.0618784530 0.0795580110
5 0.1033149171 0.5243093923 0.0585635359 0.0718232044
1 0.4845303867 0.4618784530 0.0674033149 0.0574585635
1 0.5580110497 0.4701657459 0.0839779006 0.0696132597
1 0.6314917127 0.4773480663 0.0651933702 0.0508287293
1 0.7088397790 0.4883977901 0.0961325967 0.0707182320
1 0.8038674033 0.5099447514 0.0895027624 0.0342541436
1 0.4640883978 0.5674033149 0.0640883978 0.0784530387
1 0.5375690608 0.5712707182 0.0828729282 0.0817679558
1 0.6270718232 0.5756906077 0.0939226519 0.0839779006
1 0.7121546961 0.5756906077 0.0806629834 0.0861878453
5 0.0574585635 0.6475138122 0.0530386740 0.0486187845
5 0.0591160221 0.6845303867 0.0563535912 0.0342541436
7 0.1005524862 0.7160220994 0.0441988950 0.0464088398
1 0.4690607735 0.7000000000 0.0696132597 0.0740331492
7 0.1386740331 0.7469613260 0.0430939227 0.0375690608
1 0.4712707182 0.7502762431 0.0740331492 0.0640883978
1 0.5441988950 0.7298342541 0.0828729282 0.1314917127
1 0.6215469613 0.7353591160 0.0784530387 0.1204419890
1 0.7116022099 0.7397790055 0.0950276243 0.1337016575
1 0.8088397790 0.7574585635 0.1082872928 0.1314917127
7 0.1215469613 0.8961325967 0.0685082873 0.0287292818
1 0.4138121547 0.9082872928 0.0939226519 0.1613259669
1 0.4900552486 0.9309392265 0.0828729282 0.1381215470
1 0.5535911602 0.9436464088 0.0707182320 0.1127071823
1 0.6215469613 0.9535911602 0.0696132597 0.0928176796
2 0.7198895028 0.9381215470 0.1116022099 0.1237569061
2 0.8154696133 0.9569060773 0.0906077348 0.0861878453
1 0.8082872928 0.4629834254 0.0850828729 0.0596685083
