7 0.0282312925 0.0122448980 0.0564625850 0.0244897959
7 0.0289115646 0.0428571429 0.0578231293 0.0489795918
4 0.1768707483 0.0047619048 0.1414965986 0.0095238095
4 0.1704081633 0.0374149660 0.1462585034 0.0748299320
1 0.3241496599 0.0363945578 0.0727891156 0.0727891156
1 0.4462585034 0.0435374150 0.0530612245 0.0829931973
1 0.3894557823 0.0370748299 0.0687074830 0.0741496599
1 0.6421768707 0.0537414966 0.1224489796 0.1006802721
1 0.6370748299 0.0139455782 0.1299319728 0.0278911565
7 0.8316326531 0.0343537415 0.1462585034 0.0687074830
1 0.0193877551 0.1833333333 0.0387755102 0.0482993197
7 0.0017006803 0.1292517007 0.0034013605 0.0476190476
7 0.0244897959 0.0870748299 0.0489795918 0.0448979592
7 0.0221088435 0.1306122449 0.0442176871 0.0517006803
1 0.1581632653 0.1690476190 0.1217687075 0.0687074830
4 0.1636054422 0.1068027211 0.1421768707 0.0802721088
1 0.3200680272 0.1119047619 0.0700680272 0.0918367347
1 0.3867346939 0.1166666667 0.0659863946 0.0877551020
1 0.3704081633 0.1962585034 0.0836734694 0.0823129252
1 0.4469387755 0.1258503401 0.0571428571 0.0843537415
1 0.6353741497 0.1319727891 0.1210884354 0.0979591837
1 0.8387755102 0.1571428571 0.1578231293 0.0693877551
1 0.8384353741 0.0925170068 0.1598639456 0.0761904762
1 0.0040816327 0.2758503401 0.0081632653 0.1530612245
1 0.1510204082 0.2884353741 0.1224489796 0.0653061224
1 0.1564625850 0.2316326531 0.1170068027 0.0578231293
1 0.3585034014 0.2826530612 0.0843537415 0.0959183673
1 0.4455782313 0.2044217687 0.0680272109 0.0727891156
1 0.4360544218 0.2880952381 0.0789115646 0.0931972789
1 0.6425170068 0.2972789116 0.1285714286 0.0857142857
1 0.6370748299 0.2132653061 0.1421768707 0.0931972789
1 0.8673469388 0.2496598639 0.1183673469 0.1360544218
1 0.1551020408 0.3520408163 0.1428571429 0.0646258503
1 0.1500000000 0.4091836735 0.1448979592 0.0659863946
1 0.3598639456 0.3761904762 0.0789115646 0.0925170068
1 0.4340136054 0.3809523810 0.0707482993 0.0952380952
1 0.6455782313 0.3734693878 0.1360544218 0.0857142857
1 0.8707482993 0.4136054422 0.1265306122 0.0707482993
1 0.8738095238 0.3462585034 0.1258503401 0.0816326531
1 0.1435374150 0.4717687075 0.1428571429 0.0700680272
1 0.1404761905 0.5387755102 0.1476190476 0.0666666667
1 0.4421768707 0.4714285714 0.0666666667 0.0857142857
1 0.3680272109 0.4670068027 0.0843537415 0.0891156463
1 0.6431972789 0.4527210884 0.1340136054 0.0863945578
1 0.6459183673 0.5394557823 0.1408163265 0.0925170068
1 0.8727891156 0.4812925170 0.1115646259 0.0714285714
1 0.1329931973 0.6030612245 0.1421768707 0.0673469388
1 0.3588435374 0.5554421769 0.0850340136 0.0918367347
0 0.3952380952 0.6486394558 0.1551020408 0.0959183673
1 0.4367346939 0.5608843537 0.0721088435 0.0918367347
0 0.6551020408 0.6261904762 0.0476190476 0.0918367347
1 0.8744897959 0.5581632653 0.1231292517 0.0795918367
1 0.8775510204 0.6380952381 0.1251700680 0.0816326531
7 0.1170068027 0.6761904762 0.1510204082 0.0816326531
0 0.3540816327 0.7496598639 0.0945578231 0.1020408163
0 0.4374149660 0.7469387755 0.0707482993 0.1006802721
0 0.6095238095 0.7221088435 0.0884353741 0.1095238095
0 0.6765306122 0.7231292517 0.0469387755 0.1047619048
0 0.8846938776 0.7258503401 0.1244897959 0.0965986395
7 0.1081632653 0.7928571429 0.1591836735 0.1571428571
0 0.2901360544 0.8510204082 0.0741496599 0.0979591837
0 0.4000000000 0.8540816327 0.1428571429 0.1136054422
0 0.6367346939 0.8363945578 0.1346938776 0.1204081633
0 0.8884353741 0.8221088435 0.1319727891 0.0972789116
7 0.1081632653 0.9326530612 0.1510204082 0.1346938776
0 0.3959183673 0.9520408163 0.1442176871 0.0959183673
0 0.6465986395 0.9462585034 0.1163265306 0.1074829932
0 0.9289115646 0.9180272109 0.0591836735 0.0986394558
0 0.8588435374 0.9200680272 0.0863945578 0.0945578231
0 0.6846938776 0.9979591837 0.0510204082 0.0040816327
0 0.9326530612 0.9840136054 0.0693877551 0.0319727891
0 0.8588435374 0.9840136054 0.0904761905 0.0319727891
