7 0.1432545202 0.2413073713 0.1947148818 0.1043115438
7 0.3101529903 0.2385257302 0.1696801113 0.0987482615
7 0.3004172462 0.1620305981 0.1919332406 0.0959666203
7 0.3344923505 0.1050069541 0.1515994437 0.0570236439
7 0.6481223922 0.2336578581 0.2531293463 0.1140472879
7 0.9742698192 0.2350486787 0.0514603616 0.1502086231
7 0.1675938804 0.3094575800 0.1738525730 0.1154381085
7 0.3143254520 0.3178025035 0.1529902643 0.0959666203
7 0.2635605007 0.4666203060 0.2127955494 0.0904033380
7 0.2552155772 0.3936022253 0.2100139082 0.1029207232
4 0.6279554937 0.4068150209 0.2628650904 0.1293463143
4 0.6383866481 0.3205841446 0.2642559110 0.1154381085
4 0.9777468707 0.3518776078 0.0445062587 0.1557719054
4 0.9269819193 0.4485396384 0.1460361613 0.1349095967
7 0.2169680111 0.7023643950 0.2614742698 0.1029207232
7 0.2531293463 0.6279554937 0.1891515994 0.0987482615
7 0.2517385257 0.5486787204 0.2141863700 0.1015299026
4 0.6161335188 0.5090403338 0.2559109875 0.1251738526
4 0.6063977747 0.6223922114 0.2670375522 0.1321279555
1 0.9659248957 0.6787204451 0.0681502086 0.1808066759
7 0.9763560501 0.5479833102 0.0472878999 0.1168289291
7 0.0514603616 0.7753824757 0.1029207232 0.0931849791
7 0.0681502086 0.8998609179 0.1363004172 0.0806675939
7 0.2107093185 0.7892906815 0.2211404729 0.0987482615
7 0.2197496523 0.8762169680 0.2086230876 0.1001390821
4 0.5674547983 0.7350486787 0.2892906815 0.1460361613
4 0.5542420028 0.8636995828 0.2990264256 0.1557719054
1 0.8685674548 0.8407510431 0.1488178025 0.1933240612
1 0.9659248957 0.8553546592 0.0681502086 0.1696801113
7 0.0778859527 0.9575799722 0.1557719054 0.0848400556
7 0.2232267038 0.9603616134 0.1655076495 0.0792767733
4 0.5403337969 0.9624478442 0.2906815021 0.0751043115
1 0.8602225313 0.9617524339 0.1432545202 0.0764951321
1 0.9645340751 0.9687065369 0.0709318498 0.0625869263
