1 0.2176795580 0.2580110497 0.1701657459 0.0961325967
1 0.5469613260 0.2237569061 0.1392265193 0.0607734807
1 0.7215469613 0.2618784530 0.1392265193 0.0552486188
0 0.9116022099 0.2182320442 0.1635359116 0.1005524862
1 0.0453038674 0.2773480663 0.0906077348 0.0486187845
1 0.3994475138 0.2674033149 0.1580110497 0.1193370166
1 0.5508287293 0.2801104972 0.1381215470 0.0563535912
1 0.5530386740 0.3309392265 0.1337016575 0.0541436464
0 0.9011049724 0.3088397790 0.1580110497 0.0872928177
1 0.0624309392 0.3447513812 0.1248618785 0.0773480663
1 0.2436464088 0.3430939227 0.1668508287 0.0784530387
1 0.4441988950 0.3574585635 0.0751381215 0.0696132597
1 0.3707182320 0.3580110497 0.0740331492 0.0729281768
1 0.5524861878 0.3911602210 0.1149171271 0.0574585635
1 0.7220994475 0.3740331492 0.1425414365 0.1160220994
0 0.9966850829 0.3850828729 0.0066298343 0.0740331492
1 0.0861878453 0.4397790055 0.1723756906 0.0994475138
1 0.2596685083 0.4165745856 0.1480662983 0.0795580110
1 0.3806629834 0.4248618785 0.0740331492 0.0629834254
1 0.4508287293 0.4248618785 0.0795580110 0.0651933702
1 0.5541436464 0.4425414365 0.1226519337 0.0475138122
0 0.8861878453 0.4243093923 0.1657458564 0.1082872928
0 0.9834254144 0.4475138122 0.0331491713 0.0729281768
4 0.1038674033 0.5226519337 0.1414364641 0.0618784530
1 0.2828729282 0.4828729282 0.1414364641 0.0685082873
1 0.2939226519 0.5348066298 0.1348066298 0.0441988950
1 0.4535911602 0.4878453039 0.0762430939 0.0651933702
1 0.5569060773 0.4977900552 0.1171270718 0.0430939227
1 0.5591160221 0.5348066298 0.1171270718 0.0419889503
1 0.7104972376 0.4834254144 0.1325966851 0.1071823204
0 0.8679558011 0.5138121547 0.1425414365 0.0795580110
0 0.9762430939 0.5121546961 0.0475138122 0.0629834254
4 0.1392265193 0.6044198895 0.1171270718 0.0397790055
4 0.1276243094 0.5707182320 0.1314917127 0.0408839779
1 0.3060773481 0.5718232044 0.1237569061 0.0430939227
1 0.4077348066 0.6099447514 0.0707182320 0.0552486188
1 0.3966850829 0.5480662983 0.0685082873 0.0640883978
1 0.4696132597 0.6071823204 0.0729281768 0.0519337017
1 0.4602209945 0.5502762431 0.0674033149 0.0662983425
1 0.5651933702 0.5751381215 0.1116022099 0.0430939227
1 0.5690607735 0.6077348066 0.1038674033 0.0353591160
1 0.6944751381 0.5734806630 0.0983425414 0.0707182320
0 0.8519337017 0.6071823204 0.1348066298 0.0541436464
0 0.9701657459 0.5696132597 0.0596685083 0.0607734807
4 0.1640883978 0.6839779006 0.1049723757 0.0375690608
4 0.1546961326 0.6480662983 0.1104972376 0.0453038674
7 0.2900552486 0.6276243094 0.0629834254 0.0220994475
7 0.3353591160 0.6773480663 0.0497237569 0.0265193370
7 0.3375690608 0.6248618785 0.0386740331 0.0121546961
7 0.3171270718 0.6519337017 0.0287292818 0.0331491713
1 0.4171270718 0.6569060773 0.0541436464 0.0453038674
1 0.4734806630 0.6618784530 0.0607734807 0.0375690608
1 0.5674033149 0.6729281768 0.1027624309 0.0375690608
1 0.5701657459 0.6419889503 0.1060773481 0.0353591160
7 0.6955801105 0.6320441989 0.1071823204 0.0530386740
0 0.9911602210 0.6806629834 0.0176795580 0.0508287293
0 0.9552486188 0.6779005525 0.0762430939 0.0541436464
4 0.1718232044 0.7132596685 0.1049723757 0.0342541436
1 0.4226519337 0.7011049724 0.0563535912 0.0453038674
1 0.4784530387 0.7022099448 0.0552486188 0.0364640884
1 0.5712707182 0.7066298343 0.0994475138 0.0320441989
7 0.6961325967 0.7204419890 0.1060773481 0.0662983425
7 0.8259668508 0.7270718232 0.1160220994 0.0685082873
0 0.9392265193 0.7265193370 0.0751381215 0.0475138122
0 0.9817679558 0.7281767956 0.0364640884 0.0375690608
