1 0.0088676671 0.0811732606 0.0177353342 0.1623465211
1 0.1766712142 0.0388813097 0.2305593452 0.0777626194
1 0.4399727149 0.0873124147 0.0995907231 0.1746248295
1 0.6064120055 0.0450204638 0.0914051842 0.0900409277
1 0.6978171896 0.0450204638 0.0914051842 0.0900409277
1 0.9010914052 0.0354706685 0.1678035471 0.0709413370
1 0.1766712142 0.1145975443 0.2360163711 0.0873124147
1 0.3437926330 0.0920873124 0.0954979536 0.1841746248
1 0.6084583902 0.1398362892 0.0900409277 0.0941336971
1 0.6978171896 0.1357435198 0.0914051842 0.0914051842
1 0.8983628922 0.1732605730 0.1678035471 0.0709413370
1 0.8997271487 0.1030013643 0.1650750341 0.0695770805
1 0.0102319236 0.2005457026 0.0204638472 0.0763983629
1 0.1766712142 0.1944065484 0.2278308322 0.0804911323
1 0.6036834925 0.2401091405 0.0968622101 0.1091405184
1 0.6964529332 0.2332878581 0.0914051842 0.1064120055
1 0.8956343793 0.2442019100 0.1759890859 0.0763983629
1 0.0088676671 0.2776261937 0.0177353342 0.0804911323
1 0.0109140518 0.3506139154 0.0218281037 0.0709413370
1 0.1609822647 0.2660300136 0.1964529332 0.0682128240
1 0.1575716235 0.3356070941 0.1869031378 0.0736698499
1 0.3553888131 0.2789904502 0.1132332879 0.1869031378
1 0.4686221010 0.2694406548 0.1132332879 0.1869031378
1 0.5961800819 0.3478854025 0.1064120055 0.1064120055
1 0.7053206003 0.3458390177 0.0873124147 0.1159618008
1 0.8956343793 0.3165075034 0.1678035471 0.0791268759
1 0.0122783083 0.4188267394 0.0245566166 0.0682128240
1 0.1657571623 0.4079126876 0.1923601637 0.0763983629
3 0.8403819918 0.4106412005 0.0627557981 0.1227830832
3 0.9031377899 0.3826739427 0.0627557981 0.0613915416
1 0.3628922237 0.4740791269 0.1173260573 0.1950886767
1 0.4768076398 0.4720327422 0.1186903138 0.2073669850
1 0.6964529332 0.4542974079 0.0859481583 0.1009549795
1 0.5982264666 0.4522510232 0.0914051842 0.0995907231
3 0.9010914052 0.5061391542 0.0641200546 0.0682128240
3 0.9065484311 0.4433833561 0.0532060027 0.0600272851
1 0.1657571623 0.5593451569 0.2005457026 0.0818553888
1 0.6036834925 0.5525238745 0.1023192360 0.1036834925
1 0.7005457026 0.5545702592 0.0995907231 0.1050477490
3 0.8424283765 0.5375170532 0.0668485675 0.1336971351
3 0.9017735334 0.5716234652 0.0654843111 0.0709413370
1 0.6541609823 0.4126875853 0.3151432469 0.0695770805
