7 0.2798742138 0.0225366876 0.0943396226 0.0450733753
7 0.4145702306 0.0424528302 0.0786163522 0.0849056604
7 0.5440251572 0.0424528302 0.1949685535 0.0849056604
7 0.3925576520 0.1063941300 0.0723270440 0.0639412998
1 0.1582809224 0.2809224319 0.1153039832 0.1488469602
1 0.2594339623 0.2777777778 0.0995807128 0.1593291405
1 0.3595387841 0.2809224319 0.1006289308 0.1551362683
1 0.4606918239 0.2809224319 0.0974842767 0.1467505241
1 0.5566037736 0.2709643606 0.0964360587 0.1457023061
1 0.6457023061 0.2824947589 0.0838574423 0.1519916143
1 0.7316561845 0.2840670860 0.0922431866 0.1404612159
1 0.1546121593 0.4905660377 0.0932914046 0.0754716981
1 0.2515723270 0.4895178197 0.0880503145 0.0796645702
1 0.3459119497 0.4926624738 0.0922431866 0.0670859539
1 0.4376310273 0.4968553459 0.0870020964 0.0691823899
1 0.5209643606 0.4963312369 0.0838574423 0.0702306080
1 0.6074423480 0.4979035639 0.0849056604 0.0733752621
1 0.6933962264 0.4947589099 0.0849056604 0.0775681342
1 0.8045073375 0.4496855346 0.0995807128 0.1593291405
1 0.1200209644 0.5880503145 0.0408805031 0.0922431866
1 0.1797693920 0.5870020964 0.0911949686 0.0901467505
6 0.7269392034 0.6011530398 0.2085953878 0.1247379455
6 0.3228511530 0.6011530398 0.2054507338 0.1226415094
6 0.5220125786 0.6027253669 0.1970649895 0.1236897275
6 0.8710691824 0.6305031447 0.1027253669 0.1687631027
7 0.3590146751 0.7531446541 0.1100628931 0.0723270440
7 0.4690775681 0.7547169811 0.1100628931 0.0754716981
7 0.5985324948 0.7625786164 0.1383647799 0.0786163522
1 0.8349056604 0.7657232704 0.1226415094 0.0890985325
7 0.1514675052 0.8128930818 0.0953878407 0.1834381551
7 0.2395178197 0.8139412998 0.0849056604 0.1855345912
7 0.3495807128 0.8286163522 0.1142557652 0.0870020964
7 0.4685534591 0.8349056604 0.1215932914 0.0953878407
7 0.5985324948 0.8485324948 0.1362683438 0.0870020964
7 0.7243186583 0.8097484277 0.1278825996 0.1834381551
1 0.8485324948 0.8595387841 0.1226415094 0.1027253669
7 0.9135220126 0.9585953878 0.1436058700 0.0618448637
0 0.0555555556 0.9596436059 0.1111111111 0.0807127883
0 0.1619496855 0.9622641509 0.1163522013 0.0754716981
0 0.2704402516 0.9638364780 0.1153039832 0.0723270440
0 0.3742138365 0.9622641509 0.1006289308 0.0754716981
0 0.4737945493 0.9627882600 0.0922431866 0.0744234801
7 0.5686582809 0.9638364780 0.1079664570 0.0723270440
7 0.6750524109 0.9627882600 0.1153039832 0.0744234801
3 0.7809224319 0.9591194969 0.1320754717 0.0628930818
3 0.7861635220 0.9947589099 0.1362683438 0.0104821803
7 0.9192872117 0.9942348008 0.1446540881 0.0115303983
