1 0.0239567233 0.0293663060 0.0479134467 0.0587326121
1 0.1259659969 0.0270479134 0.0942812983 0.0540958269
1 0.2210200927 0.0216383308 0.0896445131 0.0432766615
1 0.0247295209 0.1159196291 0.0494590417 0.1020092736
1 0.1275115920 0.1120556414 0.0911901082 0.0880989181
1 0.2202472952 0.1027820711 0.0973724884 0.0850077280
1 0.3748068006 0.1406491499 0.0911901082 0.0927357032
1 0.4690880989 0.1445131376 0.0942812983 0.0880989181
1 0.0255023184 0.2132921175 0.0510046368 0.0958268934
1 0.1329211747 0.2094281298 0.0958268934 0.0973724884
1 0.2295208655 0.2063369397 0.1035548686 0.1004636785
1 0.5873261206 0.1622874807 0.0525502318 0.0927357032
1 0.9010819165 0.2418856260 0.1081916538 0.2086553323
1 0.0285935085 0.3199381762 0.0571870170 0.1020092736
1 0.1406491499 0.3114374034 0.0989180835 0.0973724884
1 0.2387944359 0.3075734158 0.1035548686 0.0927357032
1 0.3786707883 0.2550231839 0.0927357032 0.1112828439
1 0.4737248841 0.2496136012 0.0973724884 0.1128284389
1 0.0293663060 0.4304482226 0.0587326121 0.1066460587
1 0.2457496136 0.4142194745 0.1081916538 0.1051004637
1 0.1437403400 0.4119010819 0.0989180835 0.1066460587
1 0.3887171561 0.3647604328 0.0973724884 0.1143740340
1 0.4845440495 0.3608964451 0.0942812983 0.1159196291
1 0.6221020093 0.4335394127 0.1128284389 0.1221020093
1 0.7357032457 0.4428129830 0.0989180835 0.1221020093
1 0.0285935085 0.5370942813 0.0571870170 0.1066460587
1 0.2511591963 0.5224111283 0.1097372488 0.1020092736
1 0.1499227202 0.5193199382 0.1020092736 0.1143740340
1 0.3817619784 0.4860896445 0.1143740340 0.1221020093
1 0.4938176198 0.4806800618 0.1128284389 0.1205564142
1 0.9312210201 0.4644513138 0.1375579598 0.2241112828
1 0.1514683153 0.6375579598 0.1081916538 0.1190108192
1 0.2581143740 0.6344667697 0.1081916538 0.1159196291
1 0.4049459042 0.6105100464 0.1020092736 0.1267387944
1 0.5115919629 0.6074188563 0.1112828439 0.1298299845
1 0.6391035549 0.5718701700 0.1313755796 0.1298299845
1 0.7573415765 0.5710973725 0.1143740340 0.1313755796
1 0.8871715611 0.5641421947 0.1205564142 0.1298299845
1 0.9698608964 0.6043276662 0.0602782071 0.0432766615
1 0.0293663060 0.6476043277 0.0587326121 0.1143740340
1 0.5208655332 0.7411128284 0.1112828439 0.1313755796
1 0.4072642968 0.7418856260 0.1190108192 0.1360123648
1 0.6483771252 0.7140649150 0.1128284389 0.1391035549
1 0.7681607419 0.7202472952 0.1236476043 0.1452859351
1 0.8639876352 0.7102009274 0.0896445131 0.1375579598
1 0.0293663060 0.7658423493 0.0587326121 0.1159196291
1 0.2642967543 0.7557959815 0.1143740340 0.1205564142
1 0.1561051005 0.7573415765 0.1112828439 0.1236476043
5 0.0332302937 0.9080370943 0.0664605873 0.0850077280
5 0.1630602782 0.9265842349 0.1097372488 0.1406491499
5 0.2666151468 0.9211746522 0.1035548686 0.1391035549
5 0.4265842349 0.9196290572 0.1112828439 0.1298299845
5 0.5370942813 0.9149922720 0.0942812983 0.1236476043
5 0.7627511592 0.9142194745 0.1159196291 0.1591962906
5 0.0347758887 0.9760432767 0.0602782071 0.0479134467
5 0.4350850077 0.9922720247 0.0973724884 0.0154559505
5 0.5417310665 0.9907264297 0.1035548686 0.0185471406
5 0.6584234930 0.9961360124 0.1143740340 0.0077279753
