7 0.2473844813 0.1340453357 0.0527462947 0.1338273758
7 0.1955100262 0.1320836966 0.0553618134 0.1299040976
7 0.2975152572 0.1229293810 0.0527462947 0.1211857018
7 0.3552746295 0.1218395815 0.0566695728 0.1198779425
1 0.4352659111 0.1098517873 0.0963382738 0.1115954664
1 0.5104620750 0.1137750654 0.0549258936 0.1255448997
1 0.6203138622 0.1068003487 0.0592850915 0.1255448997
1 0.5656059285 0.1102877071 0.0544899738 0.1316477768
1 0.6809067132 0.1035309503 0.0566695728 0.1233653008
8 0.7942458588 0.0808631212 0.1630340017 0.0789014821
2 0.9210985179 0.1100697472 0.0897994769 0.1530078466
2 0.9775501308 0.1057105493 0.0448997384 0.1503923278
7 0.0640802092 0.1554054054 0.0680034874 0.1678291194
7 0.1288142982 0.1488666085 0.0579773322 0.1687009590
8 0.7992589364 0.1865736704 0.1608544028 0.0444638187
7 0.2691804708 0.2837837838 0.0614646905 0.0488230166
7 0.3256320837 0.2798605057 0.0610287707 0.0488230166
1 0.3809938971 0.2763731473 0.0575414124 0.0401046207
1 0.4365736704 0.2744115083 0.0588491718 0.0414123801
1 0.4965126417 0.2785527463 0.0662598082 0.0479511770
1 0.5608108108 0.2731037489 0.0675675676 0.0475152572
6 0.7772449869 0.2757192677 0.0819529207 0.0544899738
6 0.8550566696 0.2752833479 0.0884917175 0.0719267655
6 0.9341761116 0.2667829119 0.0819529207 0.0584132520
5 0.9847428073 0.2571926765 0.0305143854 0.0540540541
7 0.0660418483 0.2942458588 0.0597210113 0.0409764603
7 0.0658238884 0.3334786399 0.0601569311 0.0435919791
7 0.1394943330 0.3291194420 0.0584132520 0.0409764603
7 0.1442894507 0.2890148213 0.0592850915 0.0374891020
7 0.2022667829 0.3299912816 0.0601569311 0.0453356582
7 0.2079337402 0.2868352223 0.0680034874 0.0427201395
7 0.2652571927 0.3265039233 0.0544899738 0.0409764603
7 0.3241063644 0.3243243243 0.0597210113 0.0444638187
1 0.3831734961 0.3197471665 0.0575414124 0.0527462947
1 0.4407149085 0.3177855275 0.0619006103 0.0496948561
1 0.5026155187 0.3273757629 0.0627724499 0.0531822145
1 0.5653879686 0.3254141238 0.0671316478 0.0544899738
1 0.6163905841 0.3003487358 0.0488230166 0.0985178727
1 0.6636878814 0.2951176983 0.0510026155 0.1011333915
1 0.7159982563 0.2981691369 0.0553618134 0.1054925894
6 0.7813862249 0.3297733217 0.0789014821 0.0597210113
6 0.8489537925 0.3343504795 0.0588491718 0.0427201395
6 0.9359197908 0.3238884045 0.0880557977 0.0575414124
5 0.9880122058 0.3121185702 0.0239755885 0.0584132520
7 0.1290322581 0.3694420227 0.0627724499 0.0431560593
7 0.1983435048 0.3650828248 0.0610287707 0.0326939843
7 0.2632955536 0.3663905841 0.0610287707 0.0370531822
7 0.2770270270 0.4313426330 0.0632083697 0.0510026155
7 0.3234524847 0.3594158675 0.0592850915 0.0344376635
7 0.3408892764 0.4300348736 0.0619006103 0.0501307759
1 0.4782040105 0.4274193548 0.0767218832 0.0527462947
1 0.5577593723 0.4256756757 0.0745422842 0.0536181343
1 0.6281604185 0.4230601569 0.0741063644 0.0588491718
5 0.8888404534 0.4182650392 0.0784655623 0.0658238884
5 0.9614210985 0.4143417611 0.0771578030 0.0553618134
7 0.0828247602 0.4391891892 0.0688753269 0.0492589364
7 0.0758500436 0.4904097646 0.0688753269 0.0505666957
7 0.1464690497 0.4370095902 0.0627724499 0.0501307759
7 0.1434176112 0.4840889276 0.0653879686 0.0483870968
7 0.2090235397 0.4845248474 0.0658238884 0.0536181343
7 0.2107672188 0.4352659111 0.0666957280 0.0501307759
7 0.2752833479 0.4829991282 0.0649520488 0.0549258936
7 0.3397994769 0.4819093287 0.0632083697 0.0544899738
1 0.4051874455 0.4564080209 0.0710549259 0.1081081081
1 0.4799476896 0.4860505667 0.0723626853 0.0470793374
1 0.5514385353 0.4819093287 0.0723626853 0.0510026155
1 0.6303400174 0.4744986922 0.0749782040 0.0553618134
6 0.6985614647 0.4481255449 0.0693112467 0.1063644289
6 0.7589363557 0.4476896251 0.0688753269 0.1124673060
6 0.8238884045 0.4442022668 0.0732345248 0.1133391456
5 0.8809938971 0.4827811683 0.0697471665 0.0640802092
5 0.9572798605 0.4723190933 0.0854402790 0.0640802092
1 0.6996512642 0.5712728858 0.0610287707 0.0431560593
6 0.8227986051 0.5808631212 0.0745422842 0.0605928509
6 0.8894943330 0.5810810811 0.0719267655 0.0653879686
6 0.9555361813 0.5812990410 0.0732345248 0.0675675676
5 0.9932432432 0.5727986051 0.0135135135 0.0627724499
7 0.0501307759 0.5976460331 0.0688753269 0.0557977332
7 0.0472972973 0.6510462075 0.0684394071 0.0553618134
7 0.1192240628 0.5937227550 0.0719267655 0.0566695728
7 0.1176983435 0.6479947690 0.0749782040 0.0501307759
7 0.1870095902 0.6442894507 0.0732345248 0.0557977332
7 0.1900610288 0.5932868352 0.0723626853 0.0523103749
7 0.2576285963 0.5906713165 0.0741063644 0.0523103749
7 0.2578465562 0.6427637315 0.0710549259 0.0544899738
1 0.3940714908 0.6536617262 0.0592850915 0.0623365301
1 0.3278116827 0.6543156059 0.0697471665 0.0636442895
1 0.3273757629 0.5917611160 0.0697471665 0.0632083697
1 0.3947253705 0.5876198779 0.0658238884 0.0557977332
1 0.4581517001 0.6403661726 0.0592850915 0.0575414124
1 0.4566259808 0.5850043592 0.0588491718 0.0496948561
1 0.5161290323 0.5843504795 0.0610287707 0.0501307759
1 0.5152571927 0.6399302528 0.0610287707 0.0592850915
1 0.5769398431 0.6381865737 0.0605928509 0.0592850915
1 0.5778116827 0.5836965998 0.0605928509 0.0505666957
1 0.6384045336 0.5817349608 0.0605928509 0.0544899738
1 0.6386224935 0.6360069747 0.0662598082 0.0523103749
1 0.7635135135 0.6057105493 0.0684394071 0.1111595466
5 0.9938971229 0.6342632956 0.0122057541 0.0584132520
7 0.1124673060 0.6935483871 0.0706190061 0.0435919791
7 0.1865736704 0.6911508282 0.0688753269 0.0414123801
7 0.2552310375 0.6885353095 0.0675675676 0.0414123801
3 0.0085004359 0.7689625109 0.0170008718 0.0348735833
3 0.0725806452 0.7903225806 0.0466434176 0.0845684394
3 0.0366172624 0.7683086312 0.0409764603 0.0361813426
3 0.1107236269 0.7887968614 0.0444638187 0.0841325196
7 0.1495204882 0.7909764603 0.0435919791 0.0937227550
7 0.1817785527 0.7848735833 0.0366172624 0.0815170009
7 0.2179598954 0.7837837838 0.0392327812 0.0854402790
5 0.2508718396 0.7877070619 0.0300784656 0.0348735833
5 0.2957715780 0.7931560593 0.0248474281 0.0353095031
5 0.2611159547 0.7569747167 0.0340017437 0.0309503051
5 0.2938099390 0.7569747167 0.0366172624 0.0353095031
5 0.3306451613 0.7556669573 0.0396687010 0.0387968614
5 0.3661726242 0.7674367916 0.0348735833 0.0640802092
1 0.4701394943 0.7659110724 0.0640802092 0.0601569311
5 0.4014821273 0.7752833479 0.0357454228 0.0762859634
1 0.5374891020 0.7656931125 0.0741063644 0.0666957280
1 0.6183522232 0.7565387969 0.0806451613 0.0553618134
1 0.6174803836 0.7565387969 0.0841325196 0.0536181343
1 0.6942022668 0.7543591979 0.0771578030 0.0536181343
1 0.7717959895 0.7530514385 0.0771578030 0.0544899738
1 0.8456843941 0.7526155187 0.0714908457 0.0605928509
6 0.9121621622 0.7580645161 0.0649520488 0.0714908457
6 0.9686137751 0.7547951177 0.0627724499 0.0666957280
6 0.9984742807 0.7539232781 0.0030514385 0.0675675676
3 0.0076285963 0.8057977332 0.0152571927 0.0387968614
3 0.0326939843 0.8064516129 0.0409764603 0.0418482999
5 0.2547951177 0.8227986051 0.0292066260 0.0335658239
1 0.4681778553 0.8254141238 0.0680034874 0.0623365301
1 0.5374891020 0.8251961639 0.0706190061 0.0575414124
1 0.6153007847 0.8151700087 0.0693112467 0.0653879686
1 0.6909328684 0.8121185702 0.0828247602 0.0671316478
1 0.7700523104 0.8105928509 0.0832606800 0.0632083697
1 0.8485178727 0.8095030514 0.0771578030 0.0636442895
6 0.9230601569 0.8251961639 0.0719267655 0.0697471665
6 0.9755884917 0.8241063644 0.0488230166 0.0727986051
7 0.2162162162 0.9524847428 0.0357454228 0.0401046207
7 0.2550130776 0.9527027027 0.0462074978 0.0396687010
7 0.2955536181 0.9513949433 0.0409764603 0.0414123801
1 0.7646033130 0.9500871840 0.0749782040 0.0640802092
7 0.0098081953 0.9703574542 0.0196163906 0.0592850915
7 0.0786835222 0.9690496949 0.0326939843 0.0619006103
7 0.0501307759 0.9694856146 0.0252833479 0.0610287707
7 0.1469049695 0.9679598954 0.0444638187 0.0640802092
7 0.1118134263 0.9681778553 0.0422842197 0.0636442895
7 0.2186137751 0.9849607672 0.0361813426 0.0300784656
7 0.1830863121 0.9670880558 0.0383609416 0.0658238884
7 0.2561028771 0.9845248474 0.0475152572 0.0309503051
7 0.3012205754 0.9832170881 0.0444638187 0.0335658239
7 0.3204010462 0.9962946818 0.0366172624 0.0074106364
1 0.4217523976 0.9627288579 0.0701830863 0.0649520488
1 0.4241499564 0.9962946818 0.0680034874 0.0074106364
1 0.4888840453 0.9930252833 0.0693112467 0.0139494333
1 0.4877942459 0.9572798605 0.0645161290 0.0592850915
1 0.5557977332 0.9607672188 0.0714908457 0.0732345248
1 0.6316477768 0.9956408021 0.0680034874 0.0087183958
1 0.6937663470 0.9537925022 0.0693112467 0.0540540541
1 0.6266346992 0.9583696600 0.0701830863 0.0719267655
1 0.6992153444 0.9914995641 0.0697471665 0.0170008718
1 0.7680906713 0.9917175240 0.0688753269 0.0165649520
1 0.8365300785 0.9542284220 0.0732345248 0.0636442895
1 0.8356582389 0.9930252833 0.0723626853 0.0139494333
6 0.9165213601 0.9594594595 0.0736704446 0.0810810811
6 0.9731909329 0.9603312990 0.0536181343 0.0793374019
1 0.5640802092 0.9973844813 0.0697471665 0.0052310375
