2 0.0554187192 0.1440886700 0.1108374384 0.1527093596
2 0.2364532020 0.2050492611 0.2931034483 0.2918719212
2 0.4390394089 0.2093596059 0.1662561576 0.2980295567
2 0.0763546798 0.3325123153 0.1527093596 0.2339901478
6 0.6280788177 0.3491379310 0.1009852217 0.0504926108
4 0.8768472906 0.3226600985 0.1330049261 0.0541871921
2 0.2740147783 0.4033251232 0.2647783251 0.1416256158
6 0.5751231527 0.4051724138 0.0517241379 0.0443349754
4 0.8731527094 0.3676108374 0.1256157635 0.0578817734
4 0.8706896552 0.4150246305 0.1231527094 0.0541871921
2 0.2961822660 0.5073891626 0.2426108374 0.1182266010
4 0.4710591133 0.4741379310 0.0825123153 0.0467980296
7 0.6834975369 0.4833743842 0.0394088670 0.0307881773
4 0.5972906404 0.4562807882 0.1059113300 0.0431034483
7 0.6841133005 0.4544334975 0.0406403941 0.0320197044
4 0.5972906404 0.5000000000 0.1083743842 0.0443349754
7 0.7198275862 0.4809113300 0.0357142857 0.0357142857
4 0.8743842365 0.5055418719 0.1059113300 0.0480295567
4 0.8700738916 0.4618226601 0.1194581281 0.0492610837
2 0.0985221675 0.5289408867 0.1970443350 0.2105911330
4 0.4753694581 0.5160098522 0.0837438424 0.0418719212
4 0.4784482759 0.5566502463 0.0899014778 0.0418719212
4 0.5960591133 0.5394088670 0.1059113300 0.0418719212
7 0.6908866995 0.5123152709 0.0246305419 0.0295566502
7 0.6927339901 0.5689655172 0.0258620690 0.0295566502
7 0.6927339901 0.5400246305 0.0258620690 0.0307881773
4 0.5991379310 0.5794334975 0.1046798030 0.0431034483
7 0.7210591133 0.5209359606 0.0332512315 0.0467980296
7 0.8713054187 0.5529556650 0.1046798030 0.0418719212
2 0.3121921182 0.6126847291 0.2327586207 0.1022167488
4 0.4827586207 0.5960591133 0.0862068966 0.0369458128
4 0.4870689655 0.6336206897 0.0849753695 0.0381773399
4 0.6022167488 0.6206896552 0.1059113300 0.0443349754
7 0.6945812808 0.6108374384 0.0295566502 0.0541871921
4 0.6059113300 0.6600985222 0.0985221675 0.0418719212
7 0.7241379310 0.6077586207 0.0344827586 0.0554187192
7 0.7561576355 0.6299261084 0.0344827586 0.0554187192
4 0.8700738916 0.6348522167 0.1046798030 0.0431034483
4 0.8725369458 0.5942118227 0.1046798030 0.0431034483
2 0.1213054187 0.7118226601 0.2302955665 0.1871921182
2 0.3294334975 0.7155172414 0.2302955665 0.0985221675
4 0.4944581281 0.7075123153 0.0825123153 0.0357142857
4 0.4913793103 0.6699507389 0.0837438424 0.0394088670
4 0.5012315271 0.7444581281 0.0763546798 0.0357142857
4 0.6052955665 0.7401477833 0.0874384236 0.0418719212
4 0.6028325123 0.7001231527 0.0899014778 0.0431034483
7 0.6970443350 0.6674876847 0.0295566502 0.0615763547
7 0.6995073892 0.7253694581 0.0270935961 0.0615763547
7 0.7247536946 0.6662561576 0.0381773399 0.0615763547
7 0.7266009852 0.7241379310 0.0344827586 0.0591133005
4 0.8700738916 0.7155172414 0.0997536946 0.0394088670
4 0.8706896552 0.6761083744 0.1009852217 0.0418719212
2 0.3448275862 0.8091133005 0.2266009852 0.0911330049
4 0.5098522167 0.8134236453 0.0714285714 0.0332512315
4 0.5043103448 0.7789408867 0.0726600985 0.0357142857
4 0.6089901478 0.7807881773 0.0899014778 0.0443349754
4 0.6114532020 0.8201970443 0.0874384236 0.0394088670
7 0.7284482759 0.8232758621 0.0283251232 0.0455665025
7 0.7013546798 0.7875615764 0.0258620690 0.0677339901
7 0.7290640394 0.7770935961 0.0369458128 0.0517241379
4 0.8694581281 0.7549261084 0.1009852217 0.0418719212
4 0.8700738916 0.7949507389 0.0997536946 0.0406403941
2 0.1600985222 0.8737684729 0.2167487685 0.1588669951
2 0.3559113300 0.8866995074 0.2192118227 0.0985221675
4 0.5147783251 0.8460591133 0.0738916256 0.0344827586
0 0.6182266010 0.8996305419 0.0960591133 0.0504926108
4 0.6133004926 0.8546798030 0.0862068966 0.0320197044
7 0.7044334975 0.8509852217 0.0246305419 0.0615763547
4 0.8676108374 0.8318965517 0.1022167488 0.0431034483
0 0.2604679803 0.9630541872 0.0874384236 0.0369458128
0 0.4913793103 0.9667487685 0.1034482759 0.0443349754
0 0.4993842365 0.9236453202 0.0923645320 0.0492610837
0 0.6194581281 0.9415024631 0.1034482759 0.0431034483
7 0.7327586207 0.9279556650 0.1108374384 0.0751231527
7 0.8780788177 0.9501231527 0.1009852217 0.0652709360
7 0.9938423645 0.9224137931 0.0123152709 0.0640394089
0 0.1508620690 0.9833743842 0.0652709360 0.0332512315
0 0.2481527094 0.9913793103 0.0948275862 0.0172413793
0 0.3633004926 0.9938423645 0.1034482759 0.0123152709
0 0.4864532020 0.9932266010 0.1034482759 0.0135467980
0 0.6225369458 0.9969211823 0.1169950739 0.0061576355
0 0.6231527094 0.9778325123 0.1108374384 0.0443349754
7 0.7395320197 0.9778325123 0.1071428571 0.0443349754
7 0.8959359606 0.9889162562 0.1120689655 0.0221674877
