8 0.4406580494 0.0634547591 0.1151586369 0.0752056404
8 0.4294947121 0.1351351351 0.1139835488 0.0752056404
2 0.5340775558 0.1086956522 0.0951821387 0.1703877791
2 0.6457109283 0.0822561692 0.1304347826 0.1198589894
2 0.7450058754 0.0816686251 0.0728554642 0.1210340776
2 0.7450058754 0.2132784959 0.0728554642 0.0434782609
1 0.3836662750 0.3207990599 0.0646298472 0.1551116334
1 0.4459459459 0.2961222092 0.0716803760 0.1128084606
1 0.5099882491 0.2961222092 0.0728554642 0.1128084606
1 0.5810810811 0.2972972973 0.0763807286 0.1151586369
1 0.6592244418 0.2955346651 0.0775558167 0.1163337250
3 0.7244418331 0.3360752056 0.0481786134 0.0399529965
3 0.7168037603 0.2761457109 0.0446533490 0.0846063455
3 0.7591069330 0.2720329025 0.0423031727 0.0763807286
1 0.3848413631 0.4383078731 0.0716803760 0.0611045828
3 0.7632197415 0.4300822562 0.0458284371 0.0423031727
1 0.3824911868 0.5029377203 0.0763807286 0.0728554642
1 0.4541715629 0.5064629847 0.0716803760 0.0658049354
1 0.4547591069 0.4412455934 0.0681551116 0.0669800235
1 0.5299647474 0.5064629847 0.0799059929 0.0658049354
1 0.5317273796 0.4418331375 0.0810810811 0.0658049354
1 0.6098707403 0.5111633373 0.0869565217 0.0681551116
1 0.6175088132 0.4435957697 0.0881316099 0.0693301998
1 0.6950646298 0.5158636898 0.0763807286 0.0705052879
1 0.7015276146 0.4424206816 0.0822561692 0.0693301998
1 0.5188014101 0.6398354877 0.1257344301 0.1233842538
1 0.3948296122 0.6551116334 0.1269095182 0.1515863690
1 0.6451233843 0.6404230317 0.1292596945 0.1222091657
1 0.7361927145 0.6421856639 0.0575793184 0.1210340776
1 0.3560517039 0.8202115159 0.0705052879 0.1339600470
1 0.4124559342 0.8237367803 0.0681551116 0.1363102233
1 0.4735605170 0.8260869565 0.0705052879 0.1410105758
1 0.5311398355 0.8296122209 0.0705052879 0.1410105758
1 0.5869565217 0.8337250294 0.0646298472 0.1421856639
1 0.6439482961 0.8390129260 0.0634547591 0.1410105758
1 0.7003525264 0.8372502938 0.0681551116 0.1421856639
1 0.7608695652 0.8419506463 0.0646298472 0.1421856639
1 0.6034077556 0.9494712103 0.1351351351 0.1010575793
1 0.7273795535 0.9541715629 0.1081081081 0.0916568743
