0 0.0620052770 0.0184696570 0.0800351803 0.0369393140
0 0.3410290237 0.0389182058 0.1358839050 0.0778364116
0 0.7302110818 0.0252858399 0.1156552331 0.0505716799
0 0.9577836412 0.0098944591 0.0844327177 0.0197889182
0 0.0540897098 0.0804749340 0.0905892700 0.0897097625
0 0.1383025506 0.0813544415 0.0857519789 0.0861917326
0 0.3410290237 0.1070800352 0.1420404573 0.0910290237
0 0.5846525945 0.0452946350 0.0593667546 0.0905892700
0 0.7269129288 0.0881706245 0.1099384345 0.0892700088
0 0.9602022867 0.0527704485 0.0795954266 0.0879507476
0 0.0571679859 0.1649076517 0.0870712401 0.0853122252
0 0.1409410730 0.1664467898 0.0857519789 0.0883905013
0 0.3172823219 0.1884344767 0.0936675462 0.0919085312
0 0.5806948109 0.1308267370 0.0611257696 0.0831134565
0 0.7623131047 0.1690853122 0.0488126649 0.0813544415
0 0.7106420405 0.1657871592 0.0633245383 0.0800351803
7 0.9617414248 0.1926121372 0.0765171504 0.0554089710
0 0.9599824099 0.1277484609 0.0800351803 0.0795954266
0 0.0637642920 0.2458223395 0.0888302551 0.0844327177
0 0.1464379947 0.2493403694 0.0800351803 0.0826737027
5 0.3469656992 0.2660510114 0.1372031662 0.0782761653
6 0.5565083553 0.1976693052 0.1138962181 0.0540897098
6 0.5549692172 0.2535180299 0.1125769569 0.0567282322
0 0.7009674582 0.2416446790 0.0668425682 0.0769569041
0 0.7561565523 0.2440633245 0.0540897098 0.0765171504
7 0.8733509235 0.1974494283 0.0765171504 0.0677220756
7 0.8707124011 0.2471416007 0.0738786280 0.0642040457
7 0.9602022867 0.2434036939 0.0795954266 0.0540897098
6 0.5540897098 0.3080474934 0.1125769569 0.0558487247
7 0.7297713281 0.3038698329 0.1042216359 0.0518909411
7 0.8678540018 0.2961741425 0.0716798593 0.0602462621
7 0.9580035180 0.3425681618 0.0839929639 0.0536499560
7 0.9595426561 0.2911169745 0.0809146878 0.0536499560
5 0.1127968338 0.4098504837 0.1455584872 0.0879507476
4 0.3489445910 0.3992963940 0.1341248901 0.0554089710
4 0.5573878628 0.3601583113 0.1042216359 0.0554089710
4 0.5521108179 0.4166666667 0.1147757256 0.0637642920
7 0.7293315743 0.3540017590 0.1015831135 0.0527704485
7 0.7280123131 0.4043535620 0.0971855761 0.0505716799
7 0.8654353562 0.3944591029 0.0738786280 0.0518909411
7 0.8663148637 0.3436675462 0.0721196130 0.0558487247
7 0.9577836412 0.3929199648 0.0844327177 0.0549692172
5 0.1149956025 0.4914248021 0.1437994723 0.0875109938
4 0.3491644679 0.4509674582 0.1328056288 0.0584872471
4 0.5494722955 0.4718557608 0.1068601583 0.0474934037
7 0.7277924362 0.4522867194 0.1002638522 0.0523306948
7 0.8638962181 0.4439313984 0.0725593668 0.0549692172
7 0.8625769569 0.4912049252 0.0690413369 0.0598065084
7 0.9575637643 0.4903254178 0.0848724714 0.0545294635
7 0.9569041337 0.4410729991 0.0861917326 0.0536499560
4 0.0934476693 0.5639841689 0.1868953386 0.0716798593
4 0.3493843448 0.5569481091 0.1306068602 0.0461741425
4 0.3482849604 0.5046174142 0.1363236588 0.0558487247
4 0.5521108179 0.5250659631 0.1112576957 0.0703605981
7 0.7242744063 0.5477132806 0.1011433597 0.0532102023
7 0.7242744063 0.5006596306 0.0993843448 0.0505716799
1 0.9573438874 0.5386983289 0.0853122252 0.0536499560
4 0.1092788039 0.6253298153 0.1649076517 0.0729991205
7 0.3509234828 0.6081794195 0.1275285840 0.0624450308
1 0.5611257696 0.6033421284 0.0853122252 0.0941072999
7 0.7229551451 0.5938874230 0.0993843448 0.0558487247
1 0.7229551451 0.6429199648 0.0958663149 0.0571679859
1 0.9569041337 0.5857519789 0.0861917326 0.0554089710
1 0.9560246262 0.6323658751 0.0879507476 0.0571679859
7 0.1180738786 0.6879947230 0.1420404573 0.0734388742
7 0.3504837291 0.6664467898 0.1240105541 0.0628847845
1 0.5494722955 0.6756816183 0.1068601583 0.0620052770
1 0.7225153914 0.6912928760 0.0923482850 0.0554089710
1 0.9529463500 0.6805189094 0.0941072999 0.0540897098
7 0.1198328936 0.7464819701 0.1437994723 0.0655233069
7 0.3498240985 0.7475813544 0.1306068602 0.1213720317
1 0.5496921724 0.7240545295 0.1081794195 0.0611257696
1 0.5485927880 0.7719876869 0.1077396658 0.0637642920
1 0.7225153914 0.7860598065 0.0923482850 0.0620052770
1 0.7220756376 0.7392260334 0.0897097625 0.0615655233
1 0.9412928760 0.7739665787 0.0857519789 0.0554089710
1 0.9518469657 0.7275725594 0.0901495163 0.0593667546
7 0.1231310466 0.8021108179 0.1319261214 0.0562884785
0 0.3408091469 0.8355321020 0.1416007036 0.0800351803
1 0.5488126649 0.8199208443 0.1072999120 0.0681618294
1 0.5492524186 0.8667546174 0.1081794195 0.0703605981
1 0.7211961302 0.8342128408 0.0993843448 0.0624450308
1 0.9404133685 0.8172823219 0.0857519789 0.0567282322
7 0.1297273527 0.8814863676 0.1363236588 0.1077396658
0 0.3423482850 0.8937994723 0.1446789798 0.0813544415
1 0.7220756376 0.9129287599 0.0993843448 0.1231310466
1 0.9395338610 0.8957783641 0.0848724714 0.1160949868
7 0.1242304310 0.9705364996 0.1437994723 0.0589270009
0 0.3412489006 0.9560246262 0.1459982410 0.0879507476
1 0.5459542656 0.9443711522 0.1068601583 0.1112576957
