8 0.0534883721 0.0310077519 0.1007751938 0.0620155039
8 0.2023255814 0.0310077519 0.1162790698 0.0620155039
1 0.3279069767 0.0317829457 0.0604651163 0.0635658915
1 0.3860465116 0.0325581395 0.0589147287 0.0651162791
1 0.5116279070 0.0496124031 0.0775193798 0.0310077519
1 0.5077519380 0.0178294574 0.0697674419 0.0356589147
1 0.6596899225 0.0480620155 0.0914728682 0.0341085271
1 0.6612403101 0.0162790698 0.0914728682 0.0325581395
1 0.7767441860 0.0379844961 0.0465116279 0.0573643411
1 0.7837209302 0.0046511628 0.1162790698 0.0093023256
1 0.8224806202 0.0372093023 0.0480620155 0.0589147287
2 0.8968992248 0.0325581395 0.0604651163 0.0651162791
2 0.9558139535 0.0310077519 0.0635658915 0.0620155039
8 0.1069767442 0.1496124031 0.0713178295 0.1193798450
8 0.1759689922 0.1496124031 0.0635658915 0.1224806202
8 0.2379844961 0.1542635659 0.0573643411 0.1286821705
8 0.3209302326 0.1441860465 0.0713178295 0.1054263566
8 0.3837209302 0.1434108527 0.0635658915 0.1069767442
8 0.0356589147 0.2186046512 0.0713178295 0.1147286822
8 0.1054263566 0.2682170543 0.0744186047 0.1178294574
8 0.1744186047 0.2651162791 0.0635658915 0.1147286822
8 0.2356589147 0.2713178295 0.0620155039 0.1054263566
8 0.3193798450 0.2488372093 0.0651162791 0.1100775194
8 0.3868217054 0.2488372093 0.0697674419 0.1100775194
8 0.0937984496 0.3875968992 0.1441860465 0.1209302326
8 0.2155038760 0.3891472868 0.1085271318 0.1085271318
8 0.3426356589 0.3682170543 0.0620155039 0.1069767442
8 0.3968992248 0.3651162791 0.0496124031 0.1069767442
8 0.1100775194 0.5015503876 0.0961240310 0.1069767442
8 0.2162790698 0.4992248062 0.1038759690 0.1085271318
8 0.3821705426 0.4860465116 0.0790697674 0.1286821705
8 0.2108527132 0.6674418605 0.1116279070 0.1658914729
8 0.3589147287 0.6472868217 0.1317829457 0.1472868217
8 0.2046511628 0.8209302326 0.1271317829 0.1689922481
8 0.3674418605 0.7976744186 0.1240310078 0.1658914729
8 0.2046511628 0.9465116279 0.1271317829 0.1069767442
8 0.3643410853 0.9379844961 0.1209302326 0.1240310078
