7 0.7184517497 0.0853658537 0.0625662778 0.1452810180
7 0.7794273595 0.0795334040 0.0615058324 0.1463414634
6 0.3865323436 0.1283138918 0.1707317073 0.1039236479
1 0.6182396607 0.1511134677 0.1039236479 0.1240721103
1 0.2036055143 0.1956521739 0.1611876988 0.1007423118
1 0.5233297985 0.1648992577 0.0901378579 0.1240721103
3 0.7189819724 0.2195121951 0.0636267232 0.1336161188
3 0.7820784730 0.2142099682 0.0646871686 0.1378579003
1 0.0535524920 0.2693531283 0.1071049841 0.0933191941
6 0.3568398727 0.2741251326 0.1261930011 0.2110286320
7 0.5678685048 0.2767762460 0.1855779427 0.1293743372
1 0.0556733828 0.3563096501 0.1113467656 0.0848356310
1 0.2492046660 0.3080593849 0.0784729586 0.0858960764
7 0.7640509014 0.3266171792 0.1580063627 0.1166489926
1 0.2523860021 0.3950159067 0.0742311771 0.0858960764
7 0.5201484624 0.4040296925 0.0795334040 0.1399787911
7 0.6071049841 0.4040296925 0.0880169671 0.1378579003
1 0.0482502651 0.4464475080 0.0965005302 0.0975609756
1 0.2507953340 0.4825026511 0.0710498409 0.0848356310
6 0.3584305408 0.4814422057 0.1251325557 0.1993637328
7 0.7889713680 0.4342523860 0.2036055143 0.1092258749
1 0.0535524920 0.5434782609 0.1071049841 0.0986214210
1 0.2513255567 0.5668080594 0.0699893955 0.0880169671
7 0.5121951220 0.5349946978 0.0763520679 0.1113467656
7 0.5933191941 0.5355249205 0.0965005302 0.1230116649
0 0.7799575822 0.5302226935 0.1898197243 0.0933191941
0 0.7873806999 0.6309650053 0.2067868505 0.1018027572
1 0.0556733828 0.6458112407 0.1113467656 0.1018027572
1 0.2470837752 0.6595970308 0.0678685048 0.0933191941
6 0.3568398727 0.6829268293 0.1240721103 0.2078472959
7 0.5106044539 0.6463414634 0.0731707317 0.1113467656
7 0.5869565217 0.6558854719 0.0880169671 0.1155885472
1 0.0551431601 0.7470837752 0.1102863203 0.1007423118
1 0.2439024390 0.7550371156 0.0805938494 0.0890774125
7 0.5721102863 0.7672322375 0.1876988335 0.0858960764
0 0.7905620361 0.7359490986 0.2067868505 0.1166489926
1 0.3425238600 0.8276776246 0.0911983033 0.0922587487
1 0.0540827147 0.8494167550 0.1081654295 0.1166489926
1 0.2449628844 0.8531283139 0.0763520679 0.0943796394
1 0.3435843054 0.8881230117 0.0933191941 0.0413573701
7 0.5710498409 0.8563096501 0.1855779427 0.0965005302
0 0.7783669141 0.8457051962 0.1887592789 0.1177094380
0 0.7778366914 0.9485683987 0.1983032874 0.1028632025
