2 0.5564663024 0.0874316940 0.3114754098 0.1748633880
2 0.8369763206 0.0546448087 0.3260473588 0.1092896175
2 0.0819672131 0.1402550091 0.1639344262 0.2805100182
2 0.2859744991 0.1165755920 0.2768670310 0.2331511840
2 0.7422586521 0.2887067395 0.2094717668 0.3916211293
2 0.9098360656 0.2331511840 0.1803278689 0.4335154827
2 0.0500910747 0.4098360656 0.1001821494 0.3242258652
2 0.1420765027 0.3934426230 0.1347905282 0.3351548270
2 0.2805100182 0.3706739526 0.1457194900 0.3406193078
2 0.4326047359 0.3451730419 0.1511839709 0.3442622951
2 0.5883424408 0.3214936248 0.1748633880 0.3588342441
4 0.4571948998 0.5974499089 0.0546448087 0.1275045537
4 0.4016393443 0.6038251366 0.0564663024 0.1256830601
4 0.5154826958 0.5910746812 0.0619307832 0.1329690346
4 0.5755919854 0.5865209472 0.0619307832 0.1238615665
4 0.6375227687 0.5801457195 0.0692167577 0.1220400729
2 0.9043715847 0.5327868852 0.1912568306 0.2459016393
0 0.0045537341 0.6220400729 0.0091074681 0.1366120219
4 0.0874316940 0.6448087432 0.0510018215 0.1092896175
4 0.1867030965 0.6293260474 0.0528233151 0.1074681239
4 0.1357012750 0.6375227687 0.0491803279 0.1056466302
4 0.2377049180 0.6247723133 0.0528233151 0.1129326047
4 0.3479052823 0.6102003643 0.0582877960 0.1238615665
4 0.2923497268 0.6147540984 0.0528233151 0.1220400729
6 0.7395264117 0.7340619308 0.0655737705 0.0765027322
0 0.0227686703 0.7978142077 0.0455373406 0.1420765027
4 0.0746812386 0.7905282332 0.0473588342 0.1275045537
4 0.1256830601 0.7877959927 0.0582877960 0.1293260474
4 0.1839708561 0.7841530055 0.0655737705 0.1329690346
7 0.3515482696 0.9143897996 0.0910746812 0.0437158470
4 0.3032786885 0.7750455373 0.0637522769 0.1329690346
4 0.2440801457 0.7786885246 0.0619307832 0.1293260474
4 0.4207650273 0.7741347905 0.0655737705 0.1566484517
7 0.4353369763 0.9107468124 0.0801457195 0.0437158470
4 0.3624772313 0.7795992714 0.0619307832 0.1457194900
4 0.4817850638 0.7695810565 0.0637522769 0.1548269581
7 0.5400728597 0.9080145719 0.0455373406 0.0382513661
4 0.5409836066 0.7650273224 0.0619307832 0.1566484517
7 0.5810564663 0.9052823315 0.0437158470 0.0364298725
7 0.4972677596 0.9080145719 0.0437158470 0.0382513661
4 0.6639344262 0.7668488160 0.0637522769 0.1566484517
7 0.6238615665 0.8943533698 0.0455373406 0.0582877960
4 0.5992714026 0.7668488160 0.0655737705 0.1602914390
7 0.6666666667 0.8952641166 0.0473588342 0.0601092896
6 0.8224043716 0.8123861566 0.0746812386 0.1493624772
7 0.0109289617 0.9426229508 0.0218579235 0.1147540984
7 0.0801457195 0.9253187614 0.0910746812 0.0364298725
7 0.1894353370 0.9617486339 0.0765027322 0.0546448087
7 0.1211293260 0.9608378871 0.0673952641 0.0418943534
7 0.1739526412 0.9207650273 0.1001821494 0.0382513661
7 0.2677595628 0.9581056466 0.0874316940 0.0510018215
7 0.2659380692 0.9180327869 0.0910746812 0.0400728597
7 0.3533697632 0.9553734062 0.0910746812 0.0564663024
7 0.4398907104 0.9544626594 0.0819672131 0.0510018215
7 0.4071038251 0.9881602914 0.0819672131 0.0236794171
7 0.5683060109 0.9499089253 0.0692167577 0.0491803279
7 0.6275045537 0.9480874317 0.0528233151 0.0528233151
