0 0.0737500000 0.0168750000 0.0500000000 0.0337500000
0 0.3412500000 0.0268750000 0.0400000000 0.0537500000
0 0.2631250000 0.0187500000 0.0512500000 0.0375000000
7 0.4593750000 0.0150000000 0.0862500000 0.0300000000
7 0.6062500000 0.0100000000 0.0150000000 0.0200000000
7 0.6462500000 0.0100000000 0.0325000000 0.0200000000
7 0.6750000000 0.0106250000 0.0325000000 0.0212500000
0 0.1312500000 0.0743750000 0.0375000000 0.0787500000
0 0.0718750000 0.0568750000 0.0537500000 0.0512500000
0 0.2618750000 0.0656250000 0.0512500000 0.0537500000
7 0.4525000000 0.0662500000 0.0725000000 0.0225000000
7 0.4462500000 0.0418750000 0.0600000000 0.0237500000
7 0.5075000000 0.0400000000 0.0575000000 0.0250000000
7 0.4600000000 0.1000000000 0.0900000000 0.0450000000
4 0.6450000000 0.0675000000 0.0950000000 0.0350000000
4 0.6437500000 0.0362500000 0.0950000000 0.0350000000
0 0.0675000000 0.1037500000 0.0550000000 0.0450000000
0 0.0881250000 0.1550000000 0.0962500000 0.0775000000
0 0.2712500000 0.1631250000 0.0900000000 0.0512500000
0 0.2793750000 0.1143750000 0.0987500000 0.0487500000
0 0.3550000000 0.1143750000 0.0550000000 0.0462500000
7 0.4618750000 0.1506250000 0.1012500000 0.0587500000
4 0.6518750000 0.1093750000 0.1087500000 0.0562500000
4 0.6450000000 0.1568750000 0.0950000000 0.0462500000
0 0.0731250000 0.2043750000 0.0387500000 0.0287500000
5 0.2418750000 0.2512500000 0.0412500000 0.0450000000
5 0.2856250000 0.2506250000 0.0487500000 0.0487500000
5 0.2506250000 0.2062500000 0.0512500000 0.0425000000
5 0.3031250000 0.2068750000 0.0537500000 0.0437500000
5 0.3387500000 0.2500000000 0.0575000000 0.0525000000
5 0.4525000000 0.2437500000 0.0925000000 0.0400000000
5 0.4550000000 0.2006250000 0.0900000000 0.0462500000
4 0.6525000000 0.2006250000 0.1100000000 0.0487500000
7 0.7425000000 0.2425000000 0.0975000000 0.0400000000
5 0.0656250000 0.3393750000 0.0987500000 0.0637500000
5 0.0768750000 0.2756250000 0.1062500000 0.0637500000
5 0.1475000000 0.3393750000 0.0625000000 0.0637500000
5 0.2387500000 0.2993750000 0.0400000000 0.0487500000
5 0.3318750000 0.2962500000 0.0487500000 0.0525000000
5 0.2843750000 0.2987500000 0.0462500000 0.0525000000
5 0.4187500000 0.2950000000 0.0250000000 0.0575000000
5 0.4512500000 0.2943750000 0.0300000000 0.0587500000
5 0.5137500000 0.3006250000 0.0325000000 0.0562500000
5 0.4825000000 0.2950000000 0.0325000000 0.0600000000
7 0.6462500000 0.3275000000 0.0925000000 0.0425000000
7 0.6456250000 0.2668750000 0.0987500000 0.0837500000
7 0.7375000000 0.3168750000 0.0875000000 0.0812500000
5 0.0625000000 0.4056250000 0.0975000000 0.0662500000
5 0.1443750000 0.4068750000 0.0712500000 0.0662500000
5 0.2331250000 0.3993750000 0.0462500000 0.0487500000
5 0.2362500000 0.3512500000 0.0425000000 0.0500000000
5 0.3300000000 0.4218750000 0.0600000000 0.0862500000
5 0.2812500000 0.3500000000 0.0450000000 0.0500000000
5 0.3325000000 0.3506250000 0.0550000000 0.0537500000
5 0.2787500000 0.4000000000 0.0450000000 0.0500000000
5 0.4475000000 0.3962500000 0.0300000000 0.0300000000
5 0.4475000000 0.3512500000 0.0350000000 0.0550000000
5 0.4181250000 0.3512500000 0.0262500000 0.0525000000
5 0.4156250000 0.4237500000 0.0262500000 0.0300000000
5 0.4162500000 0.3918750000 0.0250000000 0.0287500000
5 0.4806250000 0.3962500000 0.0312500000 0.0300000000
5 0.5125000000 0.3987500000 0.0300000000 0.0275000000
5 0.4818750000 0.3537500000 0.0312500000 0.0550000000
7 0.6475000000 0.3706250000 0.0925000000 0.0387500000
7 0.6468750000 0.4106250000 0.0937500000 0.0387500000
7 0.7400000000 0.3937500000 0.0900000000 0.0725000000
5 0.0525000000 0.4731250000 0.1025000000 0.0687500000
5 0.1256250000 0.4768750000 0.0512500000 0.0787500000
5 0.2312500000 0.4487500000 0.0475000000 0.0500000000
5 0.2300000000 0.5012500000 0.0525000000 0.0525000000
5 0.2781250000 0.4500000000 0.0462500000 0.0525000000
5 0.2781250000 0.4993750000 0.0462500000 0.0537500000
5 0.4131250000 0.4843750000 0.0212500000 0.0262500000
5 0.4456250000 0.4556250000 0.0362500000 0.0312500000
5 0.4143750000 0.4568750000 0.0262500000 0.0287500000
5 0.4468750000 0.4250000000 0.0287500000 0.0275000000
5 0.4400000000 0.4856250000 0.0300000000 0.0262500000
5 0.4806250000 0.4575000000 0.0312500000 0.0300000000
5 0.5131250000 0.4268750000 0.0312500000 0.0287500000
5 0.4718750000 0.4856250000 0.0287500000 0.0262500000
5 0.4806250000 0.4256250000 0.0312500000 0.0287500000
5 0.5137500000 0.4593750000 0.0325000000 0.0337500000
2 0.6643750000 0.4568750000 0.1212500000 0.0537500000
2 0.7550000000 0.4587500000 0.0550000000 0.0550000000
1 0.0212500000 0.5356250000 0.0425000000 0.0587500000
1 0.0687500000 0.5368750000 0.0600000000 0.0587500000
1 0.1287500000 0.5431250000 0.0575000000 0.0612500000
1 0.2262500000 0.5593750000 0.0550000000 0.0637500000
1 0.2825000000 0.5600000000 0.0575000000 0.0625000000
1 0.4475000000 0.5162500000 0.0950000000 0.0375000000
1 0.4475000000 0.5537500000 0.0975000000 0.0400000000
1 0.6456250000 0.5212500000 0.0837500000 0.0775000000
1 0.7318750000 0.5243750000 0.0937500000 0.0787500000
1 0.0168750000 0.6493750000 0.0337500000 0.0587500000
1 0.0200000000 0.5931250000 0.0400000000 0.0612500000
1 0.1187500000 0.5962500000 0.0525000000 0.0575000000
1 0.0650000000 0.5962500000 0.0575000000 0.0600000000
1 0.1200000000 0.6587500000 0.0650000000 0.0600000000
1 0.0600000000 0.6543750000 0.0625000000 0.0612500000
1 0.2212500000 0.6250000000 0.0525000000 0.0675000000
1 0.2806250000 0.6262500000 0.0587500000 0.0675000000
1 0.4450000000 0.6393750000 0.0975000000 0.0412500000
1 0.4475000000 0.5950000000 0.1000000000 0.0450000000
1 0.6568750000 0.6093750000 0.1037500000 0.1037500000
1 0.7506250000 0.6268750000 0.0987500000 0.1012500000
1 0.0150000000 0.7106250000 0.0300000000 0.0687500000
1 0.0543750000 0.7156250000 0.0562500000 0.0612500000
1 0.1087500000 0.7168750000 0.0650000000 0.0612500000
1 0.2193750000 0.6950000000 0.0562500000 0.0700000000
1 0.2806250000 0.6987500000 0.0612500000 0.0700000000
1 0.4443750000 0.7243750000 0.1012500000 0.0462500000
1 0.4450000000 0.6812500000 0.1000000000 0.0425000000
1 0.6612500000 0.7106250000 0.1050000000 0.1087500000
1 0.7568750000 0.7256250000 0.0987500000 0.1037500000
1 0.0075000000 0.7831250000 0.0150000000 0.0762500000
1 0.0375000000 0.7787500000 0.0600000000 0.0700000000
1 0.0987500000 0.7806250000 0.0650000000 0.0687500000
1 0.2125000000 0.7637500000 0.0550000000 0.0700000000
1 0.2718750000 0.7675000000 0.0587500000 0.0675000000
1 0.4443750000 0.8150000000 0.1037500000 0.0550000000
1 0.4450000000 0.7693750000 0.1025000000 0.0512500000
1 0.6681250000 0.8168750000 0.1137500000 0.1137500000
1 0.0281250000 0.8550000000 0.0562500000 0.0775000000
1 0.0862500000 0.8543750000 0.0725000000 0.0762500000
1 0.2037500000 0.8956250000 0.0650000000 0.0712500000
1 0.2106250000 0.8300000000 0.0587500000 0.0625000000
1 0.3250000000 0.8418750000 0.0650000000 0.0687500000
1 0.2631250000 0.9025000000 0.0612500000 0.0775000000
1 0.2693750000 0.8387500000 0.0612500000 0.0625000000
1 0.4425000000 0.8618750000 0.1050000000 0.0562500000
1 0.7662500000 0.8293750000 0.1025000000 0.1137500000
1 0.0268750000 0.9337500000 0.0537500000 0.0875000000
1 0.0768750000 0.9350000000 0.0637500000 0.0875000000
1 0.1993750000 0.9631250000 0.0637500000 0.0737500000
1 0.2581250000 0.9637500000 0.0612500000 0.0725000000
1 0.3250000000 0.9081250000 0.0625000000 0.0762500000
1 0.3181250000 0.9693750000 0.0687500000 0.0612500000
3 0.4443750000 0.9600000000 0.0412500000 0.0425000000
1 0.4412500000 0.9118750000 0.1025000000 0.0587500000
3 0.4075000000 0.9587500000 0.0375000000 0.0475000000
3 0.4843750000 0.9625000000 0.0387500000 0.0425000000
1 0.6806250000 0.9306250000 0.1362500000 0.1212500000
1 0.8075000000 0.9406250000 0.1250000000 0.1187500000
1 0.0218750000 0.9875000000 0.0437500000 0.0250000000
1 0.0706250000 0.9893750000 0.0587500000 0.0212500000
3 0.4262500000 0.9900000000 0.0800000000 0.0200000000
3 0.4825000000 0.9912500000 0.0400000000 0.0175000000
2 0.6912500000 0.9912500000 0.1500000000 0.0175000000
