1 0.0934523810 0.0625000000 0.0273809524 0.1107142857
1 0.1220238095 0.0648809524 0.0297619048 0.1130952381
1 0.2029761905 0.0589285714 0.0178571429 0.1178571429
1 0.1500000000 0.0607142857 0.0309523810 0.1214285714
1 0.1827380952 0.0583333333 0.0369047619 0.1166666667
1 0.3422619048 0.0583333333 0.0321428571 0.1166666667
1 0.2982142857 0.0577380952 0.0440476190 0.1154761905
1 0.3750000000 0.0583333333 0.0404761905 0.1166666667
1 0.4184523810 0.0595238095 0.0535714286 0.1190476190
1 0.4613095238 0.0589285714 0.0416666667 0.1178571429
1 0.5000000000 0.0583333333 0.0428571429 0.1166666667
1 0.5767857143 0.0601190476 0.0654761905 0.1202380952
1 0.6440476190 0.0595238095 0.0785714286 0.1190476190
1 0.7208333333 0.0595238095 0.0869047619 0.1190476190
1 0.7988095238 0.0601190476 0.1023809524 0.1202380952
1 0.8875000000 0.0601190476 0.1059523810 0.1202380952
1 0.9619047619 0.0601190476 0.0761904762 0.1202380952
1 0.0547619048 0.1672619048 0.0404761905 0.1059523810
1 0.0892857143 0.1702380952 0.0380952381 0.1023809524
1 0.1244047619 0.1720238095 0.0297619048 0.1011904762
1 0.2059523810 0.1761904762 0.0119047619 0.1214285714
1 0.1529761905 0.1732142857 0.0321428571 0.1035714286
1 0.1845238095 0.1767857143 0.0309523810 0.1154761905
1 0.3309523810 0.1809523810 0.0357142857 0.1333333333
1 0.2934523810 0.1779761905 0.0416666667 0.1321428571
1 0.3696428571 0.1821428571 0.0440476190 0.1309523810
1 0.4113095238 0.1845238095 0.0464285714 0.1380952381
1 0.4928571429 0.1898809524 0.0452380952 0.1440476190
1 0.4559523810 0.1886904762 0.0428571429 0.1416666667
1 0.5732142857 0.1964285714 0.0726190476 0.1619047619
1 0.6363095238 0.2000000000 0.0750000000 0.1666666667
1 0.7113095238 0.2029761905 0.0892857143 0.1726190476
1 0.7928571429 0.2059523810 0.0952380952 0.1809523810
1 0.8750000000 0.2095238095 0.1071428571 0.1857142857
1 0.9553571429 0.2125000000 0.0892857143 0.1964285714
1 0.0613095238 0.3940476190 0.0488095238 0.0714285714
1 0.1184523810 0.4041666667 0.0535714286 0.0678571429
1 0.1583333333 0.4125000000 0.0404761905 0.0678571429
1 0.7607142857 0.4077380952 0.0690476190 0.0678571429
1 0.0458333333 0.4559523810 0.0607142857 0.0666666667
1 0.1000000000 0.4684523810 0.0523809524 0.0630952381
1 0.1982142857 0.4196428571 0.0392857143 0.0821428571
1 0.1904761905 0.4928571429 0.0523809524 0.0857142857
1 0.1422619048 0.4821428571 0.0440476190 0.0714285714
1 0.3136904762 0.4339285714 0.0559523810 0.0678571429
1 0.3601190476 0.4482142857 0.0464285714 0.0678571429
1 0.4089285714 0.4583333333 0.0559523810 0.0714285714
1 0.4869047619 0.4577380952 0.0428571429 0.0773809524
1 0.6803571429 0.4214285714 0.0702380952 0.0738095238
1 0.0404761905 0.6011904762 0.0428571429 0.0690476190
1 0.2875000000 0.5363095238 0.0511904762 0.0750000000
1 0.2380952381 0.5178571429 0.0523809524 0.0785714286
1 0.3422619048 0.5523809524 0.0654761905 0.0880952381
1 0.4017857143 0.5654761905 0.0535714286 0.0928571429
1 0.4654761905 0.5898809524 0.0809523810 0.0916666667
1 0.5851190476 0.5636904762 0.0750000000 0.1773809524
1 0.6428571429 0.5821428571 0.0714285714 0.1761904762
1 0.7047619048 0.5845238095 0.0666666667 0.2166666667
1 0.7726190476 0.6184523810 0.0857142857 0.2059523810
1 0.0410714286 0.6583333333 0.0464285714 0.0738095238
1 0.0422619048 0.7071428571 0.0464285714 0.0714285714
1 0.0892857143 0.6250000000 0.0595238095 0.0761904762
1 0.0910714286 0.6880952381 0.0607142857 0.0571428571
1 0.1392857143 0.6416666667 0.0428571429 0.0738095238
1 0.1398809524 0.7053571429 0.0440476190 0.0535714286
1 0.1821428571 0.6654761905 0.0523809524 0.0761904762
1 0.8607142857 0.6416666667 0.0952380952 0.2119047619
1 0.9511904762 0.6529761905 0.0857142857 0.2226190476
1 0.0892857143 0.7339285714 0.0547619048 0.0773809524
1 0.1886904762 0.7267857143 0.0535714286 0.0559523810
1 0.1392857143 0.7577380952 0.0476190476 0.0630952381
1 0.2714285714 0.7851190476 0.0595238095 0.1178571429
1 0.3285714286 0.8035714286 0.0571428571 0.1309523810
2 0.6351190476 0.7886904762 0.1654761905 0.1511904762
1 0.3845238095 0.8363095238 0.0619047619 0.1202380952
1 0.4553571429 0.8702380952 0.0797619048 0.1619047619
2 0.6011904762 0.9035714286 0.1619047619 0.1928571429
2 0.7458333333 0.9369047619 0.1702380952 0.1261904762
1 0.1869047619 0.7773809524 0.0523809524 0.0690476190
