1 0.3677290837 0.0031872510 0.0589641434 0.0063745020
1 0.4888446215 0.0282868526 0.0637450199 0.0565737052
6 0.0446215139 0.0669322709 0.0653386454 0.1219123506
6 0.1047808765 0.0641434263 0.0693227092 0.1203187251
6 0.1667330677 0.0639442231 0.0673306773 0.1239043825
1 0.2406374502 0.0324701195 0.0661354582 0.0641434263
1 0.2398406375 0.0936254980 0.0669322709 0.0581673307
1 0.3023904382 0.0348605578 0.0629482072 0.0641434263
1 0.3653386454 0.0356573705 0.0637450199 0.0633466135
1 0.4316733068 0.0900398406 0.0641434263 0.0661354582
1 0.3703187251 0.0940239044 0.0633466135 0.0494023904
1 0.4270916335 0.0306772908 0.0621513944 0.0581673307
1 0.4964143426 0.0876494024 0.0653386454 0.0669322709
1 0.5575697211 0.0334661355 0.0633466135 0.0621513944
1 0.5585657371 0.0908366534 0.0589641434 0.0541832669
1 0.6189243028 0.0858565737 0.0641434263 0.0593625498
1 0.6167330677 0.0292828685 0.0621513944 0.0585657371
7 0.7115537849 0.0424302789 0.0334661355 0.0322709163
7 0.7490039841 0.0330677291 0.0382470120 0.0215139442
7 0.7290836653 0.0621513944 0.0406374502 0.0406374502
7 0.7703187251 0.0597609562 0.0434262948 0.0406374502
7 0.8370517928 0.0810756972 0.0350597610 0.0617529880
7 0.8045816733 0.0591633466 0.0330677291 0.0402390438
7 0.8701195219 0.0747011952 0.0406374502 0.0713147410
7 0.9021912351 0.0747011952 0.0386454183 0.0705179283
7 0.9587649402 0.0675298805 0.0227091633 0.0800796813
7 0.9324701195 0.0707171315 0.0298804781 0.0752988048
7 0.9932270916 0.0615537849 0.0135458167 0.0888446215
1 0.3055776892 0.0974103586 0.0685258964 0.0585657371
7 0.7342629482 0.0962151394 0.0374501992 0.0378486056
7 0.7713147410 0.0950199203 0.0422310757 0.0362549801
7 0.8067729084 0.0952191235 0.0326693227 0.0366533865
5 0.0087649402 0.2270916335 0.0175298805 0.0557768924
6 0.0426294821 0.2125498008 0.0717131474 0.0673306773
6 0.1013944223 0.2125498008 0.0673306773 0.0665338645
6 0.1607569721 0.2115537849 0.0657370518 0.0637450199
1 0.2288844622 0.2258964143 0.0705179283 0.0581673307
1 0.3005976096 0.2249003984 0.0760956175 0.0577689243
1 0.3729083665 0.2235059761 0.0756972112 0.0613545817
1 0.4420318725 0.2207171315 0.0633466135 0.0597609562
1 0.5131474104 0.2115537849 0.0645418327 0.0525896414
1 0.5764940239 0.2113545817 0.0621513944 0.0569721116
5 0.7715139442 0.2137450199 0.0266932271 0.0306772908
3 0.9745019920 0.2288844622 0.0374501992 0.0378486056
3 0.9952191235 0.2292828685 0.0095617530 0.0354581673
5 0.0161354582 0.2804780876 0.0322709163 0.0533864542
6 0.0605577689 0.2766932271 0.0653386454 0.0617529880
6 0.1165338645 0.2758964143 0.0625498008 0.0609561753
6 0.1707171315 0.2729083665 0.0593625498 0.0653386454
1 0.2314741036 0.2778884462 0.0653386454 0.0553784861
1 0.2990039841 0.2774900398 0.0705179283 0.0498007968
1 0.3699203187 0.2762948207 0.0705179283 0.0490039841
1 0.4400398406 0.2743027888 0.0768924303 0.0490039841
1 0.4392430279 0.2743027888 0.0737051793 0.0505976096
1 0.5131474104 0.2659362550 0.0677290837 0.0609561753
5 0.6374501992 0.2571713147 0.0326693227 0.0697211155
1 0.5747011952 0.2657370518 0.0585657371 0.0549800797
5 0.6697211155 0.2643426295 0.0318725100 0.0585657371
5 0.7021912351 0.2750996016 0.0362549801 0.0354581673
5 0.7358565737 0.2739043825 0.0334661355 0.0322709163
5 0.7750996016 0.2458167331 0.0274900398 0.0318725100
5 0.7340637450 0.2408366534 0.0227091633 0.0322709163
5 0.7657370518 0.2739043825 0.0310756972 0.0282868526
7 0.8051792829 0.2494023904 0.0358565737 0.0780876494
7 0.8382470120 0.2484063745 0.0334661355 0.0745019920
7 0.8677290837 0.2428286853 0.0398406375 0.0856573705
3 0.9031872510 0.2448207171 0.0406374502 0.0768924303
3 0.9709163347 0.2635458167 0.0374501992 0.0330677291
3 0.9380478088 0.2434262948 0.0426294821 0.0772908367
3 0.9944223108 0.2629482072 0.0111553785 0.0318725100
7 0.7711155378 0.3364541833 0.0617529880 0.0378486056
7 0.8338645418 0.3340637450 0.0629482072 0.0378486056
7 0.9015936255 0.3318725100 0.0645418327 0.0398406375
5 0.0270916335 0.3862549801 0.0541832669 0.0521912351
5 0.0749003984 0.3860557769 0.0533864542 0.0533864542
1 0.3065737052 0.4121513944 0.0625498008 0.1015936255
1 0.4207171315 0.3844621514 0.0605577689 0.0478087649
1 0.4209163347 0.4340637450 0.0553784861 0.0498007968
1 0.4762948207 0.4322709163 0.0553784861 0.0462151394
1 0.4770916335 0.3824701195 0.0553784861 0.0541832669
1 0.5326693227 0.4316733068 0.0557768924 0.0458167331
1 0.5334661355 0.3808764940 0.0557768924 0.0541832669
1 0.5870517928 0.4310756972 0.0537848606 0.0454183267
1 0.5856573705 0.3804780876 0.0541832669 0.0525896414
1 0.6436254980 0.4286852590 0.0601593625 0.0509960159
1 0.7051792829 0.4249003984 0.0637450199 0.0577689243
1 0.7047808765 0.3677290837 0.0637450199 0.0581673307
1 0.6442231076 0.3683266932 0.0541832669 0.0569721116
7 0.7687250996 0.3782868526 0.0649402390 0.0498007968
7 0.7689243028 0.4258964143 0.0677290837 0.0478087649
7 0.8334661355 0.3768924303 0.0669322709 0.0509960159
7 0.8306772908 0.4235059761 0.0661354582 0.0478087649
7 0.8968127490 0.3735059761 0.0685258964 0.0458167331
7 0.8954183267 0.4231075697 0.0657370518 0.0517928287
7 0.9611553785 0.3707171315 0.0625498008 0.0505976096
7 0.9585657371 0.4195219124 0.0629482072 0.0509960159
5 0.0784860558 0.4422310757 0.0486055777 0.0573705179
5 0.0290836653 0.4374501992 0.0573705179 0.0470119522
6 0.1310756972 0.4344621514 0.0669322709 0.0617529880
6 0.1914342629 0.4346613546 0.0657370518 0.0597609562
6 0.2523904382 0.4348605578 0.0681274900 0.0553784861
1 0.3649402390 0.4436254980 0.0557768924 0.0394422311
0 0.0095617530 0.5537848606 0.0191235060 0.0517928287
5 0.0553784861 0.5366533865 0.0717131474 0.0509960159
5 0.1272908367 0.5340637450 0.0824701195 0.0585657371
5 0.1992031873 0.5245019920 0.0637450199 0.0585657371
6 0.2513944223 0.5597609562 0.0669322709 0.1035856574
6 0.3107569721 0.5565737052 0.0629482072 0.1027888446
6 0.3659362550 0.5561752988 0.0633466135 0.0972111554
1 0.4282868526 0.5320717131 0.0685258964 0.0505976096
1 0.5003984064 0.5252988048 0.0661354582 0.0466135458
1 0.5659362550 0.5215139442 0.0657370518 0.0430278884
1 0.6342629482 0.5486055777 0.0645418327 0.0988047809
7 0.6938247012 0.5252988048 0.0577689243 0.0498007968
7 0.7527888446 0.5243027888 0.0593625498 0.0501992032
7 0.8117529880 0.5679282869 0.0609561753 0.0458167331
7 0.8133466135 0.5229083665 0.0601593625 0.0490039841
7 0.8733067729 0.5233067729 0.0597609562 0.0442231076
7 0.8705179283 0.5663346614 0.0573705179 0.0458167331
7 0.9350597610 0.5175298805 0.0629482072 0.0462151394
7 0.9286852590 0.5643426295 0.0629482072 0.0450199203
0 0.0141434263 0.6000000000 0.0282868526 0.0398406375
5 0.0559760956 0.5892430279 0.0721115538 0.0509960159
5 0.1237051793 0.5870517928 0.0745019920 0.0505976096
5 0.1920318725 0.5834661355 0.0717131474 0.0601593625
1 0.4302788845 0.5790836653 0.0677290837 0.0537848606
1 0.4946215139 0.5768924303 0.0681274900 0.0494023904
1 0.5673306773 0.5750996016 0.0701195219 0.0482071713
7 0.6928286853 0.5727091633 0.0565737052 0.0458167331
7 0.7087649402 0.6372509960 0.0541832669 0.0314741036
7 0.7511952191 0.5715139442 0.0577689243 0.0466135458
7 0.7637450199 0.6308764940 0.0557768924 0.0338645418
7 0.8231075697 0.6320717131 0.0557768924 0.0298804781
7 0.8864541833 0.6280876494 0.0573705179 0.0394422311
5 0.0201195219 0.6796812749 0.0402390438 0.0549800797
5 0.0747011952 0.6804780876 0.0752988048 0.0533864542
6 0.1490039841 0.6697211155 0.0804780876 0.0525896414
6 0.2284860558 0.6601593625 0.0537848606 0.0390438247
6 0.2902390438 0.6643426295 0.0721115538 0.0545816733
1 0.3500000000 0.6932270916 0.0505976096 0.0964143426
1 0.3978087649 0.6960159363 0.0466135458 0.0924302789
1 0.4410358566 0.6912350598 0.0446215139 0.0900398406
1 0.6015936255 0.6752988048 0.0565737052 0.0454183267
1 0.6541832669 0.6735059761 0.0525896414 0.0482071713
7 0.7619521912 0.6673306773 0.0498007968 0.0374501992
7 0.7081673307 0.6693227092 0.0545816733 0.0406374502
7 0.8195219124 0.6641434263 0.0549800797 0.0414342629
7 0.8143426295 0.7037848606 0.0621513944 0.0386454183
7 0.8725099602 0.7015936255 0.0541832669 0.0342629482
7 0.8768924303 0.6649402390 0.0533864542 0.0374501992
7 0.9440239044 0.6968127490 0.0545816733 0.0374501992
7 0.9442231076 0.6609561753 0.0549800797 0.0398406375
5 0.0213147410 0.7314741036 0.0426294821 0.0525896414
5 0.0784860558 0.7306772908 0.0796812749 0.0494023904
6 0.1505976096 0.7219123506 0.0749003984 0.0533864542
6 0.2229083665 0.7141434263 0.0808764940 0.0657370518
6 0.2940239044 0.7137450199 0.0749003984 0.0498007968
1 0.4918326693 0.7161354582 0.0617529880 0.0434262948
1 0.5505976096 0.7111553785 0.0605577689 0.0438247012
1 0.6053784861 0.7149402390 0.0537848606 0.0378486056
1 0.6561752988 0.7131474104 0.0525896414 0.0366533865
7 0.7067729084 0.7099601594 0.0557768924 0.0446215139
7 0.7583665339 0.7063745020 0.0561752988 0.0446215139
0 0.0260956175 0.8005976096 0.0521912351 0.0354581673
8 0.2739043825 0.7952191235 0.1470119522 0.0406374502
7 0.8866533865 0.8296812749 0.0529880478 0.1541832669
7 0.9458167331 0.8237051793 0.0621513944 0.1533864542
2 0.0892430279 0.8691235060 0.0844621514 0.1374501992
0 0.0332669323 0.8984063745 0.0665338645 0.0828685259
2 0.1625498008 0.8651394422 0.0820717131 0.1398406375
8 0.2784860558 0.8918326693 0.1490039841 0.0721115538
1 0.3820717131 0.8711155378 0.0517928287 0.1127490040
1 0.4874501992 0.8649402390 0.0498007968 0.1203187251
1 0.4374501992 0.8681274900 0.0541832669 0.1147410359
1 0.5378486056 0.8617529880 0.0501992032 0.1147410359
1 0.6065737052 0.8653386454 0.0880478088 0.1019920319
7 0.6796812749 0.8543824701 0.0517928287 0.1095617530
7 0.7324701195 0.8533864542 0.0482071713 0.1107569721
7 0.8256972112 0.8450199203 0.0505976096 0.1187250996
7 0.7782868526 0.8432270916 0.0482071713 0.1223107570
1 0.4876494024 0.6683266932 0.0613545817 0.0498007968
1 0.5450199203 0.6667330677 0.0573705179 0.0482071713
