1 0.0935517970 0.1553911205 0.1300211416 0.0697674419
1 0.2817124736 0.1675475687 0.1257928118 0.0665961945
1 0.0930232558 0.2193446089 0.1353065539 0.0687103594
1 0.2811839323 0.2209302326 0.1247357294 0.0634249471
1 0.4508456660 0.1929175476 0.1363636364 0.0898520085
1 0.6162790698 0.2066596195 0.1247357294 0.0919661734
1 0.7642706131 0.2135306554 0.1014799154 0.0655391121
1 0.9117336152 0.2309725159 0.1279069767 0.0581395349
1 0.0930232558 0.2774841438 0.1289640592 0.0644820296
1 0.2785412262 0.2721987315 0.1236786469 0.0623678647
1 0.4445031712 0.2743128964 0.1384778013 0.0919661734
1 0.6141649049 0.2854122622 0.1247357294 0.0909090909
1 0.7605708245 0.2732558140 0.0983086681 0.0665961945
1 0.9085623679 0.2933403805 0.1257928118 0.0602536998
1 0.0967230444 0.3599365751 0.1152219873 0.1004228330
1 0.2764270613 0.3261099366 0.1257928118 0.0602536998
1 0.4439746300 0.3562367865 0.1395348837 0.0803382664
1 0.6131078224 0.3615221987 0.1226215645 0.0782241015
1 0.7589852008 0.3329809725 0.0993657505 0.0697674419
1 0.9059196617 0.3546511628 0.1247357294 0.0602536998
1 0.2727272727 0.4323467230 0.1268498943 0.0591966173
1 0.2748414376 0.3794926004 0.1268498943 0.0613107822
1 0.4450317125 0.4249471459 0.1331923890 0.0782241015
1 0.6120507400 0.4297040169 0.1183932347 0.0750528541
1 0.7568710359 0.3974630021 0.0993657505 0.0613107822
1 0.9027484144 0.4138477801 0.1247357294 0.0539112051
1 0.0935517970 0.4630021142 0.1152219873 0.0993657505
1 0.2711416490 0.4846723044 0.1279069767 0.0581395349
1 0.4746300211 0.4978858351 0.0655391121 0.0718816068
1 0.6051797040 0.5015856237 0.1215644820 0.0708245243
1 0.7531712474 0.4577167019 0.0983086681 0.0591966173
1 0.9011627907 0.4741014799 0.1257928118 0.0602536998
1 0.0845665962 0.5739957717 0.1331923890 0.1226215645
1 0.2700845666 0.5380549683 0.1279069767 0.0570824524
1 0.4704016913 0.5713530655 0.0697674419 0.0729386892
1 0.6347780127 0.5734672304 0.0623678647 0.0665961945
1 0.5708245243 0.5713530655 0.0634249471 0.0687103594
1 0.7214587738 0.5301268499 0.0433403805 0.0813953488
1 0.7732558140 0.5301268499 0.0560253700 0.0835095137
1 0.8985200846 0.5364693446 0.1205073996 0.0581395349
1 0.2679704017 0.5903805497 0.1279069767 0.0539112051
1 0.2669133192 0.6437632135 0.1279069767 0.0528541226
1 0.4661733615 0.6437632135 0.0697674419 0.0739957717
1 0.5687103594 0.6400634249 0.0634249471 0.0687103594
1 0.7193446089 0.6125792812 0.0412262156 0.0792811839
1 0.7695560254 0.6157505285 0.0549682875 0.0835095137
1 0.8985200846 0.6189217759 0.1205073996 0.1046511628
1 0.2626849894 0.6987315011 0.1300211416 0.0570824524
1 0.5676532770 0.7098308668 0.0655391121 0.0750528541
1 0.6342494715 0.6464059197 0.0591966173 0.0644820296
1 0.7161733615 0.6971458774 0.0433403805 0.0750528541
1 0.7663847780 0.6982029598 0.0591966173 0.0771670190
1 0.2610993658 0.7521141649 0.1289640592 0.0539112051
1 0.4619450317 0.7172304440 0.0761099366 0.0729386892
1 0.6316067653 0.7140591966 0.0623678647 0.0665961945
1 0.7151162791 0.7727272727 0.0475687104 0.0739957717
1 0.7653276956 0.7764270613 0.0570824524 0.0771670190
1 0.8927061311 0.7272727273 0.1194503171 0.1078224101
8 0.9963002114 0.7167019027 0.0073995772 0.1691331924
1 0.2584566596 0.8060253700 0.1300211416 0.0581395349
1 0.4614164905 0.7891120507 0.0708245243 0.0708245243
1 0.5628964059 0.7854122622 0.0623678647 0.0739957717
1 0.6268498943 0.7838266385 0.0613107822 0.0750528541
1 0.8842494715 0.8340380550 0.1194503171 0.1078224101
8 0.9936575053 0.8456659619 0.0126849894 0.0866807611
1 0.2568710359 0.8588794926 0.1310782241 0.0602536998
1 0.4566596195 0.8604651163 0.0718816068 0.0697674419
1 0.5586680761 0.8604651163 0.0644820296 0.0718816068
1 0.6242071882 0.8583509514 0.0623678647 0.0676532770
1 0.7124735729 0.8525369979 0.0507399577 0.0792811839
1 0.7616279070 0.8509513742 0.0539112051 0.0782241015
