2 0.0791757050 0.1757049892 0.0737527115 0.0737527115
2 0.1518438178 0.1757049892 0.0715835141 0.0737527115
2 0.2223427332 0.1735357918 0.0715835141 0.0737527115
2 0.2922993492 0.1751626898 0.0704989154 0.0704989154
2 0.0943600868 0.2695227766 0.0412147505 0.0770065076
2 0.1697396963 0.2532537961 0.1160520607 0.0466377440
2 0.2825379610 0.2532537961 0.1138828633 0.0444685466
2 0.1702819957 0.2955531453 0.1149674620 0.0422993492
2 0.2841648590 0.2944685466 0.1149674620 0.0422993492
1 0.3221258134 0.3465292842 0.0412147505 0.0336225597
1 0.0824295011 0.3693058568 0.0325379610 0.0813449024
1 0.1464208243 0.3698481562 0.0347071584 0.0802603037
1 0.1138828633 0.3676789588 0.0347071584 0.0802603037
1 0.1811279826 0.3693058568 0.0325379610 0.0791757050
1 0.2174620390 0.3720173536 0.0336225597 0.0824295011
1 0.2852494577 0.3736442516 0.0347071584 0.0813449024
1 0.2505422993 0.3720173536 0.0303687636 0.0802603037
1 0.3226681128 0.3785249458 0.0401301518 0.0325379610
1 0.0607375271 0.4636659436 0.0303687636 0.0596529284
1 0.1068329718 0.4604121475 0.0639913232 0.0639913232
1 0.1697396963 0.4609544469 0.0618221258 0.0585683297
1 0.2321041215 0.4604121475 0.0650759219 0.0618221258
1 0.2776572668 0.4609544469 0.0303687636 0.0585683297
1 0.3297180043 0.4604121475 0.0238611714 0.0639913232
1 0.3053145336 0.4593275488 0.0271149675 0.0639913232
1 0.0493492408 0.5504338395 0.0401301518 0.0357917570
1 0.1258134490 0.5493492408 0.0368763557 0.0357917570
1 0.0900216920 0.5509761388 0.0390455531 0.0368763557
1 0.1648590022 0.5526030369 0.0390455531 0.0292841649
1 0.2472885033 0.5482646421 0.0390455531 0.0357917570
1 0.2049891540 0.5498915401 0.0412147505 0.0390455531
1 0.0504338395 0.5867678959 0.0401301518 0.0412147505
1 0.0997830803 0.5862255965 0.0368763557 0.0357917570
1 0.1350325380 0.5829718004 0.0314533623 0.0357917570
1 0.2114967462 0.5851409978 0.0368763557 0.0336225597
1 0.1675704989 0.5840563991 0.0357917570 0.0336225597
1 0.2478308026 0.5829718004 0.0401301518 0.0401301518
1 0.2814533623 0.5607375271 0.0271149675 0.0629067245
1 0.3074837310 0.5667028200 0.0271149675 0.0488069414
1 0.3308026030 0.5639913232 0.0216919740 0.0542299349
1 0.0488069414 0.6708242950 0.0412147505 0.0704989154
1 0.0905639913 0.6713665944 0.0466377440 0.0737527115
1 0.1355748373 0.6702819957 0.0455531453 0.0737527115
1 0.2255965293 0.6892624729 0.0433839479 0.0379609544
1 0.1800433839 0.6708242950 0.0455531453 0.0770065076
1 0.2245119306 0.6518438178 0.0477223427 0.0390455531
1 0.2695227766 0.6496746204 0.0422993492 0.0368763557
1 0.3167028200 0.6518438178 0.0498915401 0.0412147505
1 0.2695227766 0.6881778742 0.0422993492 0.0379609544
1 0.3150759219 0.6925162690 0.0509761388 0.0422993492
8 0.3964208243 0.6534707158 0.0748373102 0.0444685466
8 0.4701735358 0.6513015184 0.0770065076 0.0488069414
8 0.5536876356 0.6822125813 0.0748373102 0.0433839479
8 0.5515184382 0.6442516269 0.0748373102 0.0347071584
8 0.6361171367 0.6545553145 0.0900216920 0.0553145336
8 0.7489154013 0.6708242950 0.1030368764 0.0921908894
8 0.8541214751 0.6648590022 0.1160520607 0.0867678959
8 0.9544468547 0.6670281996 0.0911062907 0.0845986985
8 0.3969631236 0.6973969631 0.0737527115 0.0498915401
8 0.4040130152 0.7554229935 0.0900216920 0.0401301518
8 0.4859002169 0.7570498915 0.0737527115 0.0433839479
8 0.4701735358 0.6984815618 0.0770065076 0.0455531453
8 0.0759219089 0.7830802603 0.1062906725 0.0845986985
8 0.1816702820 0.7809110629 0.1052060738 0.0802603037
8 0.2863340564 0.7803687636 0.1062906725 0.0813449024
8 0.4007592191 0.7988069414 0.0856832972 0.0444685466
8 0.4815618221 0.7998915401 0.0802603037 0.0444685466
8 0.5683297180 0.7711496746 0.0759219089 0.0759219089
8 0.6453362256 0.7706073753 0.0759219089 0.0726681128
8 0.7630151844 0.7744034707 0.1160520607 0.0780911063
8 0.8703904555 0.7787418655 0.1182212581 0.0889370933
8 0.9604121475 0.7787418655 0.0791757050 0.0889370933
8 0.0737527115 0.8861171367 0.1062906725 0.0694143167
8 0.1795010846 0.8839479393 0.1095444685 0.0694143167
8 0.2857917570 0.8844902386 0.1073752711 0.0704989154
8 0.4007592191 0.8470715835 0.0835140998 0.0498915401
8 0.4837310195 0.8481561822 0.0824295011 0.0520607375
8 0.4490238612 0.8980477223 0.0802603037 0.0520607375
8 0.5672451193 0.8562906725 0.0845986985 0.1008676790
8 0.6469631236 0.8449023861 0.0748373102 0.0672451193
