1 0.0384980989 0.0090304183 0.0484790875 0.0180608365
1 0.0874524715 0.0066539924 0.0494296578 0.0133079848
1 0.1335551331 0.0066539924 0.0427756654 0.0133079848
1 0.2557034221 0.0147338403 0.0912547529 0.0294676806
1 0.3702471483 0.0223384030 0.0484790875 0.0446768061
1 0.4087452471 0.0128326996 0.0285171103 0.0256653992
1 0.7404942966 0.0266159696 0.0950570342 0.0532319392
1 0.9192015209 0.0465779468 0.0209125475 0.0931558935
1 0.9895437262 0.0403992395 0.0209125475 0.0807984791
1 0.0389733840 0.0418250951 0.0475285171 0.0475285171
1 0.0389733840 0.0884030418 0.0494296578 0.0475285171
1 0.1335551331 0.0812737643 0.0427756654 0.0408745247
1 0.0874524715 0.0831749049 0.0494296578 0.0465779468
1 0.1340304183 0.0370722433 0.0456273764 0.0494296578
1 0.0869771863 0.0365969582 0.0484790875 0.0484790875
1 0.2395437262 0.0903041825 0.0665399240 0.0456273764
1 0.2433460076 0.0541825095 0.0589353612 0.0342205323
1 0.3721482890 0.0860266160 0.0522813688 0.0712927757
1 0.4196768061 0.0884030418 0.0503802281 0.0684410646
1 0.5708174905 0.0774714829 0.0351711027 0.0503802281
1 0.5327946768 0.0266159696 0.0484790875 0.0532319392
1 0.5280418251 0.0860266160 0.0503802281 0.0313688213
1 0.7333650190 0.1197718631 0.0903041825 0.0893536122
1 0.8650190114 0.0651140684 0.0475285171 0.1302281369
1 0.0565589354 0.1449619772 0.0256653992 0.0389733840
1 0.0969581749 0.1392585551 0.0589353612 0.0446768061
1 0.2400190114 0.1330798479 0.0655893536 0.0456273764
1 0.2385931559 0.1768060837 0.0646387833 0.0456273764
1 0.3716730038 0.1558935361 0.0513307985 0.0665399240
1 0.4201520913 0.1539923954 0.0475285171 0.0646387833
1 0.5703422053 0.1905893536 0.0342205323 0.0351711027
1 0.5308935361 0.1839353612 0.0541825095 0.0541825095
1 0.5327946768 0.1264258555 0.0541825095 0.0589353612
1 0.7357414449 0.1867870722 0.0969581749 0.0617870722
1 0.0922053232 0.2561787072 0.0665399240 0.0427756654
1 0.0907794677 0.2965779468 0.0674904943 0.0418250951
1 0.2271863118 0.2875475285 0.0513307985 0.0598859316
1 0.2704372624 0.2267110266 0.0503802281 0.0579847909
1 0.2742395437 0.2894486692 0.0465779468 0.0598859316
1 0.4044676806 0.2324144487 0.0237642586 0.0522813688
1 0.3640684411 0.2243346008 0.0494296578 0.0608365019
1 0.3654942966 0.2842205323 0.0503802281 0.0456273764
1 0.4039923954 0.2827946768 0.0266159696 0.0408745247
1 0.5717680608 0.2775665399 0.0256653992 0.0323193916
1 0.5717680608 0.2352661597 0.0275665399 0.0541825095
1 0.5346958175 0.2884980989 0.0503802281 0.0503802281
1 0.5346958175 0.2347908745 0.0446768061 0.0532319392
1 0.7096007605 0.2975285171 0.0484790875 0.0570342205
1 0.7091254753 0.2442965779 0.0494296578 0.0551330798
1 0.7557034221 0.3018060837 0.0494296578 0.0579847909
1 0.7595057034 0.2461977186 0.0494296578 0.0570342205
1 0.0903041825 0.3374524715 0.0703422053 0.0418250951
1 0.0993346008 0.3921102662 0.0503802281 0.0408745247
1 0.2252851711 0.3441064639 0.0475285171 0.0532319392
1 0.2248098859 0.4006653992 0.0446768061 0.0560836502
1 0.2728136882 0.3507604563 0.0494296578 0.0570342205
1 0.2728136882 0.4063688213 0.0513307985 0.0560836502
1 0.5242395437 0.4158745247 0.0503802281 0.0655893536
1 0.5237642586 0.3483840304 0.0475285171 0.0655893536
1 0.5750950570 0.4187262357 0.0513307985 0.0617870722
1 0.5788973384 0.3507604563 0.0494296578 0.0665399240
1 0.7072243346 0.3536121673 0.0475285171 0.0570342205
1 0.7205323194 0.4101711027 0.0741444867 0.0560836502
1 0.7557034221 0.3564638783 0.0513307985 0.0551330798
1 0.0979087452 0.4310836502 0.0513307985 0.0313688213
4 0.0974334601 0.4681558935 0.1055133080 0.0446768061
4 0.0950570342 0.5133079848 0.1064638783 0.0456273764
4 0.2504752852 0.5261406844 0.0903041825 0.0389733840
4 0.2495247148 0.4505703422 0.0903041825 0.0437262357
4 0.2504752852 0.4895437262 0.0903041825 0.0399239544
4 0.3802281369 0.4824144487 0.0703422053 0.0370722433
4 0.3811787072 0.5190114068 0.0684410646 0.0342205323
1 0.4125475285 0.4367870722 0.0513307985 0.0617870722
4 0.5541825095 0.4662547529 0.0912547529 0.0351711027
4 0.5556083650 0.5014258555 0.0960076046 0.0370722433
1 0.7238593156 0.5061787072 0.0693916350 0.0465779468
1 0.7210076046 0.4596007605 0.0750950570 0.0541825095
4 0.0960076046 0.5603612167 0.1083650190 0.0465779468
7 0.1069391635 0.6093155894 0.0313688213 0.0532319392
7 0.1354562738 0.6093155894 0.0313688213 0.0532319392
7 0.2500000000 0.5746197719 0.0323193916 0.0579847909
7 0.2804182510 0.5741444867 0.0304182510 0.0589353612
7 0.3921102662 0.6021863118 0.0370722433 0.0807984791
4 0.3797528517 0.5551330798 0.0674904943 0.0380228137
7 0.3583650190 0.6078897338 0.0323193916 0.0731939163
7 0.4206273764 0.6083650190 0.0351711027 0.0741444867
4 0.5570342205 0.5399239544 0.0912547529 0.0418250951
7 0.5570342205 0.5969581749 0.0285171103 0.0779467681
7 0.5256653992 0.5983840304 0.0361216730 0.0807984791
7 0.5860266160 0.5960076046 0.0370722433 0.0703422053
4 0.7324144487 0.5893536122 0.0903041825 0.0855513308
7 0.1321292776 0.7148288973 0.0323193916 0.0532319392
7 0.1040874525 0.7148288973 0.0294676806 0.0551330798
7 0.1335551331 0.6620722433 0.0313688213 0.0522813688
7 0.1050380228 0.6615969582 0.0294676806 0.0532319392
7 0.2490494297 0.6340304183 0.0342205323 0.0589353612
7 0.2799429658 0.6349809886 0.0313688213 0.0608365019
7 0.2770912548 0.6967680608 0.0370722433 0.0627376426
7 0.2476235741 0.6920152091 0.0370722433 0.0646387833
7 0.3887832700 0.6782319392 0.0361216730 0.0769961977
7 0.3583650190 0.6796577947 0.0323193916 0.0703422053
7 0.4196768061 0.6815589354 0.0351711027 0.0779467681
7 0.5537072243 0.6725285171 0.0370722433 0.0636882129
7 0.5831749049 0.6739543726 0.0351711027 0.0665399240
4 0.7210076046 0.6715779468 0.0884030418 0.0846007605
7 0.1297528517 0.8079847909 0.0294676806 0.0285171103
7 0.1311787072 0.7675855513 0.0304182510 0.0541825095
7 0.0983840304 0.8079847909 0.0332699620 0.0285171103
7 0.1031368821 0.7675855513 0.0313688213 0.0541825095
7 0.2452471483 0.8170152091 0.0323193916 0.0617870722
7 0.2466730038 0.7557034221 0.0313688213 0.0627376426
7 0.2775665399 0.7561787072 0.0323193916 0.0617870722
7 0.2766159696 0.8165399240 0.0323193916 0.0608365019
7 0.3878326996 0.7485741445 0.0399239544 0.0712927757
7 0.3555133080 0.8160646388 0.0304182510 0.0693916350
7 0.3555133080 0.7480988593 0.0285171103 0.0703422053
7 0.3849809886 0.8198669202 0.0380228137 0.0655893536
7 0.4182509506 0.8208174905 0.0399239544 0.0617870722
7 0.5194866920 0.8018060837 0.0389733840 0.0617870722
7 0.5541825095 0.7352661597 0.0342205323 0.0712927757
7 0.5251901141 0.7338403042 0.0351711027 0.0741444867
7 0.5817490494 0.7381178707 0.0342205323 0.0693916350
7 0.5779467681 0.8013307985 0.0399239544 0.0627376426
4 0.7314638783 0.7585551331 0.0903041825 0.0855513308
7 0.8626425856 0.7585551331 0.0446768061 0.0665399240
6 0.0541825095 0.8854562738 0.0608365019 0.0541825095
7 0.0936311787 0.8350760456 0.0427756654 0.0294676806
7 0.1292775665 0.8346007605 0.0285171103 0.0285171103
7 0.1278517110 0.8597908745 0.0313688213 0.0256653992
7 0.2395437262 0.8659695817 0.0304182510 0.0323193916
7 0.2400190114 0.8968631179 0.0294676806 0.0313688213
7 0.3811787072 0.9058935361 0.0285171103 0.0361216730
7 0.3811787072 0.8697718631 0.0323193916 0.0380228137
7 0.5518060837 0.8597908745 0.0294676806 0.0598859316
7 0.5209125475 0.8645437262 0.0323193916 0.0598859316
7 0.5822243346 0.8602661597 0.0313688213 0.0589353612
4 0.7300380228 0.8417300380 0.0912547529 0.0826996198
4 0.7281368821 0.9253802281 0.0893536122 0.0826996198
7 0.8583650190 0.8735741445 0.0247148289 0.1596958175
7 0.9705323194 0.9016159696 0.0475285171 0.1682509506
7 0.9225285171 0.8759505703 0.0617870722 0.1530418251
6 0.0841254753 0.9619771863 0.1169201521 0.0760456274
6 0.2186311787 0.9524714829 0.0342205323 0.0912547529
6 0.2514258555 0.9576996198 0.0351711027 0.0846007605
6 0.3797528517 0.9467680608 0.0979087452 0.0608365019
6 0.3830798479 0.9890684411 0.0912547529 0.0218631179
6 0.5684410646 0.9448669202 0.0475285171 0.1026615970
6 0.5242395437 0.9429657795 0.0541825095 0.1007604563
6 0.7172053232 0.9824144487 0.0465779468 0.0351711027
7 0.7500000000 0.9719581749 0.0513307985 0.0560836502
6 0.9405893536 0.9847908745 0.0884030418 0.0304182510
