1 0.0170827858 0.2825229961 0.0341655716 0.0893561104
1 0.0137976347 0.3731931669 0.0275952694 0.0946123522
1 0.1760840999 0.3272010512 0.0919842313 0.0893561104
1 0.3212877792 0.3311432326 0.0749014455 0.0893561104
1 0.3902759527 0.3455978975 0.0683311432 0.0840998686
1 0.5289093298 0.3685939553 0.1090670171 0.1011826544
1 0.6773981603 0.3718791064 0.1090670171 0.0972404731
7 0.8771353482 0.3810775296 0.0643889619 0.0840998686
1 0.1741130092 0.4204993430 0.0959264126 0.0946123522
1 0.3226018397 0.4244415243 0.0749014455 0.0946123522
1 0.3935611038 0.4296977661 0.0775295664 0.0946123522
1 0.5367936925 0.4546649146 0.1064388962 0.0814717477
1 0.6918528252 0.4618922470 0.1011826544 0.0959264126
1 0.0137976347 0.4789750329 0.0275952694 0.1011826544
1 0.1741130092 0.5262812089 0.1011826544 0.1143232589
1 0.3245729304 0.5269382392 0.0919842313 0.1024967148
1 0.4040735874 0.5328515112 0.0775295664 0.1011826544
1 0.5499342970 0.5387647832 0.1195795007 0.0919842313
1 0.7076215506 0.5492772668 0.1011826544 0.0814717477
7 0.9021024967 0.4750328515 0.0696452037 0.0880420499
6 0.0072273325 0.5827858081 0.0144546649 0.0985545335
1 0.3311432326 0.6346911958 0.0998685940 0.1261498029
1 0.4126149803 0.6366622865 0.0762155059 0.1195795007
7 0.5624178712 0.6222076216 0.0919842313 0.0827858081
1 0.7174770039 0.6307490145 0.1024967148 0.0867279895
1 0.9145860710 0.6018396846 0.0788436268 0.1576872536
6 0.0052562418 0.6780551905 0.0105124836 0.0998685940
1 0.1767411301 0.6445466491 0.1038107753 0.1248357424
7 0.5716162943 0.7069645204 0.1051248357 0.0946123522
7 0.7299605782 0.7135348226 0.0880420499 0.0657030223
1 0.9034165572 0.7214191853 0.1300919842 0.0919842313
5 0.0039421813 0.8015768725 0.0078843627 0.1498028909
5 0.1392904074 0.7871222076 0.1813403417 0.1524310118
1 0.3331143233 0.7608409987 0.1064388962 0.1340341656
1 0.4185282523 0.7568988173 0.0854139290 0.1314060447
7 0.5781865966 0.7989487516 0.1130091984 0.0972404731
7 0.7654402102 0.7982917214 0.0775295664 0.0827858081
5 0.3863337714 0.8902759527 0.1760840999 0.1432325887
1 0.9172141919 0.8153745072 0.1235216820 0.1011826544
5 0.1438896189 0.9204993430 0.1800262812 0.1379763469
6 0.5827858081 0.9204993430 0.1222076216 0.1511169514
7 0.7858081472 0.8961892247 0.0657030223 0.0946123522
1 0.9349540079 0.9152431012 0.1116951380 0.0985545335
5 0.1425755585 0.9862023653 0.1879106439 0.0275952694
5 0.3935611038 0.9697766097 0.1773981603 0.0604467806
6 0.6051248357 0.9967148489 0.1143232589 0.0065703022
7 0.7759526938 0.9717477004 0.0985545335 0.0565045992
1 0.9395532194 0.9802890933 0.1077529566 0.0394218134
