7 0.2384615385 0.1108974359 0.0897435897 0.1756410256
7 0.3121794872 0.1134615385 0.0807692308 0.1833333333
7 0.3897435897 0.1147435897 0.0897435897 0.1858974359
7 0.5064102564 0.1217948718 0.1512820513 0.1871794872
2 0.6217948718 0.1089743590 0.0846153846 0.1564102564
2 0.6980769231 0.1166666667 0.0884615385 0.1512820513
2 0.8166666667 0.1185897436 0.1564102564 0.1525641026
7 0.0858974359 0.3000000000 0.0666666667 0.1282051282
7 0.1410256410 0.3044871795 0.0641025641 0.1294871795
7 0.2339743590 0.3102564103 0.1397435897 0.1307692308
7 0.3641025641 0.3153846154 0.1358974359 0.1333333333
3 0.4576923077 0.2807692308 0.0538461538 0.0461538462
3 0.4544871795 0.3243589744 0.0551282051 0.0461538462
3 0.5051282051 0.2820512821 0.0461538462 0.0435897436
3 0.5038461538 0.3282051282 0.0487179487 0.0487179487
3 0.5487179487 0.3115384615 0.0512820513 0.1000000000
8 0.6782051282 0.3275641026 0.2051282051 0.1243589744
8 0.8346153846 0.3346153846 0.1051282051 0.1230769231
1 0.0891025641 0.4878205128 0.0705128205 0.1551282051
1 0.1647435897 0.4916666667 0.0730769231 0.1525641026
1 0.2391025641 0.4948717949 0.0730769231 0.1512820513
1 0.3108974359 0.4987179487 0.0653846154 0.1512820513
1 0.3839743590 0.5006410256 0.0730769231 0.1525641026
1 0.4596153846 0.5038461538 0.0705128205 0.1461538462
1 0.5596153846 0.5038461538 0.1269230769 0.1461538462
1 0.6910256410 0.5108974359 0.1307692308 0.1448717949
1 0.8205128205 0.5211538462 0.1307692308 0.1448717949
1 0.0679487179 0.6666666667 0.0794871795 0.1230769231
1 0.1403846154 0.6711538462 0.0807692308 0.1192307692
1 0.2128205128 0.6730769231 0.0846153846 0.1205128205
1 0.2910256410 0.6756410256 0.0743589744 0.1205128205
1 0.3641025641 0.6801282051 0.0717948718 0.1192307692
1 0.4519230769 0.6557692308 0.1012820513 0.0679487179
1 0.5557692308 0.6602564103 0.1012820513 0.0666666667
1 0.6557692308 0.6641025641 0.0935897436 0.0717948718
1 0.7506410256 0.6653846154 0.0935897436 0.0692307692
1 0.8410256410 0.6698717949 0.0948717949 0.0653846154
1 0.4519230769 0.7185897436 0.0987179487 0.0525641026
1 0.5519230769 0.7211538462 0.0961538462 0.0500000000
1 0.6544871795 0.7250000000 0.0910256410 0.0525641026
1 0.7461538462 0.7262820513 0.0897435897 0.0576923077
1 0.8429487179 0.7294871795 0.0961538462 0.0615384615
1 0.0596153846 0.8461538462 0.1115384615 0.1512820513
1 0.1551282051 0.8487179487 0.1102564103 0.1512820513
1 0.2474358974 0.8500000000 0.0948717949 0.1487179487
1 0.3301282051 0.8512820513 0.0910256410 0.1435897436
1 0.4173076923 0.8596153846 0.0858974359 0.1474358974
1 0.5019230769 0.9012820513 0.0833333333 0.0769230769
1 0.5044871795 0.8237179487 0.0807692308 0.0756410256
1 0.5929487179 0.8243589744 0.0782051282 0.0717948718
1 0.6750000000 0.8275641026 0.0807692308 0.0756410256
1 0.7596153846 0.8333333333 0.0910256410 0.0743589744
1 0.8500000000 0.8365384615 0.0820512821 0.0756410256
1 0.5852564103 0.9038461538 0.0833333333 0.0769230769
1 0.6698717949 0.9051282051 0.0910256410 0.0794871795
1 0.7615384615 0.9108974359 0.0897435897 0.0756410256
1 0.8525641026 0.9160256410 0.0871794872 0.0782051282
1 0.0487179487 0.9820512821 0.0974358974 0.0358974359
1 0.1416666667 0.9852564103 0.1115384615 0.0294871795
1 0.2410256410 0.9852564103 0.0974358974 0.0294871795
1 0.3243589744 0.9865384615 0.0948717949 0.0269230769
1 0.4128205128 0.9891025641 0.0871794872 0.0217948718
1 0.5019230769 0.9903846154 0.0884615385 0.0192307692
1 0.5897435897 0.9929487179 0.0897435897 0.0141025641
1 0.6788461538 0.9935897436 0.0884615385 0.0128205128
1 0.7660256410 0.9955128205 0.0858974359 0.0089743590
