1 0.4296028881 0.2123947052 0.1853188929 0.1046931408
1 0.7882069795 0.1750902527 0.1516245487 0.0661853189
1 0.9512635379 0.2166064982 0.0974729242 0.0601684717
8 0.0902527076 0.2581227437 0.1155234657 0.1600481348
1 0.2196149218 0.2334536703 0.1432009627 0.0529482551
1 0.6275571600 0.2226233454 0.1720818291 0.1299638989
1 0.7924187726 0.2364620939 0.1504211793 0.0613718412
1 0.7948255114 0.2918170878 0.1456077016 0.0589651023
1 0.2424789410 0.3068592058 0.1720818291 0.0842358604
1 0.4578820698 0.3050541516 0.1817087846 0.0854392298
1 0.6762936221 0.3206979543 0.0818291215 0.0758122744
1 0.5962695548 0.3212996390 0.0806257521 0.0794223827
1 0.7942238267 0.3574007220 0.1251504212 0.0625752106
1 0.9506618532 0.3387484958 0.0986762936 0.1263537906
8 0.1462093863 0.3748495788 0.0758122744 0.1119133574
1 0.2815884477 0.4103489771 0.1973525872 0.1083032491
1 0.4753309266 0.3850782190 0.1612515042 0.0866425993
1 0.6070998797 0.3941034898 0.0806257521 0.0685920578
1 0.6835138387 0.3941034898 0.0866425993 0.0709987966
1 0.7960288809 0.4133574007 0.1335740072 0.0517448857
4 0.3056558363 0.5006016847 0.1540312876 0.0673886883
1 0.5006016847 0.4572803851 0.1540312876 0.0746089049
1 0.5126353791 0.5138387485 0.1468110710 0.0481347774
1 0.6865222623 0.4626955475 0.0830324910 0.0709987966
1 0.7990373045 0.4735258724 0.1275571600 0.0469314079
1 0.8014440433 0.5138387485 0.1275571600 0.0457280385
1 0.9470517449 0.4578820698 0.1058965102 0.1167268351
4 0.3441636582 0.5896510229 0.1275571600 0.0433212996
4 0.3315282792 0.5529482551 0.1432009627 0.0445246691
1 0.5258724428 0.5541516245 0.1347773767 0.0469314079
1 0.6365824308 0.5956678700 0.0770156438 0.0601684717
1 0.6245487365 0.5282791817 0.0746089049 0.0697954272
1 0.7039711191 0.5926594465 0.0794223827 0.0565583634
1 0.6937424789 0.5306859206 0.0734055355 0.0722021661
1 0.8080625752 0.5577617329 0.1215403129 0.0469314079
1 0.8122743682 0.5932611312 0.1131167268 0.0385078219
1 0.9476534296 0.5559566787 0.1046931408 0.0770156438
4 0.3712394705 0.6762936221 0.1143200963 0.0409145608
4 0.3610108303 0.6371841155 0.1203369434 0.0493381468
7 0.5084235860 0.6149217810 0.0685920578 0.0240673887
7 0.5577617329 0.6690734055 0.0541516245 0.0288808664
7 0.5601684717 0.6119133574 0.0421179302 0.0132370638
7 0.5379061372 0.6413959085 0.0312876053 0.0361010830
1 0.6468110710 0.6468110710 0.0589651023 0.0493381468
1 0.7081829122 0.6522262335 0.0661853189 0.0409145608
1 0.8104693141 0.6642599278 0.1119133574 0.0409145608
1 0.8134777377 0.6305655836 0.1155234657 0.0385078219
7 0.9458483755 0.6197352587 0.1083032491 0.0577617329
4 0.3796630566 0.7081829122 0.1143200963 0.0373044525
1 0.6528279182 0.6949458484 0.0613718412 0.0493381468
1 0.7135980746 0.6961492178 0.0601684717 0.0397111913
1 0.8146811071 0.7009626955 0.1083032491 0.0348977136
7 0.9464500602 0.7160048135 0.1070998797 0.0722021661
