0 0.5100775194 0.0054263566 0.0465116279 0.0108527132
7 0.9178294574 0.0108527132 0.1116279070 0.0217054264
7 0.0465116279 0.0651162791 0.0744186047 0.0620155039
7 0.0596899225 0.0170542636 0.1193798450 0.0341085271
0 0.2643410853 0.0248062016 0.1224806202 0.0496124031
5 0.2604651163 0.0728682171 0.1209302326 0.0496124031
0 0.4310077519 0.0131782946 0.0682170543 0.0263565891
0 0.4565891473 0.0620155039 0.1193798450 0.0961240310
0 0.6837209302 0.0720930233 0.1116279070 0.0635658915
0 0.6937984496 0.0209302326 0.1224806202 0.0418604651
0 0.7875968992 0.0201550388 0.0682170543 0.0403100775
7 0.9201550388 0.0565891473 0.1255813953 0.0728682171
7 0.0503875969 0.1496124031 0.0635658915 0.0635658915
5 0.2511627907 0.1217054264 0.1240310078 0.0542635659
5 0.2255813953 0.1806201550 0.1100775194 0.0635658915
0 0.4379844961 0.1232558140 0.0480620155 0.0356589147
5 0.6472868217 0.1813953488 0.0511627907 0.0558139535
5 0.7015503876 0.1806201550 0.0604651163 0.0604651163
5 0.6581395349 0.1255813953 0.0635658915 0.0527131783
5 0.7232558140 0.1263565891 0.0666666667 0.0542635659
5 0.7674418605 0.1798449612 0.0713178295 0.0651162791
5 0.9085271318 0.1720930233 0.1147286822 0.0496124031
5 0.9116279070 0.1186046512 0.1116279070 0.0573643411
7 0.0341085271 0.2813953488 0.0682170543 0.0573643411
7 0.0573643411 0.2302325581 0.0527131783 0.0418604651
5 0.2178294574 0.2480620155 0.1193798450 0.0713178295
5 0.4286821705 0.2906976744 0.1224806202 0.0790697674
5 0.4426356589 0.2116279070 0.1317829457 0.0790697674
5 0.5302325581 0.2906976744 0.0775193798 0.0790697674
5 0.6434108527 0.2410852713 0.0496124031 0.0604651163
5 0.7589147287 0.2372093023 0.0604651163 0.0651162791
5 0.7000000000 0.2403100775 0.0573643411 0.0651162791
5 0.8666666667 0.2356589147 0.0310077519 0.0713178295
5 0.9069767442 0.2348837209 0.0372093023 0.0728682171
5 0.9821705426 0.2426356589 0.0356589147 0.0697674419
5 0.9457364341 0.2356589147 0.0403100775 0.0744186047
5 0.2069767442 0.3829457364 0.1100775194 0.0713178295
5 0.2093023256 0.3147286822 0.1147286822 0.0651162791
5 0.4248062016 0.3728682171 0.1209302326 0.0821705426
5 0.5263565891 0.3744186047 0.0883720930 0.0821705426
5 0.6364341085 0.3651162791 0.0573643411 0.0604651163
5 0.6403100775 0.3054263566 0.0527131783 0.0620155039
5 0.7565891473 0.3930232558 0.0744186047 0.1069767442
5 0.6961240310 0.3038759690 0.0558139535 0.0620155039
5 0.7596899225 0.3046511628 0.0682170543 0.0666666667
5 0.6930232558 0.3658914729 0.0558139535 0.0620155039
5 0.9023255814 0.3612403101 0.0372093023 0.0372093023
5 0.9023255814 0.3054263566 0.0434108527 0.0682170543
5 0.8658914729 0.3054263566 0.0325581395 0.0651162791
5 0.8627906977 0.3953488372 0.0325581395 0.0372093023
5 0.8635658915 0.3558139535 0.0310077519 0.0356589147
5 0.9434108527 0.3612403101 0.0387596899 0.0372093023
5 0.9821705426 0.3643410853 0.0356589147 0.0341085271
5 0.9449612403 0.3085271318 0.0387596899 0.0682170543
5 0.1922480620 0.4534883721 0.1271317829 0.0728682171
5 0.4124031008 0.4565891473 0.1271317829 0.0852713178
5 0.5031007752 0.4612403101 0.0635658915 0.0976744186
5 0.6341085271 0.4263565891 0.0589147287 0.0620155039
5 0.6325581395 0.4914728682 0.0651162791 0.0651162791
5 0.6922480620 0.4279069767 0.0573643411 0.0651162791
5 0.6922480620 0.4891472868 0.0573643411 0.0666666667
5 0.8596899225 0.4705426357 0.0263565891 0.0325581395
5 0.9000000000 0.4348837209 0.0449612403 0.0387596899
5 0.8612403101 0.4364341085 0.0325581395 0.0356589147
5 0.9015503876 0.3968992248 0.0356589147 0.0341085271
5 0.8930232558 0.4720930233 0.0372093023 0.0325581395
5 0.9434108527 0.4372093023 0.0387596899 0.0372093023
5 0.9821705426 0.3992248062 0.0356589147 0.0356589147
5 0.9325581395 0.4720930233 0.0356589147 0.0325581395
5 0.9434108527 0.3976744186 0.0387596899 0.0356589147
5 0.9821705426 0.4395348837 0.0356589147 0.0418604651
7 0.0178294574 0.5000000000 0.0356589147 0.0480620155
2 0.0038759690 0.5868217054 0.0077519380 0.0852713178
1 0.1782945736 0.5961240310 0.1302325581 0.0604651163
1 0.1697674419 0.5263565891 0.1069767442 0.0790697674
1 0.3697674419 0.5341085271 0.0604651163 0.0728682171
1 0.4325581395 0.5356589147 0.0744186047 0.0728682171
1 0.5069767442 0.5434108527 0.0713178295 0.0759689922
1 0.6279069767 0.5635658915 0.0682170543 0.0790697674
1 0.6976744186 0.5643410853 0.0713178295 0.0775193798
1 0.9023255814 0.5100775194 0.1178294574 0.0465116279
1 0.9023255814 0.5565891473 0.1209302326 0.0496124031
1 0.0100775194 0.6612403101 0.0201550388 0.0728682171
1 0.1666666667 0.6596899225 0.1348837209 0.0604651163
1 0.3550387597 0.6751937984 0.0682170543 0.0728682171
1 0.3604651163 0.6054263566 0.0728682171 0.0759689922
1 0.4945736434 0.6093023256 0.0651162791 0.0713178295
1 0.4279069767 0.6093023256 0.0713178295 0.0744186047
1 0.4961240310 0.6868217054 0.0806201550 0.0744186047
1 0.4217054264 0.6813953488 0.0775193798 0.0759689922
1 0.6217054264 0.6449612403 0.0651162791 0.0837209302
1 0.6953488372 0.6465116279 0.0728682171 0.0837209302
1 0.8992248062 0.6627906977 0.1209302326 0.0511627907
1 0.9023255814 0.6077519380 0.1240310078 0.0558139535
1 0.0077519380 0.7325581395 0.0155038760 0.0728682171
1 0.1534883721 0.7255813953 0.1271317829 0.0744186047
1 0.3480620155 0.7511627907 0.0728682171 0.0852713178
1 0.4147286822 0.7573643411 0.0697674419 0.0759689922
1 0.4821705426 0.7589147287 0.0806201550 0.0759689922
1 0.6193798450 0.7317829457 0.0697674419 0.0868217054
1 0.6953488372 0.7364341085 0.0759689922 0.0868217054
1 0.8984496124 0.7682170543 0.1255813953 0.0573643411
1 0.8992248062 0.7147286822 0.1240310078 0.0527131783
1 0.1310077519 0.8720930233 0.1317829457 0.0790697674
1 0.1395348837 0.7992248062 0.1240310078 0.0697674419
1 0.3310077519 0.8410852713 0.0697674419 0.0945736434
1 0.3937984496 0.8356589147 0.0744186047 0.0868217054
1 0.4697674419 0.8379844961 0.0806201550 0.0852713178
1 0.6108527132 0.8170542636 0.0682170543 0.0868217054
1 0.6844961240 0.8217054264 0.0728682171 0.0837209302
1 0.8984496124 0.8806201550 0.1286821705 0.0682170543
1 0.8992248062 0.8240310078 0.1271317829 0.0635658915
1 0.1139534884 0.9503875969 0.1286821705 0.0744186047
1 0.3813953488 0.9302325581 0.0713178295 0.0961240310
1 0.3170542636 0.9333333333 0.0697674419 0.0961240310
1 0.4542635659 0.9294573643 0.0899224806 0.0945736434
1 0.6000000000 0.9682170543 0.0806201550 0.0635658915
1 0.6085271318 0.8992248062 0.0728682171 0.0775193798
1 0.7503875969 0.9139534884 0.0806201550 0.0852713178
1 0.6736434109 0.9705426357 0.0759689922 0.0589147287
1 0.6813953488 0.9100775194 0.0759689922 0.0775193798
1 0.8961240310 0.9387596899 0.1302325581 0.0697674419
1 0.1031007752 0.9953488372 0.1441860465 0.0093023256
1 0.3054263566 0.9891472868 0.0682170543 0.0217054264
1 0.3736434109 0.9868217054 0.0806201550 0.0263565891
1 0.4426356589 0.9875968992 0.0790697674 0.0248062016
1 0.7503875969 0.9744186047 0.0775193798 0.0511627907
1 0.8945736434 0.9821705426 0.1271317829 0.0356589147
