1 0.5063063063 0.0324324324 0.1081081081 0.0648648649
1 0.6198198198 0.0324324324 0.1153153153 0.0648648649
1 0.7882882883 0.0279279279 0.2072072072 0.0558558559
1 0.9630630631 0.0369369369 0.0738738739 0.0738738739
1 0.0819819820 0.0468468468 0.1639639640 0.0936936937
1 0.2648648649 0.0657657658 0.1081081081 0.1315315315
1 0.3756756757 0.0648648649 0.1207207207 0.1297297297
1 0.5072072072 0.1243243243 0.1063063063 0.1189189189
1 0.6252252252 0.1207207207 0.1189189189 0.1189189189
1 0.7774774775 0.1000000000 0.1855855856 0.0882882883
1 0.9513513514 0.1234234234 0.0972972973 0.0846846847
1 0.0846846847 0.1558558559 0.1693693694 0.1207207207
1 0.2666666667 0.2036036036 0.1117117117 0.1405405405
1 0.3846846847 0.2036036036 0.1063063063 0.1405405405
1 0.5126126126 0.2432432432 0.1207207207 0.1225225225
1 0.6324324324 0.2396396396 0.1261261261 0.1189189189
1 0.7837837838 0.1927927928 0.1801801802 0.0864864865
1 0.9540540541 0.2072072072 0.0918918919 0.0828828829
1 0.0891891892 0.2774774775 0.1783783784 0.1261261261
1 0.2702702703 0.3468468468 0.1153153153 0.1495495495
1 0.3927927928 0.3468468468 0.1189189189 0.1531531532
1 0.5180180180 0.3585585586 0.1135135135 0.1225225225
1 0.6369369369 0.3585585586 0.1171171171 0.1261261261
1 0.7882882883 0.3675675676 0.1819819820 0.0900900901
1 0.7918918919 0.2765765766 0.1855855856 0.0882882883
1 0.9441441441 0.3261261261 0.1117117117 0.1585585586
5 0.3072072072 0.4855855856 0.1963963964 0.0882882883
5 0.0720720721 0.5612612613 0.1441441441 0.1459459459
5 0.3018018018 0.5657657658 0.1891891892 0.0828828829
6 0.6009009009 0.5171171171 0.2576576577 0.1261261261
6 0.8873873874 0.6054054054 0.2252252252 0.1981981982
5 0.0711711712 0.7018018018 0.1423423423 0.1279279279
5 0.2963963964 0.7270270270 0.1855855856 0.0666666667
5 0.3081081081 0.6513513514 0.1981981982 0.0882882883
6 0.5936936937 0.6387387387 0.2504504505 0.1243243243
5 0.0702702703 0.8171171171 0.1405405405 0.1135135135
5 0.2396396396 0.8333333333 0.0684684685 0.1423423423
5 0.3045045045 0.8351351351 0.0648648649 0.1423423423
5 0.3711711712 0.8333333333 0.0684684685 0.1315315315
6 0.6090090090 0.8081081081 0.2486486486 0.1711711712
5 0.0684684685 0.9243243243 0.1369369369 0.1081081081
6 0.5918918919 0.9378378378 0.2648648649 0.1243243243
5 0.0648648649 0.9927927928 0.1297297297 0.0144144144
5 0.2405405405 0.9513513514 0.0630630631 0.0972972973
5 0.3747747748 0.9558558559 0.0576576577 0.0882882883
5 0.3072072072 0.9540540541 0.0702702703 0.0918918919
