1 0.3919558360 0.0378548896 0.0899053628 0.0757097792
1 0.4992113565 0.0362776025 0.1151419558 0.0725552050
1 0.6127760252 0.0299684543 0.1182965300 0.0599369085
1 0.7350157729 0.0307570978 0.1230283912 0.0615141956
1 0.8643533123 0.0205047319 0.1324921136 0.0410094637
1 0.8675078864 0.0930599369 0.1293375394 0.1041009464
1 0.9660883281 0.0906940063 0.0678233438 0.1214511041
1 0.9668769716 0.0157728707 0.0662460568 0.0315457413
1 0.3880126183 0.1238170347 0.0946372240 0.0930599369
1 0.5047318612 0.1198738170 0.1135646688 0.0946372240
1 0.6167192429 0.1096214511 0.1167192429 0.0993690852
1 0.7405362776 0.1167192429 0.1246056782 0.1167192429
1 0.2523659306 0.2815457413 0.0725552050 0.0899053628
1 0.3493690852 0.2815457413 0.0867507886 0.0993690852
1 0.4550473186 0.2720820189 0.1025236593 0.1056782334
1 0.5623028391 0.3635646688 0.0993690852 0.1025236593
1 0.5583596215 0.2626182965 0.0946372240 0.1056782334
1 0.6648264984 0.3596214511 0.1088328076 0.1009463722
1 0.6671924290 0.2555205047 0.1072555205 0.1104100946
1 0.7744479495 0.3533123028 0.1167192429 0.1041009464
1 0.7776025237 0.2507886435 0.1041009464 0.1104100946
1 0.8951104101 0.3517350158 0.1214511041 0.1104100946
1 0.8919558360 0.2429022082 0.1182965300 0.1104100946
1 0.9771293375 0.3477917981 0.0457413249 0.1119873817
1 0.9771293375 0.2365930599 0.0457413249 0.1167192429
1 0.2563091483 0.3777602524 0.0867507886 0.0962145110
1 0.3588328076 0.3769716088 0.0899053628 0.0914826498
1 0.4582018927 0.3714511041 0.0993690852 0.0993690852
1 0.1624605678 0.5086750789 0.0946372240 0.0930599369
1 0.1593059937 0.6056782334 0.0946372240 0.0977917981
1 0.2531545741 0.5055205047 0.1025236593 0.0962145110
1 0.2555205047 0.6017350158 0.1041009464 0.0993690852
1 0.3627760252 0.5039432177 0.1041009464 0.0962145110
1 0.3580441640 0.6033123028 0.0977917981 0.0993690852
1 0.4621451104 0.5031545741 0.0977917981 0.0977917981
1 0.4637223975 0.6064668770 0.1041009464 0.1025236593
1 0.5709779180 0.4992113565 0.1041009464 0.1025236593
1 0.5678233438 0.6017350158 0.1072555205 0.1056782334
1 0.6837539432 0.4992113565 0.1088328076 0.1056782334
1 0.6782334385 0.6072555205 0.1072555205 0.1135646688
1 0.7902208202 0.6096214511 0.1104100946 0.1151419558
1 0.7925867508 0.5007886435 0.1088328076 0.1056782334
1 0.9100946372 0.6151419558 0.1135646688 0.1104100946
1 0.9053627760 0.5031545741 0.1167192429 0.1135646688
1 0.9834384858 0.5031545741 0.0331230284 0.1135646688
1 0.9834384858 0.6190851735 0.0331230284 0.1151419558
3 0.9779179811 0.7476340694 0.0441640379 0.0725552050
1 0.1955835962 0.8028391167 0.1577287066 0.2208201893
8 0.3446372240 0.8162460568 0.1277602524 0.2444794953
8 0.4897476341 0.8044164038 0.1435331230 0.2176656151
1 0.6813880126 0.7973186120 0.0851735016 0.1908517350
1 0.6025236593 0.7925867508 0.0788643533 0.1876971609
1 0.7602523659 0.8004731861 0.0851735016 0.1971608833
1 0.8470031546 0.8028391167 0.0914826498 0.1987381703
3 0.9810725552 0.8217665615 0.0378548896 0.0788643533
3 0.9250788644 0.7815457413 0.0772870662 0.1466876972
