1 0.5000000000 0.1780045351 0.0612244898 0.0725623583
3 0.5958049887 0.1405895692 0.0396825397 0.0453514739
3 0.5946712018 0.1768707483 0.0419501134 0.0453514739
1 0.6865079365 0.1763038549 0.0555555556 0.0600907029
3 0.6366213152 0.1332199546 0.0396825397 0.0464852608
3 0.6349206349 0.1678004535 0.0408163265 0.0453514739
1 0.1394557823 0.2216553288 0.1020408163 0.0827664399
1 0.3021541950 0.2318594104 0.0578231293 0.0691609977
1 0.3764172336 0.2505668934 0.0544217687 0.0680272109
1 0.4829931973 0.2426303855 0.1428571429 0.0589569161
1 0.4438775510 0.1836734694 0.0532879819 0.0748299320
3 0.6173469388 0.2120181406 0.0827664399 0.0544217687
3 0.6224489796 0.2500000000 0.0929705215 0.0555555556
1 0.6921768707 0.2335600907 0.0510204082 0.0589569161
1 0.7437641723 0.2233560091 0.0476190476 0.0657596372
1 0.8293650794 0.2012471655 0.1439909297 0.1258503401
8 0.0221088435 0.2755102041 0.0442176871 0.0793650794
1 0.1224489796 0.3214285714 0.0907029478 0.0782312925
1 0.1371882086 0.2760770975 0.1201814059 0.0714285714
1 0.2970521542 0.3015873016 0.0612244898 0.0770975057
1 0.3764172336 0.3231292517 0.0589569161 0.0680272109
1 0.5051020408 0.3004535147 0.0736961451 0.0634920635
1 0.4450113379 0.3049886621 0.0623582766 0.0657596372
1 0.6337868481 0.2908163265 0.1269841270 0.0600907029
1 0.8367346939 0.3174603175 0.1473922902 0.1315192744
1 0.1218820862 0.3769841270 0.1213151927 0.0714285714
1 0.2959183673 0.3815192744 0.0657596372 0.0759637188
1 0.3786848073 0.3866213152 0.0680272109 0.0634920635
1 0.5107709751 0.3628117914 0.0691609977 0.0702947846
1 0.4472789116 0.3701814059 0.0668934240 0.0714285714
1 0.6422902494 0.3917233560 0.1326530612 0.0600907029
1 0.6360544218 0.3424036281 0.1269841270 0.0566893424
1 0.9557823129 0.3730158730 0.0884353741 0.1065759637
1 0.1054421769 0.4421768707 0.1043083900 0.0839002268
1 0.3129251701 0.4467120181 0.1156462585 0.0748299320
1 0.4450113379 0.4365079365 0.0668934240 0.0702947846
1 0.5124716553 0.4353741497 0.0702947846 0.0725623583
1 0.6417233560 0.4399092971 0.1315192744 0.0612244898
1 0.7448979592 0.4540816327 0.0566893424 0.1190476190
1 0.8622448980 0.4433106576 0.1575963719 0.1428571429
3 0.9608843537 0.4659863946 0.0782312925 0.1496598639
2 0.0243764172 0.5328798186 0.0487528345 0.0975056689
1 0.0929705215 0.5209750567 0.1020408163 0.0941043084
1 0.3123582766 0.5141723356 0.1167800454 0.0873015873
1 0.5170068027 0.5124716553 0.0839002268 0.0793650794
1 0.4444444444 0.5096371882 0.0680272109 0.0714285714
1 0.6462585034 0.4948979592 0.1337868481 0.0646258503
