6 0.0169491525 0.1084745763 0.0338983051 0.0723163842
1 0.8819209040 0.1112994350 0.0463276836 0.0305084746
1 0.9491525424 0.0903954802 0.0564971751 0.0587570621
1 0.9881355932 0.0903954802 0.0237288136 0.0564971751
7 0.0621468927 0.1977401130 0.0338983051 0.0338983051
7 0.0615819209 0.1553672316 0.0350282486 0.0508474576
7 0.0322033898 0.1960451977 0.0305084746 0.0372881356
7 0.0937853107 0.1983050847 0.0338983051 0.0350282486
7 0.0937853107 0.1610169492 0.0338983051 0.0395480226
7 0.1418079096 0.1666666667 0.0644067797 0.0372881356
7 0.1418079096 0.2000000000 0.0644067797 0.0361581921
7 0.2045197740 0.2011299435 0.0632768362 0.0384180791
7 0.2050847458 0.1677966102 0.0644067797 0.0350282486
7 0.2672316384 0.2028248588 0.0621468927 0.0372881356
7 0.2677966102 0.1689265537 0.0632768362 0.0350282486
4 0.3881355932 0.1581920904 0.0553672316 0.1288135593
7 0.3299435028 0.1711864407 0.0632768362 0.0372881356
7 0.3299435028 0.2050847458 0.0632768362 0.0372881356
4 0.4440677966 0.1570621469 0.0542372881 0.1265536723
4 0.4983050847 0.1598870056 0.0542372881 0.1254237288
1 0.5418079096 0.1604519774 0.0372881356 0.0610169492
1 0.6531073446 0.1514124294 0.0497175141 0.0836158192
1 0.5881355932 0.1621468927 0.0485875706 0.0598870056
1 0.7497175141 0.1536723164 0.0508474576 0.0790960452
1 0.7016949153 0.1525423729 0.0497175141 0.0813559322
1 0.8887005650 0.1593220339 0.0531073446 0.0700564972
1 0.9903954802 0.2033898305 0.0192090395 0.0542372881
1 0.9553672316 0.1480225989 0.0553672316 0.0587570621
1 0.9909604520 0.1474576271 0.0180790960 0.0576271186
7 0.0033898305 0.3293785311 0.0067796610 0.0350282486
7 0.0254237288 0.3288135593 0.0372881356 0.0361581921
7 0.0830508475 0.3355932203 0.0734463277 0.0384180791
7 0.1559322034 0.3372881356 0.0745762712 0.0372881356
1 0.5785310734 0.3118644068 0.0677966102 0.0542372881
1 0.6451977401 0.3118644068 0.0632768362 0.0564971751
1 0.7124293785 0.3141242938 0.0711864407 0.0610169492
1 0.8440677966 0.3276836158 0.0542372881 0.0768361582
1 0.8966101695 0.3293785311 0.0531073446 0.0779661017
1 0.9847457627 0.3333333333 0.0305084746 0.0700564972
1 0.9468926554 0.3288135593 0.0542372881 0.0790960452
7 0.1553672316 0.3740112994 0.0734463277 0.0384180791
7 0.0836158192 0.3728813559 0.0723163842 0.0384180791
7 0.3000000000 0.3768361582 0.0711864407 0.0372881356
7 0.2316384181 0.3384180791 0.0768361582 0.0440677966
7 0.3005649718 0.3401129944 0.0700564972 0.0406779661
7 0.2259887006 0.3734463277 0.0745762712 0.0440677966
7 0.3717514124 0.3774011299 0.0700564972 0.0361581921
7 0.3711864407 0.3412429379 0.0689265537 0.0384180791
4 0.4288135593 0.3418079096 0.0463276836 0.1073446328
4 0.5197740113 0.3406779661 0.0519774011 0.1073446328
4 0.4734463277 0.3418079096 0.0474576271 0.1073446328
1 0.6372881356 0.3683615819 0.0677966102 0.0587570621
1 0.5711864407 0.3683615819 0.0666666667 0.0610169492
1 0.7101694915 0.3700564972 0.0711864407 0.0553672316
1 0.7847457627 0.3655367232 0.0689265537 0.0598870056
7 0.0214689266 0.4971751412 0.0429378531 0.0384180791
7 0.0796610169 0.5016949153 0.0779661017 0.0451977401
7 0.1644067797 0.5050847458 0.0847457627 0.0474576271
7 0.0841807910 0.4666666667 0.0824858757 0.0361581921
7 0.1649717514 0.4666666667 0.0836158192 0.0338983051
7 0.2463276836 0.4700564972 0.0836158192 0.0384180791
7 0.2480225989 0.5062146893 0.0915254237 0.0429378531
7 0.3384180791 0.5101694915 0.0960451977 0.0440677966
7 0.3316384181 0.4700564972 0.0870056497 0.0384180791
4 0.3943502825 0.4954802260 0.0451977401 0.0802259887
4 0.4372881356 0.4971751412 0.0406779661 0.0813559322
4 0.4807909605 0.4960451977 0.0440677966 0.0836158192
1 0.7785310734 0.5248587571 0.0610169492 0.0282485876
1 0.7875706215 0.4768361582 0.0723163842 0.0587570621
1 0.7163841808 0.4785310734 0.0542372881 0.0598870056
1 0.7180790960 0.5242937853 0.0485875706 0.0316384181
1 0.8700564972 0.4858757062 0.0790960452 0.0610169492
1 0.9519774011 0.4864406780 0.0847457627 0.0621468927
7 0.0785310734 0.5412429379 0.0734463277 0.0474576271
7 0.2440677966 0.5429378531 0.0926553672 0.0418079096
7 0.3310734463 0.5440677966 0.0881355932 0.0418079096
1 0.5350282486 0.5344632768 0.0734463277 0.0610169492
1 0.8711864407 0.5435028249 0.0768361582 0.0564971751
1 0.9491525424 0.5429378531 0.0813559322 0.0598870056
7 0.0338983051 0.7000000000 0.0677966102 0.0350282486
7 0.0310734463 0.6632768362 0.0621468927 0.0384180791
7 0.1011299435 0.6615819209 0.0734463277 0.0463276836
7 0.1802259887 0.7028248588 0.0847457627 0.0406779661
7 0.1819209040 0.6683615819 0.0881355932 0.0418079096
7 0.2548022599 0.7022598870 0.0757062147 0.0440677966
7 0.3429378531 0.6689265537 0.0960451977 0.0429378531
7 0.3446327684 0.7062146893 0.0926553672 0.0338983051
4 0.4124293785 0.7062146893 0.0497175141 0.1084745763
4 0.4581920904 0.7045197740 0.0440677966 0.1141242938
4 0.5000000000 0.7028248588 0.0418079096 0.1084745763
1 0.6401129944 0.6666666667 0.0779661017 0.0564971751
1 0.5598870056 0.6672316384 0.0779661017 0.0598870056
1 0.7242937853 0.7237288136 0.0384180791 0.0305084746
1 0.7745762712 0.7237288136 0.0644067797 0.0327683616
1 0.7112994350 0.6796610169 0.0598870056 0.0598870056
1 0.7751412429 0.6796610169 0.0632768362 0.0531073446
1 0.9039548023 0.6774011299 0.0700564972 0.0644067797
1 0.8355932203 0.6751412429 0.0644067797 0.0644067797
1 0.8276836158 0.7220338983 0.0418079096 0.0406779661
1 0.9519774011 0.6717514124 0.0372881356 0.0598870056
1 0.9954802260 0.6774011299 0.0090395480 0.0576271186
1 0.9621468927 0.7225988701 0.0598870056 0.0418079096
7 0.0333333333 0.7361581921 0.0666666667 0.0372881356
7 0.1016949153 0.7310734463 0.0745762712 0.0474576271
7 0.1768361582 0.7355932203 0.0824858757 0.0406779661
7 0.2531073446 0.7372881356 0.0790960452 0.0418079096
7 0.3457627119 0.7406779661 0.0836158192 0.0440677966
1 0.6372881356 0.7322033898 0.0790960452 0.0587570621
1 0.5564971751 0.7276836158 0.0734463277 0.0610169492
4 0.0536723164 0.9118644068 0.0983050847 0.1084745763
4 0.1525423729 0.9135593220 0.1016949153 0.1073446328
4 0.2559322034 0.9011299435 0.1005649718 0.1050847458
4 0.3536723164 0.9146892655 0.1016949153 0.1073446328
1 0.5079096045 0.9011299435 0.0644067797 0.0892655367
1 0.4525423729 0.9045197740 0.0553672316 0.0824858757
1 0.5666666667 0.9005649718 0.0666666667 0.0881355932
1 0.6338983051 0.8847457627 0.0677966102 0.0564971751
1 0.7638418079 0.8870056497 0.0655367232 0.0587570621
1 0.7000000000 0.8875706215 0.0689265537 0.0576271186
1 0.8322033898 0.9186440678 0.0734463277 0.1152542373
1 0.9118644068 0.9163841808 0.1062146893 0.1062146893
1 0.6305084746 0.9423728814 0.0655367232 0.0610169492
1 0.7615819209 0.9468926554 0.0677966102 0.0587570621
1 0.6954802260 0.9423728814 0.0689265537 0.0587570621
1 0.9954802260 0.9242937853 0.0090395480 0.1129943503
1 0.9576271186 0.2022598870 0.0485875706 0.0497175141
