1 0.1951871658 0.0294117647 0.0588235294 0.0588235294
1 0.5120320856 0.0153743316 0.1310160428 0.0307486631
1 0.2627005348 0.0347593583 0.0681818182 0.0695187166
1 0.3957219251 0.0447860963 0.0641711230 0.0895721925
1 0.3322192513 0.0360962567 0.0655080214 0.0721925134
1 0.4572192513 0.0528074866 0.0668449198 0.1056149733
1 0.5213903743 0.0588235294 0.0534759358 0.0802139037
7 0.6196524064 0.0548128342 0.1804812834 0.0882352941
1 0.7165775401 0.1042780749 0.1203208556 0.0641711230
2 0.9438502674 0.1136363636 0.1122994652 0.1096256684
2 0.7185828877 0.1637700535 0.1403743316 0.0788770053
1 0.7894385027 0.1189839572 0.1136363636 0.0561497326
7 0.8135026738 0.1938502674 0.0628342246 0.0641711230
0 0.9679144385 0.1898395722 0.0641711230 0.0855614973
1 0.1998663102 0.2506684492 0.0762032086 0.1617647059
1 0.2713903743 0.2586898396 0.0721925134 0.1617647059
1 0.3709893048 0.2693850267 0.1216577540 0.1697860963
1 0.4946524064 0.2794117647 0.1149732620 0.1631016043
0 0.6450534759 0.2720588235 0.0655080214 0.0868983957
0 0.7105614973 0.3101604278 0.0735294118 0.1363636364
0 0.7733957219 0.3262032086 0.0681818182 0.1363636364
0 0.8937165775 0.3008021390 0.0574866310 0.0614973262
0 0.8362299465 0.3228609626 0.0574866310 0.1163101604
0 0.9024064171 0.2393048128 0.0508021390 0.0481283422
0 0.9451871658 0.3101604278 0.0561497326 0.0561497326
1 0.2413101604 0.4117647059 0.1243315508 0.1363636364
1 0.3656417112 0.4177807487 0.1243315508 0.1323529412
1 0.4832887701 0.4318181818 0.1136363636 0.1256684492
1 0.5855614973 0.4344919786 0.1069518717 0.1203208556
1 0.6918449198 0.4438502674 0.0975935829 0.1176470588
6 0.7754010695 0.4344919786 0.0695187166 0.0775401070
0 0.8883689840 0.3609625668 0.0601604278 0.0641711230
0 0.9431818182 0.3643048128 0.0628342246 0.0681818182
4 0.8241978610 0.4652406417 0.0387700535 0.1122994652
6 0.7733957219 0.5080213904 0.0735294118 0.0775401070
4 0.8562834225 0.4699197861 0.0387700535 0.1109625668
4 0.8950534759 0.4732620321 0.0441176471 0.1203208556
4 0.9291443850 0.4906417112 0.0481283422 0.1417112299
1 0.2085561497 0.6116310160 0.0641711230 0.1350267380
1 0.2713903743 0.6136363636 0.0641711230 0.1310160428
1 0.3836898396 0.6136363636 0.0534759358 0.1229946524
1 0.3328877005 0.6136363636 0.0561497326 0.1310160428
1 0.4338235294 0.6143048128 0.0521390374 0.1216577540
1 0.4846256684 0.6149732620 0.0467914439 0.1203208556
7 0.5360962567 0.6156417112 0.0508021390 0.1296791444
7 0.6069518717 0.6029411765 0.0989304813 0.0935828877
0 0.7012032086 0.6143048128 0.0922459893 0.1136363636
7 0.8175133690 0.6102941176 0.0254010695 0.0868983957
4 0.7760695187 0.6250000000 0.0628342246 0.1323529412
7 0.8937165775 0.6042780749 0.0227272727 0.0695187166
7 0.8696524064 0.6082887701 0.0307486631 0.0802139037
7 0.8422459893 0.6096256684 0.0294117647 0.0828877005
7 0.9177807487 0.6570855615 0.0307486631 0.0360962567
7 0.9451871658 0.6036096257 0.0267379679 0.0601604278
7 0.9231283422 0.5895721925 0.0334224599 0.0347593583
1 0.2225935829 0.7807486631 0.0842245989 0.0721925134
1 0.3188502674 0.7774064171 0.0762032086 0.0735294118
1 0.4004010695 0.7720588235 0.0762032086 0.0708556150
0 0.6544117647 0.7914438503 0.0601604278 0.1283422460
0 0.6049465241 0.7887700535 0.0548128342 0.1176470588
0 0.7286096257 0.7901069519 0.0855614973 0.1256684492
0 0.8008021390 0.7847593583 0.0614973262 0.1149732620
7 0.8549465241 0.6858288770 0.0521390374 0.0401069519
7 0.8589572193 0.7807486631 0.0681818182 0.1042780749
7 0.9291443850 0.7794117647 0.0775401070 0.1042780749
1 0.2185828877 0.8489304813 0.0895721925 0.0641711230
1 0.3128342246 0.9024064171 0.0962566845 0.0721925134
1 0.3108288770 0.8368983957 0.0895721925 0.0641711230
1 0.3963903743 0.8395721925 0.0708556150 0.0641711230
1 0.4050802139 0.8930481283 0.0802139037 0.0588235294
1 0.5401069519 0.8014705882 0.0748663102 0.1377005348
0 0.5995989305 0.8656417112 0.0467914439 0.0387700535
0 0.7312834225 0.8703208556 0.0775401070 0.0374331551
0 0.7981283422 0.8616310160 0.0534759358 0.0441176471
7 0.8582887701 0.8482620321 0.0695187166 0.0307486631
7 0.9311497326 0.8522727273 0.0762032086 0.0441176471
1 0.2078877005 0.9826203209 0.0681818182 0.0347593583
1 0.2259358289 0.9184491979 0.0828877005 0.0802139037
1 0.2840909091 0.9739304813 0.0788770053 0.0521390374
1 0.3689839572 0.9692513369 0.0614973262 0.0614973262
1 0.4385026738 0.9639037433 0.0855614973 0.0721925134
1 0.5233957219 0.9625668449 0.0895721925 0.0748663102
1 0.5962566845 0.9465240642 0.0614973262 0.0614973262
1 0.6737967914 0.9532085561 0.0828877005 0.0935828877
6 0.8195187166 0.9832887701 0.0721925134 0.0334224599
1 0.7493315508 0.9532085561 0.0735294118 0.0935828877
6 0.8161764706 0.9311497326 0.0628342246 0.0681818182
5 0.8763368984 0.9231283422 0.0467914439 0.0655080214
5 0.8796791444 0.9779411765 0.0534759358 0.0441176471
5 0.9224598930 0.9438502674 0.0374331551 0.1016042781
5 0.9665775401 0.9391711230 0.0401069519 0.1002673797
