1 0.0293132328 0.0092127303 0.0586264657 0.0184254606
1 0.1013400335 0.0058626466 0.1055276382 0.0117252931
1 0.2445561139 0.0904522613 0.1239530988 0.1306532663
1 0.3626465662 0.0753768844 0.1122278057 0.1373534338
1 0.4723618090 0.0644891122 0.1105527638 0.1289782245
1 0.5778894472 0.0611390285 0.1139028476 0.1222780570
1 0.0896147404 0.1792294807 0.1792294807 0.2814070352
1 0.2428810720 0.2261306533 0.1306532663 0.1407035176
1 0.3609715243 0.1976549414 0.1155778894 0.1273031826
1 0.4698492462 0.1775544389 0.1021775544 0.1206030151
1 0.5745393635 0.1683417085 0.1206030151 0.1222780570
1 0.6817420436 0.1499162479 0.0971524288 0.1189279732
7 0.7018425461 0.2772194305 0.0201005025 0.0686767169
7 0.7914572864 0.2772194305 0.0452261307 0.0988274707
1 0.3467336683 0.4187604690 0.1340033501 0.2881072027
1 0.4589614740 0.3819095477 0.1172529313 0.2847571189
1 0.5552763819 0.3601340034 0.0720268007 0.2479061977
1 0.6155778894 0.3366834171 0.0720268007 0.2311557789
7 0.7077051926 0.3651591290 0.0318257956 0.1072026801
7 0.7470686767 0.3132328308 0.0636515913 0.0502512563
1 0.0737018425 0.5100502513 0.1474036851 0.3567839196
1 0.2160804020 0.4698492462 0.1507537688 0.3266331658
4 0.8458961474 0.5653266332 0.0502512563 0.1758793970
4 0.6097152429 0.6582914573 0.0703517588 0.2445561139
4 0.5259631491 0.7093802345 0.1206030151 0.2529313233
4 0.6758793970 0.6340033501 0.0485762144 0.1926298157
4 0.7973199330 0.5845896147 0.0569514238 0.1809045226
4 0.7336683417 0.6130653266 0.0770519263 0.1809045226
1 0.2211055276 0.8400335008 0.1172529313 0.3199329983
1 0.3877721943 0.7512562814 0.1758793970 0.3232830821
1 0.0954773869 0.8785594640 0.0971524288 0.2428810720
1 0.6775544389 0.0477386935 0.0820770519 0.0954773869
1 0.7688442211 0.0427135678 0.0670016750 0.0854271357
1 0.8375209380 0.0351758794 0.0703517588 0.0703517588
1 0.8341708543 0.1180904523 0.0636515913 0.0988274707
1 0.7621440536 0.1298157454 0.0670016750 0.0988274707
8 0.3149078727 0.9631490787 0.2010050251 0.0737018425
8 0.1767169179 0.9949748744 0.1557788945 0.0100502513
