7 0.0714856230 0.0263578275 0.1429712460 0.0527156550
4 0.3654153355 0.0135782748 0.2020766773 0.0271565495
4 0.7356230032 0.0251597444 0.2476038339 0.0503194888
7 0.0686900958 0.0946485623 0.1373801917 0.0950479233
4 0.3702076677 0.0591054313 0.1940894569 0.0862619808
4 0.7340255591 0.0970447284 0.2412140575 0.1062300319
7 0.0678913738 0.2731629393 0.1357827476 0.0958466454
7 0.0670926518 0.1817092652 0.1341853035 0.0918530351
4 0.3558306709 0.2619808307 0.1892971246 0.1006389776
4 0.3654153355 0.1593450479 0.2084664537 0.1158146965
4 0.7344249201 0.1908945687 0.2436102236 0.1006389776
7 0.0686900958 0.3642172524 0.1373801917 0.0942492013
6 0.3618210863 0.3566293930 0.2044728435 0.1014376997
0 0.0219648562 0.4728434505 0.0439297125 0.1389776358
0 0.0950479233 0.4772364217 0.1214057508 0.1397763578
6 0.3602236422 0.4556709265 0.2044728435 0.1030351438
6 0.3574281150 0.5571086262 0.2068690096 0.0982428115
5 0.7380191693 0.4329073482 0.2492012780 0.1421725240
0 0.0139776358 0.6090255591 0.0279552716 0.1477635783
0 0.0774760383 0.6150159744 0.1150159744 0.1453674121
0 0.3134984026 0.6785143770 0.1110223642 0.1509584665
0 0.7919329073 0.5738817891 0.1701277955 0.1669329073
0 0.0738817891 0.7559904153 0.1477635783 0.1621405751
0 0.3063099042 0.8370607029 0.1078274760 0.1709265176
0 0.7488019169 0.7216453674 0.2579872204 0.1653354633
0 0.0734824281 0.9069488818 0.1469648562 0.1653354633
0 0.7488019169 0.8622204473 0.2468051118 0.1749201278
0 0.0706869010 0.9832268371 0.1413738019 0.0335463259
0 0.3031150160 0.9608626198 0.1142172524 0.0782747604
0 0.4169329073 0.9824281150 0.1118210863 0.0351437700
0 0.7595846645 0.9572683706 0.2811501597 0.0854632588
