1 0.7495755518 0.0348047538 0.1069609508 0.0696095076
1 0.8599320883 0.0322580645 0.1171477080 0.0645161290
1 0.9575551783 0.0297113752 0.0848896435 0.0594227504
1 0.4202037351 0.0407470289 0.0933786078 0.0814940577
1 0.5305602716 0.0390492360 0.0967741935 0.0780984720
1 0.6375212224 0.0382003396 0.1069609508 0.0764006791
1 0.3191850594 0.1706281834 0.1018675722 0.1001697793
1 0.3157894737 0.2750424448 0.1018675722 0.1052631579
1 0.4168081494 0.1672325976 0.1103565365 0.1035653650
1 0.4193548387 0.2707979626 0.1120543294 0.1069609508
1 0.5348047538 0.1655348048 0.1120543294 0.1035653650
1 0.5297113752 0.2724957555 0.1052631579 0.1069609508
1 0.6417657046 0.1646859083 0.1052631579 0.1052631579
1 0.6434634975 0.2758913413 0.1120543294 0.1103565365
1 0.7589134126 0.1604414261 0.1120543294 0.1103565365
1 0.7555178268 0.2707979626 0.1154499151 0.1137521222
1 0.8803056027 0.1604414261 0.1171477080 0.1137521222
1 0.8743633277 0.2767402377 0.1154499151 0.1222410866
1 0.9677419355 0.2792869270 0.0645161290 0.1239388795
1 0.9694397284 0.1621392190 0.0611205433 0.1137521222
1 0.3548387097 0.4872665535 0.1697792869 0.2376910017
8 0.5152801358 0.5016977929 0.1375212224 0.2631578947
8 0.6714770798 0.4889643463 0.1544991511 0.2342954160
1 0.8777589134 0.4813242784 0.0916808149 0.2054329372
1 0.7928692699 0.4762308998 0.0848896435 0.2020373514
1 0.9584040747 0.4847198642 0.0831918506 0.2122241087
1 0.3522920204 0.8022071307 0.1850594228 0.2122241087
1 0.5365025467 0.8217317487 0.1935483871 0.2241086587
1 0.7342954160 0.8421052632 0.2054329372 0.2308998302
1 0.9168081494 0.8607809847 0.1663837012 0.2376910017
1 0.3531409168 0.9499151104 0.1901528014 0.1001697793
1 0.5407470289 0.9558573854 0.1918505942 0.0882852292
1 0.7342954160 0.9702886248 0.2054329372 0.0594227504
1 0.9193548387 0.9745331070 0.1612903226 0.0509337861
