1 0.1262135922 0.0669902913 0.1203883495 0.1262135922
1 0.2330097087 0.0708737864 0.1009708738 0.1184466019
1 0.4271844660 0.0689320388 0.2563106796 0.1067961165
8 0.8524271845 0.1631067961 0.1242718447 0.1902912621
8 0.7339805825 0.1446601942 0.1242718447 0.1883495146
1 0.1203883495 0.1854368932 0.1087378641 0.1184466019
1 0.2281553398 0.1864077670 0.1106796117 0.1126213592
1 0.4679611650 0.2776699029 0.1864077670 0.1203883495
1 0.4679611650 0.1718446602 0.1864077670 0.1184466019
1 0.1203883495 0.3106796117 0.1087378641 0.1320388350
1 0.2271844660 0.3135922330 0.1087378641 0.1339805825
1 0.4669902913 0.3951456311 0.1922330097 0.1262135922
2 0.7776699029 0.3174757282 0.2815533981 0.1572815534
1 0.2252427184 0.4553398058 0.1165048544 0.1456310680
1 0.1126213592 0.4427184466 0.1126213592 0.1436893204
1 0.4689320388 0.5242718447 0.1922330097 0.1281553398
2 0.8223300971 0.5019417476 0.2000000000 0.2155339806
1 0.2262135922 0.5941747573 0.1145631068 0.1359223301
1 0.1048543689 0.5834951456 0.1165048544 0.1262135922
3 0.5009708738 0.6194174757 0.1398058252 0.0737864078
3 0.4019417476 0.6320388350 0.0660194175 0.0796116505
2 0.6048543689 0.6660194175 0.0718446602 0.1203883495
2 0.8223300971 0.6660194175 0.2000000000 0.1203883495
3 0.2466019417 0.6961165049 0.0699029126 0.0757281553
3 0.5077669903 0.6893203883 0.1262135922 0.0699029126
