5 0.0500538213 0.1345532831 0.1001076426 0.1141011841
5 0.1560818084 0.0538213132 0.1227125942 0.1076426265
6 0.2669537137 0.0699677072 0.0904198062 0.0990312164
6 0.3562970936 0.0796555436 0.0904198062 0.0968783638
5 0.1539289559 0.1426264801 0.1270182992 0.1087190527
6 0.2696447793 0.1593110872 0.0893433800 0.0947255113
6 0.3579117330 0.1689989236 0.0893433800 0.0968783638
6 0.4451022605 0.1733046286 0.0850376749 0.1097954790
1 0.5279870829 0.1883745963 0.0828848224 0.0968783638
1 0.6044133477 0.1996770721 0.0742734123 0.0893433800
1 0.6803013994 0.2115177610 0.0818083961 0.0893433800
5 0.2249730893 0.2863293864 0.1356297094 0.1076426265
5 0.0322927879 0.3568353068 0.0645855759 0.0936490850
5 0.1130247578 0.3622174381 0.1076426265 0.0893433800
5 0.2325080732 0.3681377826 0.1227125942 0.0861141012
6 0.3336921421 0.3283100108 0.0818083961 0.1700753498
6 0.4117330463 0.3336921421 0.0807319699 0.1657696448
1 0.4967707212 0.3842841765 0.0828848224 0.0861141012
1 0.5834230355 0.3864370291 0.0775026911 0.0818083961
1 0.6576964478 0.3902045210 0.0731969860 0.0850376749
5 0.0462863294 0.5215285253 0.0925726588 0.1539289559
5 0.1350914962 0.5226049516 0.1130247578 0.1474703983
5 0.2443487621 0.5188374596 0.1248654467 0.1485468245
1 0.3611410118 0.5495156082 0.1022604952 0.0850376749
1 0.4580193757 0.5473627557 0.0936490850 0.0828848224
1 0.5446716900 0.5473627557 0.0775026911 0.0785791173
1 0.6210979548 0.5489773950 0.0731969860 0.0753498385
6 0.0091496233 0.6792249731 0.0182992465 0.0775026911
1 0.2658772874 0.6776103337 0.1097954790 0.0871905274
1 0.3692142088 0.6759956943 0.1033369214 0.0818083961
1 0.4574811625 0.6706135630 0.0839612487 0.0753498385
1 0.5414424112 0.6689989236 0.0775026911 0.0613562971
1 0.6178686760 0.6679224973 0.0731969860 0.0613562971
6 0.0123789020 0.7561894510 0.0247578041 0.0958019376
5 0.0651237890 0.7271259419 0.1087190527 0.1453175457
5 0.1598493003 0.7212055974 0.1173304629 0.1442411195
1 0.2691065662 0.7475780409 0.1076426265 0.0699677072
1 0.3675995694 0.7427341227 0.0979547901 0.0624327234
1 0.4526372443 0.7357373520 0.0828848224 0.0635091496
1 0.5371367061 0.7271259419 0.0775026911 0.0635091496
1 0.6060279871 0.7244348762 0.0688912809 0.0559741658
7 0.3100107643 0.8729817008 0.0775026911 0.0861141012
7 0.3794402583 0.8654467169 0.0678148547 0.0753498385
1 0.4477933262 0.8552206674 0.0753498385 0.0979547901
1 0.5166846071 0.8444564047 0.0667384284 0.0871905274
1 0.5871905274 0.8379978471 0.0828848224 0.0893433800
6 0.0376749193 0.9004305705 0.0753498385 0.0936490850
6 0.1350914962 0.8821313240 0.1237890205 0.1001076426
7 0.2346609257 0.8783638321 0.0796555436 0.0925726588
1 0.5844994618 0.9574811625 0.0796555436 0.0850376749
7 0.3046286329 0.9833153929 0.0538213132 0.0333692142
1 0.3724434876 0.9752421959 0.0710441335 0.0495156082
1 0.4391819160 0.9714747040 0.0667384284 0.0570505920
1 0.5107642626 0.9650161464 0.0785791173 0.0699677072
