1 0.1135563380 0.0484154930 0.2271126761 0.0968309859
1 0.3318661972 0.0625000000 0.3221830986 0.1250000000
1 0.6540492958 0.0105633803 0.2764084507 0.0211267606
1 0.8943661972 0.0184859155 0.2112676056 0.0369718310
1 0.6584507042 0.0704225352 0.2676056338 0.1161971831
1 0.8943661972 0.0818661972 0.2112676056 0.1109154930
1 0.1364436620 0.1980633803 0.2728873239 0.2411971831
1 0.3732394366 0.2130281690 0.2852112676 0.2183098592
1 0.6672535211 0.1698943662 0.2535211268 0.0968309859
1 0.8934859155 0.1751760563 0.2130281690 0.1073943662
1 0.6795774648 0.3415492958 0.2218309859 0.0598591549
1 0.6698943662 0.2834507042 0.2376760563 0.0633802817
1 0.8952464789 0.3485915493 0.2095070423 0.0633802817
1 0.8952464789 0.2940140845 0.2095070423 0.0669014085
1 0.1654929577 0.3987676056 0.2992957746 0.2024647887
1 0.3970070423 0.3996478873 0.2588028169 0.1725352113
1 0.6875000000 0.4683098592 0.2024647887 0.0598591549
1 0.6857394366 0.4040492958 0.2130281690 0.0792253521
1 0.8855633803 0.4762323944 0.1936619718 0.0651408451
1 0.8890845070 0.4146126761 0.2042253521 0.0686619718
1 0.2156690141 0.5633802817 0.2552816901 0.1514084507
1 0.4348591549 0.5598591549 0.2464788732 0.1584507042
1 0.6901408451 0.5818661972 0.1936619718 0.0651408451
1 0.6919014085 0.5167253521 0.1936619718 0.0475352113
1 0.8794014085 0.5889084507 0.1954225352 0.0616197183
1 0.8838028169 0.5334507042 0.1971830986 0.0528169014
1 0.4577464789 0.6989436620 0.2359154930 0.1514084507
1 0.2588028169 0.7077464789 0.2464788732 0.1408450704
1 0.6989436620 0.7227112676 0.1830985915 0.0264084507
1 0.7051056338 0.8010563380 0.1813380282 0.0457746479
1 0.6980633803 0.7526408451 0.1813380282 0.0545774648
1 0.8723591549 0.7966549296 0.1531690141 0.0475352113
1 0.8776408451 0.7500000000 0.1707746479 0.0457746479
1 0.8767605634 0.7183098592 0.1795774648 0.0176056338
1 0.3054577465 0.8301056338 0.2165492958 0.1144366197
1 0.4867957746 0.8389084507 0.2130281690 0.1390845070
1 0.7121478873 0.8424295775 0.1672535211 0.0440140845
1 0.7086267606 0.8846830986 0.1637323944 0.0404929577
1 0.8705985915 0.8389084507 0.1496478873 0.0440140845
1 0.8679577465 0.8908450704 0.1514084507 0.0563380282
1 0.8635563380 0.9419014085 0.1566901408 0.0598591549
