1 0.3168276973 0.0048309179 0.0442834138 0.0096618357
1 0.3570853462 0.0052334944 0.0426731079 0.0104669887
1 0.6227858293 0.0229468599 0.0764895330 0.0458937198
1 0.7342995169 0.0084541063 0.0402576490 0.0169082126
1 0.0495169082 0.0293880837 0.0217391304 0.0330112721
1 0.0837359098 0.0245571659 0.0499194847 0.0378421900
1 0.2049114332 0.0193236715 0.0555555556 0.0386473430
1 0.2037037037 0.0563607085 0.0547504026 0.0386473430
1 0.3164251208 0.0386473430 0.0434782609 0.0563607085
1 0.3574879227 0.0370370370 0.0402576490 0.0547504026
1 0.4847020934 0.0680354267 0.0289855072 0.0297906602
1 0.4512882448 0.0623993559 0.0458937198 0.0458937198
1 0.4528985507 0.0193236715 0.0458937198 0.0386473430
1 0.6247987118 0.0648148148 0.0821256039 0.0523349436
1 0.0797101449 0.1235909823 0.0563607085 0.0362318841
1 0.0785024155 0.1578099839 0.0571658615 0.0354267311
1 0.1940418680 0.1501610306 0.0434782609 0.0507246377
1 0.2306763285 0.0986312399 0.0426731079 0.0491143317
1 0.2338969404 0.1517713366 0.0394524960 0.0507246377
1 0.3442028986 0.1034621578 0.0201288245 0.0442834138
1 0.3099838969 0.0966183575 0.0418679549 0.0515297907
1 0.3111916264 0.1473429952 0.0426731079 0.0386473430
1 0.3438003221 0.1461352657 0.0225442834 0.0346215781
1 0.4859098229 0.1417069243 0.0217391304 0.0273752013
1 0.4859098229 0.1058776167 0.0233494364 0.0458937198
1 0.4545088567 0.1509661836 0.0426731079 0.0426731079
1 0.4545088567 0.1054750403 0.0378421900 0.0450885668
1 0.6026570048 0.1586151369 0.0410628019 0.0483091787
1 0.6022544283 0.1135265700 0.0418679549 0.0466988728
1 0.6417069243 0.1622383253 0.0418679549 0.0491143317
1 0.6449275362 0.1151368760 0.0418679549 0.0483091787
1 0.0780998390 0.1924315620 0.0595813205 0.0354267311
1 0.0857487923 0.2387278583 0.0426731079 0.0346215781
1 0.1924315620 0.1980676329 0.0402576490 0.0450885668
1 0.1920289855 0.2459742351 0.0378421900 0.0475040258
1 0.2326892110 0.2037037037 0.0418679549 0.0483091787
1 0.2326892110 0.2508051530 0.0434782609 0.0475040258
1 0.4456521739 0.2588566828 0.0426731079 0.0555555556
1 0.4452495974 0.2016908213 0.0402576490 0.0555555556
1 0.4887278583 0.2612721417 0.0434782609 0.0523349436
1 0.4919484702 0.2037037037 0.0418679549 0.0563607085
1 0.6006441224 0.2061191626 0.0402576490 0.0483091787
1 0.6119162641 0.2540257649 0.0628019324 0.0475040258
1 0.6417069243 0.2085346216 0.0434782609 0.0466988728
1 0.0845410628 0.2717391304 0.0434782609 0.0265700483
4 0.0841384863 0.3031400966 0.0893719807 0.0378421900
4 0.0821256039 0.3413848631 0.0901771337 0.0386473430
4 0.2137681159 0.3522544283 0.0764895330 0.0330112721
4 0.2129629630 0.2882447665 0.0764895330 0.0370370370
4 0.2137681159 0.3212560386 0.0764895330 0.0338164251
4 0.3236714976 0.3152173913 0.0595813205 0.0314009662
4 0.3244766506 0.3462157810 0.0579710145 0.0289855072
1 0.3510466989 0.2765700483 0.0434782609 0.0523349436
4 0.4710144928 0.3015297907 0.0772946860 0.0297906602
4 0.4722222222 0.3313204509 0.0813204509 0.0314009662
1 0.6147342995 0.3353462158 0.0587761675 0.0394524960
1 0.6123188406 0.2958937198 0.0636070853 0.0458937198
4 0.0829307568 0.3812399356 0.0917874396 0.0394524960
7 0.0921900161 0.4227053140 0.0265700483 0.0450885668
7 0.1163446055 0.4227053140 0.0265700483 0.0450885668
7 0.2133655395 0.3933172303 0.0273752013 0.0491143317
7 0.2391304348 0.3929146538 0.0257648953 0.0499194847
7 0.3337359098 0.4166666667 0.0314009662 0.0684380032
4 0.3232689211 0.3768115942 0.0571658615 0.0322061192
7 0.3051529791 0.4214975845 0.0273752013 0.0619967794
7 0.3578904992 0.4219001610 0.0297906602 0.0628019324
4 0.4734299517 0.3639291465 0.0772946860 0.0354267311
7 0.4734299517 0.4122383253 0.0241545894 0.0660225443
7 0.4468599034 0.4134460548 0.0305958132 0.0684380032
7 0.4979871176 0.4114331723 0.0314009662 0.0595813205
4 0.6219806763 0.4057971014 0.0764895330 0.0724637681
7 0.1135265700 0.5120772947 0.0273752013 0.0450885668
7 0.0897745572 0.5120772947 0.0249597424 0.0466988728
7 0.1147342995 0.4673913043 0.0265700483 0.0442834138
7 0.0905797101 0.4669887279 0.0249597424 0.0450885668
7 0.2125603865 0.4436392915 0.0289855072 0.0499194847
7 0.2387278583 0.4444444444 0.0265700483 0.0515297907
7 0.2363123994 0.4967793881 0.0314009662 0.0531400966
7 0.2113526570 0.4927536232 0.0314009662 0.0547504026
7 0.3309178744 0.4810789050 0.0305958132 0.0652173913
7 0.3051529791 0.4822866345 0.0273752013 0.0595813205
7 0.3570853462 0.4838969404 0.0297906602 0.0660225443
7 0.4706119163 0.4762479871 0.0314009662 0.0539452496
7 0.4955716586 0.4774557166 0.0297906602 0.0563607085
4 0.6123188406 0.4754428341 0.0748792271 0.0716586151
7 0.1115136876 0.5909822866 0.0249597424 0.0241545894
7 0.1127214171 0.5567632850 0.0257648953 0.0458937198
7 0.0849436393 0.5909822866 0.0281803543 0.0241545894
7 0.0889694042 0.5567632850 0.0265700483 0.0458937198
7 0.2093397746 0.5986312399 0.0273752013 0.0523349436
7 0.2105475040 0.5466988728 0.0265700483 0.0531400966
7 0.2367149758 0.5471014493 0.0273752013 0.0523349436
7 0.2359098229 0.5982286634 0.0273752013 0.0515297907
7 0.3301127214 0.5406602254 0.0338164251 0.0603864734
7 0.3027375201 0.5978260870 0.0257648953 0.0587761675
7 0.3027375201 0.5402576490 0.0241545894 0.0595813205
7 0.3276972625 0.6010466989 0.0322061192 0.0555555556
7 0.3558776167 0.6018518519 0.0338164251 0.0523349436
7 0.4416264090 0.5857487923 0.0330112721 0.0523349436
7 0.4710144928 0.5293880837 0.0289855072 0.0603864734
7 0.4464573269 0.5281803543 0.0297906602 0.0628019324
7 0.4943639291 0.5318035427 0.0289855072 0.0587761675
7 0.4911433172 0.5853462158 0.0338164251 0.0531400966
4 0.6211755233 0.5491143317 0.0764895330 0.0724637681
7 0.7322866345 0.5491143317 0.0378421900 0.0563607085
6 0.0475040258 0.6566022544 0.0515297907 0.0458937198
7 0.0809178744 0.6139291465 0.0362318841 0.0249597424
7 0.1111111111 0.6135265700 0.0241545894 0.0241545894
7 0.1099033816 0.6348631240 0.0265700483 0.0217391304
7 0.2045088567 0.6400966184 0.0257648953 0.0273752013
7 0.2049114332 0.6662640902 0.0249597424 0.0265700483
7 0.3244766506 0.6739130435 0.0241545894 0.0305958132
7 0.3244766506 0.6433172303 0.0273752013 0.0322061192
7 0.4690016103 0.6348631240 0.0249597424 0.0507246377
7 0.4428341385 0.6388888889 0.0273752013 0.0507246377
7 0.4947665056 0.6352657005 0.0265700483 0.0499194847
4 0.6199677939 0.6195652174 0.0772946860 0.0700483092
4 0.6183574879 0.6904186795 0.0756843800 0.0700483092
7 0.7286634461 0.6465378422 0.0209339775 0.1352657005
7 0.8236714976 0.6702898551 0.0402576490 0.1425120773
7 0.7830112721 0.6485507246 0.0523349436 0.1296296296
6 0.0575684380 0.7785829308 0.0394524960 0.0563607085
6 0.0728663446 0.7222222222 0.0990338164 0.0660225443
6 0.1867954911 0.7133655395 0.0289855072 0.0772946860
6 0.2145732689 0.7286634461 0.0297906602 0.0933977456
6 0.3232689211 0.7085346216 0.0829307568 0.0515297907
6 0.3260869565 0.7632850242 0.0772946860 0.0563607085
6 0.4436392915 0.7757648953 0.0418679549 0.0426731079
6 0.4830917874 0.7069243156 0.0402576490 0.0869565217
6 0.4456521739 0.7053140097 0.0458937198 0.0853462158
6 0.6090982287 0.7568438003 0.0394524960 0.0660225443
7 0.6368760064 0.7532206119 0.0434782609 0.0942028986
6 0.7983091787 0.7620772947 0.0748792271 0.0684380032
6 0.0905797101 0.8651368760 0.0265700483 0.0265700483
6 0.1791465378 0.8474235105 0.0394524960 0.0426731079
6 0.1811594203 0.8019323671 0.0402576490 0.0273752013
6 0.2129629630 0.8450080515 0.0281803543 0.0410628019
6 0.2149758454 0.7995169082 0.0273752013 0.0434782609
6 0.2886473430 0.8329307568 0.0281803543 0.0330112721
6 0.3333333333 0.8305152979 0.0273752013 0.0378421900
6 0.4871175523 0.8333333333 0.0418679549 0.0450885668
6 0.4472624799 0.8293075684 0.0410628019 0.0499194847
6 0.4887278583 0.7870370370 0.0434782609 0.0442834138
6 0.6252012882 0.8550724638 0.0700483092 0.0595813205
6 0.7942834138 0.8317230274 0.0748792271 0.0740740741
6 0.0543478261 0.8856682770 0.0458937198 0.0434782609
6 0.0913848631 0.8997584541 0.0281803543 0.0394524960
6 0.2041062802 0.8965378422 0.0829307568 0.0458937198
6 0.2041062802 0.9359903382 0.0813204509 0.0410628019
6 0.3268921095 0.9194847021 0.0740740741 0.0434782609
6 0.3329307568 0.8695652174 0.0281803543 0.0370370370
6 0.2870370370 0.8703703704 0.0281803543 0.0370370370
6 0.4690016103 0.8888888889 0.0716586151 0.0676328502
7 0.4533011272 0.9452495974 0.0563607085 0.0338164251
6 0.6099033816 0.9005636071 0.0571658615 0.0346215781
6 0.6099033816 0.9363929147 0.0603864734 0.0386473430
6 0.7954911433 0.9070048309 0.0756843800 0.0716586151
6 0.0495169082 0.9593397746 0.0442834138 0.0410628019
6 0.0503220612 0.9895330113 0.0458937198 0.0209339775
6 0.0857487923 0.9601449275 0.0297906602 0.0297906602
6 0.0853462158 0.9871175523 0.0289855072 0.0257648953
7 0.3450080515 0.9887278583 0.0394524960 0.0225442834
6 0.3264895330 0.9613526570 0.0732689211 0.0418679549
7 0.4533011272 0.9794685990 0.0563607085 0.0362318841
7 0.7834138486 0.9730273752 0.0595813205 0.0539452496
