5 0.0175849941 0.0082063306 0.0351699883 0.0164126612
5 0.0808909730 0.0111371630 0.1055099648 0.0222743259
5 0.1805392732 0.0193434936 0.0961313013 0.0386869871
0 0.2772567409 0.0187573271 0.1230949590 0.0375146542
0 0.3628370457 0.0263774912 0.1043376319 0.0527549824
0 0.4449003517 0.0293083236 0.1137162954 0.0586166471
1 0.5849941383 0.0046893318 0.0703399766 0.0093786635
1 0.5222743259 0.0035169988 0.0621336460 0.0070339977
1 0.6506447831 0.0123094959 0.0586166471 0.0246189918
5 0.1295427902 0.0533411489 0.1019929660 0.0668229777
1 0.5298944900 0.0404454865 0.0656506448 0.0668229777
1 0.5920281360 0.0433763189 0.0679953107 0.0703399766
1 0.6565064478 0.0574443142 0.0656506448 0.0656506448
1 0.7022274326 0.0164126612 0.0468933177 0.0328253224
1 0.7121922626 0.0627198124 0.0527549824 0.0527549824
1 0.7960140680 0.0205158265 0.0539273154 0.0410316530
1 0.8112543962 0.0685814771 0.0515826495 0.0574443142
1 0.7620164127 0.0703399766 0.0468933177 0.0515826495
1 0.7473622509 0.0199296600 0.0504103165 0.0398593200
5 0.0586166471 0.1652989449 0.0937866354 0.1828839390
5 0.0134818288 0.1594372802 0.0269636577 0.1735052755
5 0.1424384525 0.1225087925 0.1113716295 0.0855803048
6 0.2532239156 0.1125439625 0.1242672919 0.1172332943
1 0.3640093787 0.1359906213 0.1019929660 0.0844079719
1 0.4490035170 0.1447831184 0.0820633060 0.0715123095
1 0.5275498242 0.1477139508 0.0820633060 0.0797186401
1 0.6019929660 0.1553341149 0.0762016413 0.0738569754
1 0.7297772567 0.1629542790 0.0597889801 0.0703399766
1 0.6694021102 0.1565064478 0.0633059789 0.0668229777
1 0.7813599062 0.1641266120 0.0574443142 0.0609613130
1 0.8323563892 0.1658851114 0.0492379836 0.0550996483
5 0.1477139508 0.2063305979 0.0961313013 0.0961313013
6 0.2549824150 0.2057444314 0.1230949590 0.0973036342
1 0.3728018757 0.2151230950 0.1219226260 0.0855803048
1 0.4554513482 0.2233294256 0.0832356389 0.0832356389
1 0.5328253224 0.2168815944 0.0691676436 0.0797186401
1 0.6101992966 0.2262602579 0.0808909730 0.0750293083
1 0.7291910903 0.2913247362 0.0586166471 0.0480656506
1 0.6864009379 0.2245017585 0.0691676436 0.0691676436
1 0.7924970692 0.2250879250 0.0609613130 0.0586166471
1 0.7379835873 0.2239155920 0.0480656506 0.0586166471
1 0.7813599062 0.2942555686 0.0644783118 0.0539273154
1 0.8452520516 0.2860492380 0.0633059789 0.0539273154
1 0.8458382181 0.2221570926 0.0433763189 0.0621336460
7 0.0603751465 0.3100820633 0.1207502931 0.0715123095
7 0.1905041032 0.3206330598 0.1559202814 0.0457209848
0 0.4325908558 0.4003516999 0.1008206331 0.1606096131
0 0.4912075029 0.3593200469 0.0351699883 0.0621336460
0 0.5316529894 0.3716295428 0.0480656506 0.0609613130
1 0.6717467761 0.3733880422 0.0867526377 0.1301289566
1 0.7368112544 0.3440797186 0.0527549824 0.0480656506
1 0.7872215709 0.3464243845 0.0691676436 0.0504103165
1 0.8663540445 0.3892145369 0.0656506448 0.0609613130
1 0.8569753810 0.3364595545 0.0562719812 0.0468933177
7 0.0586166471 0.4366940211 0.1172332943 0.1864009379
7 0.1928487691 0.4237983587 0.1676436108 0.1723329426
0 0.3218053927 0.4185228605 0.1184056272 0.1688159437
0 0.4970691676 0.4308323564 0.0422039859 0.0785463072
0 0.5445486518 0.4314185229 0.0691676436 0.0679953107
1 0.7502930832 0.4044548652 0.0539273154 0.0609613130
1 0.8071512309 0.4067995311 0.0644783118 0.0562719812
7 0.1776084408 0.5750293083 0.1207502931 0.0691676436
1 0.7104337632 0.5738569754 0.0609613130 0.1254396249
1 0.6676436108 0.5826494725 0.0644783118 0.1313012896
1 0.7860492380 0.5562719812 0.0597889801 0.1160609613
1 0.7497069168 0.5633059789 0.0621336460 0.1207502931
1 0.8769050410 0.5392731536 0.0609613130 0.1125439625
1 0.8370457210 0.5504103165 0.0633059789 0.1207502931
1 0.9138335287 0.5322391559 0.0504103165 0.1101992966
7 0.0158264947 0.6652989449 0.0316529894 0.0668229777
7 0.0638921454 0.6412661196 0.0715123095 0.0679953107
7 0.1992966002 0.6992966002 0.0726846424 0.1395076202
7 0.2561547479 0.6875732708 0.0691676436 0.1371629543
7 0.3112543962 0.6664712778 0.0715123095 0.1488862837
4 0.3962485346 0.6342321219 0.1148886284 0.1922626026
0 0.4917936694 0.6248534584 0.1324736225 0.1594372802
7 0.5932004689 0.6160609613 0.1031652989 0.1113716295
7 0.0216881594 0.7514654162 0.0433763189 0.1148886284
7 0.1365767878 0.7180539273 0.0715123095 0.1207502931
7 0.0873388042 0.7626025791 0.0597889801 0.0715123095
1 0.7385697538 0.7696365768 0.1289566237 0.1652989449
1 0.8376318875 0.7327080891 0.0996483001 0.1547479484
1 0.9109026964 0.7069167644 0.1031652989 0.1383352872
1 0.5222743259 0.8481828839 0.1512309496 0.1981242673
1 0.6418522860 0.8053927315 0.1301289566 0.1758499414
1 0.8475967175 0.8856975381 0.1055099648 0.1770222743
1 0.9460726846 0.8347010551 0.0656506448 0.1524032825
1 0.9038686987 0.8587338804 0.0633059789 0.1465416178
4 0.0550996483 0.9091441970 0.1101992966 0.1817116061
4 0.1430246190 0.9179366940 0.1101992966 0.1641266120
4 0.2221570926 0.9173505275 0.1066822978 0.1652989449
4 0.2895662368 0.9073856975 0.0961313013 0.1852286049
6 0.3933177022 0.9138335287 0.1348182884 0.1348182884
1 0.6049237984 0.9320046893 0.0914419695 0.0422039859
1 0.7526377491 0.9132473623 0.1383352872 0.1735052755
0 0.4249706917 0.9953106682 0.1160609613 0.0093786635
0 0.5281359906 0.9794841735 0.1137162954 0.0410316530
6 0.6330597890 0.9818288394 0.1031652989 0.0363423212
