1 0.4339314845 0.0383360522 0.1500815661 0.0766721044
2 0.6492659054 0.0269168026 0.1305057096 0.0538336052
2 0.6549755302 0.0619902121 0.1419249592 0.0978792822
1 0.4257748777 0.1199021207 0.1500815661 0.0799347471
1 0.4323001631 0.0774877651 0.1533442088 0.0766721044
1 0.4274061990 0.1696574225 0.1500815661 0.0815660685
2 0.7707993475 0.0880913540 0.0668841762 0.0750407830
1 0.8760195759 0.0742251223 0.1305057096 0.1256117455
1 0.8874388254 0.1835236542 0.1370309951 0.1419249592
1 0.4143556281 0.2642740620 0.1631321370 0.0652528548
1 0.4102773246 0.3205546493 0.1647634584 0.0799347471
1 0.4184339315 0.2226753670 0.1582381729 0.0897226754
1 0.6451876020 0.3507340946 0.0701468189 0.0880913540
1 0.9469820555 0.3189233279 0.0897226754 0.0734094617
1 0.8613376835 0.3099510604 0.0880913540 0.0815660685
1 0.3719412724 0.3988580750 0.1239804241 0.0929853181
1 0.3637846656 0.4787928222 0.1207177814 0.0929853181
1 0.4641109299 0.4706362153 0.0799347471 0.0962479608
1 0.4698205546 0.3841761827 0.0783034258 0.0799347471
1 0.5750407830 0.3637846656 0.0701468189 0.0880913540
1 0.5774877651 0.4477977162 0.0685154976 0.0929853181
1 0.6484502447 0.4363784666 0.0766721044 0.0897226754
1 0.7340946166 0.3662316476 0.0750407830 0.0897226754
1 0.7373572594 0.4543230016 0.0815660685 0.0799347471
1 0.8646003263 0.4641109299 0.0815660685 0.0962479608
1 0.9486133768 0.3743882545 0.0864600326 0.0538336052
1 0.9486133768 0.4371941272 0.0929853181 0.0913539967
1 0.8629690049 0.3776508972 0.0848287113 0.0864600326
1 0.3189233279 0.5725938010 0.0603588907 0.0815660685
1 0.3597063622 0.5636215334 0.1321370310 0.0897226754
1 0.4673735726 0.5660685155 0.0799347471 0.0946166395
1 0.6174551387 0.5285481240 0.1419249592 0.1044045677
1 0.6247960848 0.6044045677 0.1533442088 0.0929853181
1 0.7406199021 0.6141924959 0.0783034258 0.1027732463
1 0.7332789560 0.5301794454 0.0766721044 0.0848287113
1 0.8694942904 0.5473083197 0.0913539967 0.0962479608
1 0.9551386623 0.5309951060 0.0897226754 0.0995106036
1 0.3099510604 0.6517128874 0.0685154976 0.0929853181
1 0.2952691680 0.7430668842 0.0717781403 0.0929853181
1 0.3784665579 0.6386623165 0.0717781403 0.0864600326
1 0.3572593801 0.7357259380 0.0783034258 0.1011419250
1 0.4641109299 0.7553017945 0.0636215334 0.1011419250
1 0.4673735726 0.6557911909 0.0603588907 0.0880913540
1 0.5831973899 0.6843393148 0.0668841762 0.0799347471
1 0.6174551387 0.7626427406 0.1451876020 0.1027732463
1 0.6606851550 0.6802610114 0.1011419250 0.0880913540
1 0.7577487765 0.7324632953 0.0799347471 0.0946166395
1 0.8923327896 0.7593800979 0.0946166395 0.1125611746
1 0.8760195759 0.6435562806 0.0946166395 0.1158238173
1 0.9665579119 0.7455138662 0.0668841762 0.1076672104
1 0.9608482871 0.6362153344 0.0783034258 0.1207177814
1 0.2871125612 0.8442088091 0.0717781403 0.1027732463
1 0.3866231648 0.8425774878 0.0685154976 0.1027732463
1 0.4690048940 0.8572593801 0.0864600326 0.1092985318
1 0.5807504078 0.8654159869 0.0880913540 0.1125611746
1 0.6517128874 0.8499184339 0.0799347471 0.1011419250
1 0.7585644372 0.8197389886 0.0815660685 0.0962479608
1 0.9021207178 0.8743882545 0.0946166395 0.1305057096
1 0.9730831974 0.8637846656 0.0538336052 0.1256117455
1 0.2756933116 0.9918433931 0.1011419250 0.0163132137
1 0.2862969005 0.9420880914 0.0734094617 0.0962479608
1 0.3637846656 0.9959216966 0.0978792822 0.0081566069
1 0.3743882545 0.9429037520 0.0929853181 0.1011419250
1 0.4616639478 0.9535073409 0.0848287113 0.0929853181
1 0.6321370310 0.9559543230 0.1549755302 0.0880913540
1 0.7610114192 0.9159869494 0.0831973899 0.1060358891
1 0.7756933116 0.9828711256 0.0897226754 0.0342577488
1 0.9045676998 0.9681892333 0.1092985318 0.0636215334
1 0.9779771615 0.9624796085 0.0440456770 0.0750407830
