6 0.1565600882 0.0170893054 0.2072767365 0.0341786108
5 0.3792723264 0.0121278942 0.1477398015 0.0242557883
5 0.3781697905 0.0540242558 0.1477398015 0.0573318633
5 0.5937155458 0.0220507166 0.1598676957 0.0441014333
5 0.7524807056 0.0237045204 0.0893054024 0.0474090408
5 0.7370452040 0.0689084895 0.0518191841 0.0540242558
5 0.8450937155 0.0556780595 0.0981256891 0.1113561191
5 0.9790518192 0.0512679162 0.0418963616 0.0937155458
5 0.9338478501 0.0540242558 0.0551267916 0.1014332966
6 0.1620727674 0.0865490628 0.1874310915 0.0937155458
5 0.3814773980 0.1218302095 0.1433296582 0.0628445424
5 0.5942668137 0.0843439912 0.1587651599 0.0650496141
6 0.0143329658 0.1411245865 0.0286659316 0.1234840132
6 0.1571113561 0.1813671444 0.1929437707 0.1091510474
5 0.3792723264 0.1896361632 0.1477398015 0.0683572216
5 0.5937155458 0.1433296582 0.1598676957 0.0551267916
5 0.7546857773 0.1438809261 0.0716648291 0.0981256891
5 0.8412348401 0.1466372657 0.1080485116 0.0948180816
5 0.9498346196 0.1411245865 0.1003307607 0.0926130099
1 0.8649393605 0.2673649394 0.2149944873 0.1289966924
1 0.0391400221 0.3054024256 0.0782800441 0.0793825799
1 0.1240352811 0.2987872106 0.0981256891 0.1036383682
1 0.2166482911 0.2949283352 0.0937155458 0.1025358324
1 0.3136714443 0.3009922822 0.1025358324 0.1323042999
1 0.4123484013 0.2998897464 0.0970231533 0.1300992282
1 0.5865490628 0.3445424476 0.1940463065 0.1025358324
1 0.0391400221 0.3743109151 0.0782800441 0.0782800441
1 0.1251378170 0.3980154355 0.0981256891 0.1014332966
1 0.2194046307 0.3936052922 0.0948180816 0.1014332966
1 0.3263506064 0.4217199559 0.1080485116 0.1245865491
1 0.4211686880 0.4167585447 0.0859977949 0.1190738699
1 0.8649393605 0.3831312018 0.2105843440 0.1334068357
1 0.0413450937 0.4426681367 0.0826901874 0.0782800441
1 0.2232635061 0.4878721058 0.0915104741 0.1047409041
1 0.5915104741 0.4437706725 0.1951488423 0.1047409041
1 0.0413450937 0.5192943771 0.0826901874 0.0771775083
1 0.1339581036 0.4944873208 0.0959206174 0.0981256891
1 0.3302094818 0.5385887541 0.1047409041 0.1179713341
1 0.4239250276 0.5336273429 0.0893054024 0.1190738699
1 0.5986769570 0.5424476295 0.1940463065 0.1080485116
1 0.8792723264 0.5033076075 0.2171995590 0.1289966924
1 0.0435501654 0.5893054024 0.0871003308 0.0804851158
1 0.1334068357 0.5893054024 0.0926130099 0.0981256891
1 0.2265711136 0.5815876516 0.0959206174 0.0981256891
1 0.8825799338 0.6289966924 0.2194046307 0.1289966924
1 0.0457552370 0.6510474090 0.0915104741 0.0628445424
1 0.1190738699 0.6907386990 0.1102535832 0.1113561191
1 0.2238147740 0.6841234840 0.1168687982 0.1113561191
1 0.3307607497 0.6543550165 0.1014332966 0.1179713341
1 0.4244762955 0.6499448732 0.0948180816 0.1245865491
1 0.6003307607 0.6466372657 0.1995589857 0.1135611907
1 0.0424476295 0.7160970232 0.0848952591 0.0804851158
1 0.3324145535 0.7690187431 0.1003307607 0.1223814774
1 0.4261300992 0.7651598677 0.0981256891 0.1256890849
1 0.5700110254 0.7607497244 0.0992282249 0.1256890849
1 0.6626240353 0.7579933848 0.0970231533 0.1223814774
1 0.8820286659 0.7574421169 0.2138919515 0.1323042999
1 0.0424476295 0.8009922822 0.0848952591 0.0804851158
1 0.1256890849 0.7949283352 0.0992282249 0.1014332966
1 0.2287761852 0.7866593164 0.1091510474 0.1091510474
