1 0.7686084142 0.0040453074 0.2459546926 0.0080906149
1 0.5129449838 0.0574433657 0.2168284790 0.1148867314
6 0.9530744337 0.1059870550 0.0938511327 0.2119741100
1 0.5105177994 0.1763754045 0.2346278317 0.1294498382
1 0.8381877023 0.1027508091 0.1197411003 0.1310679612
1 0.8430420712 0.2354368932 0.1132686084 0.1310679612
7 0.1027508091 0.3333333333 0.2055016181 0.3009708738
1 0.4927184466 0.3139158576 0.2249190939 0.1488673139
1 0.8406148867 0.3689320388 0.1084142395 0.1294498382
6 0.9546925566 0.3673139159 0.0906148867 0.3042071197
1 0.5080906149 0.4619741100 0.2265372168 0.1504854369
1 0.8414239482 0.4975728155 0.1067961165 0.1343042071
7 0.1237864078 0.5331715210 0.1634304207 0.1213592233
7 0.2386731392 0.5671521036 0.0987055016 0.1116504854
1 0.5080906149 0.6181229773 0.2394822006 0.1553398058
1 0.8349514563 0.6391585761 0.1035598706 0.1423948220
6 0.9538834951 0.6747572816 0.0922330097 0.3171521036
7 0.0720064725 0.7411003236 0.1440129450 0.1456310680
1 0.5032362460 0.7726537217 0.2459546926 0.1537216828
1 0.8300970874 0.7847896440 0.1229773463 0.1359223301
1 0.9555016181 0.8956310680 0.0889967638 0.1407766990
1 0.5080906149 0.9199029126 0.2297734628 0.1601941748
1 0.8317152104 0.9312297735 0.1165048544 0.1375404531
1 0.9555016181 0.9781553398 0.0889967638 0.0436893204
