5 0.0929844098 0.3747216036 0.0278396437 0.0345211581
5 0.1525612472 0.3903118040 0.0111358575 0.0590200445
5 0.1275055679 0.3730512249 0.0278396437 0.0311804009
5 0.1720489978 0.3741648107 0.0300668151 0.0311804009
5 0.1998886414 0.3736080178 0.0256124722 0.0278396437
5 0.1792873051 0.3429844098 0.0601336303 0.0334075724
1 0.4292873051 0.3875278396 0.1325167038 0.1358574610
1 0.5551224944 0.3814031180 0.1391982183 0.1436525612
1 0.6520044543 0.3741648107 0.0679287305 0.1492204900
1 0.7171492205 0.3680400891 0.0734966592 0.1525612472
1 0.7817371938 0.3602449889 0.0712694878 0.1570155902
1 0.8574610245 0.3518930958 0.0801781737 0.1581291759
5 0.1358574610 0.4504454343 0.0423162584 0.0657015590
5 0.1002227171 0.4526726058 0.0423162584 0.0657015590
5 0.1096881960 0.4036748330 0.0523385301 0.0345211581
5 0.1703786192 0.4621380846 0.0244988864 0.0311804009
5 0.1859688196 0.4020044543 0.0579064588 0.0311804009
1 0.6508908686 0.5322939866 0.0879732739 0.0757238307
1 0.7394209354 0.5445434298 0.0957683742 0.0757238307
3 0.8134743875 0.5228285078 0.0545657016 0.0501113586
3 0.8385300668 0.5751670379 0.1135857461 0.0590200445
3 0.8702672606 0.5194877506 0.0612472160 0.0523385301
5 0.0979955457 0.6108017817 0.0601336303 0.1169265033
1 0.4198218263 0.5885300668 0.0445434298 0.1236080178
1 0.5128062361 0.5913140312 0.0590200445 0.1247216036
1 0.4604677060 0.5902004454 0.0590200445 0.1224944321
1 0.5707126949 0.5907572383 0.0679287305 0.1280623608
1 0.6425389755 0.6169265033 0.0890868597 0.0779510022
1 0.7383073497 0.6213808463 0.0913140312 0.0712694878
3 0.8379732739 0.6263919822 0.1124721604 0.0567928731
5 0.0857461024 0.7494432071 0.0623608018 0.0801781737
5 0.1397550111 0.7566815145 0.0590200445 0.0723830735
1 0.5239420935 0.6937639198 0.0679287305 0.0579064588
1 0.5979955457 0.7021158129 0.0846325167 0.0701559020
1 0.6720489978 0.7093541203 0.0657015590 0.0512249443
1 0.7500000000 0.7204899777 0.0968819599 0.0712694878
1 0.8457683742 0.7422048998 0.0902004454 0.0345211581
1 0.5033407572 0.8001113586 0.0645879733 0.0790645880
1 0.5773942094 0.8040089087 0.0835189310 0.0824053452
1 0.6675946548 0.8084632517 0.0946547884 0.0846325167
1 0.7533407572 0.8084632517 0.0812917595 0.0868596882
5 0.0935412027 0.8808463252 0.0534521158 0.0489977728
5 0.0952115813 0.9181514477 0.0567928731 0.0345211581
7 0.1369710468 0.9498886414 0.0445434298 0.0467706013
1 0.5083518931 0.9337416481 0.0701559020 0.0746102450
7 0.1753897550 0.9810690423 0.0434298441 0.0378619154
1 0.5105790646 0.9760579065 0.0746102450 0.0478841871
1 0.5840757238 0.9487750557 0.0835189310 0.1024498886
1 0.6620267261 0.9543429844 0.0790645880 0.0913140312
1 0.7527839644 0.9532293987 0.0957683742 0.0935412027
1 0.8507795100 0.9626948775 0.1091314031 0.0746102450
1 0.8502227171 0.6948775056 0.0857461024 0.0601336303
