7 0.9903677758 0.0288966725 0.0192644483 0.0577933450
7 0.9649737303 0.1068301226 0.0525394046 0.0770577933
1 0.0437828371 0.9570928196 0.0875656743 0.0858143608
3 0.1506129597 0.9080560420 0.0560420315 0.0367775832
1 0.1506129597 0.9632224168 0.0805604203 0.0735551664
1 0.2084063047 0.9640980736 0.0420315236 0.0718038529
3 0.2031523643 0.9080560420 0.0525394046 0.0402802102
3 0.2556917688 0.9071803853 0.0525394046 0.0455341506
1 0.3852889667 0.9334500876 0.0805604203 0.1050788091
1 0.6059544658 0.9597197898 0.1541155867 0.0805604203
1 0.4684763573 0.9334500876 0.0928196147 0.1050788091
1 0.7451838879 0.9203152364 0.0893169877 0.0858143608
2 0.8677758319 0.9211908932 0.1628721541 0.0840630473
1 0.4264448336 0.9921190893 0.1593695271 0.0157618214
2 0.8204903678 0.9798598949 0.2364273205 0.0402802102
8 0.9842381786 0.9816112084 0.0315236427 0.0367775832
