5 0.3081264108 0.0225733634 0.1512415350 0.0451467269
5 0.5287810384 0.0028216704 0.1636568849 0.0056433409
5 0.6913092551 0.0045146727 0.0914221219 0.0090293454
5 0.6755079007 0.0310383747 0.0530474041 0.0553047404
5 0.7861173815 0.0372460497 0.1004514673 0.0744920993
5 0.9232505643 0.0304740406 0.0428893905 0.0609480813
5 0.8769751693 0.0338600451 0.0564334086 0.0677200903
5 0.9825056433 0.0237020316 0.0349887133 0.0474040632
6 0.0914221219 0.0490970655 0.1828442438 0.0959367946
5 0.3115124153 0.0852144470 0.1467268623 0.0643340858
5 0.5293453725 0.0468397291 0.1625282167 0.0665914221
5 0.9751693002 0.0976297968 0.0496613995 0.0891647856
6 0.0902934537 0.1461625282 0.1805869074 0.1117381490
5 0.3092550790 0.1546275395 0.1512415350 0.0699774266
5 0.5287810384 0.1072234763 0.1636568849 0.0564334086
5 0.6935665914 0.1077878104 0.0733634312 0.1004514673
5 0.7821670429 0.1106094808 0.1106094808 0.0970654628
5 0.8972911964 0.1049661400 0.1106094808 0.0948081264
1 0.8064334086 0.2341986456 0.2200902935 0.1320541761
1 0.0490970655 0.2663656885 0.0981941309 0.1060948081
1 0.1427765237 0.2624153499 0.0959367946 0.1049661400
1 0.2420993228 0.2686230248 0.1049661400 0.1354401806
1 0.3431151242 0.2674943567 0.0993227991 0.1331828442
1 0.5214446953 0.3132054176 0.1986455982 0.1049661400
1 0.0496613995 0.3679458239 0.0993227991 0.1038374718
1 0.1455981941 0.3634311512 0.0970654628 0.1038374718
1 0.2550790068 0.3922121896 0.1106094808 0.1275395034
1 0.3521444695 0.3871331828 0.0880361174 0.1218961625
1 0.8064334086 0.3527088036 0.2155756208 0.1365688488
2 0.9898419865 0.3397291196 0.0203160271 0.1738148984
1 0.0028216704 0.4136568849 0.0056433409 0.0801354402
1 0.1495485327 0.4599322799 0.0936794582 0.1072234763
1 0.5265237020 0.4147855530 0.1997742664 0.1072234763
1 0.0028216704 0.4920993228 0.0056433409 0.0790067720
1 0.0581264108 0.4667042889 0.0981941309 0.1004514673
1 0.2590293454 0.5118510158 0.1072234763 0.1207674944
1 0.3549661400 0.5067720090 0.0914221219 0.1218961625
1 0.5338600451 0.5158013544 0.1986455982 0.1106094808
1 0.8211060948 0.4757336343 0.2223476298 0.1320541761
1 0.0050790068 0.5637697517 0.0101580135 0.0823927765
1 0.0575620767 0.5637697517 0.0948081264 0.1004514673
1 0.1529345372 0.5558690745 0.0981941309 0.1004514673
1 0.8244920993 0.6044018059 0.2246049661 0.1320541761
1 0.0073363431 0.6269751693 0.0146726862 0.0643340858
1 0.0496613995 0.6676072235 0.0993227991 0.1139954853
1 0.1501128668 0.6608352144 0.1196388262 0.1139954853
1 0.2595936795 0.6303611738 0.1038374718 0.1207674944
1 0.3555304740 0.6258465011 0.0970654628 0.1275395034
1 0.5355530474 0.6224604966 0.2042889391 0.1162528217
1 0.0039503386 0.6935665914 0.0079006772 0.0823927765
1 0.2612866817 0.7477426637 0.1027088036 0.1252821670
1 0.3572234763 0.7437923251 0.1004514673 0.1286681716
1 0.5045146727 0.7392776524 0.1015801354 0.1286681716
1 0.5993227991 0.7364559819 0.0993227991 0.1252821670
1 0.8239277652 0.7358916479 0.2189616253 0.1354401806
1 0.0039503386 0.7804740406 0.0079006772 0.0823927765
1 0.0502257336 0.7742663657 0.1004514673 0.1038374718
1 0.1551918736 0.7658013544 0.1117381490 0.1117381490
