3 0.1458022851 0.0039741679 0.0471932439 0.0079483358
3 0.1890213612 0.0062096374 0.0412319921 0.0124192747
3 0.1639344262 0.0300546448 0.0963735718 0.0531544958
7 0.3835072032 0.0218579235 0.0635866865 0.0437158470
7 0.3226527571 0.0201192250 0.0630899155 0.0402384501
7 0.5640834575 0.0417287630 0.0561351217 0.0784898162
7 0.5057128664 0.0365126677 0.0576254347 0.0730253353
7 0.6845504223 0.0283159463 0.0496770989 0.0566318927
7 0.7292598112 0.0283159463 0.0466964729 0.0566318927
7 0.8874813711 0.0295578738 0.1912568306 0.0591157476
7 0.1631892697 0.1177347243 0.1068057625 0.0496770989
3 0.1656731247 0.0735221063 0.0958768008 0.0506706408
7 0.2742175857 0.0755091903 0.0496770989 0.0804769001
7 0.3261301540 0.0814704421 0.0571286637 0.0854446100
7 0.3879781421 0.0832091406 0.0645802285 0.0819672131
7 0.5129160457 0.1107799305 0.0551415797 0.0745156483
7 0.5665673125 0.1142573274 0.0571286637 0.0715350224
7 0.6435668157 0.0943864878 0.0491803279 0.0715350224
7 0.7352210631 0.1117734724 0.0427223050 0.0675608544
7 0.6895181321 0.1063089916 0.0466964729 0.0665673125
7 0.8949329359 0.0941381023 0.1922503726 0.0660705415
7 0.1701440636 0.1544957774 0.0928961749 0.0417287630
7 0.1713859911 0.1957277695 0.0973671138 0.0447093890
7 0.2769498261 0.1599602583 0.0471932439 0.0784898162
7 0.3303527074 0.1604570293 0.0635866865 0.0834575261
7 0.3884749131 0.1639344262 0.0596125186 0.0824639841
7 0.5685543964 0.1875310482 0.0571286637 0.0760059613
7 0.5124192747 0.1855439642 0.0611028316 0.0750124193
7 0.6485345256 0.1733730750 0.0372578241 0.0695479384
7 0.7379533035 0.1843020368 0.0481867859 0.0774962742
7 0.6885245902 0.1778440139 0.0516641828 0.0685543964
7 0.9118231495 0.2292598112 0.1525086935 0.0601092896
7 0.9140586190 0.1701440636 0.1480377546 0.0630899155
7 0.0019870840 0.2841530055 0.0039741679 0.0466964729
5 0.1269249876 0.2377049180 0.0382513661 0.0332836562
5 0.1669150522 0.2332339791 0.0397416791 0.0342771982
5 0.1607054148 0.2844013910 0.0402384501 0.0283159463
5 0.2019374069 0.2449080974 0.0352707402 0.0387481371
5 0.2019374069 0.2821659215 0.0402384501 0.0417287630
7 0.2799304521 0.2382016890 0.0471932439 0.0769995032
7 0.3914555390 0.2409339295 0.0596125186 0.0844510681
7 0.3320914059 0.2411823150 0.0620963736 0.0809736711
7 0.5141579732 0.2610531545 0.0625931446 0.0740188773
7 0.5730253353 0.2630402385 0.0581222057 0.0720317933
7 0.6470442126 0.2473919523 0.0422255340 0.0695479384
7 0.6549925484 0.3159463487 0.0392449081 0.0675608544
7 0.6949826130 0.3166915052 0.0506706408 0.0680576254
7 0.6924987581 0.2496274218 0.0466964729 0.0620963736
7 0.7411823150 0.2540983607 0.0556383507 0.0700447094
7 0.9244908097 0.2863884749 0.1381023348 0.0601092896
5 0.2034277198 0.3241430700 0.0442126180 0.0452061600
5 0.1900149031 0.3646299056 0.0730253353 0.0397416791
1 0.3196721311 0.3964232489 0.0710382514 0.0675608544
1 0.3189269747 0.3209140586 0.0725285643 0.0794833582
1 0.3902136115 0.3204172876 0.0720317933 0.0794833582
1 0.3949329359 0.3971684054 0.0635866865 0.0750124193
7 0.5153999006 0.3345752608 0.0620963736 0.0720317933
7 0.5745156483 0.3358171883 0.0571286637 0.0705414804
1 0.7001987084 0.3840039742 0.0601092896 0.0655737705
1 0.7496274218 0.3815201192 0.0457029309 0.0655737705
7 0.7456532538 0.3184302037 0.0556383507 0.0695479384
7 0.9257327372 0.3522106309 0.1366120219 0.0645802285
1 0.0022354694 0.4279682067 0.0044709389 0.0799801292
1 0.1239443616 0.4808743169 0.0710382514 0.0774962742
1 0.1917536016 0.4831097864 0.0685543964 0.0730253353
5 0.1810730253 0.4048683557 0.0869349230 0.0407352211
1 0.3979135618 0.4677098857 0.0566318927 0.0670640835
1 0.3348236463 0.4694485842 0.0655737705 0.0675608544
1 0.5444610035 0.4090909091 0.1231992052 0.0809736711
1 0.7024341778 0.4495777447 0.0566318927 0.0705414804
1 0.7518628912 0.4448584203 0.0471932439 0.0670640835
1 0.9379036264 0.4433681073 0.1241927471 0.1097863885
1 0.0037257824 0.5032290114 0.0074515648 0.0735221063
1 0.1241927471 0.5598609041 0.0655737705 0.0804769001
1 0.1920019871 0.5598609041 0.0760059613 0.0844510681
1 0.3986587183 0.5355191257 0.0571286637 0.0695479384
1 0.3353204173 0.5345255837 0.0675608544 0.0695479384
1 0.5106805763 0.4942871336 0.0536512668 0.0824639841
1 0.5774962742 0.4923000497 0.0601092896 0.0874316940
1 0.6917536016 0.5201192250 0.0601092896 0.0715350224
1 0.7471435668 0.5131644312 0.0546448087 0.0755091903
1 0.9316939891 0.5290611028 0.1366120219 0.0625931446
1 0.0057128664 0.5807252856 0.0114257327 0.0814704421
1 0.1356184799 0.6485345256 0.0745156483 0.0789865872
1 0.2024341778 0.6520119225 0.0630899155 0.0919026329
1 0.2024341778 0.6510183805 0.0611028316 0.0958768008
1 0.3994038748 0.6058122206 0.0576254347 0.0690511674
1 0.3373075012 0.6048186786 0.0675608544 0.0690511674
1 0.5153999006 0.5757575758 0.0581222057 0.0824639841
1 0.5797317437 0.5829607551 0.0615996026 0.0849478390
1 0.7223050174 0.6497764531 0.1122702434 0.0556383507
1 0.6937406855 0.5916542474 0.0620963736 0.0765027322
1 0.7533532042 0.5864381520 0.0541480378 0.0769995032
1 0.9319423746 0.5919026329 0.1361152509 0.0620963736
1 0.9356681570 0.6542473920 0.1286636860 0.0675608544
1 0.0069547938 0.6614505713 0.0139095877 0.0799801292
1 0.0042225534 0.7379533035 0.0084451068 0.0789865872
1 0.1390958768 0.7347242921 0.0765027322 0.0943864878
1 0.2049180328 0.7384500745 0.0611028316 0.0879284650
1 0.4016393443 0.6748633880 0.0620963736 0.0690511674
1 0.3397913562 0.6751117735 0.0596125186 0.0755091903
1 0.5238450075 0.6656731247 0.0630899155 0.0854446100
1 0.5824639841 0.6631892697 0.0670640835 0.0844510681
1 0.7282662692 0.7036761053 0.1152508693 0.0581222057
1 0.9381520119 0.7232985594 0.1236959762 0.0645802285
1 0.0091902633 0.8186785892 0.0183805266 0.0854446100
1 0.1408345753 0.8248882265 0.0720317933 0.0948832588
1 0.3743169399 0.8174366617 0.1266766021 0.0779930452
1 0.4135618480 0.7446597119 0.0491803279 0.0695479384
6 0.5538996523 0.7434177844 0.1212121212 0.0789865872
6 0.5543964232 0.8122205663 0.1281669151 0.0784898162
1 0.7247888723 0.7632886239 0.1202185792 0.0630899155
1 0.0067064083 0.9006458023 0.0134128167 0.0834575261
1 0.2064083458 0.8268753105 0.0620963736 0.0879284650
6 0.4026328862 0.8849975161 0.0690511674 0.0849478390
6 0.5583705912 0.8862394436 0.1291604570 0.0834575261
6 0.6887729757 0.8378042722 0.0680576254 0.0899155489
6 0.7503725782 0.8330849478 0.0620963736 0.0933929459
8 0.8519622454 0.8581718828 0.0506706408 0.1833084948
8 0.9637357178 0.8524590164 0.0725285643 0.1857923497
6 0.0086934923 0.9749130651 0.0173869846 0.0501738698
1 0.1420765027 0.9143070045 0.0725285643 0.0879284650
6 0.2006954794 0.9749130651 0.0814704421 0.0501738698
1 0.2069051167 0.9110779930 0.0690511674 0.0814704421
6 0.4023845007 0.9600099354 0.0745156483 0.0799801292
5 0.5144063587 0.9513164431 0.0730253353 0.0794833582
5 0.5879284650 0.9577744660 0.0750124193 0.0844510681
6 0.6835568803 0.9148037755 0.0486835569 0.0670640835
6 0.7508693492 0.9217585693 0.0819672131 0.1008445107
6 0.1241927471 0.9791356185 0.0794833582 0.0417287630
6 0.4021361153 0.9972677596 0.0769995032 0.0054644809
5 0.5263288624 0.9947839046 0.0730253353 0.0104321908
6 0.6954793840 0.9818678589 0.0655737705 0.0362642822
6 0.7605563835 0.9826130154 0.0665673125 0.0347739692
2 0.9259811227 0.9729259811 0.1480377546 0.0541480378
