3 0.2643129771 0.0267175573 0.0935114504 0.0534351145
1 0.5992366412 0.0057251908 0.1450381679 0.0114503817
1 0.4627862595 0.0047709924 0.1393129771 0.0095419847
3 0.1746183206 0.0916030534 0.0744274809 0.0839694656
3 0.1822519084 0.0257633588 0.0896946565 0.0515267176
1 0.4685114504 0.0763358779 0.1202290076 0.1412213740
1 0.6059160305 0.0791984733 0.1278625954 0.1393129771
1 0.7757633588 0.0982824427 0.1660305344 0.1965648855
1 0.9265267176 0.0925572519 0.1469465649 0.1851145038
3 0.1793893130 0.1765267176 0.0877862595 0.0858778626
3 0.2671755725 0.1374045802 0.0877862595 0.1717557252
1 0.1898854962 0.2690839695 0.2347328244 0.1106870229
1 0.4561068702 0.2280534351 0.1221374046 0.1622137405
1 0.6087786260 0.2251908397 0.1488549618 0.1488549618
1 0.7881679389 0.3349236641 0.1603053435 0.2614503817
1 0.9332061069 0.3215648855 0.1335877863 0.2614503817
1 0.1898854962 0.3702290076 0.2461832061 0.1068702290
1 0.4685114504 0.3854961832 0.1278625954 0.1488549618
1 0.5992366412 0.3759541985 0.1335877863 0.1526717557
1 0.1860687023 0.4694656489 0.2347328244 0.0992366412
1 0.1841603053 0.5677480916 0.2309160305 0.0973282443
1 0.4666030534 0.5219465649 0.1278625954 0.1278625954
1 0.5916030534 0.5162213740 0.1259541985 0.1316793893
1 0.9475190840 0.5858778626 0.1049618321 0.2633587786
1 0.1822519084 0.6669847328 0.2347328244 0.1087786260
1 0.5944656489 0.6536259542 0.1278625954 0.1354961832
1 0.4666030534 0.6536259542 0.1278625954 0.1354961832
1 0.8272900763 0.5896946565 0.1393129771 0.2442748092
