1 0.3204887218 0.0225563910 0.2086466165 0.0451127820
1 0.5939849624 0.0056390977 0.2368421053 0.0112781955
0 0.0488721805 0.0714285714 0.0977443609 0.1428571429
1 0.6015037594 0.0479323308 0.2368421053 0.0733082707
1 0.8045112782 0.0469924812 0.1578947368 0.0939849624
1 0.9332706767 0.0507518797 0.1334586466 0.1015037594
1 0.2791353383 0.1456766917 0.2800751880 0.2048872180
1 0.6043233083 0.1250000000 0.2537593985 0.0883458647
1 0.8157894737 0.1484962406 0.1503759398 0.1240601504
1 0.9389097744 0.1513157895 0.1221804511 0.1146616541
0 0.0328947368 0.2415413534 0.0657894737 0.2312030075
1 0.2546992481 0.3515037594 0.3176691729 0.2406015038
1 0.6090225564 0.2340225564 0.2556390977 0.0996240602
1 0.6156015038 0.3374060150 0.2462406015 0.1184210526
1 0.8308270677 0.2716165414 0.1541353383 0.1259398496
1 0.9483082707 0.2734962406 0.1033834586 0.1296992481
1 0.6118421053 0.4492481203 0.2763157895 0.1052631579
1 0.8477443609 0.4041353383 0.1466165414 0.1390977444
1 0.9605263158 0.4060150376 0.0789473684 0.1466165414
0 0.0084586466 0.4793233083 0.0169172932 0.1766917293
1 0.6146616541 0.5648496241 0.2894736842 0.1184210526
1 0.8947368421 0.5855263158 0.2105263158 0.2161654135
1 0.2349624060 0.6052631579 0.3345864662 0.2744360902
1 0.6203007519 0.6766917293 0.2932330827 0.1278195489
