1 0.4970000000 0.0918000000 0.0972000000 0.1212000000
0 0.6832000000 0.0794000000 0.1328000000 0.1036000000
7 0.8806000000 0.0524000000 0.1308000000 0.1048000000
1 0.1390000000 0.1460000000 0.0772000000 0.1056000000
1 0.3368000000 0.1304000000 0.0904000000 0.1120000000
0 0.6822000000 0.1478000000 0.1316000000 0.0740000000
7 0.8756000000 0.1590000000 0.1240000000 0.0980000000
1 0.1382000000 0.2174000000 0.0780000000 0.0516000000
1 0.3376000000 0.2020000000 0.0904000000 0.0568000000
1 0.4944000000 0.2150000000 0.0976000000 0.0620000000
1 0.4940000000 0.1724000000 0.0984000000 0.0640000000
0 0.6836000000 0.2008000000 0.1288000000 0.0728000000
7 0.8816000000 0.2312000000 0.1200000000 0.0512000000
1 0.1278000000 0.2990000000 0.0820000000 0.0540000000
1 0.1374000000 0.2568000000 0.0780000000 0.0504000000
1 0.3368000000 0.2884000000 0.0816000000 0.0560000000
1 0.3364000000 0.2458000000 0.0840000000 0.0564000000
1 0.4946000000 0.2586000000 0.0980000000 0.0580000000
1 0.4936000000 0.3022000000 0.0984000000 0.0556000000
7 0.6754000000 0.2808000000 0.1188000000 0.1104000000
7 0.8846000000 0.2818000000 0.1308000000 0.0596000000
1 0.1264000000 0.3418000000 0.0864000000 0.0492000000
1 0.3364000000 0.3320000000 0.0840000000 0.0504000000
1 0.4938000000 0.3462000000 0.0972000000 0.0564000000
7 0.6748000000 0.3546000000 0.1128000000 0.0572000000
7 0.8862000000 0.3350000000 0.1292000000 0.0668000000
1 0.1228000000 0.3856000000 0.0824000000 0.0520000000
1 0.1216000000 0.4280000000 0.0816000000 0.0504000000
7 0.3360000000 0.4206000000 0.0904000000 0.0508000000
1 0.3360000000 0.3760000000 0.0872000000 0.0520000000
1 0.4832000000 0.4120000000 0.0776000000 0.0856000000
7 0.6744000000 0.4076000000 0.1160000000 0.0568000000
4 0.8942000000 0.3920000000 0.1500000000 0.0664000000
1 0.1200000000 0.4708000000 0.0832000000 0.0488000000
7 0.3348000000 0.5054000000 0.0904000000 0.0460000000
7 0.3348000000 0.4626000000 0.0920000000 0.0484000000
4 0.4914000000 0.4834000000 0.1012000000 0.0644000000
4 0.6758000000 0.4542000000 0.1188000000 0.0420000000
4 0.6768000000 0.5018000000 0.1240000000 0.0508000000
4 0.9118000000 0.4478000000 0.1764000000 0.0652000000
7 0.1186000000 0.5596000000 0.0876000000 0.0488000000
7 0.1186000000 0.5148000000 0.0852000000 0.0496000000
7 0.2090000000 0.5140000000 0.0628000000 0.0544000000
7 0.2078000000 0.5570000000 0.0660000000 0.0500000000
7 0.3316000000 0.5494000000 0.0912000000 0.0476000000
4 0.4938000000 0.5316000000 0.0972000000 0.0432000000
4 0.6760000000 0.5506000000 0.1208000000 0.0532000000
5 0.8890000000 0.5140000000 0.1308000000 0.0792000000
7 0.1166000000 0.6034000000 0.0884000000 0.0500000000
7 0.2064000000 0.6020000000 0.0672000000 0.0472000000
7 0.2056000000 0.6482000000 0.0656000000 0.0508000000
7 0.3302000000 0.6388000000 0.0924000000 0.0480000000
7 0.3314000000 0.5930000000 0.0884000000 0.0460000000
4 0.4866000000 0.6332000000 0.0948000000 0.0504000000
4 0.4914000000 0.5818000000 0.1044000000 0.0580000000
4 0.6762000000 0.5976000000 0.1220000000 0.0504000000
5 0.8910000000 0.5882000000 0.1324000000 0.0804000000
7 0.1120000000 0.6960000000 0.0912000000 0.0488000000
7 0.1146000000 0.6492000000 0.0916000000 0.0488000000
7 0.2042000000 0.6914000000 0.0652000000 0.0548000000
7 0.3298000000 0.6844000000 0.0948000000 0.0472000000
6 0.4896000000 0.6806000000 0.1024000000 0.0508000000
7 0.1104000000 0.7394000000 0.0920000000 0.0492000000
7 0.2016000000 0.7360000000 0.0672000000 0.0584000000
7 0.1992000000 0.7812000000 0.0696000000 0.0616000000
0 0.3058000000 0.7388000000 0.0492000000 0.0696000000
0 0.3560000000 0.7410000000 0.0608000000 0.0700000000
6 0.4888000000 0.7302000000 0.1024000000 0.0516000000
6 0.4874000000 0.7810000000 0.1036000000 0.0492000000
5 0.6780000000 0.7188000000 0.1248000000 0.0712000000
0 0.8604000000 0.7340000000 0.0728000000 0.0752000000
0 0.9356000000 0.7372000000 0.0808000000 0.0768000000
0 0.1104000000 0.8446000000 0.0928000000 0.0724000000
7 0.1102000000 0.7856000000 0.0868000000 0.0504000000
0 0.3002000000 0.8070000000 0.0444000000 0.0740000000
0 0.3472000000 0.8100000000 0.0576000000 0.0728000000
0 0.4654000000 0.8418000000 0.0556000000 0.0756000000
0 0.7050000000 0.7894000000 0.0852000000 0.0836000000
0 0.8654000000 0.8094000000 0.0780000000 0.0804000000
0 0.9416000000 0.8108000000 0.0792000000 0.0776000000
0 0.1112000000 0.9128000000 0.0904000000 0.0800000000
0 0.3324000000 0.8806000000 0.1000000000 0.0812000000
0 0.4618000000 0.9212000000 0.0540000000 0.0856000000
0 0.6834000000 0.8634000000 0.1292000000 0.0828000000
0 0.8678000000 0.8868000000 0.0780000000 0.0784000000
0 0.9444000000 0.8876000000 0.0824000000 0.0816000000
0 0.1114000000 0.9714000000 0.0988000000 0.0572000000
0 0.3294000000 0.9562000000 0.1052000000 0.0828000000
0 0.6834000000 0.9338000000 0.1236000000 0.0876000000
0 0.9372000000 0.9636000000 0.0728000000 0.0728000000
0 0.3292000000 0.9930000000 0.1000000000 0.0140000000
0 0.4602000000 0.9818000000 0.0572000000 0.0364000000
0 0.5172000000 0.9926000000 0.0560000000 0.0148000000
0 0.6888000000 0.9800000000 0.1408000000 0.0400000000
0 0.8696000000 0.9974000000 0.0680000000 0.0052000000
