3 0.0357142857 0.0190476190 0.0714285714 0.0380952381
3 0.2333333333 0.0174603175 0.0571428571 0.0349206349
1 0.7896825397 0.0253968254 0.1920634921 0.0507936508
3 0.0412698413 0.0666666667 0.0825396825 0.0603174603
3 0.1063492063 0.0563492063 0.0539682540 0.0650793651
1 0.2500000000 0.0873015873 0.0936507937 0.1111111111
1 0.3492063492 0.0960317460 0.0952380952 0.1031746032
1 0.5198412698 0.0404761905 0.1634920635 0.0777777778
1 0.7833333333 0.0888888889 0.1920634921 0.0920634921
1 0.9396825397 0.0626984127 0.1206349206 0.1253968254
1 0.0650793651 0.1444444444 0.1301587302 0.1047619048
1 0.3428571429 0.2111111111 0.0920634921 0.1174603175
1 0.2515873016 0.2007936508 0.0936507937 0.1190476190
1 0.5174603175 0.1634920635 0.1650793651 0.1746031746
1 0.7857142857 0.1650793651 0.1904761905 0.0857142857
1 0.9333333333 0.2198412698 0.1333333333 0.1825396825
1 0.0658730159 0.2500000000 0.1317460317 0.1031746032
1 0.3365079365 0.3190476190 0.0888888889 0.1079365079
1 0.2492063492 0.3166666667 0.0888888889 0.1095238095
1 0.7785714286 0.2420634921 0.1920634921 0.0873015873
1 0.7730158730 0.3174603175 0.1904761905 0.0952380952
1 0.0642857143 0.4325396825 0.1285714286 0.0968253968
1 0.0642857143 0.3460317460 0.1285714286 0.0984126984
1 0.3365079365 0.4214285714 0.0888888889 0.0968253968
1 0.2484126984 0.4206349206 0.0904761905 0.0920634921
1 0.5166666667 0.3341269841 0.1666666667 0.1698412698
1 0.7682539683 0.3952380952 0.1904761905 0.0952380952
1 0.0952380952 0.5166666667 0.1904761905 0.0873015873
1 0.2444444444 0.5150793651 0.0825396825 0.0968253968
1 0.3317460317 0.5182539683 0.0984126984 0.1031746032
1 0.5373015873 0.5015873016 0.2047619048 0.1714285714
1 0.7650793651 0.4777777778 0.1841269841 0.0920634921
1 0.7603174603 0.5539682540 0.1809523810 0.0952380952
