1 0.6165371809 0.1059933407 0.0788013319 0.0788013319
2 0.5016648169 0.1809100999 0.1354051054 0.0799112098
2 0.5016648169 0.1426193119 0.1331853496 0.0810210877
1 0.6204217536 0.1570477248 0.0821309656 0.0810210877
1 0.3307436182 0.2752497225 0.1021087680 0.0599334073
2 0.4772475028 0.2458379578 0.0887902331 0.0876803552
2 0.4811320755 0.2952275250 0.0965593785 0.0665926748
1 0.6265260821 0.2125416204 0.0899001110 0.0899001110
1 0.3251942286 0.3346281909 0.1021087680 0.0543840178
1 0.3296337403 0.3057713651 0.1043285239 0.0521642619
1 0.3263041065 0.3684794673 0.1021087680 0.0554938957
2 0.5599334073 0.3129855716 0.0455049945 0.0510543840
1 0.6315205327 0.3035516093 0.0887902331 0.0854605993
1 0.6392896781 0.3779134295 0.0932297447 0.0965593785
1 0.3174250832 0.4328523862 0.1109877913 0.0443951165
1 0.3146503885 0.4711431743 0.1120976693 0.0543840178
1 0.3201997780 0.4045504994 0.1076581576 0.0610432852
1 0.4744728080 0.4916759156 0.0477247503 0.0599334073
1 0.6798002220 0.4700332963 0.0610432852 0.0499445061
1 0.6215316315 0.4639289678 0.0599334073 0.0554938957
1 0.2885682575 0.5244173141 0.0843507214 0.0632630411
1 0.2830188679 0.5788013319 0.0821309656 0.0632630411
1 0.3512763596 0.5732519423 0.0543840178 0.0654827969
1 0.3551609323 0.5144284129 0.0532741398 0.0543840178
1 0.4267480577 0.5005549390 0.0477247503 0.0599334073
1 0.4284128746 0.5577136515 0.0466148724 0.0632630411
1 0.4766925638 0.5499445061 0.0521642619 0.0610432852
1 0.5349611543 0.5022197558 0.0510543840 0.0610432852
1 0.5371809101 0.5621531632 0.0554938957 0.0543840178
1 0.6237513873 0.5688124306 0.0554938957 0.0654827969
1 0.6809100999 0.5077691454 0.0588235294 0.0366259711
1 0.6809100999 0.5504994451 0.0632630411 0.0621531632
1 0.6226415094 0.5099889012 0.0577136515 0.0588235294
1 0.2524972253 0.6426193119 0.0410654828 0.0554938957
1 0.2802441731 0.6365149834 0.0899001110 0.0610432852
1 0.3534961154 0.6381798002 0.0543840178 0.0643729190
1 0.4556048835 0.6126526082 0.0965593785 0.0710321865
1 0.4605993341 0.6642619312 0.1043285239 0.0632630411
1 0.5394006659 0.6709211987 0.0532741398 0.0699223085
1 0.5344062153 0.6137624861 0.0521642619 0.0577136515
1 0.6270810211 0.6254162042 0.0621531632 0.0654827969
1 0.6886792453 0.6143174251 0.0677025527 0.0677025527
1 0.2463928968 0.6964483907 0.0466148724 0.0632630411
1 0.2364039956 0.7586015538 0.0488346282 0.0632630411
1 0.2930077691 0.6875693674 0.0488346282 0.0588235294
1 0.2785793563 0.7536071032 0.0532741398 0.0688124306
1 0.3512763596 0.7669256382 0.0432852386 0.0688124306
1 0.3534961154 0.6992230855 0.0410654828 0.0599334073
1 0.4322974473 0.7186459489 0.0455049945 0.0543840178
1 0.4556048835 0.7719200888 0.0987791343 0.0699223085
1 0.4850166482 0.7158712542 0.0688124306 0.0599334073
1 0.5510543840 0.7513873474 0.0543840178 0.0643729190
1 0.6426193119 0.7697003330 0.0643729190 0.0765815760
1 0.6315205327 0.6908990011 0.0643729190 0.0788013319
1 0.7058823529 0.7602663707 0.0710321865 0.0732519423
1 0.6964483907 0.6859045505 0.0677025527 0.0821309656
1 0.2308546060 0.8274139845 0.0488346282 0.0699223085
1 0.2985571587 0.8263041065 0.0466148724 0.0699223085
1 0.3546059933 0.8362930078 0.0588235294 0.0743618202
1 0.4306326304 0.8418423973 0.0599334073 0.0765815760
1 0.4789123196 0.8312985572 0.0543840178 0.0688124306
1 0.5516093230 0.8107658158 0.0554938957 0.0654827969
1 0.6492785794 0.8479467259 0.0643729190 0.0887902331
1 0.7192008879 0.8407325194 0.0799112098 0.0854605993
1 0.2230854606 0.9594894562 0.0688124306 0.0743618202
1 0.2302996670 0.8940066593 0.0499445061 0.0654827969
1 0.2830188679 0.9639289678 0.0665926748 0.0721420644
1 0.2902330744 0.8945615982 0.0632630411 0.0688124306
1 0.3496115427 0.9067702553 0.0577136515 0.0732519423
1 0.4655937847 0.9128745838 0.1054384018 0.0788013319
1 0.5532741398 0.8762486127 0.0566037736 0.0721420644
1 0.5632630411 0.9489456160 0.0610432852 0.0776914539
1 0.6509433962 0.9339622642 0.0743618202 0.0876803552
1 0.7247502775 0.9300776915 0.0776914539 0.0954495006
1 0.2164261931 0.9961154273 0.0732519423 0.0077691454
1 0.4162042175 0.9744728080 0.0865704772 0.0510543840
1 0.4905660377 0.9761376249 0.0688124306 0.0477247503
1 0.5643729190 0.9944506104 0.0677025527 0.0110987791
1 0.6581576027 0.9900110988 0.0776914539 0.0199778024
1 0.7325194229 0.9900110988 0.0799112098 0.0199778024
