5 0.0686274510 0.0294117647 0.1127450980 0.0588235294
5 0.1654411765 0.0330882353 0.1029411765 0.0661764706
5 0.0049019608 0.1250000000 0.0098039216 0.1078431373
5 0.0680147059 0.1268382353 0.1286764706 0.1090686275
5 0.1715686275 0.1311274510 0.1053921569 0.1200980392
1 0.3057598039 0.1121323529 0.1433823529 0.2242647059
1 0.4344362745 0.1109068627 0.1482843137 0.2218137255
1 0.5680147059 0.1047794118 0.1433823529 0.2095588235
1 0.7077205882 0.1035539216 0.1433823529 0.2071078431
1 0.8504901961 0.1023284314 0.1470588235 0.2046568627
5 0.0851715686 0.2469362745 0.0600490196 0.0575980392
5 0.0306372549 0.2297794118 0.0612745098 0.0992647059
5 0.1685049020 0.2273284314 0.1090686275 0.0796568627
1 0.8511029412 0.3296568627 0.1360294118 0.1078431373
5 0.0287990196 0.4062500000 0.0575980392 0.1776960784
5 0.1023284314 0.4056372549 0.0723039216 0.1764705882
5 0.1678921569 0.4062500000 0.0612745098 0.1776960784
1 0.3915441176 0.4142156863 0.1139705882 0.2156862745
1 0.5018382353 0.4087009804 0.1164215686 0.2169117647
1 0.6115196078 0.4007352941 0.1200980392 0.2156862745
1 0.7273284314 0.3988970588 0.1262254902 0.2218137255
1 0.8541666667 0.4325980392 0.1397058824 0.1102941176
5 0.0177696078 0.6446078431 0.0355392157 0.1642156863
5 0.0686274510 0.6458333333 0.0637254902 0.1642156863
5 0.1439950980 0.6421568627 0.0698529412 0.1593137255
5 0.2193627451 0.6446078431 0.0759803922 0.1642156863
1 0.3419117647 0.6078431373 0.1446078431 0.1078431373
1 0.4718137255 0.5980392157 0.1323529412 0.0955882353
1 0.6017156863 0.5949754902 0.1323529412 0.0992647059
1 0.7310049020 0.5943627451 0.1384803922 0.1053921569
1 0.8590686275 0.5925245098 0.1397058824 0.1090686275
1 0.3431372549 0.7175245098 0.1470588235 0.1139705882
1 0.4773284314 0.7034313725 0.1384803922 0.1200980392
1 0.6072303922 0.6991421569 0.1311274510 0.1164215686
1 0.7359068627 0.6985294118 0.1311274510 0.1127450980
1 0.8633578431 0.6966911765 0.1360294118 0.1115196078
1 0.3363970588 0.8253676471 0.1139705882 0.1041666667
1 0.4460784314 0.8223039216 0.1127450980 0.1053921569
1 0.5508578431 0.8180147059 0.1164215686 0.1017156863
1 0.6550245098 0.8143382353 0.1090686275 0.1066176471
1 0.7689950980 0.8174019608 0.1237745098 0.1299019608
1 0.8829656863 0.8118872549 0.1213235294 0.1213235294
6 0.0232843137 0.8884803922 0.0465686275 0.2230392157
6 0.1047794118 0.8860294118 0.1041666667 0.2083333333
6 0.2101715686 0.8915441176 0.1213235294 0.2144607843
1 0.3406862745 0.9283088235 0.1151960784 0.1090686275
1 0.4509803922 0.9270833333 0.1127450980 0.1090686275
1 0.5582107843 0.9172794118 0.1090686275 0.1066176471
1 0.6636029412 0.9178921569 0.1090686275 0.1029411765
1 0.7763480392 0.9338235294 0.1237745098 0.1225490196
1 0.8921568627 0.9264705882 0.1127450980 0.1102941176
1 0.3480392157 0.9895833333 0.0882352941 0.0208333333
1 0.4246323529 0.9895833333 0.0870098039 0.0208333333
1 0.5006127451 0.9871323529 0.0870098039 0.0257352941
1 0.5857843137 0.9871323529 0.0857843137 0.0257352941
1 0.6636029412 0.9846813725 0.0894607843 0.0306372549
1 0.7322303922 0.9822303922 0.0698529412 0.0355392157
1 0.8045343137 0.9859068627 0.0894607843 0.0281862745
1 0.8988970588 0.9859068627 0.0894607843 0.0281862745
