1 0.1239242685 0.0456110155 0.1239242685 0.0912220310
1 0.2512908778 0.0413080895 0.1239242685 0.0826161790
1 0.3846815835 0.0473321859 0.1290877797 0.0946643718
1 0.5197934596 0.0395869191 0.1342512909 0.0791738382
1 0.6566265060 0.0387263339 0.1462994836 0.0774526678
5 0.7891566265 0.1024096386 0.0843373494 0.1876075731
5 0.8657487091 0.1075731497 0.0791738382 0.1807228916
5 0.9475043029 0.1015490534 0.0843373494 0.1893287435
1 0.1265060241 0.1437177281 0.1290877797 0.1049913941
1 0.2487091222 0.1428571429 0.1256454389 0.1067125645
1 0.3855421687 0.1428571429 0.1308089501 0.1032702238
1 0.5197934596 0.1411359725 0.1342512909 0.1067125645
1 0.6566265060 0.1376936317 0.1428571429 0.1101549053
5 0.9939759036 0.1127366609 0.0120481928 0.1772805508
1 0.1170395869 0.3063683305 0.1170395869 0.1032702238
1 0.2418244406 0.3476764200 0.1222030981 0.2203098107
1 0.3597246127 0.3433734940 0.1101549053 0.2082616179
1 0.4741824441 0.3425129088 0.1153184165 0.2168674699
1 0.5903614458 0.3382099828 0.1204819277 0.2254733219
5 0.8614457831 0.3528399312 0.1394148021 0.1893287435
5 0.9672977625 0.3537005164 0.0654044750 0.1876075731
1 0.1265060241 0.4113597246 0.1118760757 0.1032702238
5 0.9001721170 0.5103270224 0.0654044750 0.0533562823
5 0.8106712565 0.5387263339 0.1067125645 0.0791738382
5 0.9716006885 0.5430292599 0.0567986231 0.1015490534
1 0.1273666093 0.6506024096 0.1376936317 0.2168674699
1 0.2538726334 0.6574870912 0.1325301205 0.2271944923
1 0.3915662651 0.6566265060 0.1325301205 0.2117039587
1 0.5266781411 0.6480206540 0.1376936317 0.2185886403
1 0.6566265060 0.6600688468 0.1256454389 0.2185886403
5 0.7917383821 0.6265060241 0.0963855422 0.1170395869
5 0.9053356282 0.6462994836 0.1239242685 0.1084337349
5 0.9845094664 0.6445783133 0.0309810671 0.1049913941
5 0.7874354561 0.7478485370 0.0981067126 0.1359724613
5 0.8967297762 0.7857142857 0.1101549053 0.0499139415
5 0.8967297762 0.7340791738 0.1170395869 0.0602409639
1 0.1480206540 0.8795180723 0.1376936317 0.2409638554
5 0.7977624785 0.8752151463 0.0981067126 0.1084337349
5 0.9165232358 0.8941480207 0.1531841652 0.1290877797
5 0.8029259897 0.9638554217 0.1256454389 0.0722891566
5 0.9277108434 0.9845094664 0.1445783133 0.0309810671
