5 0.0703125000 0.0979166667 0.0843750000 0.0395833333
5 0.0515625000 0.1609375000 0.0531250000 0.0802083333
5 0.1041666667 0.1609375000 0.0479166667 0.0802083333
3 0.2348958333 0.1395833333 0.0510416667 0.0520833333
1 0.3364583333 0.1520833333 0.0604166667 0.1312500000
5 0.0145833333 0.1791666667 0.0291666667 0.0437500000
3 0.1869791667 0.1848958333 0.0593750000 0.0510416667
3 0.2390625000 0.1885416667 0.0510416667 0.0479166667
5 0.0489583333 0.3229166667 0.0854166667 0.0479166667
5 0.0453125000 0.2687500000 0.0885416667 0.0562500000
5 0.1223958333 0.3442708333 0.0572916667 0.0968750000
1 0.6593750000 0.2838541667 0.0645833333 0.0656250000
5 0.0489583333 0.3713541667 0.0875000000 0.0406250000
5 0.0312500000 0.5281250000 0.0625000000 0.0729166667
5 0.0296875000 0.4541666667 0.0593750000 0.0750000000
5 0.1098958333 0.4578125000 0.0947916667 0.0739583333
5 0.1135416667 0.5276041667 0.0937500000 0.0697916667
5 0.0354166667 0.6411458333 0.0708333333 0.0656250000
5 0.1145833333 0.6354166667 0.0875000000 0.0750000000
1 0.5661458333 0.6671875000 0.0760416667 0.0656250000
5 0.0338541667 0.7916666667 0.0635416667 0.0770833333
5 0.0364583333 0.7130208333 0.0729166667 0.0697916667
5 0.1177083333 0.7098958333 0.0833333333 0.0635416667
5 0.0307291667 0.8598958333 0.0614583333 0.0614583333
5 0.1182291667 0.8619791667 0.1072916667 0.0781250000
3 0.1828125000 0.1364583333 0.0552083333 0.0520833333
3 0.2848958333 0.1666666667 0.0510416667 0.0979166667
1 0.6250000000 0.7437500000 0.0625000000 0.0354166667
1 0.5338541667 0.0026041667 0.1260416667 0.0052083333
1 0.6552083333 0.0083333333 0.1187500000 0.0166666667
1 0.7682291667 0.0119791667 0.1135416667 0.0239583333
1 0.3937500000 0.1536458333 0.0562500000 0.1302083333
1 0.4458333333 0.1562500000 0.0562500000 0.1250000000
1 0.4979166667 0.1588541667 0.0520833333 0.1239583333
8 0.5723958333 0.1510416667 0.0947916667 0.1437500000
8 0.6682291667 0.1432291667 0.0843750000 0.1614583333
1 0.7666666667 0.1520833333 0.1041666667 0.1458333333
1 0.2947916667 0.2760416667 0.0750000000 0.0729166667
1 0.3739583333 0.2796875000 0.0729166667 0.0760416667
1 0.4484375000 0.2812500000 0.0718750000 0.0750000000
1 0.5208333333 0.2848958333 0.0708333333 0.0697916667
1 0.5895833333 0.2817708333 0.0687500000 0.0677083333
1 0.7270833333 0.2848958333 0.0687500000 0.0656250000
1 0.7906250000 0.2822916667 0.0625000000 0.0645833333
1 0.7286458333 0.3484375000 0.0677083333 0.0635416667
1 0.7890625000 0.3463541667 0.0614583333 0.0614583333
1 0.6567708333 0.3494791667 0.0677083333 0.0635416667
1 0.5906250000 0.3500000000 0.0645833333 0.0645833333
1 0.5187500000 0.3526041667 0.0687500000 0.0677083333
1 0.4442708333 0.3526041667 0.0718750000 0.0697916667
1 0.3723958333 0.3520833333 0.0718750000 0.0687500000
1 0.2979166667 0.3500000000 0.0770833333 0.0750000000
1 0.2182291667 0.3500000000 0.0781250000 0.0750000000
1 0.2171875000 0.2739583333 0.0802083333 0.0770833333
1 0.2239583333 0.4531250000 0.0833333333 0.0750000000
1 0.3046875000 0.4500000000 0.0802083333 0.0729166667
1 0.3843750000 0.4489583333 0.0770833333 0.0687500000
1 0.4567708333 0.4447916667 0.0718750000 0.0666666667
1 0.5244791667 0.4427083333 0.0656250000 0.0666666667
1 0.6588541667 0.4338541667 0.0593750000 0.0614583333
1 0.7265625000 0.4328125000 0.0572916667 0.0635416667
1 0.7291666667 0.4968750000 0.0479166667 0.0604166667
1 0.6651041667 0.4963541667 0.0572916667 0.0656250000
1 0.5953125000 0.5026041667 0.0677083333 0.0697916667
1 0.5932291667 0.4375000000 0.0656250000 0.0645833333
1 0.5270833333 0.5088541667 0.0625000000 0.0697916667
1 0.4552083333 0.5135416667 0.0708333333 0.0729166667
1 0.3822916667 0.5171875000 0.0687500000 0.0739583333
1 0.3067708333 0.5218750000 0.0781250000 0.0729166667
1 0.2250000000 0.5260416667 0.0812500000 0.0770833333
1 0.2343750000 0.6223958333 0.0916666667 0.0802083333
1 0.2348958333 0.6989583333 0.0885416667 0.0750000000
1 0.3229166667 0.6208333333 0.0854166667 0.0687500000
1 0.3250000000 0.6927083333 0.0875000000 0.0750000000
1 0.4067708333 0.6052083333 0.0822916667 0.0770833333
1 0.4104166667 0.6807291667 0.0812500000 0.0760416667
1 0.4911458333 0.6744791667 0.0781250000 0.0635416667
1 0.4885416667 0.6098958333 0.0770833333 0.0656250000
1 0.5625000000 0.6031250000 0.0750000000 0.0625000000
1 0.6369791667 0.6640625000 0.0593750000 0.0635416667
1 0.6395833333 0.6005208333 0.0625000000 0.0614583333
1 0.2531250000 0.7848958333 0.0937500000 0.0760416667
1 0.3489583333 0.7786458333 0.0875000000 0.0885416667
1 0.4421875000 0.7671875000 0.0822916667 0.0760416667
1 0.2489583333 0.8656250000 0.0979166667 0.0833333333
1 0.3494791667 0.8583333333 0.0885416667 0.0770833333
1 0.4359375000 0.8437500000 0.0822916667 0.0666666667
1 0.3541666667 0.9458333333 0.0875000000 0.0812500000
1 0.2557291667 0.9302083333 0.0927083333 0.0604166667
1 0.4218750000 0.9645833333 0.1520833333 0.0708333333
1 0.5713541667 0.9552083333 0.1406250000 0.0729166667
1 0.3270833333 0.9906250000 0.0291666667 0.0187500000
