7 0.0126903553 0.0304568528 0.0253807107 0.0609137056
4 0.2529610829 0.0313028765 0.1607445008 0.0626057530
7 0.0093062606 0.1370558376 0.0186125212 0.1184433164
4 0.2326565144 0.1328257191 0.1573604061 0.1505922166
7 0.0076142132 0.2512690355 0.0152284264 0.1235194585
7 0.0067681895 0.3637901861 0.0135363790 0.1116751269
4 0.2512690355 0.2876480541 0.1607445008 0.1522842640
7 0.4847715736 0.2876480541 0.0795262267 0.1184433164
7 0.0067681895 0.4686971235 0.0135363790 0.1049069374
4 0.2487309645 0.4357021997 0.1624365482 0.1472081218
4 0.2453468697 0.5846023689 0.1590524535 0.1472081218
7 0.4771573604 0.4923857868 0.0439932318 0.2842639594
7 0.6768189509 0.5423011844 0.0846023689 0.2994923858
7 0.5913705584 0.4966159052 0.1099830795 0.2724196277
6 0.2258883249 0.7241962775 0.0829103215 0.1387478849
7 0.2842639594 0.7165820643 0.0913705584 0.1979695431
6 0.6235194585 0.7351945854 0.1573604061 0.1438240271
6 0.0067681895 0.8849407783 0.0135363790 0.0947546531
6 0.0093062606 0.7876480541 0.0186125212 0.0930626058
6 0.2597292724 0.9306260575 0.1472081218 0.1252115059
6 0.6150592217 0.8815566836 0.1573604061 0.1556683587
6 0.2275803723 0.9949238579 0.1201353638 0.0101522843
6 0.6175972927 0.9822335025 0.1590524535 0.0355329949
