8 0.4697164948 0.0463917526 0.1533505155 0.0927835052
1 0.5908505155 0.0418814433 0.0992268041 0.0837628866
1 0.6907216495 0.0302835052 0.1108247423 0.0605670103
1 0.7925257732 0.0257731959 0.1365979381 0.0515463918
8 0.3505154639 0.0541237113 0.0824742268 0.1082474227
1 0.7944587629 0.2364690722 0.1327319588 0.1688144330
1 0.3717783505 0.2970360825 0.0863402062 0.1533505155
1 0.4652061856 0.2867268041 0.0876288660 0.1688144330
1 0.5592783505 0.2673969072 0.1005154639 0.1713917526
1 0.6733247423 0.2551546392 0.1095360825 0.1829896907
1 0.3505154639 0.4987113402 0.1056701031 0.0798969072
1 0.4536082474 0.5657216495 0.1056701031 0.1005154639
1 0.4555412371 0.4768041237 0.1043814433 0.0850515464
1 0.5695876289 0.4813144330 0.1134020619 0.0914948454
1 0.6733247423 0.4748711340 0.1069587629 0.1018041237
1 0.7925257732 0.4735824742 0.1314432990 0.1018041237
1 0.3524484536 0.5792525773 0.1018041237 0.0811855670
1 0.5702319588 0.5766752577 0.1121134021 0.1069587629
1 0.6862113402 0.5702319588 0.1095360825 0.0914948454
1 0.7957474227 0.5747422680 0.1018041237 0.0798969072
1 0.3228092784 0.7255154639 0.0889175258 0.0979381443
1 0.4149484536 0.7210051546 0.0927835052 0.0940721649
1 0.5038659794 0.7280927835 0.0927835052 0.1005154639
1 0.6024484536 0.7216494845 0.1018041237 0.1030927835
1 0.6810567010 0.7603092784 0.0657216495 0.1726804124
1 0.7506443299 0.7693298969 0.0786082474 0.1804123711
1 0.8298969072 0.7712628866 0.0850515464 0.1868556701
1 0.3827319588 0.8118556701 0.0592783505 0.0747422680
1 0.4548969072 0.8176546392 0.0618556701 0.0863402062
1 0.6114690722 0.8208762887 0.0786082474 0.0798969072
1 0.3485824742 0.9697164948 0.1533505155 0.0605670103
1 0.4587628866 0.9703608247 0.0747422680 0.0592783505
1 0.5309278351 0.9722938144 0.0824742268 0.0554123711
1 0.6088917526 0.9716494845 0.0863402062 0.0567010309
1 0.6887886598 0.9761597938 0.0914948454 0.0476804124
1 0.7693298969 0.9787371134 0.0876288660 0.0425257732
1 0.8498711340 0.9800257732 0.0914948454 0.0399484536
