7 0.0403120936 0.0832249675 0.0806241873 0.1664499350
7 0.1306892068 0.0858257477 0.1781534460 0.1716514954
7 0.4213263979 0.0910273082 0.1534460338 0.1820546164
7 0.2711313394 0.0884265280 0.1651495449 0.1768530559
7 0.5676202861 0.0923276983 0.1625487646 0.1846553966
7 0.7074122237 0.0916775033 0.1768530559 0.1833550065
0 0.0448634590 0.3959687906 0.0897269181 0.1599479844
7 0.1534460338 0.4739921977 0.1534460338 0.3081924577
7 0.3016905072 0.4752925878 0.1560468140 0.3003901170
7 0.4505851756 0.4791937581 0.1495448635 0.2873862159
7 0.5923276983 0.4798439532 0.1547464239 0.2964889467
7 0.7353706112 0.4902470741 0.1495448635 0.2938881664
7 0.8745123537 0.4902470741 0.1573472042 0.2990897269
7 0.9642392718 0.4941482445 0.0715214564 0.2938881664
0 0.0416124837 0.5591677503 0.0832249675 0.1976592978
6 0.0442132640 0.9122236671 0.0884265280 0.1755526658
6 0.1657997399 0.9135240572 0.1651495449 0.1729518856
4 0.3198959688 0.9148244473 0.1638491547 0.1703511053
4 0.4869960988 0.9148244473 0.1885565670 0.1703511053
4 0.8075422627 0.9174252276 0.2080624187 0.1651495449
1 0.9499349805 0.9232769831 0.1001300390 0.1534460338
4 0.6501950585 0.9245773732 0.1404421326 0.1508452536
