1 0.1040462428 0.0187861272 0.0895953757 0.0375722543
1 0.1856936416 0.0202312139 0.0910404624 0.0404624277
1 0.2673410405 0.0216763006 0.0953757225 0.0433526012
1 0.3554913295 0.0231213873 0.0838150289 0.0462427746
1 0.4378612717 0.0252890173 0.0809248555 0.0505780347
1 0.9609826590 0.0043352601 0.0780346821 0.0086705202
1 0.5368497110 0.0281791908 0.1112716763 0.0563583815
1 0.6495664740 0.0296242775 0.1083815029 0.0563583815
1 0.7651734104 0.0339595376 0.1026011561 0.0592485549
1 0.8684971098 0.0354046243 0.1011560694 0.0650289017
1 0.9617052023 0.0390173410 0.0765895954 0.0693641618
1 0.0946531792 0.1705202312 0.1257225434 0.1705202312
1 0.2023121387 0.1734104046 0.1242774566 0.1705202312
1 0.3063583815 0.1748554913 0.1069364162 0.1676300578
1 0.3995664740 0.1763005780 0.1026011561 0.1618497110
1 0.4978323699 0.1856936416 0.0968208092 0.1661849711
1 0.5932080925 0.2326589595 0.0939306358 0.0867052023
1 0.5960982659 0.1452312139 0.0910404624 0.0852601156
1 0.6958092486 0.1459537572 0.0881502890 0.0809248555
1 0.7882947977 0.1495664740 0.0910404624 0.0852601156
1 0.8836705202 0.1560693642 0.1026011561 0.0838150289
1 0.9696531792 0.1596820809 0.0606936416 0.0852601156
1 0.6871387283 0.2355491329 0.0939306358 0.0867052023
1 0.7825144509 0.2369942197 0.1026011561 0.0895953757
1 0.8858381503 0.2434971098 0.1011560694 0.0852601156
1 0.9696531792 0.2492774566 0.0606936416 0.0881502890
1 0.0758670520 0.3966763006 0.1228323699 0.1864161850
1 0.1871387283 0.4053468208 0.1257225434 0.1893063584
1 0.2991329480 0.4060693642 0.1098265896 0.1907514451
1 0.3930635838 0.4046242775 0.1069364162 0.1820809249
1 0.4927745665 0.3641618497 0.0982658960 0.0895953757
1 0.5932080925 0.3699421965 0.0997109827 0.0953757225
1 0.6921965318 0.3757225434 0.1011560694 0.0953757225
1 0.7926300578 0.3815028902 0.0997109827 0.1040462428
1 0.8908959538 0.3822254335 0.0968208092 0.0968208092
1 0.9703757225 0.3887283237 0.0592485549 0.0982658960
1 0.0433526012 0.6278901734 0.0867052023 0.1719653179
1 0.1141618497 0.6286127168 0.0867052023 0.1705202312
1 0.1842485549 0.6322254335 0.0852601156 0.1690751445
1 0.2579479769 0.6351156069 0.0823699422 0.1719653179
1 0.3309248555 0.6372832370 0.0838150289 0.1734104046
1 0.4031791908 0.6401734104 0.0809248555 0.1734104046
1 0.4747109827 0.6423410405 0.0794797688 0.1748554913
1 0.5476878613 0.6437861272 0.0780346821 0.1748554913
1 0.6921965318 0.6481213873 0.0722543353 0.1748554913
1 0.6192196532 0.6466763006 0.0736994220 0.1748554913
1 0.7673410405 0.6539017341 0.0780346821 0.1777456647
1 0.8403179191 0.6560693642 0.0736994220 0.1763005780
1 0.9140173410 0.6596820809 0.0794797688 0.1777456647
1 0.9725433526 0.6618497110 0.0549132948 0.1791907514
1 0.0361271676 0.8851156069 0.0722543353 0.1777456647
1 0.1119942197 0.8858381503 0.0939306358 0.1849710983
1 0.1914739884 0.8858381503 0.0881502890 0.1763005780
1 0.3041907514 0.8807803468 0.1372832370 0.1575144509
1 0.4450867052 0.8851156069 0.1358381503 0.1575144509
1 0.5968208092 0.8973988439 0.1676300578 0.1820809249
