1 0.7297581493 0.0241850683 0.1640378549 0.0483701367
5 0.0552050473 0.0515247108 0.1104100946 0.0946372240
5 0.1572029443 0.0620399579 0.0830704522 0.1009463722
2 0.3827549947 0.0425867508 0.1619348055 0.0851735016
5 0.0809674027 0.1808622503 0.0967402734 0.0525762355
5 0.0783385910 0.1377497371 0.0893796004 0.0399579390
5 0.1640378549 0.1619348055 0.0883280757 0.1030494217
5 0.0152471083 0.2639327024 0.0304942166 0.0925341746
5 0.0804416404 0.2655099895 0.1104100946 0.0935856993
5 0.1692954784 0.2691903260 0.0904311251 0.1030494217
1 0.2844374343 0.2465825447 0.1230283912 0.2050473186
1 0.3948475289 0.2465825447 0.1272344900 0.2008412198
1 0.5094637224 0.2329127234 0.1230283912 0.2071503680
1 0.6293375394 0.2297581493 0.1230283912 0.2092534175
1 0.7518401682 0.2302839117 0.1261829653 0.2039957939
5 0.0951629863 0.3685594111 0.0515247108 0.0494216614
5 0.0373291272 0.3538380652 0.0746582545 0.0851735016
5 0.1666666667 0.3517350158 0.0935856993 0.0683491062
1 0.7523659306 0.4395373291 0.1167192429 0.0925341746
5 0.0357518402 0.5052576236 0.0715036803 0.1524710831
5 0.1098843323 0.5047318612 0.0620399579 0.1514195584
5 0.1661409043 0.5052576236 0.0525762355 0.1524710831
1 0.3580441640 0.5120925342 0.0977917981 0.1850683491
1 0.4526813880 0.5073606730 0.0998948475 0.1861198738
1 0.5467928496 0.5005257624 0.1030494217 0.1850683491
1 0.6461619348 0.4989484753 0.1083070452 0.1903259727
1 0.7549947424 0.5278654048 0.1198738170 0.0946372240
5 0.0262881178 0.7097791798 0.0525762355 0.1409043113
5 0.0809674027 0.7108307045 0.0546792850 0.1409043113
5 0.1456361725 0.7076761304 0.0599369085 0.1366982124
5 0.2103049422 0.7097791798 0.0651945321 0.1409043113
1 0.3154574132 0.6782334385 0.1240799159 0.0925341746
1 0.4269190326 0.6698212408 0.1135646688 0.0820189274
1 0.5383806519 0.6671924290 0.1135646688 0.0851735016
1 0.6493165089 0.6666666667 0.1188222923 0.0904311251
1 0.7592008412 0.6650893796 0.1198738170 0.0935856993
1 0.3165089380 0.7723449001 0.1261829653 0.0977917981
1 0.4316508938 0.7602523659 0.1188222923 0.1030494217
1 0.5431125131 0.7565720294 0.1125131441 0.0998948475
1 0.6535226078 0.7560462671 0.1125131441 0.0967402734
1 0.7628811777 0.7544689800 0.1167192429 0.0956887487
1 0.3107255521 0.8648790747 0.0977917981 0.0893796004
1 0.4048370137 0.8622502629 0.0967402734 0.0904311251
1 0.4947423764 0.8585699264 0.0998948475 0.0872765510
1 0.5841219769 0.8554153523 0.0935856993 0.0914826498
1 0.6819137750 0.8580441640 0.1062039958 0.1114616193
1 0.7797055731 0.8533123028 0.1041009464 0.1041009464
6 0.0310199790 0.9116719243 0.0620399579 0.1766561514
6 0.1119873817 0.9137749737 0.0893796004 0.1724500526
6 0.2024185068 0.9148264984 0.1041009464 0.1703470032
1 0.3144058885 0.9532071504 0.0988433228 0.0935856993
1 0.4090431125 0.9521556257 0.0967402734 0.0935856993
1 0.5010515247 0.9437434280 0.0935856993 0.0914826498
1 0.5914826498 0.9442691903 0.0935856993 0.0883280757
1 0.6882229232 0.9526813880 0.1062039958 0.0946372240
1 0.7875920084 0.9516298633 0.0967402734 0.0946372240
1 0.4516298633 0.9963196635 0.0746582545 0.0073606730
1 0.5247108307 0.9963196635 0.0736067298 0.0073606730
1 0.5914826498 0.9942166141 0.0767613039 0.0115667718
1 0.6503680336 0.9921135647 0.0599369085 0.0157728707
1 0.7124079916 0.9952681388 0.0767613039 0.0094637224
1 0.7933753943 0.9952681388 0.0767613039 0.0094637224
