1 0.0286738351 0.2311827957 0.0573476703 0.0609318996
1 0.0997610514 0.2473118280 0.0728793309 0.0740740741
1 0.1612903226 0.2407407407 0.0573476703 0.0800477897
1 0.2222222222 0.2443249701 0.0645161290 0.0752688172
1 0.3739545998 0.2317801673 0.1194743130 0.0573476703
1 0.6959378734 0.2240143369 0.1445639188 0.0681003584
1 0.9265232975 0.2198327360 0.1182795699 0.0525686977
1 0.9862604540 0.1851851852 0.0274790920 0.1362007168
1 0.0035842294 0.2951015532 0.0071684588 0.0692951016
1 0.0382317802 0.2992831541 0.0692951016 0.0704898447
1 0.1720430108 0.3231780167 0.0573476703 0.0800477897
1 0.1135005974 0.3249701314 0.0645161290 0.0860215054
1 0.3715651135 0.2879330944 0.1170848268 0.0573476703
1 0.5519713262 0.2610513740 0.1218637993 0.1111111111
1 0.6893667861 0.2879330944 0.1433691756 0.0645161290
1 0.9121863799 0.2801672640 0.1087216249 0.0609318996
1 0.9701314217 0.3124253286 0.0549581840 0.1278375149
1 0.0095579450 0.3643966547 0.0191158901 0.0716845878
1 0.0501792115 0.3751493429 0.0621266428 0.0549581840
1 0.1696535245 0.3996415771 0.0573476703 0.0633213859
1 0.2252090800 0.3303464755 0.0657108722 0.0681003584
1 0.3715651135 0.3428912784 0.1170848268 0.0501792115
1 0.3715651135 0.3882915173 0.1099163680 0.0477897252
1 0.5465949821 0.3721624851 0.1182795699 0.1111111111
1 0.6792114695 0.3769414576 0.1517323775 0.1087216249
1 0.8954599761 0.3990442055 0.1111111111 0.0573476703
1 0.9044205496 0.3422939068 0.0979689367 0.0585424134
7 0.9868578256 0.3870967742 0.0262843489 0.0908004779
7 0.9898446834 0.3315412186 0.0203106332 0.0896057348
1 0.0113500597 0.4366786141 0.0227001195 0.0728793309
1 0.0567502987 0.4372759857 0.0681003584 0.0764635603
1 0.1218637993 0.4074074074 0.0525686977 0.0716845878
1 0.2299880526 0.4032258065 0.0633213859 0.0681003584
1 0.3703703704 0.4784946237 0.1075268817 0.0418160096
1 0.3709677419 0.4330943847 0.1087216249 0.0465949821
1 0.5340501792 0.4772998805 0.1123058542 0.1015531661
1 0.8727598566 0.4540023895 0.0943847073 0.0597371565
1 0.9647550777 0.4408602151 0.0704898447 0.1218637993
1 0.0597371565 0.5131421744 0.0669056153 0.0800477897
1 0.2037037037 0.5280764636 0.1230585424 0.0669056153
7 0.3697729988 0.5244922342 0.1158900836 0.0454002389
1 0.6702508961 0.4874551971 0.1457586619 0.1027479092
1 0.8673835125 0.5113500597 0.0716845878 0.0477897252
1 0.9462365591 0.5029868578 0.1075268817 0.1170848268
1 0.0740740741 0.5782556750 0.0549581840 0.0549581840
0 0.1463560335 0.5812425329 0.0346475508 0.0418160096
0 0.2126642772 0.6302270012 0.1146953405 0.0537634409
0 0.2150537634 0.5860215054 0.1051373955 0.0489844683
7 0.3811230585 0.5878136201 0.0836320191 0.0884109916
1 0.5316606930 0.5686977300 0.1075268817 0.0955794504
0 0.6768219833 0.6218637993 0.0776583035 0.0585424134
7 0.8709677419 0.5991636798 0.0788530466 0.1612903226
1 0.0549581840 0.6475507766 0.1099163680 0.0740740741
0 0.1421744325 0.6989247312 0.0334528076 0.0692951016
0 0.2138590203 0.6965352449 0.1123058542 0.0764635603
0 0.3709677419 0.6720430108 0.1015531661 0.0824372760
1 0.5232974910 0.6636798088 0.1051373955 0.0872162485
0 0.6427718041 0.6804062127 0.1218637993 0.0657108722
2 0.7735961768 0.6875746714 0.0704898447 0.1254480287
1 0.8267622461 0.6857825568 0.0573476703 0.1075268817
6 0.0878136201 0.7747909200 0.0609318996 0.0561529271
6 0.0280764636 0.7777777778 0.0561529271 0.0645161290
1 0.0549581840 0.7150537634 0.1099163680 0.0657108722
0 0.1499402628 0.7586618877 0.0394265233 0.0477897252
0 0.2186379928 0.7610513740 0.1027479092 0.0549581840
7 0.3745519713 0.7759856631 0.0776583035 0.0227001195
4 0.3614097969 0.7389486260 0.1182795699 0.0561529271
6 0.4659498208 0.7365591398 0.0692951016 0.0657108722
4 0.5041816010 0.7819593787 0.1003584229 0.0346475508
6 0.5316606930 0.7383512545 0.0692951016 0.0621266428
0 0.6284348865 0.7365591398 0.1218637993 0.0609318996
1 0.8136200717 0.7508960573 0.0501792115 0.1015531661
7 0.7467144564 0.7724014337 0.0573476703 0.0561529271
5 0.0107526882 0.8327359618 0.0215053763 0.0430107527
5 0.0949820789 0.8285543608 0.0585424134 0.0418160096
5 0.0430107527 0.8315412186 0.0454002389 0.0477897252
7 0.1618876941 0.8124253286 0.0274790920 0.0621266428
7 0.2222222222 0.8130227001 0.0931899642 0.0609318996
7 0.3070489845 0.8094384707 0.0358422939 0.0465949821
7 0.3763440860 0.8225806452 0.0716845878 0.0274790920
7 0.3751493429 0.7980884110 0.0740740741 0.0262843489
7 0.3799283154 0.8440860215 0.0621266428 0.0203106332
4 0.5000000000 0.8106332139 0.0991636798 0.0346475508
4 0.4970131422 0.8452807646 0.1075268817 0.0394265233
0 0.5973715651 0.8393070490 0.0573476703 0.0537634409
0 0.7060931900 0.8518518519 0.0430107527 0.0454002389
0 0.6314217443 0.7927120669 0.1039426523 0.0513739546
0 0.6511350060 0.8440860215 0.0549581840 0.0513739546
5 0.0764635603 0.8697729988 0.0908004779 0.0334528076
5 0.0806451613 0.9091995221 0.0896057348 0.0358422939
7 0.1583034648 0.8775388292 0.0394265233 0.0681003584
7 0.2234169654 0.8757467145 0.0931899642 0.0692951016
7 0.3930704898 0.8703703704 0.0310633214 0.0298685783
7 0.3805256870 0.8900836320 0.0537634409 0.0238948626
7 0.3327359618 0.8655913978 0.0322580645 0.0274790920
4 0.4814814815 0.8757467145 0.1266427718 0.0430107527
0 0.5943847073 0.8882915173 0.0609318996 0.0561529271
0 0.6427718041 0.8900836320 0.0501792115 0.0501792115
2 0.8183990442 0.9193548387 0.0979689367 0.1612903226
0 0.7502986858 0.9408602151 0.0764635603 0.1182795699
