5 0.1664739884 0.0196531792 0.0439306358 0.0393063584
3 0.2138728324 0.0184971098 0.0485549133 0.0369942197
3 0.2624277457 0.0161849711 0.0462427746 0.0323699422
3 0.3115606936 0.0173410405 0.0635838150 0.0346820809
7 0.3624277457 0.0167630058 0.0566473988 0.0335260116
7 0.4150289017 0.0150289017 0.0554913295 0.0300578035
7 0.4664739884 0.0150289017 0.0543352601 0.0300578035
7 0.5190751445 0.0150289017 0.0531791908 0.0300578035
7 0.6156069364 0.0144508671 0.0543352601 0.0289017341
7 0.5670520231 0.0150289017 0.0520231214 0.0300578035
7 0.6699421965 0.0150289017 0.0566473988 0.0300578035
7 0.7601156069 0.0138728324 0.1306358382 0.0277456647
7 0.8965317919 0.0092485549 0.1421965318 0.0184971098
7 0.9843930636 0.0098265896 0.0312138728 0.0196531792
5 0.0855491329 0.1589595376 0.0416184971 0.0427745665
1 0.2803468208 0.1526011561 0.0658959538 0.1387283237
1 0.3947976879 0.1520231214 0.0589595376 0.1398843931
1 0.3369942197 0.1520231214 0.0566473988 0.1375722543
1 0.4560693642 0.1543352601 0.0589595376 0.1468208092
4 0.5965317919 0.1439306358 0.0924855491 0.1676300578
4 0.6803468208 0.1427745665 0.0728323699 0.1653179191
4 0.7485549133 0.1439306358 0.0751445087 0.1699421965
4 0.8271676301 0.1410404624 0.0797687861 0.1710982659
0 0.8959537572 0.1439306358 0.0763005780 0.1699421965
0 0.9641618497 0.1427745665 0.0716763006 0.1722543353
5 0.0884393064 0.2034682081 0.0427745665 0.0416184971
5 0.1294797688 0.1797687861 0.0531791908 0.0936416185
5 0.1768786127 0.1803468208 0.0439306358 0.0924855491
5 0.2202312139 0.1739884393 0.0473988439 0.1005780347
5 0.1583815029 0.3578034682 0.0601156069 0.1260115607
5 0.1086705202 0.3566473988 0.0624277457 0.1236994220
5 0.2132947977 0.3606936416 0.0520231214 0.1202312139
5 0.2664739884 0.3641618497 0.0589595376 0.1202312139
1 0.3578034682 0.3601156069 0.1352601156 0.1352601156
1 0.4919075145 0.3630057803 0.1375722543 0.1341040462
7 0.8601156069 0.3768786127 0.0739884393 0.1479768786
7 0.9445086705 0.3780346821 0.1109826590 0.1479768786
5 0.1751445087 0.5317919075 0.0566473988 0.1156069364
5 0.2242774566 0.5335260116 0.0554913295 0.1144508671
1 0.2953757225 0.5445086705 0.0982658960 0.1017341040
1 0.3687861272 0.5369942197 0.0531791908 0.1213872832
1 0.4208092486 0.5404624277 0.0531791908 0.1213872832
1 0.5289017341 0.5497109827 0.0543352601 0.1236994220
1 0.4734104046 0.5439306358 0.0543352601 0.1236994220
1 0.6208092486 0.5526011561 0.1294797688 0.1202312139
7 0.7485549133 0.5635838150 0.1283236994 0.1260115607
5 0.8693641618 0.5676300578 0.1364161850 0.1294797688
7 0.9635838150 0.5705202312 0.0728323699 0.1260115607
5 0.3768786127 0.6884393064 0.0670520231 0.0890173410
6 0.6138728324 0.7104046243 0.1156069364 0.1098265896
7 0.7289017341 0.7179190751 0.1213872832 0.1017341040
7 0.8450867052 0.7260115607 0.1248554913 0.1063583815
7 0.9491329480 0.7312138728 0.1017341040 0.0982658960
2 0.2046242775 0.8040462428 0.1225433526 0.0612716763
2 0.4104046243 0.8398843931 0.1479768786 0.0797687861
7 0.5156069364 0.8369942197 0.0601156069 0.0763005780
7 0.6017341040 0.8450867052 0.0936416185 0.0878612717
7 0.7000000000 0.8514450867 0.1098265896 0.0867052023
7 0.7959537572 0.8601156069 0.0797687861 0.0994219653
7 0.8924855491 0.8763005780 0.0693641618 0.0924855491
7 0.9514450867 0.8815028902 0.0670520231 0.0936416185
2 0.2404624277 0.9514450867 0.1433526012 0.0971098266
7 0.8375722543 0.9867052023 0.0728323699 0.0265895954
0 0.9063583815 0.9947976879 0.0832369942 0.0104046243
5 0.1138728324 0.0184971098 0.0612716763 0.0369942197
5 0.0699421965 0.0196531792 0.0427745665 0.0393063584
4 0.5965317919 0.3618497110 0.0763005780 0.1364161850
5 0.1710982659 0.6791907514 0.0693641618 0.0913294798
5 0.2427745665 0.6815028902 0.0763005780 0.0867052023
5 0.3127167630 0.6838150289 0.0682080925 0.0867052023
6 0.4763005780 0.7121387283 0.1387283237 0.0624277457
6 0.4786127168 0.6716763006 0.1479768786 0.0439306358
4 0.7953757225 0.3676300578 0.0670520231 0.1364161850
4 0.7375722543 0.3664739884 0.0624277457 0.1364161850
4 0.6739884393 0.3647398844 0.0786127168 0.1375722543
