7 0.0599128540 0.0315904139 0.1067538126 0.0631808279
0 0.1759259259 0.0266884532 0.1078431373 0.0533769063
0 0.3033769063 0.0081699346 0.1013071895 0.0163398693
0 0.4155773420 0.0288671024 0.0904139434 0.0511982571
0 0.5321350763 0.0119825708 0.0795206972 0.0239651416
0 0.6285403050 0.0179738562 0.0544662309 0.0359477124
0 0.6786492375 0.0190631808 0.0610021786 0.0381263617
7 0.0702614379 0.0920479303 0.0947712418 0.0620915033
0 0.1737472767 0.0653594771 0.1034858388 0.0479302832
0 0.1732026144 0.1002178649 0.0980392157 0.0457516340
0 0.2941176471 0.0724400871 0.0915032680 0.0468409586
0 0.3001089325 0.0321350763 0.0969498911 0.0446623094
0 0.4030501089 0.0713507625 0.0915032680 0.0468409586
0 0.5049019608 0.0789760349 0.0838779956 0.0403050109
0 0.5217864924 0.0397603486 0.0915032680 0.0403050109
0 0.5909586057 0.0909586057 0.0577342048 0.0446623094
0 0.6132897603 0.0528322440 0.0588235294 0.0403050109
0 0.6590413943 0.0588235294 0.0566448802 0.0479302832
7 0.0762527233 0.1476034858 0.0980392157 0.0664488017
0 0.1764705882 0.1356209150 0.0915032680 0.0381263617
0 0.2826797386 0.1514161220 0.0816993464 0.0435729847
0 0.2897603486 0.1132897603 0.0915032680 0.0392156863
0 0.4940087146 0.1165577342 0.0773420479 0.0326797386
7 0.1013071895 0.2156862745 0.0217864924 0.0544662309
4 0.1819172113 0.2124183007 0.0762527233 0.0283224401
0 0.1775599129 0.1726579521 0.0849673203 0.0446623094
4 0.2690631808 0.2200435730 0.0653594771 0.0305010893
2 0.4095860566 0.1840958606 0.1938997821 0.0871459695
2 0.5827886710 0.1955337691 0.1917211329 0.1405228758
7 0.0795206972 0.2810457516 0.0326797386 0.0457516340
7 0.0800653595 0.2401960784 0.0250544662 0.0403050109
7 0.1040305011 0.2717864924 0.0228758170 0.0599128540
4 0.1835511983 0.2429193900 0.0773420479 0.0348583878
4 0.1857298475 0.2777777778 0.0795206972 0.0392156863
4 0.2783224401 0.2794117647 0.0642701525 0.0315904139
4 0.2734204793 0.2489106754 0.0631808279 0.0294117647
2 0.4199346405 0.2527233115 0.2015250545 0.0806100218
7 0.1056644880 0.3267973856 0.0239651416 0.0544662309
7 0.0833333333 0.3790849673 0.0337690632 0.0544662309
7 0.0816993464 0.3278867102 0.0305010893 0.0522875817
7 0.1078431373 0.3779956427 0.0261437908 0.0544662309
4 0.1911764706 0.3491285403 0.0795206972 0.0381263617
4 0.1889978214 0.3137254902 0.0773420479 0.0370370370
4 0.2810457516 0.3099128540 0.0675381264 0.0315904139
4 0.2897603486 0.3758169935 0.0740740741 0.0348583878
4 0.2870370370 0.3425925926 0.0729847495 0.0315904139
2 0.4330065359 0.3355119826 0.2037037037 0.0871459695
2 0.6171023965 0.3387799564 0.2037037037 0.1655773420
7 0.0838779956 0.4308278867 0.0305010893 0.0490196078
7 0.0555555556 0.4112200436 0.0305010893 0.0490196078
7 0.1100217865 0.4281045752 0.0261437908 0.0479302832
4 0.1884531590 0.3845315904 0.0871459695 0.0370370370
4 0.1917211329 0.4193899782 0.0936819172 0.0392156863
4 0.2935729847 0.4079520697 0.0751633987 0.0337690632
4 0.2973856209 0.4411764706 0.0762527233 0.0326797386
2 0.4482570806 0.4264705882 0.2058823529 0.0904139434
7 0.0866013072 0.5076252723 0.0294117647 0.0413943355
7 0.1116557734 0.4651416122 0.0228758170 0.0261437908
7 0.1132897603 0.5152505447 0.0217864924 0.0261437908
4 0.1944444444 0.4558823529 0.0925925926 0.0381263617
7 0.1116557734 0.4907407407 0.0228758170 0.0272331155
4 0.1971677560 0.4912854031 0.0936819172 0.0370370370
4 0.3011982571 0.4760348584 0.0795206972 0.0370370370
4 0.3039215686 0.5119825708 0.0740740741 0.0370370370
2 0.6661220044 0.5005446623 0.2320261438 0.1862745098
4 0.0038126362 0.5599128540 0.0076252723 0.0435729847
7 0.0876906318 0.5430283224 0.0315904139 0.0315904139
4 0.1960784314 0.5261437908 0.0958605664 0.0392156863
7 0.1198257081 0.5408496732 0.0348583878 0.0272331155
7 0.1192810458 0.5664488017 0.0359477124 0.0283224401
4 0.1960784314 0.5648148148 0.0936819172 0.0381263617
4 0.3077342048 0.5490196078 0.0729847495 0.0413943355
2 0.4624183007 0.5196078431 0.2145969499 0.1045751634
4 0.0043572985 0.6013071895 0.0087145969 0.0479302832
4 0.0038126362 0.6432461874 0.0076252723 0.0511982571
6 0.2156862745 0.6100217865 0.0457516340 0.0392156863
2 0.4820261438 0.6116557734 0.2342047930 0.1252723312
4 0.0038126362 0.6830065359 0.0076252723 0.0479302832
6 0.1688453159 0.6595860566 0.0893246187 0.0446623094
2 0.7091503268 0.6742919390 0.2396514161 0.2069716776
2 0.3360566449 0.7832244009 0.1470588235 0.2636165577
2 0.5152505447 0.7870370370 0.2592592593 0.2581699346
2 0.7325708061 0.8409586057 0.2124183007 0.1350762527
