7 0.2733990148 0.0036945813 0.0812807882 0.0073891626
7 0.5264778325 0.0246305419 0.1810344828 0.0492610837
7 0.4076354680 0.0203201970 0.0689655172 0.0406403941
1 0.1644088670 0.2500000000 0.0948275862 0.1477832512
1 0.2703201970 0.2426108374 0.0972906404 0.1576354680
1 0.3651477833 0.2444581281 0.0997536946 0.1514778325
1 0.4618226601 0.2500000000 0.0911330049 0.1379310345
1 0.5511083744 0.2266009852 0.0923645320 0.1453201970
1 0.6317733990 0.2395320197 0.0837438424 0.1514778325
1 0.7333743842 0.2327586207 0.0849753695 0.1428571429
1 0.7807881773 0.3903940887 0.0960591133 0.1527093596
1 0.1779556650 0.4501231527 0.0874384236 0.0751231527
1 0.2666256158 0.4279556650 0.0849753695 0.0381773399
1 0.4334975369 0.4501231527 0.0788177340 0.0677339901
1 0.5123152709 0.4451970443 0.0812807882 0.0726600985
1 0.5917487685 0.4415024631 0.0825123153 0.0775862069
1 0.6742610837 0.4378078818 0.0825123153 0.0751231527
1 0.2056650246 0.5394088670 0.0812807882 0.0862068966
1 0.1477832512 0.5431034483 0.0369458128 0.0935960591
6 0.3362068966 0.5492610837 0.1847290640 0.1206896552
6 0.5197044335 0.5449507389 0.1822660099 0.1243842365
6 0.7056650246 0.5394088670 0.1921182266 0.1256157635
6 0.8429802956 0.5603448276 0.0948275862 0.1650246305
7 0.3725369458 0.6859605911 0.1046798030 0.0665024631
7 0.4735221675 0.6884236453 0.0923645320 0.0591133005
7 0.5880541872 0.6908866995 0.1293103448 0.0788177340
1 0.8109605911 0.6871921182 0.1071428571 0.0788177340
7 0.1834975369 0.7419950739 0.0886699507 0.1662561576
7 0.2740147783 0.7419950739 0.0800492611 0.1637931034
7 0.3694581281 0.7536945813 0.1059113300 0.0788177340
7 0.4747536946 0.7561576355 0.0899014778 0.0714285714
7 0.5899014778 0.7690886700 0.1280788177 0.0825123153
7 0.7081280788 0.7315270936 0.1083743842 0.1600985222
1 0.8263546798 0.7770935961 0.1059113300 0.0837438424
0 0.1034482759 0.9224137931 0.1059113300 0.1551724138
0 0.2093596059 0.9199507389 0.1108374384 0.1600985222
0 0.3084975369 0.9199507389 0.1022167488 0.1600985222
0 0.4033251232 0.9181034483 0.0899014778 0.1637931034
0 0.4864532020 0.9174876847 0.0812807882 0.1650246305
0 0.5726600985 0.9181034483 0.0960591133 0.1637931034
7 0.6656403941 0.9057881773 0.0972906404 0.1391625616
3 0.7586206897 0.8626847291 0.1157635468 0.0529556650
3 0.7660098522 0.9174876847 0.1157635468 0.0517241379
7 0.8811576355 0.8577586207 0.1243842365 0.0504926108
7 0.8854679803 0.9113300493 0.1256157635 0.0467980296
