1 0.0678104575 0.0220588235 0.1356209150 0.0441176471
1 0.2034313725 0.0261437908 0.1454248366 0.0522875817
1 0.3406862745 0.0228758170 0.1388888889 0.0457516340
1 0.4844771242 0.0383986928 0.1519607843 0.0767973856
1 0.6307189542 0.0367647059 0.1437908497 0.0735294118
1 0.8725490196 0.0596405229 0.2549019608 0.1192810458
1 0.0678104575 0.0874183007 0.1356209150 0.1160130719
1 0.2050653595 0.1225490196 0.1454248366 0.1503267974
1 0.3447712418 0.1160130719 0.1405228758 0.1503267974
1 0.5032679739 0.1576797386 0.1601307190 0.1846405229
1 0.6437908497 0.1503267974 0.1274509804 0.1764705882
1 0.0710784314 0.1887254902 0.1421568627 0.1160130719
1 0.3504901961 0.2557189542 0.1356209150 0.1552287582
1 0.8758169935 0.1903594771 0.2483660131 0.1552287582
1 0.0710784314 0.3022875817 0.1421568627 0.1143790850
1 0.2181372549 0.2655228758 0.1421568627 0.1454248366
1 0.5089869281 0.3308823529 0.1552287582 0.1748366013
1 0.6478758170 0.3235294118 0.1323529412 0.1764705882
1 0.8815359477 0.3366013072 0.2369281046 0.1601307190
1 0.0743464052 0.4060457516 0.1486928105 0.1192810458
1 0.2173202614 0.4060457516 0.1372549020 0.1454248366
1 0.3553921569 0.3946078431 0.1421568627 0.1454248366
1 0.0776143791 0.4975490196 0.1552287582 0.0931372549
1 0.1960784314 0.5563725490 0.1633986928 0.1650326797
1 0.3513071895 0.5465686275 0.1732026144 0.1650326797
1 0.5098039216 0.5024509804 0.1503267974 0.1748366013
1 0.6486928105 0.4959150327 0.1405228758 0.1846405229
1 0.8807189542 0.4910130719 0.2385620915 0.1683006536
1 0.0727124183 0.5939542484 0.1454248366 0.1192810458
1 0.5122549020 0.6723856209 0.1486928105 0.1813725490
1 0.6511437908 0.6666666667 0.1454248366 0.1862745098
1 0.8643790850 0.6601307190 0.1470588235 0.1862745098
1 0.9648692810 0.6560457516 0.0702614379 0.1813725490
1 0.0727124183 0.7197712418 0.1454248366 0.1192810458
1 0.2058823529 0.7107843137 0.1470588235 0.1503267974
1 0.3586601307 0.6985294118 0.1617647059 0.1617647059
