1 0.4748931624 0.0224358974 0.0908119658 0.0448717949
8 0.1495726496 0.0913461538 0.0470085470 0.0844017094
8 0.1944444444 0.0758547009 0.0470085470 0.0811965812
1 0.2467948718 0.0608974359 0.0705128205 0.1047008547
1 0.3194444444 0.0459401709 0.0747863248 0.0918803419
1 0.3963675214 0.0341880342 0.0833333333 0.0683760684
2 0.5641025641 0.0694444444 0.0747863248 0.1388888889
1 0.6335470085 0.0683760684 0.0726495726 0.1282051282
1 0.7045940171 0.0608974359 0.0758547009 0.1217948718
0 0.2083333333 0.1778846154 0.0491452991 0.0972222222
7 0.2580128205 0.1388888889 0.0566239316 0.0619658120
0 0.2622863248 0.1880341880 0.0608974359 0.0512820513
0 0.3210470085 0.1554487179 0.0566239316 0.1036324786
2 0.3979700855 0.1233974359 0.0972222222 0.1271367521
2 0.4882478632 0.0998931624 0.0940170940 0.1420940171
5 0.1244658120 0.2660256410 0.0694444444 0.0470085470
0 0.1586538462 0.1933760684 0.0630341880 0.0897435897
5 0.1896367521 0.2601495726 0.0587606838 0.0438034188
0 0.3595085470 0.2724358974 0.0651709402 0.1068376068
1 0.4839743590 0.2510683761 0.0576923077 0.1153846154
1 0.4230769231 0.2366452991 0.0619658120 0.0523504274
1 0.5411324786 0.2441239316 0.0566239316 0.1185897436
1 0.5998931624 0.2270299145 0.0608974359 0.1121794872
1 0.6597222222 0.2195512821 0.0651709402 0.1185897436
1 0.7222222222 0.2051282051 0.0619658120 0.1132478632
5 0.1319444444 0.3221153846 0.0373931624 0.0822649573
5 0.2163461538 0.3082264957 0.0331196581 0.0844017094
5 0.1821581197 0.3173076923 0.0395299145 0.0811965812
0 0.2569444444 0.2911324786 0.0523504274 0.0950854701
0 0.3044871795 0.2825854701 0.0470085470 0.0950854701
1 0.4241452991 0.2905982906 0.0598290598 0.0534188034
1 0.5293803419 0.3669871795 0.0651709402 0.0502136752
1 0.5940170940 0.3552350427 0.0641025641 0.0673076923
1 0.6559829060 0.3466880342 0.0619658120 0.0630341880
1 0.7174145299 0.3365384615 0.0566239316 0.0619658120
5 0.1426282051 0.4401709402 0.0288461538 0.0811965812
5 0.1068376068 0.4439102564 0.0320512821 0.0801282051
5 0.1752136752 0.3739316239 0.0384615385 0.0341880342
5 0.1762820513 0.4102564103 0.0427350427 0.0405982906
5 0.1789529915 0.4567307692 0.0373931624 0.0523504274
6 0.2270299145 0.4503205128 0.0502136752 0.0544871795
1 0.2804487179 0.4188034188 0.0587606838 0.1025641026
6 0.2243589744 0.3910256410 0.0576923077 0.0619658120
1 0.3408119658 0.4177350427 0.0662393162 0.1047008547
1 0.4027777778 0.4380341880 0.0491452991 0.0491452991
1 0.4610042735 0.4252136752 0.0715811966 0.0598290598
1 0.5288461538 0.4225427350 0.0683760684 0.0608974359
1 0.5844017094 0.4166666667 0.0491452991 0.0555555556
1 0.6522435897 0.4059829060 0.0630341880 0.0619658120
1 0.6992521368 0.4610042735 0.0673076923 0.0651709402
1 0.7131410256 0.3926282051 0.0544871795 0.0608974359
7 0.1351495726 0.5133547009 0.0608974359 0.0352564103
7 0.1933760684 0.5165598291 0.0555555556 0.0245726496
0 0.2414529915 0.5058760684 0.0427350427 0.0352564103
0 0.2948717949 0.4989316239 0.0619658120 0.0299145299
0 0.4001068376 0.5026709402 0.0373931624 0.0309829060
1 0.4476495726 0.5539529915 0.0598290598 0.1100427350
1 0.5555555556 0.4807692308 0.0641025641 0.0470085470
1 0.5625000000 0.5235042735 0.0566239316 0.0512820513
1 0.6308760684 0.5256410256 0.0715811966 0.0512820513
1 0.6292735043 0.4732905983 0.0769230769 0.0576923077
1 0.7045940171 0.5160256410 0.0715811966 0.0512820513
7 0.1367521368 0.5715811966 0.0619658120 0.0833333333
7 0.1928418803 0.5705128205 0.0544871795 0.0833333333
7 0.1960470085 0.6463675214 0.0416666667 0.0320512821
0 0.2393162393 0.5673076923 0.0491452991 0.0918803419
0 0.2970085470 0.5630341880 0.0683760684 0.1004273504
0 0.3958333333 0.5641025641 0.0438034188 0.0940170940
0 0.3563034188 0.5619658120 0.0480769231 0.1025641026
1 0.5592948718 0.5774572650 0.0608974359 0.0566239316
1 0.6244658120 0.5731837607 0.0608974359 0.0587606838
1 0.7013888889 0.5705128205 0.0673076923 0.0576923077
7 0.1415598291 0.7232905983 0.0267094017 0.0277777778
7 0.1239316239 0.7120726496 0.0213675214 0.0480769231
7 0.1458333333 0.6693376068 0.0245726496 0.0288461538
7 0.2061965812 0.7072649573 0.0235042735 0.0662393162
7 0.1842948718 0.7083333333 0.0245726496 0.0641025641
7 0.1650641026 0.7115384615 0.0181623932 0.0555555556
4 0.2590811966 0.6949786325 0.0502136752 0.1057692308
7 0.2259615385 0.7067307692 0.0202991453 0.0694444444
0 0.3189102564 0.7035256410 0.0737179487 0.0908119658
7 0.3942307692 0.7126068376 0.0790598291 0.0747863248
7 0.4508547009 0.7024572650 0.0405982906 0.1036324786
1 0.5325854701 0.7035256410 0.0416666667 0.0972222222
1 0.4919871795 0.7029914530 0.0373931624 0.0961538462
1 0.6132478632 0.7040598291 0.0448717949 0.1047008547
1 0.5726495726 0.7040598291 0.0427350427 0.0982905983
1 0.6623931624 0.7040598291 0.0512820513 0.1047008547
1 0.7126068376 0.7061965812 0.0512820513 0.1068376068
4 0.1367521368 0.8023504274 0.0384615385 0.1132478632
4 0.1639957265 0.8162393162 0.0352564103 0.0961538462
4 0.1949786325 0.8189102564 0.0309829060 0.0886752137
6 0.2612179487 0.7884615385 0.0587606838 0.0619658120
4 0.2206196581 0.8226495726 0.0309829060 0.0897435897
0 0.1255341880 0.9033119658 0.0502136752 0.0544871795
0 0.1693376068 0.9059829060 0.0480769231 0.0512820513
6 0.2596153846 0.8472222222 0.0555555556 0.0619658120
1 0.3263888889 0.8397435897 0.0779914530 0.0940170940
1 0.4113247863 0.8472222222 0.0854700855 0.0961538462
1 0.4930555556 0.8493589744 0.0908119658 0.1004273504
1 0.5870726496 0.8605769231 0.0993589744 0.1057692308
1 0.6864316239 0.8653846154 0.0993589744 0.1089743590
0 0.1239316239 0.9465811966 0.0448717949 0.0448717949
0 0.1581196581 0.9919871795 0.0405982906 0.0160256410
0 0.2110042735 0.9364316239 0.0459401709 0.0929487179
0 0.1650641026 0.9540598291 0.0459401709 0.0491452991
0 0.2612179487 0.9337606838 0.0544871795 0.1089743590
0 0.3114316239 0.9460470085 0.0587606838 0.1079059829
1 0.4839743590 0.9529914530 0.0918803419 0.0940170940
1 0.5827991453 0.9556623932 0.0972222222 0.0886752137
1 0.6623931624 0.9620726496 0.0576923077 0.0758547009
1 0.7195512821 0.9647435897 0.0608974359 0.0705128205
0 0.3637820513 0.9711538462 0.0523504274 0.0576923077
