3 0.0427807487 0.0256684492 0.0855614973 0.0513368984
2 0.3000000000 0.0903743316 0.1529411765 0.1807486631
2 0.4304812834 0.1315508021 0.1443850267 0.2181818182
1 0.5609625668 0.1839572193 0.0716577540 0.1454545455
1 0.6245989305 0.2144385027 0.0556149733 0.1080213904
2 0.3994652406 0.2572192513 0.1486631016 0.1358288770
1 0.6748663102 0.2438502674 0.0513368984 0.1176470588
1 0.7262032086 0.2604278075 0.0534759358 0.1058823529
1 0.8021390374 0.2673796791 0.0470588235 0.0620320856
1 0.8449197861 0.2850267380 0.0427807487 0.0566844920
1 0.8005347594 0.3128342246 0.0481283422 0.0502673797
1 0.8898395722 0.3064171123 0.0491978610 0.0695187166
1 0.1155080214 0.3791443850 0.0770053476 0.2000000000
1 0.1967914439 0.3893048128 0.0855614973 0.1903743316
1 0.8064171123 0.3679144385 0.0470588235 0.0684491979
1 0.8443850267 0.3320855615 0.0395721925 0.0481283422
1 0.8449197861 0.3893048128 0.0385026738 0.0663101604
1 0.8882352941 0.3475935829 0.0545454545 0.0513368984
1 0.8898395722 0.4042780749 0.0534759358 0.0684491979
1 0.9320855615 0.3304812834 0.0417112299 0.0641711230
1 0.9331550802 0.3743315508 0.0417112299 0.0663101604
1 0.2759358289 0.4101604278 0.0770053476 0.1850267380
1 0.3368983957 0.4406417112 0.0598930481 0.1946524064
1 0.3925133690 0.4427807487 0.0641711230 0.1582887701
1 0.4449197861 0.4593582888 0.0663101604 0.1593582888
1 0.5518716578 0.4363636364 0.0727272727 0.0812834225
1 0.6096256684 0.4577540107 0.0470588235 0.0834224599
1 0.6625668449 0.4705882353 0.0588235294 0.0791443850
1 0.7566844920 0.5005347594 0.0459893048 0.0705882353
1 0.7117647059 0.4839572193 0.0459893048 0.0673796791
1 0.9336898396 0.4256684492 0.0385026738 0.0620320856
1 0.3588235294 0.5877005348 0.0631016043 0.0652406417
1 0.5326203209 0.5545454545 0.0385026738 0.0695187166
1 0.6026737968 0.5540106952 0.0502673797 0.0641711230
1 0.6882352941 0.5759358289 0.0502673797 0.0609625668
1 0.6465240642 0.5631016043 0.0417112299 0.0609625668
1 0.8427807487 0.5326203209 0.0406417112 0.0641711230
1 0.7994652406 0.5235294118 0.0481283422 0.0759358289
1 0.7919786096 0.5887700535 0.0352941176 0.0737967914
1 0.8807486631 0.5449197861 0.0459893048 0.0566844920
1 0.9288770053 0.5561497326 0.0545454545 0.0598930481
1 0.2866310160 0.5994652406 0.0620320856 0.0609625668
1 0.8278074866 0.5951871658 0.0363636364 0.0609625668
1 0.8636363636 0.6026737968 0.0481283422 0.0609625668
1 0.9149732620 0.6117647059 0.0438502674 0.0641711230
1 0.0967914439 0.7748663102 0.1101604278 0.1764705882
1 0.1839572193 0.7775401070 0.0962566845 0.1668449198
1 0.2577540107 0.7807486631 0.0855614973 0.1625668449
1 0.3310160428 0.7834224599 0.0802139037 0.1550802139
1 0.3983957219 0.7860962567 0.0673796791 0.1497326203
1 0.4550802139 0.7893048128 0.0652406417 0.1454545455
1 0.5604278075 0.7962566845 0.0385026738 0.1272727273
1 0.5272727273 0.7951871658 0.0406417112 0.1294117647
1 0.6005347594 0.8000000000 0.0417112299 0.1240641711
1 0.6379679144 0.8021390374 0.0395721925 0.1176470588
1 0.7064171123 0.8058823529 0.0374331551 0.1187165775
1 0.6727272727 0.8032085561 0.0320855615 0.1197860963
1 0.8042780749 0.8069518717 0.0278074866 0.1037433155
1 0.8326203209 0.8101604278 0.0288770053 0.0930481283
1 0.7850267380 0.8074866310 0.0106951872 0.1090909091
1 0.8582887701 0.8112299465 0.0267379679 0.0909090909
1 0.8898395722 0.8128342246 0.0342245989 0.0919786096
1 0.9208556150 0.8155080214 0.0363636364 0.0951871658
1 0.0850267380 0.9288770053 0.1101604278 0.1422459893
1 0.1727272727 0.9288770053 0.0951871658 0.1422459893
1 0.2524064171 0.9288770053 0.0919786096 0.1422459893
1 0.3224598930 0.9294117647 0.0780748663 0.1411764706
1 0.3914438503 0.9294117647 0.0705882353 0.1411764706
1 0.4518716578 0.9288770053 0.0588235294 0.1422459893
1 0.5208556150 0.9304812834 0.0385026738 0.1390374332
1 0.5561497326 0.9272727273 0.0363636364 0.1347593583
1 0.5941176471 0.9240641711 0.0481283422 0.1304812834
1 0.6331550802 0.9224598930 0.0363636364 0.1229946524
1 0.7021390374 0.9208556150 0.0395721925 0.1176470588
1 0.6625668449 0.9197860963 0.0288770053 0.1176470588
1 0.8058823529 0.9160427807 0.0331550802 0.1101604278
1 0.8352941176 0.9117647059 0.0278074866 0.1101604278
1 0.7877005348 0.9160427807 0.0160427807 0.1101604278
1 0.8604278075 0.9074866310 0.0267379679 0.1016042781
1 0.8860962567 0.9096256684 0.0245989305 0.0994652406
1 0.8582887701 0.9898395722 0.0844919786 0.0203208556
1 0.7732620321 0.9951871658 0.0919786096 0.0096256684
