7 0.0477808876 0.0099960016 0.0891643343 0.0199920032
3 0.2161135546 0.0079968013 0.0355857657 0.0159936026
3 0.2499000400 0.0087964814 0.0319872051 0.0175929628
7 0.0537784886 0.0479808077 0.0803678529 0.0231907237
7 0.0569772091 0.0741703319 0.0755697721 0.0299880048
3 0.2157137145 0.0319872051 0.0379848061 0.0375849660
3 0.2504998001 0.0355857657 0.0331867253 0.0375849660
3 0.2303078768 0.0685725710 0.0775689724 0.0427828868
7 0.4070371851 0.0479808077 0.0511795282 0.0631747301
7 0.3580567773 0.0453818473 0.0507796881 0.0627748900
7 0.5523790484 0.0779688125 0.0451819272 0.0631747301
7 0.5053978409 0.0715713715 0.0463814474 0.0631747301
7 0.6493402639 0.0623750500 0.0399840064 0.0551779288
7 0.6853258697 0.0625749700 0.0375849660 0.0547780888
7 0.8126749300 0.0607756897 0.1539384246 0.0623750500
7 0.0609756098 0.1045581767 0.0707716913 0.0387844862
7 0.0609756098 0.1367453019 0.0715713715 0.0407836865
7 0.2297081168 0.1391443423 0.0859656138 0.0399840064
3 0.2317073171 0.1035585766 0.0771691323 0.0407836865
7 0.3190723711 0.1051579368 0.0399840064 0.0647740904
7 0.3608556577 0.1099560176 0.0459816074 0.0687724910
7 0.4106357457 0.1113554578 0.0519792083 0.0659736106
7 0.5111955218 0.1335465814 0.0443822471 0.0599760096
7 0.5543782487 0.1363454618 0.0459816074 0.0575769692
7 0.6163534586 0.1203518593 0.0395841663 0.0575769692
7 0.6901239504 0.1343462615 0.0343862455 0.0543782487
7 0.6533386645 0.1299480208 0.0375849660 0.0535785686
7 0.8186725310 0.1201519392 0.1547381048 0.0531787285
7 0.0673730508 0.1699320272 0.0619752099 0.0351859256
7 0.0453818473 0.2025189924 0.0403838465 0.0331867253
7 0.0815673731 0.2003198721 0.0367852859 0.0327868852
7 0.2353058776 0.1687325070 0.0747700920 0.0335865654
7 0.2363054778 0.2019192323 0.0783686525 0.0359856058
7 0.3212714914 0.1731307477 0.0379848061 0.0631747301
7 0.3642542983 0.1735305878 0.0511795282 0.0671731307
7 0.4110355858 0.1763294682 0.0479808077 0.0663734506
7 0.5559776090 0.1953218713 0.0459816074 0.0611755298
7 0.5107956817 0.1937225110 0.0491803279 0.0603758497
7 0.6203518593 0.1839264294 0.0299880048 0.0559776090
7 0.6923230708 0.1927229108 0.0387844862 0.0623750500
7 0.6525389844 0.1875249900 0.0415833667 0.0551779288
7 0.8322670932 0.2289084366 0.1227508996 0.0483806477
7 0.8340663735 0.1813274690 0.1191523391 0.0507796881
7 0.0191923231 0.2582966813 0.0215913635 0.0383846461
7 0.0459816074 0.2369052379 0.0407836865 0.0435825670
7 0.0483806477 0.2782886845 0.0407836865 0.0407836865
7 0.0285885646 0.2958816473 0.0323870452 0.0335865654
7 0.0825669732 0.2730907637 0.0379848061 0.0375849660
7 0.0813674530 0.2359056377 0.0363854458 0.0423830468
5 0.2005197921 0.2357057177 0.0307876849 0.0267892843
5 0.2327069172 0.2321071571 0.0319872051 0.0275889644
5 0.2277089164 0.2732906837 0.0323870452 0.0227908836
5 0.2608956417 0.2415033986 0.0283886445 0.0311875250
5 0.2608956417 0.2714914034 0.0323870452 0.0335865654
7 0.3236705318 0.2361055578 0.0379848061 0.0619752099
7 0.4134346261 0.2383046781 0.0479808077 0.0679728109
7 0.3656537385 0.2385045982 0.0499800080 0.0651739304
7 0.5121951220 0.2544982007 0.0503798481 0.0595761695
7 0.5595761695 0.2560975610 0.0467812875 0.0579768093
7 0.6191523391 0.2435025990 0.0339864054 0.0559776090
7 0.6255497801 0.2986805278 0.0315873651 0.0543782487
7 0.6577369052 0.2992802879 0.0407836865 0.0547780888
7 0.6557377049 0.2453018792 0.0375849660 0.0499800080
7 0.6949220312 0.2489004398 0.0447820872 0.0563774490
7 0.8424630148 0.2748900440 0.1111555378 0.0483806477
5 0.2620951619 0.3052778888 0.0355857657 0.0363854458
5 0.2512994802 0.3378648541 0.0587764894 0.0319872051
1 0.3556577369 0.3634546182 0.0571771291 0.0543782487
1 0.3550579768 0.3026789284 0.0583766493 0.0639744102
1 0.4124350260 0.3022790884 0.0579768093 0.0639744102
1 0.4162335066 0.3640543782 0.0511795282 0.0603758497
7 0.5131947221 0.3136745302 0.0499800080 0.0579768093
7 0.5607756897 0.3146741303 0.0459816074 0.0567772891
1 0.6619352259 0.3534586166 0.0483806477 0.0527788884
1 0.7017193123 0.3514594162 0.0367852859 0.0527788884
7 0.6985205918 0.3006797281 0.0447820872 0.0559776090
7 0.8434626150 0.3278688525 0.1099560176 0.0519792083
1 0.0721711315 0.3888444622 0.0595761695 0.0643742503
1 0.0223910436 0.3910435826 0.0447820872 0.0623750500
1 0.1981207517 0.4314274290 0.0571771291 0.0623750500
1 0.2526989204 0.4332267093 0.0551779288 0.0587764894
5 0.2441023591 0.3702518992 0.0699720112 0.0327868852
1 0.4186325470 0.4208316673 0.0455817673 0.0539784086
1 0.3678528589 0.4222311076 0.0527788884 0.0543782487
1 0.5365853659 0.3736505398 0.0991603359 0.0651739304
1 0.6637345062 0.4062375050 0.0455817673 0.0567772891
1 0.7035185926 0.4024390244 0.0379848061 0.0539784086
1 0.8544582167 0.4012395042 0.1023590564 0.0883646541
1 0.0771691323 0.4494202319 0.0543782487 0.0591763295
1 0.0253898441 0.4504198321 0.0507796881 0.0635745702
1 0.1983206717 0.4950019992 0.0527788884 0.0647740904
1 0.2528988405 0.4950019992 0.0611755298 0.0679728109
1 0.4192323071 0.4754098361 0.0459816074 0.0559776090
1 0.3682526989 0.4746101559 0.0543782487 0.0559776090
1 0.5093962415 0.4422231108 0.0431827269 0.0663734506
1 0.5631747301 0.4406237505 0.0483806477 0.0703718513
1 0.6551379448 0.4630147941 0.0483806477 0.0575769692
1 0.6997201120 0.4574170332 0.0439824070 0.0607756897
1 0.8508596561 0.4702119152 0.1151539384 0.0503798481
1 0.0213914434 0.5193922431 0.0427828868 0.0639744102
1 0.0739704118 0.5117952819 0.0671731307 0.0655737705
1 0.2075169932 0.5663734506 0.0599760096 0.0635745702
1 0.2612954818 0.5691723311 0.0507796881 0.0739704118
1 0.2612954818 0.5683726509 0.0491803279 0.0771691323
1 0.4198320672 0.5319872051 0.0463814474 0.0555777689
1 0.3698520592 0.5311875250 0.0543782487 0.0555777689
1 0.5131947221 0.5077968812 0.0467812875 0.0663734506
1 0.5649740104 0.5135945622 0.0495801679 0.0683726509
1 0.6797281088 0.5673730508 0.0903638545 0.0447820872
1 0.6567373051 0.5205917633 0.0499800080 0.0615753699
1 0.7047181128 0.5163934426 0.0435825670 0.0619752099
1 0.8540583766 0.5207916833 0.1207516993 0.0499800080
1 0.8572570972 0.5709716114 0.1151539384 0.0543782487
1 0.0229908037 0.5813674530 0.0459816074 0.0623750500
1 0.0763694522 0.5767692923 0.0663734506 0.0643742503
1 0.0803678529 0.6383446621 0.0495801679 0.0635745702
1 0.2103158737 0.6357457017 0.0615753699 0.0759696122
1 0.2632946821 0.6387445022 0.0491803279 0.0707716913
1 0.4216313475 0.5875649740 0.0499800080 0.0555777689
1 0.3718512595 0.5877648940 0.0479808077 0.0607756897
1 0.5199920032 0.5801679328 0.0507796881 0.0687724910
1 0.5671731307 0.5781687325 0.0539784086 0.0679728109
1 0.6845261895 0.6107556977 0.0927628948 0.0467812875
1 0.8602558976 0.6265493802 0.1131547381 0.0519792083
1 0.0267892843 0.6433426629 0.0535785686 0.0639744102
1 0.0265893643 0.7065173930 0.0531787285 0.0631747301
1 0.0837664934 0.7033186725 0.0587764894 0.0687724910
1 0.2117153139 0.7083166733 0.0579768093 0.0763694522
1 0.3996401439 0.7023190724 0.1019592163 0.0627748900
1 0.4312275090 0.6437425030 0.0395841663 0.0559776090
6 0.5441823271 0.6427429028 0.0975609756 0.0635745702
6 0.5445821671 0.6981207517 0.1031587365 0.0631747301
1 0.6817273091 0.6587365054 0.0967612955 0.0507796881
1 0.0253898441 0.7684926030 0.0507796881 0.0663734506
1 0.0799680128 0.7692922831 0.0583766493 0.0671731307
1 0.2644942023 0.7099160336 0.0499800080 0.0707716913
6 0.4224310276 0.7566973211 0.0555777689 0.0683726509
6 0.5477808876 0.7576969212 0.1039584166 0.0671731307
6 0.6527389044 0.7187125150 0.0547780888 0.0723710516
6 0.7023190724 0.7149140344 0.0499800080 0.0751699320
8 0.7840863655 0.7351059576 0.0407836865 0.1475409836
8 0.8810475810 0.7305077969 0.0723710516 0.1495401839
6 0.0561775290 0.8426629348 0.1123550580 0.0675729708
1 0.2127149140 0.7802878848 0.0583766493 0.0707716913
6 0.2598960416 0.8386645342 0.0655737705 0.0595761695
1 0.2648940424 0.7776889244 0.0555777689 0.0655737705
6 0.4222311076 0.8178728509 0.0599760096 0.0659736106
5 0.5123950420 0.8100759696 0.0587764894 0.0639744102
5 0.5715713715 0.8172730908 0.0603758497 0.0719712115
6 0.6485405838 0.7806877249 0.0391843263 0.0539784086
6 0.7027189124 0.7862854858 0.0659736106 0.0811675330
6 0.0553778489 0.9048380648 0.1107556977 0.0695721711
6 0.1983206717 0.8486605358 0.0639744102 0.0659736106
6 0.1993202719 0.9082367053 0.0667732907 0.0675729708
6 0.2628948421 0.8930427829 0.0611755298 0.0627748900
6 0.4220311875 0.8784486206 0.0619752099 0.0671731307
5 0.5219912035 0.8822471012 0.0587764894 0.0827668932
5 0.5751699320 0.8858456617 0.0507796881 0.0747700920
6 0.6581367453 0.8604558177 0.0527788884 0.0807676929
6 0.7105157937 0.8588564574 0.0535785686 0.0751699320
2 0.8542582967 0.8468612555 0.1403438625 0.0823670532
6 0.0571771291 0.9652139144 0.1143542583 0.0655737705
6 0.1993202719 0.9656137545 0.0675729708 0.0687724910
6 0.2636945222 0.9492203119 0.0619752099 0.0655737705
5 0.3734506198 0.9348260696 0.0535785686 0.0535785686
5 0.4298280688 0.9312275090 0.0575769692 0.0487804878
5 0.4250299880 0.9760095962 0.0471811275 0.0479808077
5 0.5245901639 0.9544182327 0.0511795282 0.0719712115
5 0.5773690524 0.9538184726 0.0511795282 0.0723710516
5 0.6689324270 0.9350259896 0.0535785686 0.0755697721
5 0.7193122751 0.9312275090 0.0495801679 0.0799680128
2 0.8582566973 0.9204318273 0.1379448221 0.0847660936
0 0.8876449420 0.9716113555 0.0831667333 0.0567772891
5 0.2139144342 0.9962015194 0.0559776090 0.0075969612
5 0.2674930028 0.9888044782 0.0535785686 0.0223910436
5 0.3736505398 0.9778088764 0.0523790484 0.0443822471
0 0.5417832867 0.9954018393 0.0519792083 0.0091963215
0 0.5881647341 0.9908036785 0.0399840064 0.0183926429
5 0.6681327469 0.9848060776 0.0551779288 0.0303878449
5 0.7201119552 0.9836065574 0.0527788884 0.0327868852
0 0.7894842063 0.9788084766 0.0355857657 0.0423830468
