5 0.2413793103 0.0296336207 0.0754310345 0.0592672414
5 0.3178879310 0.0280172414 0.0775862069 0.0560344828
5 0.6023706897 0.0123922414 0.0452586207 0.0247844828
4 0.9175646552 0.0193965517 0.1648706897 0.0387931034
5 0.0043103448 0.0312500000 0.0086206897 0.0625000000
5 0.0501077586 0.0350215517 0.0721982759 0.0700431034
5 0.1244612069 0.0339439655 0.0678879310 0.0678879310
5 0.4035560345 0.0452586207 0.0420258621 0.0905172414
5 0.5096982759 0.0436422414 0.0581896552 0.0872844828
5 0.4536637931 0.0452586207 0.0495689655 0.0883620690
5 0.6212284483 0.0479525862 0.0829741379 0.0549568966
5 0.6864224138 0.0673491379 0.0409482759 0.0872844828
4 0.9116379310 0.0738146552 0.1767241379 0.0851293103
5 0.0533405172 0.1163793103 0.0657327586 0.0862068966
5 0.1303879310 0.1131465517 0.0775862069 0.0905172414
5 0.3141163793 0.1082974138 0.0765086207 0.0980603448
5 0.2419181034 0.1120689655 0.0721982759 0.0969827586
5 0.4315732759 0.1212284483 0.1002155172 0.0592672414
5 0.6212284483 0.1023706897 0.0829741379 0.0495689655
4 0.9084051724 0.1524784483 0.1831896552 0.0851293103
1 0.2435344828 0.2273706897 0.0797413793 0.0840517241
1 0.3195043103 0.2262931034 0.0765086207 0.0862068966
1 0.5048491379 0.2192887931 0.0786637931 0.0829741379
1 0.4256465517 0.2203663793 0.0775862069 0.0808189655
3 0.5964439655 0.1880387931 0.0528017241 0.0614224138
3 0.6465517241 0.1837284483 0.0538793103 0.0571120690
4 0.9003232759 0.2289870690 0.1821120690 0.0808189655
1 0.0075431034 0.2564655172 0.0150862069 0.0969827586
1 0.1438577586 0.2370689655 0.0829741379 0.0948275862
1 0.0646551724 0.2376077586 0.0775862069 0.0915948276
1 0.4256465517 0.3028017241 0.0775862069 0.0797413793
1 0.5021551724 0.2995689655 0.0754310345 0.0775862069
3 0.5926724138 0.2419181034 0.0495689655 0.0528017241
3 0.6433189655 0.2376077586 0.0538793103 0.0528017241
3 0.6158405172 0.2893318966 0.1002155172 0.0528017241
4 0.8922413793 0.3028017241 0.1767241379 0.0775862069
1 0.0140086207 0.3556034483 0.0280172414 0.0905172414
1 0.1454741379 0.3286637931 0.0711206897 0.0883620690
1 0.0711206897 0.3308189655 0.0775862069 0.0905172414
1 0.3221982759 0.3098060345 0.0754310345 0.0829741379
1 0.2478448276 0.3119612069 0.0754310345 0.0808189655
1 0.6303879310 0.3426724138 0.1357758621 0.0625000000
1 0.0840517241 0.4191810345 0.0797413793 0.0840517241
1 0.1616379310 0.4154094828 0.0797413793 0.0851293103
1 0.3232758621 0.3922413793 0.0711206897 0.0797413793
1 0.2532327586 0.3900862069 0.0754310345 0.0711206897
1 0.4240301724 0.3798491379 0.0721982759 0.0743534483
1 0.4983836207 0.3814655172 0.0786637931 0.0754310345
1 0.6287715517 0.4019396552 0.1346982759 0.0581896552
1 0.8674568966 0.4127155172 0.1508620690 0.1422413793
1 0.9617456897 0.4084051724 0.0765086207 0.1443965517
1 0.0167025862 0.4520474138 0.0334051724 0.0851293103
1 0.0899784483 0.5026939655 0.0657327586 0.0808189655
1 0.1567887931 0.5000000000 0.0678879310 0.0797413793
1 0.2564655172 0.4655172414 0.0754310345 0.0732758621
1 0.3275862069 0.4671336207 0.0689655172 0.0743534483
1 0.4229525862 0.4542025862 0.0721982759 0.0743534483
1 0.4967672414 0.4579741379 0.0775862069 0.0732758621
1 0.6233836207 0.5096982759 0.1282327586 0.0538793103
1 0.6266163793 0.4558189655 0.1303879310 0.0581896552
1 0.0975215517 0.5802801724 0.0678879310 0.0786637931
1 0.1637931034 0.5765086207 0.0646551724 0.0775862069
1 0.3302801724 0.5371767241 0.0700431034 0.0678879310
1 0.2613146552 0.5398706897 0.0721982759 0.0646551724
1 0.4229525862 0.5312500000 0.0700431034 0.0711206897
1 0.4929956897 0.5334051724 0.0721982759 0.0732758621
1 0.8556034483 0.5468750000 0.1465517241 0.1303879310
1 0.9590517241 0.5468750000 0.0818965517 0.1303879310
1 0.0183189655 0.6411637931 0.0366379310 0.0646551724
1 0.2677801724 0.6104525862 0.0721982759 0.0700431034
1 0.3356681034 0.6082974138 0.0678879310 0.0678879310
1 0.4962284483 0.6045258621 0.0700431034 0.0711206897
1 0.4256465517 0.6056034483 0.0668103448 0.0668103448
8 0.6314655172 0.5867456897 0.1487068966 0.0980603448
1 0.1007543103 0.6535560345 0.0657327586 0.0614224138
1 0.1664870690 0.6562500000 0.0635775862 0.0646551724
1 0.2742456897 0.6826508621 0.0678879310 0.0592672414
1 0.3394396552 0.6761853448 0.0625000000 0.0614224138
1 0.4940732759 0.6767241379 0.0678879310 0.0668103448
1 0.4261853448 0.6734913793 0.0657327586 0.0711206897
8 0.6395474138 0.6858836207 0.1670258621 0.0872844828
1 0.8426724138 0.6724137931 0.1422413793 0.1228448276
1 0.9498922414 0.6697198276 0.1002155172 0.1217672414
1 0.2742456897 0.7489224138 0.0614224138 0.0495689655
1 0.3399784483 0.7462284483 0.0657327586 0.0592672414
1 0.4272629310 0.7483836207 0.0657327586 0.0700431034
1 0.4929956897 0.7467672414 0.0678879310 0.0711206897
1 0.6303879310 0.7877155172 0.1508620690 0.1077586207
1 0.4956896552 0.8125000000 0.0668103448 0.0646551724
1 0.4294181034 0.8103448276 0.0635775862 0.0646551724
1 0.8302801724 0.7893318966 0.1346982759 0.1174568966
1 0.9461206897 0.7887931034 0.1077586207 0.1206896552
