1 0.2041619798 0.2260967379 0.0663667042 0.0674915636
1 0.1349831271 0.2238470191 0.0697412823 0.0674915636
1 0.0365579303 0.2497187852 0.0731158605 0.1124859393
1 0.2064116985 0.2907761530 0.0686164229 0.0731158605
1 0.1377952756 0.2924634421 0.0708661417 0.0742407199
1 0.2975253093 0.2930258718 0.0686164229 0.0618672666
1 0.3667041620 0.2902137233 0.0652418448 0.0517435321
8 0.0359955006 0.3560179978 0.0719910011 0.0911136108
1 0.2075365579 0.3689538808 0.0686164229 0.0742407199
1 0.1366704162 0.3655793026 0.0708661417 0.0697412823
1 0.2986501687 0.3661417323 0.0663667042 0.0641169854
1 0.3661417323 0.3593925759 0.0708661417 0.0618672666
1 0.4786276715 0.3869516310 0.0663667042 0.0674915636
1 0.5472440945 0.3897637795 0.0686164229 0.0641169854
8 0.0354330709 0.4595050619 0.0708661417 0.1023622047
1 0.2080989876 0.4398200225 0.0697412823 0.0697412823
1 0.1344206974 0.4409448819 0.0731158605 0.0742407199
1 0.3025871766 0.4370078740 0.0697412823 0.0708661417
1 0.3728908886 0.4347581552 0.0753655793 0.0731158605
1 0.6332958380 0.4026996625 0.0382452193 0.0674915636
1 0.8616422947 0.4606299213 0.0787401575 0.1518560180
1 0.2109111361 0.5174353206 0.0731158605 0.0742407199
1 0.1377952756 0.5151856018 0.0753655793 0.0764904387
1 0.3082114736 0.5112485939 0.0719910011 0.0708661417
1 0.3796400450 0.5084364454 0.0753655793 0.0674915636
1 0.4814398200 0.4701912261 0.0674915636 0.0809898763
1 0.5506186727 0.4662542182 0.0708661417 0.0821147357
1 0.0331833521 0.5961754781 0.0663667042 0.0607424072
1 0.0343082115 0.5399325084 0.0686164229 0.0562429696
1 0.1338582677 0.5939257593 0.0809898763 0.0764904387
1 0.2109111361 0.5978627672 0.0753655793 0.0776152981
1 0.3847019123 0.5860517435 0.0787401575 0.0764904387
1 0.3104611924 0.5843644544 0.0719910011 0.0776152981
1 0.4887514061 0.5500562430 0.0708661417 0.0832395951
1 0.5584926884 0.5472440945 0.0686164229 0.0843644544
1 0.6586051744 0.6001124859 0.0821147357 0.0888638920
1 0.7412823397 0.6068616423 0.0719910011 0.0888638920
1 0.0331833521 0.6524184477 0.0663667042 0.0607424072
1 0.1321709786 0.6737907762 0.0821147357 0.0787401575
1 0.2103487064 0.6754780652 0.0742407199 0.0776152981
1 0.3886389201 0.6647919010 0.0798650169 0.0742407199
1 0.3149606299 0.6625421822 0.0742407199 0.0832395951
1 0.4836895388 0.6383577053 0.0832395951 0.0888638920
1 0.5652418448 0.6344206974 0.0821147357 0.0877390326
1 0.8892013498 0.6226096738 0.1113610799 0.1631046119
1 0.0326209224 0.7142857143 0.0652418448 0.0652418448
1 0.3160854893 0.7485939258 0.0787401575 0.0866141732
1 0.3937007874 0.7463442070 0.0787401575 0.0843644544
1 0.5005624297 0.7289088864 0.0742407199 0.0922384702
1 0.5781777278 0.7266591676 0.0809898763 0.0944881890
1 0.6709786277 0.7007874016 0.0956130484 0.0944881890
1 0.7570303712 0.7002249719 0.0832395951 0.0956130484
1 0.8515185602 0.6951631046 0.0877390326 0.0944881890
1 0.9274465692 0.7244094488 0.0753655793 0.0314960630
3 0.0314960630 0.7699662542 0.0629921260 0.0551181102
3 0.0044994376 0.8239595051 0.0089988751 0.0551181102
3 0.0337457818 0.8194600675 0.0517435321 0.0551181102
1 0.1282339708 0.7592800900 0.0787401575 0.0809898763
1 0.2080989876 0.7559055118 0.0809898763 0.0832395951
1 0.5849268841 0.8239595051 0.0809898763 0.0956130484
1 0.5022497188 0.8245219348 0.0866141732 0.0989876265
1 0.6777277840 0.8042744657 0.0821147357 0.1012373453
1 0.7649043870 0.8087739033 0.0899887514 0.1057367829
1 0.8346456693 0.8014623172 0.0652418448 0.1001124859
3 0.0028121485 0.8802024747 0.0056242970 0.0596175478
3 0.0298087739 0.8757030371 0.0551181102 0.0641169854
1 0.1259842520 0.8430821147 0.0832395951 0.0866141732
1 0.2080989876 0.8419572553 0.0809898763 0.0843644544
1 0.3982002250 0.8346456693 0.0832395951 0.0877390326
1 0.3194600675 0.8357705287 0.0809898763 0.0899887514
5 0.0236220472 0.9651293588 0.0472440945 0.0517435321
5 0.2019122610 0.9454443195 0.1046119235 0.0618672666
5 0.3245219348 0.9538807649 0.0798650169 0.0922384702
5 0.3998875141 0.9521934758 0.0753655793 0.0956130484
5 0.5163104612 0.9533183352 0.0809898763 0.0933633296
5 0.5967379078 0.9505061867 0.0686164229 0.0899887514
5 0.7609673791 0.9460067492 0.0843644544 0.1079865017
5 0.0236220472 0.9966254218 0.0472440945 0.0067491564
5 0.1203599550 0.9904386952 0.0607424072 0.0191226097
5 0.1788526434 0.9893138358 0.0517435321 0.0213723285
5 0.2311586052 0.9887514061 0.0438695163 0.0224971879
