5 0.6283967391 0.0400815217 0.0529891304 0.0801630435
5 0.5774456522 0.0387228261 0.0434782609 0.0774456522
5 0.6786684783 0.0421195652 0.0475543478 0.0842391304
5 0.8362771739 0.0108695652 0.1480978261 0.0217391304
5 0.9707880435 0.0285326087 0.0584239130 0.0570652174
6 0.4137228261 0.0563858696 0.1997282609 0.0964673913
5 0.8315217391 0.0679347826 0.1494565217 0.0815217391
5 0.9694293478 0.1175271739 0.0611413043 0.1127717391
6 0.0244565217 0.1949728261 0.0489130435 0.0584239130
6 0.4014945652 0.1555706522 0.1888586957 0.1290760870
5 0.5801630435 0.1365489130 0.0516304348 0.0991847826
5 0.6304347826 0.1351902174 0.0489130435 0.1073369565
5 0.6793478261 0.1365489130 0.0516304348 0.1073369565
5 0.8281250000 0.1487771739 0.1480978261 0.0855978261
6 0.4123641304 0.2832880435 0.1888586957 0.0937500000
5 0.6277173913 0.2737771739 0.1494565217 0.0665760870
5 0.6365489130 0.2167119565 0.1399456522 0.0502717391
5 0.8267663043 0.2357336957 0.1480978261 0.0964673913
5 0.9680706522 0.2269021739 0.0638586957 0.1005434783
6 0.1582880435 0.3084239130 0.2350543478 0.1494565217
6 0.4069293478 0.3750000000 0.1942934783 0.0951086957
5 0.6324728261 0.3383152174 0.1426630435 0.0625000000
5 0.8260869565 0.3417119565 0.1494565217 0.1100543478
5 0.9707880435 0.3817934783 0.0584239130 0.0842391304
5 0.9504076087 0.3111413043 0.0421195652 0.0516304348
5 0.6283967391 0.3987771739 0.1480978261 0.0665760870
1 0.1148097826 0.5190217391 0.1508152174 0.1195652174
1 0.2629076087 0.5563858696 0.1399456522 0.0665760870
1 0.2656250000 0.4877717391 0.1372282609 0.0679347826
1 0.3797554348 0.4945652174 0.0883152174 0.0951086957
1 0.4694293478 0.4945652174 0.0855978261 0.0923913043
1 0.5638586957 0.5033967391 0.0896739130 0.1154891304
1 0.6562500000 0.5033967391 0.0869565217 0.1127717391
1 0.8145380435 0.5557065217 0.1779891304 0.0951086957
1 0.9911684783 0.5033967391 0.0176630435 0.0991847826
1 0.0964673913 0.6086956522 0.1576086957 0.0625000000
1 0.2690217391 0.6195652174 0.1358695652 0.0652173913
1 0.3831521739 0.5842391304 0.0951086957 0.0896739130
1 0.4735054348 0.5815217391 0.0910326087 0.0923913043
1 0.5699728261 0.6114130435 0.0801630435 0.1059782609
1 0.6589673913 0.6114130435 0.0842391304 0.1059782609
1 0.8179347826 0.6474184783 0.1711956522 0.0910326087
1 0.9864130435 0.6059782609 0.0271739130 0.1086956522
1 0.1019021739 0.6718750000 0.1548913043 0.0638586957
1 0.2737771739 0.6895380435 0.1399456522 0.0665760870
1 0.3885869565 0.6739130435 0.0896739130 0.0896739130
1 0.4775815217 0.6711956522 0.0801630435 0.0896739130
1 0.5767663043 0.7180706522 0.0910326087 0.1019021739
1 0.6603260870 0.7173913043 0.0815217391 0.1032608696
1 0.8186141304 0.7377717391 0.1644021739 0.0869565217
1 0.9911684783 0.7126358696 0.0176630435 0.1046195652
1 0.0951086957 0.8158967391 0.1440217391 0.0692934783
1 0.0869565217 0.7452445652 0.1494565217 0.0720108696
1 0.2656250000 0.7567934783 0.1562500000 0.0679347826
1 0.2812500000 0.8111413043 0.1358695652 0.0516304348
1 0.3926630435 0.7595108696 0.0869565217 0.0869565217
1 0.4782608696 0.7581521739 0.0815217391 0.0842391304
1 0.5720108696 0.8233695652 0.0815217391 0.0978260870
1 0.6603260870 0.8254076087 0.0842391304 0.0991847826
1 0.9884510870 0.8213315217 0.0230978261 0.1046195652
1 0.1324728261 0.8709239130 0.0828804348 0.0461956522
1 0.2574728261 0.8736413043 0.1345108696 0.0679347826
1 0.3777173913 0.8573369565 0.1005434783 0.1005434783
1 0.4728260870 0.8491847826 0.0923913043 0.0978260870
1 0.8220108696 0.8308423913 0.1739130435 0.0964673913
1 0.1019021739 0.9442934783 0.1467391304 0.0679347826
1 0.2710597826 0.9470108696 0.1426630435 0.0652173913
1 0.3845108696 0.9476902174 0.0923913043 0.0883152174
1 0.4728260870 0.9429347826 0.0815217391 0.0896739130
1 0.5781250000 0.9239130435 0.0828804348 0.0978260870
1 0.6610054348 0.9218750000 0.0828804348 0.1019021739
1 0.7894021739 0.9293478261 0.0815217391 0.0923913043
1 0.8722826087 0.9218750000 0.0815217391 0.0883152174
1 0.9877717391 0.9211956522 0.0244565217 0.1086956522
