1 0.2909090909 0.0125000000 0.0500000000 0.0250000000
1 0.3482954545 0.0170454545 0.0579545455 0.0340909091
1 0.4613636364 0.0255681818 0.0545454545 0.0511363636
1 0.4073863636 0.0181818182 0.0556818182 0.0363636364
1 0.5136363636 0.0323863636 0.0568181818 0.0647727273
1 0.5681818182 0.0295454545 0.0454545455 0.0590909091
7 0.6517045455 0.0295454545 0.1534090909 0.0590909091
1 0.7340909091 0.0636363636 0.1022727273 0.0545454545
2 0.9397727273 0.0715909091 0.1204545455 0.0931818182
2 0.7357954545 0.1142045455 0.1193181818 0.0670454545
1 0.7960227273 0.0761363636 0.0965909091 0.0477272727
7 0.8164772727 0.1397727273 0.0534090909 0.0545454545
0 0.9602272727 0.1363636364 0.0795454545 0.0727272727
1 0.2948863636 0.1880681818 0.0647727273 0.1375000000
1 0.3556818182 0.1948863636 0.0613636364 0.1375000000
1 0.4403409091 0.2039772727 0.1034090909 0.1443181818
1 0.5454545455 0.2125000000 0.0977272727 0.1386363636
0 0.6732954545 0.2062500000 0.0556818182 0.0738636364
0 0.7289772727 0.2386363636 0.0625000000 0.1159090909
0 0.7823863636 0.2522727273 0.0579545455 0.1159090909
0 0.8846590909 0.2306818182 0.0488636364 0.0522727273
0 0.8357954545 0.2494318182 0.0488636364 0.0988636364
0 0.8920454545 0.1784090909 0.0431818182 0.0409090909
0 0.9284090909 0.2386363636 0.0477272727 0.0477272727
1 0.3301136364 0.3250000000 0.1056818182 0.1159090909
1 0.4357954545 0.3301136364 0.1056818182 0.1125000000
1 0.5357954545 0.3420454545 0.0965909091 0.1068181818
1 0.6227272727 0.3443181818 0.0909090909 0.1022727273
1 0.7130681818 0.3522727273 0.0829545455 0.1000000000
6 0.7840909091 0.3443181818 0.0590909091 0.0659090909
0 0.8801136364 0.2818181818 0.0511363636 0.0545454545
0 0.9267045455 0.2846590909 0.0534090909 0.0579545455
4 0.8255681818 0.3704545455 0.0329545455 0.0954545455
6 0.7823863636 0.4068181818 0.0625000000 0.0659090909
4 0.8528409091 0.3744318182 0.0329545455 0.0943181818
4 0.8857954545 0.3772727273 0.0375000000 0.1022727273
4 0.9147727273 0.3920454545 0.0409090909 0.1204545455
1 0.3022727273 0.4948863636 0.0545454545 0.1147727273
1 0.3556818182 0.4965909091 0.0545454545 0.1113636364
1 0.4511363636 0.4965909091 0.0454545455 0.1045454545
1 0.4079545455 0.4965909091 0.0477272727 0.1113636364
1 0.4937500000 0.4971590909 0.0443181818 0.1034090909
1 0.5369318182 0.4977272727 0.0397727273 0.1022727273
7 0.5806818182 0.4982954545 0.0431818182 0.1102272727
7 0.6409090909 0.4875000000 0.0840909091 0.0795454545
0 0.7210227273 0.4971590909 0.0784090909 0.0965909091
7 0.8198863636 0.4937500000 0.0215909091 0.0738636364
4 0.7846590909 0.5062500000 0.0534090909 0.1125000000
7 0.8846590909 0.4886363636 0.0193181818 0.0590909091
7 0.8642045455 0.4920454545 0.0261363636 0.0681818182
7 0.8409090909 0.4931818182 0.0250000000 0.0704545455
7 0.9051136364 0.5335227273 0.0261363636 0.0306818182
7 0.9284090909 0.4880681818 0.0227272727 0.0511363636
7 0.9096590909 0.4761363636 0.0284090909 0.0295454545
1 0.3142045455 0.6386363636 0.0715909091 0.0613636364
1 0.3960227273 0.6357954545 0.0647727273 0.0625000000
1 0.4653409091 0.6312500000 0.0647727273 0.0602272727
0 0.6812500000 0.6477272727 0.0511363636 0.1090909091
0 0.6392045455 0.6454545455 0.0465909091 0.1000000000
0 0.7443181818 0.6465909091 0.0727272727 0.1068181818
0 0.8056818182 0.6420454545 0.0522727273 0.0977272727
7 0.8517045455 0.5579545455 0.0443181818 0.0340909091
7 0.8551136364 0.6386363636 0.0579545455 0.0886363636
7 0.9147727273 0.6375000000 0.0659090909 0.0886363636
1 0.3107954545 0.6965909091 0.0761363636 0.0545454545
1 0.3909090909 0.7420454545 0.0818181818 0.0613636364
1 0.3892045455 0.6863636364 0.0761363636 0.0545454545
1 0.4619318182 0.6886363636 0.0602272727 0.0545454545
1 0.4693181818 0.7340909091 0.0681818182 0.0500000000
1 0.5840909091 0.6562500000 0.0636363636 0.1170454545
0 0.6346590909 0.7107954545 0.0397727273 0.0329545455
0 0.7465909091 0.7147727273 0.0659090909 0.0318181818
0 0.8034090909 0.7073863636 0.0454545455 0.0375000000
7 0.8545454545 0.6960227273 0.0590909091 0.0261363636
7 0.9164772727 0.6994318182 0.0647727273 0.0375000000
1 0.3017045455 0.8278409091 0.0579545455 0.0647727273
1 0.3170454545 0.7556818182 0.0704545455 0.0681818182
1 0.3664772727 0.8136363636 0.0670454545 0.0659090909
1 0.4386363636 0.8022727273 0.0522727273 0.0590909091
1 0.4977272727 0.7960227273 0.0727272727 0.0647727273
1 0.5698863636 0.7931818182 0.0761363636 0.0636363636
1 0.6318181818 0.7795454545 0.0522727273 0.0522727273
1 0.6977272727 0.8011363636 0.0704545455 0.1113636364
6 0.8215909091 0.8295454545 0.0613636364 0.0659090909
1 0.7619318182 0.8000000000 0.0625000000 0.1090909091
6 0.8187500000 0.7664772727 0.0534090909 0.0579545455
5 0.8698863636 0.7596590909 0.0397727273 0.0556818182
5 0.8727272727 0.8090909091 0.0454545455 0.0431818182
5 0.8738636364 0.8477272727 0.0409090909 0.0363636364
5 0.9090909091 0.7772727273 0.0318181818 0.0863636364
5 0.9465909091 0.7732954545 0.0340909091 0.0852272727
1 0.2971590909 0.8875000000 0.0602272727 0.0659090909
1 0.3625000000 0.8767045455 0.0659090909 0.0670454545
1 0.4284090909 0.8676136364 0.0681818182 0.0715909091
1 0.4971590909 0.8551136364 0.0693181818 0.0534090909
1 0.6090909091 0.9363636364 0.0636363636 0.0568181818
0 0.7363636364 0.9448863636 0.0500000000 0.1011363636
0 0.7869318182 0.9357954545 0.0556818182 0.1011363636
5 0.8664772727 0.9079545455 0.0420454545 0.0863636364
5 0.8301136364 0.9176136364 0.0352272727 0.0897727273
5 0.9198863636 0.9028409091 0.0397727273 0.0875000000
1 0.2920454545 0.9835227273 0.0659090909 0.0329545455
1 0.3585227273 0.9744318182 0.0693181818 0.0511363636
1 0.4221590909 0.9721590909 0.0647727273 0.0556818182
1 0.4846590909 0.9613636364 0.0602272727 0.0772727273
1 0.6102272727 0.9829545455 0.0659090909 0.0340909091
1 0.5454545455 0.9585227273 0.0613636364 0.0829545455
0 0.6778409091 0.9494318182 0.0693181818 0.1011363636
5 0.8585227273 0.9687500000 0.0625000000 0.0465909091
0 0.8914772727 0.9960227273 0.0670454545 0.0079545455
5 0.9278409091 0.9625000000 0.0738636364 0.0500000000
