1 0.5754298392 0.0124792013 0.0393788131 0.0249584027
7 0.6539101498 0.0166389351 0.0366056572 0.0332778702
7 0.7246256240 0.0196894065 0.0393788131 0.0393788131
7 0.6899611758 0.0202440377 0.0399334443 0.0404880754
7 0.7592900721 0.0249584027 0.0410427066 0.0499168053
7 0.9159733777 0.0063782585 0.0460343871 0.0127565169
7 0.9431503050 0.0036051026 0.0415973378 0.0072102052
7 0.0097060455 0.0815307820 0.0194120910 0.1231281198
7 0.0784803106 0.0815307820 0.1281198003 0.1297836938
7 0.1735995563 0.0887409872 0.0665557404 0.1231281198
7 0.6184137549 0.0146977260 0.0421519689 0.0293954520
7 0.7889628397 0.0249584027 0.0393788131 0.0499168053
7 0.8205768164 0.0271769273 0.0404880754 0.0543538547
7 0.9126455907 0.0366056572 0.0382695507 0.0610094287
7 0.8533000555 0.0293954520 0.0360510261 0.0587909040
7 0.8824181919 0.0274542429 0.0410427066 0.0549084859
7 0.9442595674 0.0349417637 0.0393788131 0.0676650028
7 0.9747642818 0.0346644481 0.0382695507 0.0693288963
7 0.9930671104 0.0446478092 0.0138657793 0.0604547976
1 0.4378813089 0.1198003328 0.0526899612 0.1164725458
1 0.3912922906 0.1156405990 0.0537992235 0.1181364393
1 0.4897393233 0.1164725458 0.0532445923 0.0998336106
1 0.5360510261 0.1209095951 0.0471436495 0.0953965613
4 0.6378258458 0.1267332224 0.0654464781 0.1159179146
1 0.5870770937 0.1222961730 0.0560177482 0.0992789795
4 0.7462562396 0.1375485302 0.0582362729 0.1153632834
4 0.6949528564 0.1322795341 0.0621186911 0.1192457016
4 0.7911813644 0.1530782030 0.0526899612 0.1064891847
4 0.8363838048 0.1569606212 0.0499168053 0.1020521353
4 0.9115363283 0.1658347199 0.0460343871 0.1053799224
4 0.8771491958 0.1616749861 0.0515806988 0.1048252912
7 0.9462007765 0.1697171381 0.0454797560 0.1009428730
0 0.0354963949 0.2298946201 0.0709927898 0.0604547976
0 0.1136993899 0.2820299501 0.0831946755 0.0770937327
1 0.2720465890 0.2859123683 0.0748752080 0.0693288963
1 0.4181919024 0.2867443150 0.0754298392 0.0643372158
1 0.4944536883 0.2856350527 0.0782029950 0.0687742651
1 0.6336661120 0.2542983916 0.0748752080 0.0571270105
1 0.7041042707 0.2576261786 0.0770937327 0.0593455352
0 0.0374376040 0.3194675541 0.0748752080 0.1164725458
0 0.1159179146 0.3499722684 0.0820854132 0.0576816417
1 0.2676095397 0.3494176373 0.0748752080 0.0587909040
0 0.1960621187 0.3155851359 0.0782029950 0.1264559068
1 0.3405435385 0.3538546866 0.0698835275 0.0543538547
1 0.3441486412 0.2933998891 0.0726566833 0.0687742651
1 0.4143094842 0.3471991126 0.0776483638 0.0576816417
1 0.5582362729 0.3566278425 0.0593455352 0.0554631170
1 0.4900166389 0.3488630061 0.0759844703 0.0643372158
1 0.6222961730 0.3577371048 0.0687742651 0.0465890183
1 0.6297836938 0.3086522463 0.0715474210 0.0537992235
1 0.5648918469 0.2953410982 0.0671103716 0.0682196339
1 0.6982806434 0.3108707709 0.0676650028 0.0560177482
1 0.6894065446 0.3571824737 0.0676650028 0.0432612313
1 0.7687188020 0.3108707709 0.0721020521 0.0560177482
7 0.8208541320 0.3419301165 0.0465890183 0.1014975042
1 0.7595673877 0.3649473100 0.0726566833 0.0521353300
4 0.8605102607 0.3208541320 0.0537992235 0.1381031614
4 0.8990571270 0.3424847476 0.0621186911 0.1003882418
7 0.9456461453 0.3419301165 0.0599001664 0.1048252912
7 0.8258458125 0.4559068220 0.0576816417 0.0388241819
7 0.8871325568 0.4561841375 0.0626733222 0.0726566833
0 0.0460343871 0.5124792013 0.0920687743 0.1098169717
0 0.1353300055 0.5449251248 0.0854132002 0.0382695507
0 0.1361619523 0.4902939545 0.0892956184 0.0721020521
0 0.2143649473 0.5274542429 0.0748752080 0.0388241819
1 0.3557958957 0.5177481974 0.0704381586 0.1092623405
1 0.2850804215 0.5199667221 0.0754298392 0.1148086522
1 0.4204104271 0.5196894065 0.0698835275 0.1109262341
1 0.5510260677 0.5127565169 0.0759844703 0.1159179146
1 0.4825291181 0.5171935663 0.0698835275 0.1048252912
1 0.6173044925 0.5113699390 0.0798668885 0.0987243483
1 0.7407099279 0.5127565169 0.0770937327 0.1059345535
1 0.6810870771 0.5169162507 0.0820854132 0.0998336106
7 0.8039378813 0.5000000000 0.0560177482 0.0504714365
7 0.8358291736 0.5432612313 0.0443704936 0.0537992235
7 0.7961730449 0.5449251248 0.0504714365 0.0427066001
7 0.8863006101 0.5296727676 0.0587909040 0.0743205768
7 0.8718801997 0.6616749861 0.0432612313 0.0532445923
7 0.8671658347 0.6161952302 0.0349417637 0.0465890183
0 0.0066555740 0.6935662784 0.0133111481 0.0704381586
0 0.0083194676 0.7506932890 0.0166389351 0.0482529118
0 0.0546311703 0.7176927343 0.0793122573 0.1075984470
0 0.1333887965 0.7146422629 0.0782029950 0.1014975042
1 0.2698280643 0.7063227953 0.0648918469 0.1003882418
1 0.2046589018 0.7088186356 0.0665557404 0.1020521353
1 0.3325013866 0.7049362174 0.0582362729 0.0909595119
1 0.3876871880 0.7032723239 0.0576816417 0.1031613977
1 0.4425956739 0.7057681642 0.0665557404 0.1026067665
1 0.5213533001 0.7004991681 0.1109262341 0.0965058236
1 0.6494731004 0.6769273433 0.0621186911 0.1303383250
1 0.5967831392 0.6772046589 0.0565723794 0.1286744315
7 0.7082640044 0.6713810316 0.0787576262 0.1192457016
7 0.8197448697 0.6719356628 0.0676650028 0.1247920133
7 0.7631724903 0.6749861342 0.0709927898 0.1275651692
7 0.8666112035 0.7071547421 0.0526899612 0.0488075430
1 0.2334997227 0.1017748197 0.0543538547 0.1159179146
1 0.2856350527 0.1078757626 0.0543538547 0.1203549639
1 0.3402662230 0.1103716029 0.0571270105 0.1164725458
