5 0.1793650794 0.0148148148 0.0370370370 0.0296296296
5 0.2460317460 0.0132275132 0.0962962963 0.0264550265
5 0.5952380952 0.0269841270 0.0349206349 0.0539682540
5 0.7185185185 0.0211640212 0.0529100529 0.0423280423
5 0.7708994709 0.0232804233 0.0539682540 0.0465608466
5 0.0719576720 0.0264550265 0.0486772487 0.0529100529
5 0.1174603175 0.0275132275 0.0444444444 0.0550264550
5 0.1814814815 0.0693121693 0.0328042328 0.0751322751
5 0.2492063492 0.0661375661 0.0962962963 0.0751322751
5 0.3645502646 0.0544973545 0.1068783069 0.0835978836
5 0.4724867725 0.0550264550 0.0370370370 0.0804232804
5 0.5169312169 0.0507936508 0.0560846561 0.0846560847
5 0.5947089947 0.0851851852 0.0359788360 0.0666666667
5 0.6402116402 0.0275132275 0.0486772487 0.0550264550
5 0.6407407407 0.0878306878 0.0476190476 0.0613756614
5 0.7179894180 0.0740740741 0.0518518519 0.0656084656
5 0.8698412698 0.0555555556 0.0359788360 0.0582010582
5 0.9158730159 0.0539682540 0.0518518519 0.0571428571
5 0.9857142857 0.0433862434 0.0285714286 0.0846560847
5 0.2052910053 0.1460317460 0.0211640212 0.0719576720
5 0.1248677249 0.0910052910 0.0359788360 0.0613756614
5 0.1280423280 0.1544973545 0.0380952381 0.0677248677
5 0.2550264550 0.1428571429 0.0910052910 0.0740740741
5 0.3682539683 0.1354497354 0.1015873016 0.0804232804
5 0.4740740741 0.1338624339 0.0380952381 0.0751322751
5 0.5185185185 0.1359788360 0.0529100529 0.0772486772
5 0.6349206349 0.1507936508 0.0486772487 0.0666666667
5 0.5846560847 0.1523809524 0.0497354497 0.0634920635
5 0.7174603175 0.1428571429 0.0529100529 0.0719576720
5 0.7724867725 0.1407407407 0.0592592593 0.0740740741
5 0.8677248677 0.1126984127 0.0338624339 0.0539682540
5 0.9132275132 0.1095238095 0.0550264550 0.0539682540
5 0.9846560847 0.1216931217 0.0306878307 0.0719576720
5 0.1275132275 0.2201058201 0.0370370370 0.0656084656
5 0.2074074074 0.2153439153 0.0190476190 0.0708994709
5 0.2592592593 0.2148148148 0.0888888889 0.0698412698
5 0.3714285714 0.2137566138 0.0994708995 0.0719576720
5 0.4740740741 0.2100529101 0.0317460317 0.0730158730
5 0.6296296296 0.2158730159 0.0444444444 0.0634920635
5 0.5809523810 0.2174603175 0.0507936508 0.0624338624
5 0.7153439153 0.2121693122 0.0550264550 0.0687830688
5 0.7708994709 0.2121693122 0.0624338624 0.0730158730
5 0.9179894180 0.1693121693 0.0433862434 0.0634920635
5 0.8619047619 0.2238095238 0.0793650794 0.0412698413
5 0.8756613757 0.1698412698 0.0391534392 0.0624338624
5 0.9830687831 0.2121693122 0.0338624339 0.0391534392
5 0.9857142857 0.1746031746 0.0285714286 0.0380952381
3 0.9809523810 0.2767195767 0.0380952381 0.0433862434
1 0.3222222222 0.3015873016 0.0328042328 0.0571428571
1 0.4582010582 0.3074074074 0.0507936508 0.0539682540
1 0.5169312169 0.3164021164 0.0560846561 0.0656084656
1 0.5814814815 0.3031746032 0.0539682540 0.0645502646
1 0.6380952381 0.3026455026 0.0571428571 0.0656084656
1 0.7084656085 0.3597883598 0.0560846561 0.0592592593
1 0.7100529101 0.2984126984 0.0571428571 0.0634920635
1 0.7666666667 0.2984126984 0.0582010582 0.0634920635
1 0.8492063492 0.2973544974 0.0666666667 0.0613756614
1 0.8460317460 0.3582010582 0.0645502646 0.0603174603
1 0.9079365079 0.3566137566 0.0634920635 0.0634920635
3 0.9798941799 0.3174603175 0.0402116402 0.0402116402
3 0.9793650794 0.3539682540 0.0412698413 0.0370370370
1 0.5137566138 0.3862433862 0.0603174603 0.0613756614
1 0.6306878307 0.3703703704 0.0529100529 0.0656084656
1 0.5788359788 0.3703703704 0.0529100529 0.0677248677
1 0.7079365079 0.4201058201 0.0550264550 0.0592592593
1 0.7650793651 0.3608465608 0.0571428571 0.0613756614
1 0.8412698413 0.4174603175 0.0571428571 0.0603174603
1 0.7640211640 0.4216931217 0.0571428571 0.0582010582
1 0.9021164021 0.4190476190 0.0624338624 0.0613756614
1 0.9777777778 0.3894179894 0.0444444444 0.0465608466
1 0.5179894180 0.4560846561 0.0539682540 0.0613756614
1 0.6386243386 0.4359788360 0.0582010582 0.0656084656
1 0.5820105820 0.4349206349 0.0550264550 0.0634920635
1 0.7063492063 0.4788359788 0.0539682540 0.0603174603
1 0.8380952381 0.4772486772 0.0571428571 0.0613756614
1 0.7629629630 0.4820105820 0.0571428571 0.0603174603
1 0.8994708995 0.4835978836 0.0656084656 0.0634920635
1 0.9761904762 0.4343915344 0.0476190476 0.0455026455
1 0.9756613757 0.4788359788 0.0486772487 0.0476190476
1 0.5783068783 0.5608465608 0.0497354497 0.0634920635
1 0.6296296296 0.5608465608 0.0529100529 0.0634920635
1 0.5772486772 0.5005291005 0.0476190476 0.0634920635
1 0.6285714286 0.5000000000 0.0529100529 0.0603174603
1 0.7068783069 0.5375661376 0.0529100529 0.0507936508
1 0.8375661376 0.5386243386 0.0560846561 0.0592592593
1 0.7634920635 0.5396825397 0.0582010582 0.0571428571
1 0.8952380952 0.5433862434 0.0634920635 0.0582010582
1 0.9740740741 0.5222222222 0.0518518519 0.0455026455
1 0.6264550265 0.6137566138 0.0486772487 0.0423280423
1 0.5767195767 0.6116402116 0.0465608466 0.0359788360
1 0.7121693122 0.5952380952 0.0592592593 0.0560846561
1 0.8370370370 0.5978835979 0.0571428571 0.0592592593
1 0.8931216931 0.6010582011 0.0592592593 0.0571428571
8 0.9746031746 0.5957671958 0.0507936508 0.0740740741
1 0.7052910053 0.6529100529 0.0497354497 0.0592592593
1 0.7576719577 0.6592592593 0.0529100529 0.0613756614
1 0.8349206349 0.6550264550 0.0550264550 0.0656084656
1 0.8894179894 0.6608465608 0.0560846561 0.0645502646
8 0.9724867725 0.6830687831 0.0550264550 0.0857142857
1 0.7084656085 0.7132275132 0.0412698413 0.0444444444
1 0.8317460317 0.7195767196 0.0550264550 0.0656084656
1 0.7608465608 0.7132275132 0.0550264550 0.0571428571
1 0.8878306878 0.7211640212 0.0571428571 0.0666666667
1 0.8328042328 0.7751322751 0.0529100529 0.0582010582
1 0.8867724868 0.7820105820 0.0592592593 0.0571428571
1 0.9714285714 0.7703703704 0.0571428571 0.1037037037
