1 0.0197072072 0.2049549550 0.0394144144 0.1261261261
1 0.1041666667 0.2043918919 0.1407657658 0.1227477477
1 0.5230855856 0.1824324324 0.0664414414 0.0675675676
1 0.4538288288 0.1801801802 0.0698198198 0.0675675676
1 0.3130630631 0.2060810811 0.1576576577 0.1126126126
1 0.5253378378 0.2471846847 0.0686936937 0.0731981982
1 0.4566441441 0.2488738739 0.0709459459 0.0743243243
1 0.6165540541 0.2494369369 0.0686936937 0.0619369369
1 0.6858108108 0.2466216216 0.0653153153 0.0518018018
1 0.0157657658 0.3293918919 0.0315315315 0.1272522523
1 0.0917792793 0.3265765766 0.1497747748 0.1283783784
8 0.3034909910 0.3125000000 0.1745495495 0.0912162162
1 0.5264639640 0.3254504505 0.0686936937 0.0743243243
1 0.4555180180 0.3220720721 0.0709459459 0.0698198198
1 0.6176801802 0.3226351351 0.0664414414 0.0641891892
1 0.6852477477 0.3158783784 0.0709459459 0.0619369369
1 0.7978603604 0.3434684685 0.0664414414 0.0675675676
1 0.8665540541 0.3462837838 0.0686936937 0.0641891892
8 0.3119369369 0.4161036036 0.1554054054 0.1024774775
1 0.5270270270 0.3963963964 0.0698198198 0.0698198198
1 0.4532657658 0.3975225225 0.0731981982 0.0743243243
1 0.6216216216 0.3935810811 0.0698198198 0.0709459459
1 0.6920045045 0.3913288288 0.0754504505 0.0731981982
1 0.9527027027 0.3592342342 0.0382882883 0.0675675676
1 0.0067567568 0.4577702703 0.0135135135 0.1362612613
1 0.0782657658 0.4577702703 0.1520270270 0.1362612613
1 0.5298423423 0.4740990991 0.0731981982 0.0743243243
1 0.4566441441 0.4718468468 0.0754504505 0.0765765766
1 0.6272522523 0.4679054054 0.0720720721 0.0709459459
1 0.6987612613 0.4650900901 0.0754504505 0.0675675676
1 0.8006756757 0.4268018018 0.0675675676 0.0810810811
1 0.8699324324 0.4228603604 0.0709459459 0.0822072072
1 0.3175675676 0.5529279279 0.1351351351 0.0608108108
1 0.3203828829 0.4966216216 0.1340090090 0.0563063063
1 0.4527027027 0.5506756757 0.0810810811 0.0765765766
1 0.5298423423 0.5546171171 0.0754504505 0.0777027027
1 0.7038288288 0.5427927928 0.0788288288 0.0765765766
1 0.6295045045 0.5411036036 0.0720720721 0.0777027027
1 0.8079954955 0.5067567568 0.0709459459 0.0833333333
1 0.8778153153 0.5039414414 0.0686936937 0.0844594595
1 0.9684684685 0.5568693694 0.0630630631 0.0889639640
1 0.0033783784 0.6024774775 0.0067567568 0.1509009009
1 0.0720720721 0.5979729730 0.1441441441 0.1486486486
1 0.3147522523 0.6092342342 0.1407657658 0.0608108108
1 0.4510135135 0.6306306306 0.0822072072 0.0788288288
1 0.5292792793 0.6323198198 0.0743243243 0.0777027027
1 0.7077702703 0.6216216216 0.0799549550 0.0743243243
1 0.6340090090 0.6193693694 0.0743243243 0.0833333333
1 0.8029279279 0.5951576577 0.0833333333 0.0889639640
1 0.8845720721 0.5912162162 0.0822072072 0.0878378378
1 0.3130630631 0.6711711712 0.1418918919 0.0653153153
1 0.6351351351 0.7055180180 0.0788288288 0.0867117117
1 0.7128378378 0.7032657658 0.0788288288 0.0844594595
1 0.8198198198 0.6858108108 0.0743243243 0.0923423423
1 0.8975225225 0.6835585586 0.0810810811 0.0945945946
1 0.9712837838 0.6576576577 0.0574324324 0.0945945946
4 0.0658783784 0.7128378378 0.1317567568 0.0810810811
3 0.3288288288 0.7269144144 0.1058558559 0.0551801802
3 0.2995495495 0.7809684685 0.0563063063 0.0551801802
3 0.3524774775 0.7764639640 0.0518018018 0.0551801802
1 0.4470720721 0.7162162162 0.0788288288 0.0810810811
1 0.5270270270 0.7128378378 0.0810810811 0.0833333333
1 0.9042792793 0.7809684685 0.0810810811 0.0957207207
1 0.8215090090 0.7815315315 0.0867117117 0.0990990991
1 0.9780405405 0.7612612613 0.0439189189 0.1013513514
4 0.0630630631 0.7899774775 0.1261261261 0.0844594595
3 0.2961711712 0.8372747748 0.0563063063 0.0596846847
3 0.3485360360 0.8327702703 0.0551801802 0.0641891892
1 0.4448198198 0.8001126126 0.0833333333 0.0867117117
1 0.5270270270 0.7989864865 0.0810810811 0.0844594595
1 0.7173423423 0.7916666667 0.0833333333 0.0878378378
1 0.6385135135 0.7927927928 0.0810810811 0.0900900901
4 0.0591216216 0.8699324324 0.1182432432 0.0889639640
5 0.3226351351 0.9222972973 0.0867117117 0.0518018018
5 0.5208333333 0.9025900901 0.1047297297 0.0619369369
5 0.6435810811 0.9161036036 0.0799549550 0.1024774775
5 0.7190315315 0.9121621622 0.0754504505 0.1013513514
5 0.8355855856 0.9110360360 0.0810810811 0.0945945946
5 0.9161036036 0.9076576577 0.0686936937 0.0900900901
4 0.0557432432 0.9521396396 0.1114864865 0.0889639640
5 0.2545045045 0.9566441441 0.0427927928 0.0867117117
5 0.3226351351 0.9752252252 0.0867117117 0.0495495495
5 0.4391891892 0.9690315315 0.0608108108 0.0619369369
5 0.4977477477 0.9679054054 0.0518018018 0.0641891892
5 0.5501126126 0.9673423423 0.0439189189 0.0653153153
5 0.8417792793 0.9791666667 0.0709459459 0.0416666667
5 0.9194819820 0.9780405405 0.0754504505 0.0439189189
5 0.9814189189 0.9819819820 0.0371621622 0.0360360360
4 0.0495495495 0.9943693694 0.0990990991 0.0112612613
5 0.6396396396 0.9853603604 0.0810810811 0.0292792793
5 0.7195945946 0.9836711712 0.0788288288 0.0326576577
