0 0.9943336355 0.2307343608 0.0113327289 0.0362647325
7 0.0865820490 0.2815049864 0.0435176791 0.0398912058
7 0.1708975521 0.3077969175 0.0580235721 0.1042611061
7 0.1246600181 0.3102901179 0.0553037171 0.1019945603
7 0.2157751587 0.3107434270 0.0643699003 0.0974614687
1 0.3068902992 0.3059836809 0.0462375340 0.1051677244
1 0.2638259293 0.3062103354 0.0507706256 0.1065276519
1 0.3685403445 0.2869446963 0.0906618314 0.0788757933
1 0.4329102448 0.2826382593 0.0543970988 0.0838621940
1 0.4777878513 0.2846781505 0.0471441523 0.0843155032
1 0.5228921124 0.2833182230 0.0475974615 0.0743427017
1 0.6273798731 0.2801450589 0.0543970988 0.0834088849
1 0.5741160471 0.2821849501 0.0530371714 0.0820489574
0 0.6858567543 0.2753853128 0.0643699003 0.0829555757
0 0.7500000000 0.2728921124 0.0648232094 0.0879419764
0 0.8139165911 0.2459202176 0.0657298277 0.0394378966
0 0.8152765186 0.2926110607 0.0630099728 0.0575702629
0 0.9505893019 0.2749320036 0.0752493200 0.0521305530
0 0.9494560290 0.2348141432 0.0747960109 0.0308250227
0 0.8805530372 0.2926110607 0.0666364461 0.0602901179
0 0.8787398005 0.2434270172 0.0630099728 0.0462375340
0 0.9945602901 0.2731187670 0.0108794198 0.0512239347
7 0.0820489574 0.3186763373 0.0353581142 0.0435176791
7 0.0859020852 0.3558476881 0.0285584769 0.0380779692
7 0.0702629193 0.4265639166 0.0480507706 0.0607434270
7 0.1375793291 0.4508159565 0.0457842248 0.0412511333
7 0.1439256573 0.4140979148 0.0412511333 0.0349048051
7 0.1115140526 0.4154578422 0.0362647325 0.0439709882
1 0.1892565730 0.4403898459 0.0630099728 0.0865820490
1 0.2379873073 0.4369900272 0.0670897552 0.0815956482
1 0.2901178604 0.4415231188 0.0652765186 0.0806890299
1 0.3442883046 0.4403898459 0.0621033545 0.0947416138
1 0.4002719855 0.4367633726 0.0571169538 0.0856754306
1 0.4510426111 0.4349501360 0.0571169538 0.0911151405
1 0.5038531278 0.4363100635 0.0575702629 0.0893019039
1 0.5616500453 0.4344968268 0.0616500453 0.0938349955
0 0.6194469628 0.4283771532 0.0611967362 0.0317316410
0 0.6840435177 0.4140979148 0.0698096102 0.0312783318
0 0.6833635539 0.4587488667 0.0729827743 0.0589301904
0 0.7595194923 0.4406165005 0.0802357208 0.0897552131
0 0.8359020852 0.4340435177 0.0779691750 0.0775158658
0 0.9027651859 0.4086582049 0.0738893926 0.0339981868
0 0.9589755213 0.4378966455 0.0784224841 0.0879419764
7 0.0695829556 0.4866273799 0.0512239347 0.0593834995
7 0.1196736174 0.4868540345 0.0471441523 0.0317316410
7 0.0231187670 0.5800090662 0.0462375340 0.0856754306
4 0.0913417951 0.5972348141 0.0439709882 0.1128739801
4 0.0598368087 0.5795557570 0.0507706256 0.0820489574
1 0.1738440617 0.5611967362 0.0593834995 0.0426110607
7 0.1237533998 0.5800090662 0.0380779692 0.0829555757
1 0.1663644606 0.6053943790 0.0589301904 0.0457842248
1 0.2239347235 0.6053943790 0.0553037171 0.0457842248
1 0.2311876700 0.5675430644 0.0553037171 0.0353581142
1 0.3329555757 0.6180870354 0.0548504080 0.0557570263
1 0.2799184044 0.6072076156 0.0584768812 0.0439709882
1 0.2860380780 0.5670897552 0.0562103354 0.0380779692
1 0.3383952856 0.5679963735 0.0485040798 0.0453309157
1 0.3941523119 0.5743427017 0.0621033545 0.0525838622
1 0.4560290118 0.5757026292 0.0634632820 0.0471441523
1 0.5163191296 0.5702629193 0.0571169538 0.0444242974
1 0.5133726201 0.6196736174 0.0593834995 0.0562103354
1 0.5759292838 0.5738893926 0.0611967362 0.0480507706
0 0.6344061650 0.6015412511 0.0639165911 0.1033544878
0 0.6999093382 0.5734360834 0.0670897552 0.0471441523
0 0.7713055304 0.5983680870 0.0757026292 0.0951949229
0 0.8429283772 0.6010879420 0.0766092475 0.0961015413
0 0.9190843155 0.5750226655 0.0838621940 0.0512239347
0 0.9773345422 0.6131006346 0.0453309157 0.0992747053
1 0.2191749773 0.6489120580 0.0630099728 0.0485040798
1 0.2767452403 0.6516319130 0.0611967362 0.0466908432
1 0.3905258386 0.6260199456 0.0639165911 0.0562103354
1 0.4528558477 0.6251133273 0.0616500453 0.0525838622
1 0.5723028105 0.6257932910 0.0611967362 0.0566636446
0 0.7017225748 0.6289664551 0.0679963735 0.0630099728
0 0.7692656392 0.6715775159 0.0652765186 0.0494106981
0 0.9193109701 0.6310063463 0.0815956482 0.0634632820
0 0.9786944696 0.6908431550 0.0426110607 0.0616500453
7 0.0213055304 0.7207615594 0.0371713509 0.0825022665
4 0.0777425204 0.7273345422 0.0421577516 0.0856754306
4 0.0496373527 0.7239347235 0.0376246600 0.0861287398
4 0.1480054397 0.7343608341 0.0430643699 0.0870353581
4 0.1110607434 0.7311876700 0.0407978241 0.0834088849
4 0.1847234814 0.7470534905 0.0475974615 0.0942883046
4 0.2266545784 0.7513599275 0.0507706256 0.0974614687
1 0.3148232094 0.7595194923 0.0457842248 0.0811423391
4 0.2733454216 0.7558930190 0.0534904805 0.0947416138
1 0.3943789665 0.7642792384 0.0435176791 0.0815956482
1 0.3565276519 0.7606527652 0.0385312783 0.0779691750
1 0.4748413418 0.7649592022 0.0439709882 0.0965548504
1 0.4367633726 0.7615593835 0.0430643699 0.0951949229
1 0.5611967362 0.7713055304 0.0444242974 0.0983680870
1 0.5165457842 0.7694922937 0.0466908432 0.0947416138
7 0.0228921124 0.8309156845 0.0321849501 0.0553037171
7 0.0067996374 0.8340888486 0.0135992747 0.0625566636
7 0.0734360834 0.8488213962 0.0335448776 0.0684496827
7 0.0972348141 0.8461015413 0.0294650952 0.0693563010
7 0.0487307344 0.8295557570 0.0312783318 0.0498640073
7 0.1239800544 0.8499546691 0.0330915684 0.0698096102
7 0.1498186763 0.8495013599 0.0321849501 0.0616500453
7 0.2892112421 0.8508612874 0.0344514959 0.0308250227
1 0.6040344515 0.7762919311 0.0448776065 0.0947416138
7 0.6527651859 0.7869446963 0.0543970988 0.1006346328
7 0.7305077063 0.7928377153 0.1047144152 0.1060743427
7 0.8241160471 0.7928377153 0.0906618314 0.1006346328
7 0.9351767906 0.8125566636 0.1124206709 0.1083408885
7 0.9945602901 0.8191296464 0.0108794198 0.0997280145
7 0.0237987307 0.8853127833 0.0339981868 0.0634632820
7 0.0460108794 0.8773798731 0.0376246600 0.0566636446
7 0.1740707162 0.8612873980 0.0335448776 0.0852221215
7 0.2307343608 0.8603807797 0.0326382593 0.0679963735
7 0.2024025385 0.8633272892 0.0321849501 0.0720761559
7 0.2384406165 0.9154578422 0.0262919311 0.0557570263
1 0.3243427017 0.8762466002 0.0321849501 0.0743427017
7 0.2588395286 0.9127379873 0.0308250227 0.0630099728
7 0.2883046238 0.8812330009 0.0317316410 0.0371713509
7 0.2601994560 0.8592475068 0.0299184044 0.0539437897
7 0.2887579329 0.9129646419 0.0362647325 0.0299184044
1 0.3859927471 0.9057116954 0.1019945603 0.0924750680
1 0.4834542158 0.9159111514 0.1056210335 0.0902085222
7 0.1978694470 0.9347234814 0.0303717135 0.0725294651
1 0.5874886673 0.9372166818 0.1069809610 0.1255666364
7 0.6754306437 0.9485494107 0.0516772439 0.0929283772
7 0.7316409791 0.9548957389 0.0571169538 0.0902085222
7 0.8118766999 0.9546690843 0.1106074343 0.0906618314
7 0.9220308250 0.9605621034 0.1133272892 0.0788757933
7 0.9868540345 0.9684950136 0.0262919311 0.0630099728
