1 0.1248294679 0.0736698499 0.0750341064 0.1473396999
1 0.2053206003 0.0750341064 0.0777626194 0.1500682128
1 0.2844474761 0.0763983629 0.0777626194 0.1527967258
1 0.3608458390 0.0784447476 0.0695770805 0.1568894952
1 0.4386084584 0.0798090041 0.0777626194 0.1596180082
1 0.5190995907 0.0818553888 0.0750341064 0.1555252387
1 0.6255115962 0.0818553888 0.1350613915 0.1555252387
1 0.7653478854 0.0893587995 0.1391541610 0.1541609823
1 0.9031377899 0.1002728513 0.1391541610 0.1541609823
1 0.1023192360 0.2551159618 0.0845839018 0.1309686221
1 0.1793997271 0.2598908595 0.0859481583 0.1268758527
1 0.2564802183 0.2619372442 0.0900409277 0.1282401091
1 0.3396998636 0.2646657572 0.0791268759 0.1282401091
1 0.4174624829 0.2694406548 0.0763983629 0.1268758527
1 0.5109140518 0.2435197817 0.1077762619 0.0723055935
1 0.6214188267 0.2482946794 0.1077762619 0.0709413370
1 0.7278308322 0.2523874488 0.0995907231 0.0763983629
1 0.8287858117 0.2537517053 0.0995907231 0.0736698499
1 0.9249658936 0.2585266030 0.1009549795 0.0695770805
1 0.5109140518 0.3103683492 0.1050477490 0.0559345157
1 0.6173260573 0.3130968622 0.1023192360 0.0532060027
1 0.7264665757 0.3171896317 0.0968622101 0.0559345157
1 0.8240109141 0.3185538881 0.0954979536 0.0613915416
1 0.9270122783 0.3219645293 0.1023192360 0.0654843111
1 0.0934515689 0.4461118690 0.1186903138 0.1609822647
1 0.1950886767 0.4488403820 0.1173260573 0.1609822647
1 0.2933151432 0.4502046385 0.1009549795 0.1582537517
1 0.3813096862 0.4515688950 0.0968622101 0.1527967258
1 0.4740791269 0.4604365621 0.0914051842 0.1568894952
1 0.5641200546 0.5047748977 0.0886766712 0.0818553888
1 0.5668485675 0.4222373806 0.0859481583 0.0804911323
1 0.6609822647 0.4229195089 0.0832196453 0.0763983629
1 0.7482946794 0.4263301501 0.0859481583 0.0804911323
1 0.8383356071 0.4324693042 0.0968622101 0.0791268759
1 0.9345156889 0.4358799454 0.0873124147 0.0804911323
1 0.6527967258 0.5075034106 0.0886766712 0.0818553888
1 0.7428376535 0.5088676671 0.0968622101 0.0845839018
1 0.8403819918 0.5150068213 0.0954979536 0.0804911323
1 0.9372442019 0.5204638472 0.0927694407 0.0832196453
1 0.0757162347 0.6596180082 0.1159618008 0.1759890859
1 0.1807639836 0.6678035471 0.1186903138 0.1787175989
1 0.2864938608 0.6684856753 0.1036834925 0.1800818554
1 0.3751705321 0.6671214188 0.1009549795 0.1718963165
1 0.4693042292 0.6289222374 0.0927694407 0.0845839018
1 0.5641200546 0.6343792633 0.0941336971 0.0900409277
1 0.6575716235 0.6398362892 0.0954979536 0.0900409277
1 0.7523874488 0.6452933151 0.0941336971 0.0982264666
1 0.8451568895 0.6459754434 0.0914051842 0.0914051842
1 0.9372442019 0.6521145975 0.0900409277 0.0927694407
1 0.0429740791 0.8778990450 0.0859481583 0.1623465211
1 0.1118690314 0.8785811733 0.0818553888 0.1609822647
1 0.1780354707 0.8819918145 0.0804911323 0.1596180082
1 0.2476125512 0.8847203274 0.0777626194 0.1623465211
1 0.3165075034 0.8867667121 0.0791268759 0.1637107776
1 0.3847203274 0.8894952251 0.0763983629 0.1637107776
1 0.4522510232 0.8915416098 0.0750341064 0.1650750341
1 0.5211459754 0.8929058663 0.0736698499 0.1650750341
1 0.6575716235 0.8969986357 0.0682128240 0.1650750341
1 0.5886766712 0.8956343793 0.0695770805 0.1650750341
1 0.7285129604 0.9024556617 0.0736698499 0.1678035471
1 0.7974079127 0.9045020464 0.0695770805 0.1664392906
1 0.8669849932 0.9079126876 0.0750341064 0.1678035471
1 0.9351978172 0.9099590723 0.0777626194 0.1691678035
