0 0.0090799031 0.5121065375 0.0181598063 0.0677966102
2 0.5320823245 0.5260290557 0.2070217918 0.2578692494
2 0.7251815981 0.4782082324 0.2300242131 0.2663438257
2 0.9104116223 0.4521791768 0.1501210654 0.2360774818
0 0.0078692494 0.5677966102 0.0157384988 0.0605326877
0 0.0768765133 0.6095641646 0.0496368039 0.0641646489
0 0.0345036320 0.5847457627 0.0447941889 0.0653753027
0 0.0411622276 0.5338983051 0.0532687651 0.0629539952
2 0.1930992736 0.6186440678 0.1561743341 0.2130750605
2 0.3523002421 0.5805084746 0.1840193705 0.2263922518
0 0.0635593220 0.7052058111 0.0447941889 0.0932203390
0 0.0211864407 0.6864406780 0.0423728814 0.1016949153
0 0.1053268765 0.7173123487 0.0363196126 0.0859564165
2 0.6555690073 0.7306295400 0.1392251816 0.2602905569
2 0.8504842615 0.6937046005 0.2869249395 0.2881355932
0 0.0181598063 0.8044794189 0.0363196126 0.1004842615
0 0.0550847458 0.8184019370 0.0520581114 0.1016949153
2 0.1803874092 0.8111380145 0.0968523002 0.2154963680
2 0.2566585956 0.8002421308 0.0895883777 0.2227602906
2 0.3486682809 0.7851089588 0.0968523002 0.2263922518
2 0.4497578692 0.7681598063 0.1004842615 0.2288135593
2 0.5532687651 0.7524213075 0.1162227603 0.2384987893
0 0.0562953995 0.9394673123 0.0520581114 0.1016949153
0 0.0181598063 0.9328087167 0.0363196126 0.1077481840
4 0.4661016949 0.9358353511 0.0363196126 0.0847457627
4 0.4291767554 0.9400726392 0.0375302663 0.0835351090
4 0.5048426150 0.9315980630 0.0411622276 0.0883777240
4 0.5447941889 0.9285714286 0.0411622276 0.0823244552
4 0.5859564165 0.9243341404 0.0460048426 0.0811138015
2 0.8462469734 0.8928571429 0.2929782082 0.1634382567
0 0.1016949153 0.9443099274 0.0435835351 0.1016949153
0 0.1440677966 0.9521791768 0.0484261501 0.0907990315
4 0.2203389831 0.9654963680 0.0338983051 0.0690072639
4 0.2863196126 0.9570217918 0.0351089588 0.0714285714
4 0.2524213075 0.9624697337 0.0326876513 0.0702179177
4 0.3202179177 0.9539951574 0.0351089588 0.0750605327
4 0.3934624697 0.9443099274 0.0387409201 0.0823244552
4 0.3565375303 0.9473365617 0.0351089588 0.0811138015
