7 0.1691259932 0.0034052213 0.0499432463 0.0068104427
1 0.9477866061 0.0272417707 0.0544835414 0.0431328036
2 0.6969353008 0.0527809308 0.0544835414 0.1055618615
2 0.7570942111 0.0834279228 0.0703745743 0.1532349603
1 0.8291713961 0.0539160045 0.0896708286 0.1032917140
1 0.8944381385 0.0885357548 0.0454029512 0.0499432463
1 0.9455164586 0.1169125993 0.0522133939 0.0454029512
1 0.9477866061 0.0726447219 0.0522133939 0.0408626561
1 0.8961407491 0.0329171396 0.0488081725 0.0567536890
1 0.6963677639 0.1322360953 0.0556186152 0.0578887628
1 0.8870601589 0.1384790011 0.0533484677 0.0499432463
1 0.8286038593 0.1333711691 0.0635641317 0.0578887628
1 0.7048808173 0.3115777526 0.0681044268 0.0601589103
1 0.7241770715 0.2224744608 0.0567536890 0.0998864926
1 0.7763904654 0.2383654938 0.0544835414 0.0703745743
1 0.8331441544 0.2389330306 0.0612939841 0.0692395006
1 0.8933030647 0.2406356413 0.0658342792 0.0726447219
1 0.9534619750 0.2423382520 0.0658342792 0.0737797957
1 0.7048808173 0.3654937571 0.0681044268 0.0522133939
1 0.8183881952 0.3518728717 0.0544835414 0.0703745743
1 0.7656072645 0.3388195233 0.0556186152 0.1032917140
1 0.8711691260 0.3490351873 0.0533484677 0.0624290579
1 0.8881952327 0.4029511918 0.0646992054 0.0454029512
1 0.9273552781 0.3518728717 0.0590238365 0.0635641317
1 0.9551645857 0.4052213394 0.0669693530 0.0454029512
1 0.7343927355 0.4801362089 0.0658342792 0.0272417707
3 0.6884222474 0.4835414302 0.0261066969 0.0340522134
3 0.6878547106 0.4494892168 0.0295119183 0.0340522134
1 0.7990919410 0.4801362089 0.0658342792 0.0249716232
1 0.8609534620 0.4642451759 0.0578887628 0.0544835414
1 0.9148694665 0.4648127128 0.0567536890 0.0578887628
1 0.9710556186 0.4670828604 0.0578887628 0.0578887628
3 0.6884222474 0.5175936436 0.0238365494 0.0363223610
1 0.7321225880 0.5175936436 0.0635641317 0.0522133939
1 0.7968217934 0.5164585698 0.0658342792 0.0499432463
1 0.8632236095 0.5181611805 0.0669693530 0.0556186152
1 0.9194097616 0.5181611805 0.0476730988 0.0510783201
1 0.9721906924 0.5255391600 0.0556186152 0.0590238365
1 0.7434733258 0.6101021566 0.1021566402 0.1032917140
1 0.8144154370 0.6129398411 0.0510783201 0.1044267877
1 0.8609534620 0.6152099886 0.0533484677 0.1021566402
1 0.9063564132 0.6152099886 0.0510783201 0.1021566402
1 0.9506242906 0.6174801362 0.0533484677 0.1044267877
1 0.9835414302 0.6180476731 0.0329171396 0.1055618615
1 0.7026106697 0.7105561862 0.0431328036 0.1066969353
1 0.7792281498 0.7128263337 0.1032917140 0.1066969353
1 0.8796821793 0.7162315551 0.1089670829 0.1066969353
1 0.9523269012 0.7196367764 0.0522133939 0.1066969353
1 0.9852440409 0.7207718502 0.0295119183 0.1021566402
