1 0.9519725557 0.1912521441 0.0960548885 0.1698113208
1 0.0694682676 0.2367066895 0.1389365352 0.2058319039
1 0.3138936535 0.2358490566 0.1509433962 0.1903945111
1 0.4579759863 0.2315608919 0.1543739280 0.1955403087
1 0.6818181818 0.2246998285 0.1526586621 0.1955403087
1 0.8276157804 0.2186963979 0.1560891938 0.1903945111
1 0.4108061750 0.4090909091 0.3104631218 0.1766723842
1 0.6843910806 0.4039451115 0.1475128645 0.1938250429
1 0.8301886792 0.3970840480 0.1578044597 0.1835334477
1 0.9528301887 0.3507718696 0.0943396226 0.1732418525
1 0.0711835334 0.4365351630 0.1423670669 0.2006861063
1 0.9588336192 0.5102915952 0.0823327616 0.1526586621
1 0.0728987993 0.6320754717 0.1457975986 0.2006861063
1 0.4133790738 0.5711835334 0.3018867925 0.1680960549
1 0.6852487136 0.5849056604 0.1389365352 0.1852487136
1 0.8310463122 0.5771869640 0.1629502573 0.1835334477
1 0.4245283019 0.7246998285 0.3036020583 0.1629502573
1 0.9631217839 0.6560891938 0.0737564322 0.1629502573
1 0.0814751286 0.8190394511 0.1629502573 0.2075471698
1 0.6895368782 0.7667238422 0.1337907376 0.1852487136
1 0.8370497427 0.7590051458 0.1680960549 0.1938250429
1 0.9648370497 0.8027444254 0.0703259005 0.1578044597
1 0.4322469983 0.8790737564 0.3018867925 0.1595197256
1 0.7032590051 0.9236706690 0.1509433962 0.1526586621
1 0.8567753002 0.9219554031 0.1595197256 0.1560891938
1 0.9674099485 0.9382504288 0.0651801029 0.1234991424
1 0.0831903945 0.9493996569 0.1663807890 0.1012006861
