7 0.0497854077 0.1613733906 0.0995708155 0.1115879828
7 0.0497854077 0.2682403433 0.0995708155 0.0987124464
7 0.1622317597 0.2609442060 0.1442060086 0.1098712446
7 0.1682403433 0.1605150215 0.1424892704 0.1030042918
7 0.3012875536 0.1553648069 0.1459227468 0.1030042918
7 0.3017167382 0.2579399142 0.1399141631 0.1072961373
1 0.5699570815 0.2793991416 0.1167381974 0.1227467811
1 0.4394849785 0.2806866953 0.1373390558 0.1253218884
1 0.4386266094 0.1575107296 0.1373390558 0.1244635193
1 0.5712446352 0.1493562232 0.1296137339 0.1098712446
1 0.6961373391 0.2532188841 0.1167381974 0.1133047210
1 0.6931330472 0.1442060086 0.1158798283 0.0978540773
1 0.8103004292 0.1429184549 0.1201716738 0.0987124464
1 0.8085836910 0.2523605150 0.1201716738 0.1167381974
1 0.9300429185 0.2489270386 0.1193133047 0.1167381974
1 0.9317596567 0.1416309013 0.1193133047 0.0995708155
1 0.9957081545 0.1377682403 0.0085836910 0.1072961373
1 0.9931330472 0.2446351931 0.0137339056 0.1030042918
7 0.0424892704 0.3579399142 0.0849785408 0.0858369099
7 0.1613733906 0.3532188841 0.1356223176 0.0815450644
7 0.2965665236 0.3480686695 0.1330472103 0.0815450644
3 0.0278969957 0.5454935622 0.0557939914 0.1656652361
7 0.0884120172 0.5497854077 0.0858369099 0.1845493562
7 0.1519313305 0.5377682403 0.0721030043 0.1605150215
7 0.2231759657 0.5356223176 0.0772532189 0.1682403433
5 0.2879828326 0.5433476395 0.0592274678 0.0686695279
5 0.3763948498 0.5540772532 0.0489270386 0.0695278970
5 0.3081545064 0.4828326180 0.0669527897 0.0609442060
5 0.3725321888 0.4828326180 0.0721030043 0.0695278970
5 0.4450643777 0.4802575107 0.0781115880 0.0763948498
5 0.5150214592 0.5034334764 0.0686695279 0.1261802575
1 0.7197424893 0.5004291845 0.1261802575 0.1184549356
5 0.5845493562 0.5188841202 0.0703862661 0.1502145923
1 0.8523605150 0.5000000000 0.1459227468 0.1313304721
1 0.9660944206 0.4819742489 0.0678111588 0.1090128755
1 0.9635193133 0.4819742489 0.0729613734 0.1055793991
5 0.2957081545 0.6124463519 0.0575107296 0.0660944206
1 0.7158798283 0.6175965665 0.1339055794 0.1227467811
1 0.8523605150 0.6171673820 0.1390557940 0.1133047210
1 0.9686695279 0.5974248927 0.0626609442 0.1287553648
7 0.2197424893 0.8678111588 0.0703862661 0.0789699571
7 0.2961373391 0.8682403433 0.0909871245 0.0781115880
7 0.3759656652 0.8656652361 0.0806866953 0.0815450644
7 0.0832618026 0.9120171674 0.0875536481 0.1536480687
7 0.0278969957 0.9120171674 0.0557939914 0.1519313305
7 0.2244635193 0.9454935622 0.0712446352 0.0866952790
7 0.1545064378 0.8982832618 0.0755364807 0.1330472103
7 0.2982832618 0.9442060086 0.0935622318 0.0875536481
7 0.3871244635 0.9390557940 0.0875536481 0.0875536481
7 0.3442060086 0.9892703863 0.0824034335 0.0214592275
7 0.4248927039 0.9733905579 0.0721030043 0.0532188841
1 0.6244635193 0.8879828326 0.1381974249 0.1278969957
1 0.6291845494 0.9733905579 0.1339055794 0.0532188841
1 0.7566523605 0.9669527897 0.1364806867 0.0660944206
1 0.7545064378 0.8772532189 0.1270386266 0.1167381974
1 0.8884120172 0.8841201717 0.1407725322 0.1442060086
1 0.9854077253 0.9721030043 0.0291845494 0.0557939914
1 0.9793991416 0.8793991416 0.0412017167 0.1416309013
1 0.9047210300 0.9755364807 0.1373390558 0.0489270386
1 0.9047210300 0.9755364807 0.1373390558 0.0489270386
