4 0.9152276295 0.0039246468 0.0565149137 0.0078492936
1 0.0690737834 0.0729984301 0.0753532182 0.1459968603
1 0.1428571429 0.0729984301 0.0753532182 0.1459968603
1 0.2747252747 0.0706436421 0.0627943485 0.1412872841
1 0.2150706436 0.0729984301 0.0659340659 0.1459968603
1 0.3335949765 0.0706436421 0.0612244898 0.1412872841
1 0.3932496075 0.0706436421 0.0549450549 0.1412872841
7 0.4536891680 0.0737833595 0.0596546311 0.1475667190
7 0.5368916797 0.0565149137 0.1161695447 0.1098901099
0 0.6475667190 0.0698587127 0.1083202512 0.1334379906
7 0.7841444270 0.0651491366 0.0298273155 0.1020408163
4 0.7354788069 0.0824175824 0.0737833595 0.1554160126
7 0.8736263736 0.0580847724 0.0266875981 0.0816326531
7 0.8453689168 0.0627943485 0.0361067504 0.0941915228
7 0.8131868132 0.0643642072 0.0345368917 0.0973312402
7 0.9018838305 0.1200941915 0.0361067504 0.0423861852
7 0.9340659341 0.0572998430 0.0313971743 0.0706436421
7 0.9081632653 0.0408163265 0.0392464678 0.0408163265
1 0.0855572998 0.2653061224 0.0989010989 0.0847723705
1 0.1985871272 0.2613814757 0.0894819466 0.0863422292
1 0.2943485086 0.2551020408 0.0894819466 0.0832025118
0 0.5926216641 0.2778649922 0.0706436421 0.1507064364
0 0.5345368917 0.2747252747 0.0643642072 0.1381475667
0 0.6797488226 0.2762951334 0.1004709576 0.1475667190
0 0.7645211931 0.2700156986 0.0722135008 0.1350078493
7 0.8281004710 0.1538461538 0.0612244898 0.0470957614
7 0.8328100471 0.2653061224 0.0800627943 0.1224489796
7 0.9152276295 0.2637362637 0.0910518053 0.1224489796
1 0.0808477237 0.3453689168 0.1051805338 0.0753532182
1 0.1915227630 0.4081632653 0.1130298273 0.0847723705
1 0.1891679749 0.3312401884 0.1051805338 0.0753532182
1 0.2896389325 0.3343799058 0.0832025118 0.0753532182
1 0.2998430141 0.3971742543 0.0941915228 0.0690737834
1 0.4583987441 0.2896389325 0.0879120879 0.1616954474
0 0.5282574568 0.3649921507 0.0549450549 0.0455259027
0 0.6828885400 0.3704866562 0.0910518053 0.0439560440
0 0.7613814757 0.3602825746 0.0627943485 0.0518053375
7 0.8320251177 0.3445839874 0.0816326531 0.0361067504
7 0.9175824176 0.3492935636 0.0894819466 0.0518053375
1 0.0682888540 0.5266875981 0.0800627943 0.0894819466
1 0.0894819466 0.4270015699 0.0973312402 0.0941915228
1 0.1577708006 0.5070643642 0.0926216641 0.0910518053
1 0.2574568289 0.4913657771 0.0722135008 0.0816326531
1 0.3390894819 0.4827315542 0.1004709576 0.0894819466
1 0.4387755102 0.4788069074 0.1051805338 0.0879120879
1 0.5243328100 0.4599686028 0.0722135008 0.0722135008
1 0.6153846154 0.4897959184 0.0973312402 0.1538461538
6 0.7864992151 0.5290423862 0.0847723705 0.0910518053
1 0.7040816327 0.4882260597 0.0863422292 0.1507064364
6 0.7825745683 0.4419152276 0.0737833595 0.0800627943
5 0.8532182104 0.4324960754 0.0549450549 0.0769230769
5 0.8571428571 0.5007849294 0.0627943485 0.0596546311
5 0.8587127159 0.5541601256 0.0565149137 0.0502354788
5 0.9073783359 0.4568288854 0.0439560440 0.1193092622
5 0.9591836735 0.4513343799 0.0470957614 0.1177394035
1 0.0620094192 0.6091051805 0.0832025118 0.0910518053
1 0.1522762951 0.5941915228 0.0910518053 0.0926216641
1 0.2433281005 0.5816326531 0.0941915228 0.0989010989
1 0.3383045526 0.5643642072 0.0957613815 0.0737833595
1 0.4929356358 0.6766091052 0.0879120879 0.0784929356
0 0.6687598116 0.6883830455 0.0690737834 0.1397174254
0 0.7386185243 0.6758241758 0.0769230769 0.1397174254
5 0.8485086342 0.6373626374 0.0580847724 0.1193092622
5 0.7982731554 0.6507064364 0.0486656201 0.1240188383
5 0.9222919937 0.6302982732 0.0549450549 0.1208791209
1 0.0549450549 0.8021978022 0.0910518053 0.1664050235
1 0.1467817896 0.7810047096 0.0957613815 0.1742543171
1 0.2346938776 0.7700156986 0.0894819466 0.1648351648
1 0.3210361068 0.7448979592 0.0832025118 0.1742543171
1 0.4945054945 0.7558869702 0.0910518053 0.0769230769
1 0.4050235479 0.7346938776 0.0847723705 0.1695447410
0 0.5879120879 0.7032967033 0.0957613815 0.1569858713
5 0.8375196232 0.7213500785 0.0863422292 0.0643642072
0 0.8830455259 0.8194662480 0.0926216641 0.1318681319
5 0.9332810047 0.7127158556 0.1020408163 0.0690737834
2 0.3987441130 0.9262166405 0.1381475667 0.1475667190
2 0.5313971743 0.9144427002 0.1428571429 0.1711145997
0 0.6444270016 0.8751962323 0.0832025118 0.1522762951
0 0.7307692308 0.8273155416 0.0894819466 0.0753532182
7 0.7370486656 0.8995290424 0.0832025118 0.0910518053
0 0.8100470958 0.8422291994 0.0722135008 0.1428571429
1 0.0808477237 0.9623233909 0.1114599686 0.0753532182
1 0.1852433281 0.9544740973 0.1067503925 0.0910518053
2 0.2872841444 0.9497645212 0.1098901099 0.1004709576
1 0.6467817896 0.9843014129 0.1098901099 0.0313971743
1 0.7535321821 0.9686028257 0.1036106750 0.0627943485
8 0.8304552590 0.9662480377 0.0690737834 0.0675039246
8 0.8963893250 0.9536891680 0.0690737834 0.0926216641
