5 0.1996402878 0.0251798561 0.0707434053 0.0503597122
5 0.5815347722 0.0257793765 0.0839328537 0.0515587530
5 0.6666666667 0.0239808153 0.0863309353 0.0479616307
5 0.9790167866 0.0065947242 0.0419664269 0.0131894484
5 0.2781774580 0.0275779376 0.0887290168 0.0551558753
5 0.3687050360 0.0317745803 0.0803357314 0.0635491607
5 0.4514388489 0.0305755396 0.0755395683 0.0611510791
5 0.7619904077 0.0431654676 0.0467625899 0.0863309353
5 0.8800959233 0.0413669065 0.0647482014 0.0827338129
5 0.8177458034 0.0425659472 0.0551558753 0.0851318945
5 0.9790167866 0.0389688249 0.0419664269 0.0611510791
5 0.1972422062 0.1157074341 0.0899280576 0.1235011990
5 0.3723021583 0.1151079137 0.0731414868 0.0959232614
5 0.4580335731 0.1115107914 0.0863309353 0.1007194245
5 0.6624700240 0.1061151079 0.0851318945 0.1091127098
5 0.5821342926 0.1103117506 0.0803357314 0.1079136691
5 0.7931654676 0.1205035971 0.1115107914 0.0659472422
5 0.9790167866 0.0995203837 0.0419664269 0.0551558753
1 0.5839328537 0.2386091127 0.0887290168 0.0935251799
1 0.6684652278 0.2374100719 0.0851318945 0.0959232614
1 0.8747002398 0.2296163070 0.0875299760 0.0923261391
1 0.7865707434 0.2308153477 0.0863309353 0.0899280576
3 0.9736211031 0.1948441247 0.0527577938 0.0683453237
1 0.1199040767 0.2739808153 0.0695443645 0.1067146283
1 0.1930455635 0.2661870504 0.0959232614 0.1127098321
1 0.2859712230 0.2709832134 0.0875299760 0.1079136691
1 0.4730215827 0.2494004796 0.0923261391 0.1055155875
1 0.3848920863 0.2500000000 0.0863309353 0.1019184652
1 0.7865707434 0.3225419664 0.0863309353 0.0887290168
1 0.8717026379 0.3189448441 0.0839328537 0.0863309353
3 0.9724220624 0.2547961631 0.0551558753 0.0587529976
3 0.9712230216 0.3075539568 0.0575539568 0.0587529976
1 0.0299760192 0.3561151079 0.0599520384 0.0335731415
1 0.1007194245 0.3872901679 0.0935251799 0.1007194245
1 0.2014388489 0.3818944844 0.0887290168 0.1019184652
1 0.2931654676 0.3812949640 0.1019184652 0.1007194245
1 0.4748201439 0.3513189448 0.0791366906 0.0983213429
1 0.3920863309 0.3537170264 0.0863309353 0.1007194245
1 0.6714628297 0.3303357314 0.0839328537 0.0923261391
1 0.5887290168 0.3327338129 0.0839328537 0.0899280576
1 0.9694244604 0.3669064748 0.0611510791 0.0695443645
1 0.0605515588 0.4646282974 0.1187050360 0.1738609113
1 0.4064748201 0.4520383693 0.0887290168 0.0935251799
1 0.4928057554 0.4478417266 0.0887290168 0.0947242206
1 0.6726618705 0.4220623501 0.0791366906 0.0887290168
1 0.5947242206 0.4196642686 0.0839328537 0.0791366906
1 0.7847721823 0.4082733813 0.0803357314 0.0827338129
1 0.8675059952 0.4100719424 0.0875299760 0.0839328537
1 0.9688249400 0.4328537170 0.0623501199 0.0647482014
1 0.2182254197 0.4814148681 0.0767386091 0.0947242206
1 0.3063549161 0.4886091127 0.0875299760 0.0947242206
1 0.4130695444 0.5449640288 0.0731414868 0.0899280576
1 0.4874100719 0.5419664269 0.0755395683 0.0887290168
1 0.5983213429 0.5035971223 0.0839328537 0.0815347722
1 0.6774580336 0.5053956835 0.0767386091 0.0827338129
1 0.7835731415 0.4910071942 0.0803357314 0.0827338129
1 0.8657074341 0.4952038369 0.0863309353 0.0815347722
1 0.9676258993 0.5527577938 0.0647482014 0.0599520384
1 0.9688249400 0.4928057554 0.0623501199 0.0647482014
1 0.4214628297 0.6312949640 0.0755395683 0.0875299760
1 0.4952038369 0.6270983213 0.0719424460 0.0863309353
1 0.6804556355 0.5833333333 0.0779376499 0.0755395683
1 0.6037170264 0.5863309353 0.0803357314 0.0719424460
1 0.7835731415 0.5767386091 0.0779376499 0.0791366906
1 0.8615107914 0.5791366906 0.0803357314 0.0815347722
1 0.0905275779 0.6372901679 0.0827338129 0.1618705036
1 0.3333333333 0.6990407674 0.0407673861 0.0719424460
1 0.6109112710 0.6648681055 0.0803357314 0.0779376499
1 0.6864508393 0.6624700240 0.0755395683 0.0755395683
1 0.8651079137 0.6582733813 0.0779376499 0.0791366906
1 0.7865707434 0.6594724221 0.0743405276 0.0743405276
8 0.9664268585 0.6384892086 0.0671462830 0.1091127098
1 0.4250599520 0.7128297362 0.0731414868 0.0683453237
1 0.4982014388 0.7158273381 0.0707434053 0.0719424460
1 0.6181055156 0.7452038369 0.0755395683 0.0659472422
1 0.6906474820 0.7380095923 0.0695443645 0.0683453237
1 0.8627098321 0.7386091127 0.0755395683 0.0743405276
1 0.7871702638 0.7350119904 0.0731414868 0.0791366906
8 0.9658273381 0.7488009592 0.0683453237 0.0971223022
1 0.6181055156 0.8189448441 0.0683453237 0.0551558753
1 0.6912470024 0.8159472422 0.0731414868 0.0659472422
1 0.7883693046 0.8183453237 0.0731414868 0.0779376499
1 0.8615107914 0.8165467626 0.0755395683 0.0791366906
1 0.9652278177 0.8621103118 0.0695443645 0.1199040767
1 0.8645083933 0.8896882494 0.0743405276 0.0719424460
1 0.7907673861 0.8872901679 0.0707434053 0.0719424460
