1 0.1877152698 0.0505166475 0.0838117107 0.1010332951
1 0.2761194030 0.0505166475 0.0838117107 0.1010332951
1 0.3438576349 0.0539609644 0.0654420207 0.1079219288
1 0.4081515499 0.0516647532 0.0838117107 0.1033295063
1 0.4810562572 0.0493685419 0.0803673938 0.0987370838
1 0.5608495982 0.0493685419 0.0815154994 0.0987370838
1 0.6320321470 0.0470723307 0.0815154994 0.0941446613
1 0.7037887486 0.0470723307 0.0826636051 0.0941446613
6 0.8748564868 0.0212399541 0.1285878301 0.0424799082
1 0.1940298507 0.1435132032 0.1056257176 0.1033295063
1 0.3025258324 0.1366245695 0.1159586682 0.1148105626
1 0.4081515499 0.1515499426 0.1021814007 0.0964408726
1 0.5068886338 0.1521239954 0.1021814007 0.0998851894
1 0.6073478760 0.1429391504 0.1056257176 0.1021814007
1 0.7106773823 0.1417910448 0.1079219288 0.1021814007
6 0.8329506315 0.1762342135 0.1136624569 0.2009184845
6 0.9316877153 0.1814006889 0.0975889782 0.1951779564
6 0.9931113662 0.1756601607 0.0137772675 0.2158438576
1 0.2026406429 0.2508610792 0.1136624569 0.1136624569
1 0.3094144661 0.2456946039 0.1159586682 0.1216991963
1 0.4161882893 0.2485648680 0.1021814007 0.0998851894
1 0.5137772675 0.2451205511 0.1090700344 0.0952927669
1 0.6119402985 0.2411021814 0.1056257176 0.0987370838
1 0.7146957520 0.2382319173 0.1067738232 0.0975889782
1 0.2210103330 0.3587830080 0.1274397245 0.1044776119
1 0.3404133180 0.3570608496 0.1228473020 0.1056257176
1 0.4609644087 0.3564867968 0.1228473020 0.1090700344
1 0.5826636051 0.3524684271 0.1297359357 0.1125143513
1 0.7083811711 0.3392652124 0.1377726751 0.1067738232
1 0.2250287026 0.4563719862 0.1308840413 0.1021814007
1 0.3450057405 0.4546498278 0.1297359357 0.0987370838
1 0.4661308840 0.4540757750 0.1239954076 0.0929965557
1 0.5878300804 0.4512055109 0.1239954076 0.0895522388
1 0.7095292767 0.4420206659 0.1354764638 0.1010332951
5 0.8243398393 0.4075774971 0.0711825488 0.1538461538
5 0.8949483352 0.4098737084 0.0654420207 0.1492537313
5 0.9655568312 0.4064293915 0.0597014925 0.1538461538
1 0.2296211251 0.6061997704 0.1308840413 0.1033295063
1 0.3484500574 0.6377726751 0.1182548794 0.2078071183
1 0.4569460390 0.6360505166 0.1125143513 0.2020665901
1 0.5597014925 0.6285878301 0.1090700344 0.2032146958
1 0.6630309989 0.6234213548 0.1067738232 0.2020665901
5 0.8725602755 0.6308840413 0.0574052813 0.1664753157
5 0.9339839265 0.6314580941 0.0677382319 0.1653272101
5 0.9879448909 0.6308840413 0.0241102181 0.1664753157
1 0.2324913892 0.7026406429 0.1274397245 0.1010332951
5 0.8719862227 0.7985074627 0.1021814007 0.0746268657
5 0.9862227325 0.7962112514 0.0275545350 0.0929965557
5 0.9500574053 0.7801377727 0.0562571757 0.0539609644
1 0.2330654420 0.9098737084 0.1377726751 0.1802525832
1 0.3668197474 0.9087256028 0.1343283582 0.1825487945
1 0.4977037887 0.9075774971 0.1343283582 0.1848450057
1 0.6228473020 0.9018369690 0.1389207807 0.1963260620
1 0.7433983927 0.9006888634 0.1343283582 0.1986222732
5 0.8691159587 0.8886337543 0.0987370838 0.1125143513
5 0.9529276693 0.8926521240 0.0941446613 0.1021814007
5 0.8748564868 0.9747416762 0.0964408726 0.0505166475
5 0.9563719862 0.9781859931 0.0872560276 0.0436280138
