7 0.9866123399 0.0983701979 0.0267753201 0.1594877765
6 0.6431897555 0.1455180442 0.1874272410 0.1140861467
1 0.8975552969 0.1705471478 0.1140861467 0.1362048894
1 0.4423748545 0.2194412107 0.1769499418 0.1105937136
1 0.7933643772 0.1856810244 0.0989522701 0.1362048894
3 0.9866123399 0.2456344587 0.0267753201 0.1466821886
1 0.2584400466 0.3003492433 0.1559953434 0.1024447031
6 0.6105937136 0.3055878929 0.1385331781 0.2316647264
7 0.8422584400 0.3084982538 0.2037252619 0.1420256112
1 0.2566938300 0.3958090803 0.1688009313 0.0931315483
1 0.4924330617 0.3428405122 0.0861466822 0.0942956927
7 0.9854481956 0.3632130384 0.0291036088 0.1280558789
1 0.4959254948 0.4383003492 0.0814901048 0.0942956927
7 0.7898719441 0.4481955763 0.0873108265 0.1536670547
7 0.8853317811 0.4481955763 0.0966239814 0.1513387660
7 0.0186263097 0.5087310827 0.0372526193 0.2165308498
1 0.2438882421 0.4947613504 0.1618160652 0.1071012806
1 0.4941792782 0.5343422584 0.0779976717 0.0931315483
6 0.6123399302 0.5331781141 0.1373690338 0.2188591385
7 0.9866123399 0.4813736903 0.0267753201 0.1199068685
1 0.2549476135 0.6012805588 0.1629802095 0.1082654249
1 0.4947613504 0.6268917346 0.0768335274 0.0966239814
7 0.7811408615 0.5919674040 0.0838183935 0.1222351572
7 0.8701979045 0.5925494761 0.1059371362 0.1350407451
0 0.9854481956 0.5867287544 0.0291036088 0.1024447031
7 0.0186263097 0.6525029104 0.0372526193 0.0873108265
7 0.0611175786 0.6769499418 0.0710128056 0.0803259604
0 0.9848661234 0.6973224680 0.0302677532 0.1117578580
1 0.2549476135 0.7136204889 0.1722933644 0.1117578580
1 0.4901047730 0.7287543655 0.0745052386 0.1024447031
6 0.6105937136 0.7543655413 0.1362048894 0.2281722934
7 0.7793946449 0.7142025611 0.0803259604 0.1222351572
7 0.8632130384 0.7246798603 0.0966239814 0.1268917346
1 0.2514551804 0.8247962747 0.1769499418 0.1105937136
1 0.4866123399 0.8335273574 0.0884749709 0.0977881257
7 0.8469150175 0.8469150175 0.2060535506 0.0942956927
0 0.9866123399 0.8125727590 0.0267753201 0.1280558789
1 0.5948777648 0.9132712456 0.1001164144 0.1012805588
1 0.2549476135 0.9365541327 0.1653084983 0.1268917346
1 0.4877764843 0.9412107101 0.0838183935 0.1036088475
1 0.5960419092 0.9784633295 0.1024447031 0.0430733411
7 0.8457508731 0.9447031432 0.2037252619 0.1059371362
0 0.9848661234 0.9330616997 0.0302677532 0.1292200233
0 0.9819557625 0.9947613504 0.0360884750 0.0104772992
