4 0.1016304348 0.0891304348 0.2032608696 0.1108695652
7 0.2652173913 0.0505434783 0.1065217391 0.0641304348
7 0.3451086957 0.0445652174 0.0619565217 0.0543478261
7 0.5570652174 0.0755434783 0.1728260870 0.1510869565
7 0.6744565217 0.0771739130 0.0663043478 0.1543478261
5 0.8141304348 0.0336956522 0.1608695652 0.0673913043
5 0.8086956522 0.0967391304 0.1695652174 0.0869565217
5 0.9733695652 0.0375000000 0.0532608696 0.0750000000
7 0.2548913043 0.1233695652 0.0663043478 0.0554347826
7 0.2961956522 0.1690217391 0.1119565217 0.0663043478
7 0.3673913043 0.1016304348 0.0630434783 0.0663043478
5 0.9125000000 0.1625000000 0.0619565217 0.0945652174
5 0.9706521739 0.1173913043 0.0586956522 0.0978260870
4 0.0934782609 0.1750000000 0.1869565217 0.1021739130
7 0.3135869565 0.2271739130 0.1293478261 0.0673913043
7 0.4288043478 0.2070652174 0.0641304348 0.1119565217
7 0.5690217391 0.2211956522 0.1597826087 0.1554347826
7 0.6646739130 0.2190217391 0.0423913043 0.1445652174
5 0.7706521739 0.1793478261 0.0891304348 0.0891304348
5 0.8483695652 0.1744565217 0.0793478261 0.1032608696
5 0.9630434783 0.2097826087 0.0739130435 0.0891304348
4 0.0940217391 0.2483695652 0.1880434783 0.0989130435
7 0.3244565217 0.2798913043 0.1271739130 0.0641304348
6 0.7711956522 0.2788043478 0.0902173913 0.1141304348
6 0.8576086957 0.2771739130 0.1086956522 0.1152173913
0 0.9635869565 0.2994565217 0.0728260870 0.1141304348
4 0.1163043478 0.3108695652 0.1804347826 0.0891304348
7 0.3440217391 0.3309782609 0.1380434783 0.0663043478
0 0.5739130435 0.3407608696 0.1565217391 0.1097826087
0 0.9565217391 0.3788043478 0.0869565217 0.0967391304
0 0.0217391304 0.4364130435 0.0434782609 0.1076086957
6 0.1146739130 0.4070652174 0.1250000000 0.1250000000
4 0.3739130435 0.4097826087 0.1782608696 0.1065217391
0 0.5913043478 0.4434782609 0.1478260870 0.0934782609
1 0.7625000000 0.3880434783 0.0793478261 0.1130434783
1 0.8358695652 0.3798913043 0.0782608696 0.0945652174
0 0.3826086957 0.4983695652 0.1478260870 0.1228260870
0 0.5625000000 0.5032608696 0.0728260870 0.0391304348
0 0.6288043478 0.4978260870 0.0576086957 0.0326086957
1 0.7548913043 0.4646739130 0.0771739130 0.0771739130
1 0.8277173913 0.4586956522 0.0663043478 0.0760869565
0 0.9538043478 0.4548913043 0.0923913043 0.1054347826
0 0.0364130435 0.5320652174 0.0728260870 0.1054347826
1 0.1755434783 0.5266304348 0.1836956522 0.1402173913
0 0.5619565217 0.5472826087 0.0630434783 0.0641304348
0 0.6173913043 0.5353260870 0.0565217391 0.0445652174
1 0.7608695652 0.5364130435 0.0739130435 0.0641304348
1 0.8250000000 0.5315217391 0.0739130435 0.0760869565
1 0.9244565217 0.5336956522 0.0619565217 0.0608695652
1 0.9777173913 0.5266304348 0.0445652174 0.0576086957
1 0.9766304348 0.5847826087 0.0467391304 0.0652173913
6 0.0342391304 0.6293478261 0.0684782609 0.0956521739
1 0.0978260870 0.6032608696 0.0391304348 0.0847826087
1 0.2152173913 0.6375000000 0.1630434783 0.1206521739
7 0.3907608696 0.5923913043 0.1032608696 0.0956521739
1 0.7521739130 0.6081521739 0.0695652174 0.0750000000
1 0.8179347826 0.6005434783 0.0684782609 0.0706521739
1 0.9217391304 0.5913043478 0.0652173913 0.0630434783
1 0.9086956522 0.6510869565 0.0608695652 0.0608695652
1 0.9635869565 0.6456521739 0.0489130435 0.0543478261
1 0.4217391304 0.6614130435 0.1217391304 0.0597826087
1 0.4298913043 0.7010869565 0.1163043478 0.0565217391
1 0.6157608696 0.6652173913 0.1206521739 0.0804347826
1 0.6434782609 0.7255434783 0.0456521739 0.0489130435
1 0.6918478261 0.7184782609 0.0445652174 0.0543478261
1 0.7538043478 0.6788043478 0.0641304348 0.0641304348
1 0.8168478261 0.6630434783 0.0619565217 0.0586956522
1 0.8108695652 0.7190217391 0.0652173913 0.0554347826
1 0.9576086957 0.6934782609 0.0521739130 0.0434782609
1 0.9038043478 0.7027173913 0.0489130435 0.0489130435
1 0.0983695652 0.7402173913 0.1945652174 0.1282608696
1 0.2483695652 0.7271739130 0.1532608696 0.1195652174
1 0.4396739130 0.7375000000 0.1119565217 0.0576086957
1 0.4461956522 0.7711956522 0.1076086957 0.0554347826
1 0.5869565217 0.7380434783 0.0565217391 0.0500000000
1 0.5847826087 0.7907608696 0.0521739130 0.0597826087
1 0.6407608696 0.7722826087 0.0467391304 0.0641304348
1 0.6891304348 0.7668478261 0.0500000000 0.0597826087
1 0.7543478261 0.7266304348 0.0543478261 0.0445652174
1 0.7532608696 0.7771739130 0.0543478261 0.0565217391
1 0.8097826087 0.7668478261 0.0565217391 0.0532608696
1 0.9500000000 0.7804347826 0.0521739130 0.0500000000
1 0.9500000000 0.7353260870 0.0478260870 0.0467391304
1 0.8989130435 0.7945652174 0.0543478261 0.0478260870
1 0.8967391304 0.7489130435 0.0478260870 0.0434782609
1 0.1407608696 0.8282608696 0.1641304348 0.0978260870
1 0.2826086957 0.8190217391 0.1434782609 0.0923913043
1 0.4516304348 0.8184782609 0.1119565217 0.0586956522
1 0.4619565217 0.8554347826 0.1043478261 0.0565217391
1 0.6010869565 0.8456521739 0.0565217391 0.0608695652
1 0.6500000000 0.8369565217 0.0434782609 0.0521739130
1 0.7559782609 0.8266304348 0.0576086957 0.0402173913
1 0.6967391304 0.8260869565 0.0500000000 0.0586956522
1 0.8081521739 0.8141304348 0.0510869565 0.0456521739
1 0.0157608696 0.9326086957 0.0315217391 0.0521739130
1 0.1657608696 0.8804347826 0.1358695652 0.0586956522
1 0.1880434783 0.9195652174 0.1413043478 0.0608695652
1 0.3065217391 0.8869565217 0.1282608696 0.0956521739
1 0.4684782609 0.8896739130 0.1021739130 0.0467391304
