1 0.4766990291 0.0718446602 0.1533980583 0.1320388350
1 0.6310679612 0.0932038835 0.1669902913 0.1320388350
3 0.7601941748 0.0553398058 0.0951456311 0.0873786408
3 0.8038834951 0.1466019417 0.1980582524 0.1029126214
3 0.8592233010 0.0495145631 0.1067961165 0.0912621359
1 0.0737864078 0.1699029126 0.0776699029 0.2155339806
1 0.2359223301 0.1747572816 0.1029126214 0.2174757282
1 0.1446601942 0.1728155340 0.1029126214 0.2135922330
1 0.3368932039 0.1737864078 0.1184466019 0.2233009709
1 0.4621359223 0.2194174757 0.1553398058 0.1359223301
1 0.6291262136 0.2271844660 0.1592233010 0.1242718447
3 0.8029126214 0.2359223301 0.1961165049 0.0990291262
1 0.2553398058 0.3533980583 0.1184466019 0.1009708738
1 0.3844660194 0.3679611650 0.1475728155 0.1223300971
1 0.5135922330 0.3805825243 0.1145631068 0.0893203883
1 0.6495145631 0.4000000000 0.1689320388 0.1242718447
1 0.8165048544 0.4378640777 0.1572815534 0.0601941748
1 0.2194174757 0.5388349515 0.1126213592 0.1378640777
1 0.3485436893 0.5456310680 0.1456310680 0.1436893204
1 0.5058252427 0.5533980583 0.1650485437 0.1475728155
1 0.6553398058 0.5533980583 0.1417475728 0.1514563107
1 0.2281553398 0.7718446602 0.1223300971 0.1300970874
1 0.2320388350 0.8601941748 0.1300970874 0.1126213592
1 0.3601941748 0.8242718447 0.1456310680 0.2310679612
1 0.4961165049 0.8339805825 0.1378640777 0.2116504854
1 0.6543689320 0.8417475728 0.1669902913 0.2349514563
1 0.8252427184 0.8728155340 0.1902912621 0.2310679612
1 0.8242718447 0.3553398058 0.1495145631 0.1048543689
