1 0.0198776758 0.0198776758 0.0397553517 0.0397553517
1 0.0703363914 0.0099388379 0.0611620795 0.0198776758
1 0.1391437309 0.0068807339 0.0795107034 0.0137614679
1 0.3493883792 0.0252293578 0.1574923547 0.0504587156
1 0.5871559633 0.0366972477 0.2018348624 0.0733944954
1 0.7866972477 0.0321100917 0.2308868502 0.0642201835
1 0.0252293578 0.0818042813 0.0504587156 0.0840978593
1 0.0833333333 0.0741590214 0.0657492355 0.0902140673
1 0.1620795107 0.0481651376 0.0733944954 0.0840978593
1 0.1590214067 0.1223241590 0.0795107034 0.0703363914
1 0.3662079511 0.1230886850 0.1574923547 0.0810397554
1 0.3570336391 0.0756880734 0.1513761468 0.0779816514
1 0.6353211009 0.1376146789 0.2155963303 0.1681957187
1 0.8463302752 0.1192660550 0.2737003058 0.1804281346
1 0.0214067278 0.1498470948 0.0428134557 0.0764525994
1 0.1185015291 0.2247706422 0.1697247706 0.1131498471
1 0.0802752294 0.1399082569 0.0626911315 0.0688073394
1 0.3799694190 0.1743119266 0.1636085627 0.0795107034
1 0.3914373089 0.2301223242 0.1712538226 0.0840978593
7 0.4350152905 0.3272171254 0.1452599388 0.1345565749
1 0.6819571865 0.2637614679 0.2293577982 0.1697247706
1 0.8470948012 0.3119266055 0.0550458716 0.1192660550
6 0.9441896024 0.2752293578 0.1116207951 0.1345565749
0 0.1162079511 0.4074923547 0.0795107034 0.0626911315
0 0.1941896024 0.3906727829 0.0886850153 0.0902140673
1 0.7377675841 0.4197247706 0.2584097859 0.1972477064
0 0.9411314985 0.4120795107 0.1177370031 0.1483180428
0 0.1001529052 0.4602446483 0.0810397554 0.0458715596
0 0.1934250765 0.4525993884 0.1024464832 0.0550458716
0 0.4464831804 0.4594801223 0.2079510703 0.1727828746
0 0.1536697248 0.5366972477 0.2094801223 0.1314984709
4 0.4587155963 0.5840978593 0.2507645260 0.1498470948
6 0.8233944954 0.5879204893 0.1758409786 0.1758409786
0 0.9617737003 0.5466360856 0.0764525994 0.1513761468
0 0.1773700306 0.6811926606 0.2201834862 0.1544342508
7 0.5007645260 0.6949541284 0.1941896024 0.0932721713
4 0.8211009174 0.7232415902 0.2538226300 0.1253822630
0 0.9961773700 0.6704892966 0.0076452599 0.1238532110
7 0.5282874618 0.7668195719 0.1788990826 0.0902140673
4 0.8524464832 0.8111620795 0.2645259939 0.1391437309
7 0.0496941896 0.8524464832 0.0596330275 0.2033639144
7 0.1842507645 0.8493883792 0.2247706422 0.2186544343
7 0.3814984709 0.8692660550 0.0902140673 0.1574923547
7 0.5435779817 0.8409785933 0.1819571865 0.0948012232
4 0.8608562691 0.9143730887 0.2782874618 0.1437308869
7 0.4678899083 0.9854740061 0.0886850153 0.0290519878
7 0.6261467890 0.9740061162 0.0932721713 0.0519877676
7 0.5680428135 0.9227828746 0.1574923547 0.0932721713
7 0.0412844037 0.9717125382 0.0825688073 0.0565749235
7 0.2010703364 0.9740061162 0.2431192661 0.0519877676
4 0.8493883792 0.9785932722 0.3012232416 0.0428134557
