0 0.1669222904 0.0053680982 0.1579754601 0.0107361963
0 0.1669222904 0.0488241309 0.1651329243 0.0976482618
0 0.4501533742 0.0127811861 0.0690184049 0.0255623722
0 0.6155419223 0.0373210634 0.1278118609 0.0746421268
0 0.8982617587 0.0163599182 0.1155419223 0.0327198364
0 0.1393149284 0.1393149284 0.1088957055 0.1068507157
0 0.4455521472 0.0723415133 0.0710633947 0.0966257669
0 0.6566973415 0.1168200409 0.0567484663 0.0945807771
0 0.5966257669 0.1129856851 0.0736196319 0.0930470348
7 0.8995398773 0.1441717791 0.1109406953 0.0644171779
0 0.8992842536 0.0687627812 0.1186094070 0.0925357873
5 0.1738241309 0.2295501022 0.1595092025 0.0910020450
6 0.4174335378 0.1500511247 0.1324130879 0.0628834356
6 0.4156441718 0.2149795501 0.1308793456 0.0659509202
0 0.5853783231 0.2011758691 0.0777096115 0.0894683027
0 0.6495398773 0.2039877301 0.0628834356 0.0889570552
7 0.7857873211 0.1497955010 0.0889570552 0.0787321063
7 0.7827198364 0.2075664622 0.0858895706 0.0746421268
7 0.8992842536 0.2032208589 0.1175869121 0.0628834356
6 0.4146216769 0.2783742331 0.1308793456 0.0649284254
7 0.6188650307 0.2735173824 0.1211656442 0.0603271984
7 0.7793967280 0.2645705521 0.0833333333 0.0700408998
7 0.8939161554 0.3185071575 0.1170756646 0.0623721881
7 0.8972392638 0.2586912065 0.1165644172 0.0623721881
4 0.1761247444 0.3844580777 0.1559304703 0.0644171779
4 0.4184560327 0.3389570552 0.1211656442 0.0644171779
4 0.4123210634 0.4046523517 0.1334355828 0.0741308793
7 0.6183537832 0.3317995910 0.1180981595 0.0613496933
7 0.6168200409 0.3903374233 0.1129856851 0.0587934560
7 0.7765848671 0.3788343558 0.0858895706 0.0603271984
7 0.7776073620 0.3197852761 0.0838445808 0.0649284254
7 0.8913599182 0.3770449898 0.1129856851 0.0639059305
4 0.1763803681 0.4445296524 0.1543967280 0.0679959100
4 0.4092535787 0.4688139059 0.1242331288 0.0552147239
7 0.6165644172 0.4460633947 0.1165644172 0.0608384458
7 0.7747955010 0.4363496933 0.0843558282 0.0639059305
7 0.7732617587 0.4913087935 0.0802658487 0.0695296524
7 0.8888036810 0.4902862986 0.1088957055 0.0633946830
7 0.8888036810 0.4330265849 0.1119631902 0.0623721881
4 0.1766359918 0.5677402863 0.1518404908 0.0536809816
4 0.1753578732 0.5069018405 0.1584867076 0.0649284254
4 0.4123210634 0.5306748466 0.1293456033 0.0817995910
7 0.6124744376 0.5570040900 0.1175869121 0.0618609407
7 0.6124744376 0.5023006135 0.1155419223 0.0587934560
1 0.8870143149 0.5465235174 0.1063394683 0.0623721881
7 0.1784253579 0.6273006135 0.1482617587 0.0725971370
1 0.4228016360 0.6216768916 0.0991820041 0.1094069530
7 0.6109406953 0.6106850716 0.1155419223 0.0649284254
1 0.6109406953 0.6676891616 0.1114519427 0.0664621677
1 0.8849693252 0.6012269939 0.1042944785 0.0644171779
1 0.8834355828 0.6554192229 0.1053169734 0.0664621677
7 0.1779141104 0.6950408998 0.1441717791 0.0731083845
1 0.4092535787 0.7057770961 0.1242331288 0.0720858896
1 0.6104294479 0.7239263804 0.1073619632 0.0644171779
1 0.8788343558 0.7114008180 0.1104294479 0.0628834356
7 0.1771472393 0.7893660532 0.1518404908 0.1411042945
1 0.4095092025 0.7620143149 0.1257668712 0.0710633947
1 0.4082310838 0.8177402863 0.1252556237 0.0741308793
1 0.6104294479 0.8341002045 0.1073619632 0.0720858896
1 0.6099182004 0.7796523517 0.1042944785 0.0715746421
1 0.8647750511 0.8200408998 0.0996932515 0.0644171779
1 0.8770449898 0.7661042945 0.1048057260 0.0690184049
0 0.1666666667 0.8916155419 0.1646216769 0.0930470348
1 0.4084867076 0.8734662577 0.1247443763 0.0792433538
1 0.4089979550 0.9279141104 0.1257668712 0.0817995910
1 0.6088957055 0.8900817996 0.1155419223 0.0725971370
1 0.8637525562 0.8703987730 0.0996932515 0.0659509202
0 0.1684560327 0.9560327198 0.1682004090 0.0879345603
1 0.6099182004 0.9550102249 0.1155419223 0.0899795501
1 0.8627300613 0.9470858896 0.0986707566 0.1058282209
0 0.1671779141 0.9902862986 0.1697341513 0.0194274029
1 0.4051635992 0.9767382413 0.1242331288 0.0465235174
