1 0.0161527166 0.0286343612 0.0323054332 0.0572687225
1 0.1975036711 0.0352422907 0.1747430250 0.0704845815
1 0.3627019090 0.0110132159 0.0822320117 0.0220264317
1 0.4375917768 0.0161527166 0.0734214391 0.0323054332
1 0.3612334802 0.0668135095 0.0792951542 0.0925110132
1 0.5374449339 0.0778267254 0.0763582966 0.0792951542
1 0.4390602056 0.0690161527 0.0763582966 0.0910425844
1 0.6101321586 0.0778267254 0.0572687225 0.0616740088
1 0.0110132159 0.1306901615 0.0220264317 0.1439060206
8 0.1864904552 0.1196769457 0.1908957416 0.1189427313
1 0.3590308370 0.1505139501 0.0778267254 0.0895741557
1 0.4346549192 0.1585903084 0.0763582966 0.0910425844
1 0.5418502203 0.1527165932 0.0734214391 0.0851688693
1 0.6145374449 0.1615271659 0.0690161527 0.0822320117
1 0.0088105727 0.2782672540 0.0176211454 0.1600587372
8 0.1930983847 0.2408223201 0.1659324523 0.1027900147
1 0.3538913363 0.2334801762 0.0822320117 0.0792951542
1 0.4317180617 0.2378854626 0.0792951542 0.0822320117
1 0.6049926579 0.2415565345 0.0822320117 0.0778267254
1 0.7936857562 0.2187958884 0.0631424376 0.0499265786
1 0.7239353891 0.2158590308 0.0675477239 0.0587371512
1 0.2026431718 0.3428781204 0.1497797357 0.0631424376
1 0.3509544787 0.3135095448 0.0881057269 0.0807635830
1 0.5337738620 0.3186490455 0.0807635830 0.0792951542
1 0.4309838473 0.3201174743 0.0778267254 0.0822320117
1 0.6123348018 0.3215859031 0.0734214391 0.0704845815
1 0.7907488987 0.2892804699 0.0690161527 0.0881057269
1 0.7195301028 0.2892804699 0.0734214391 0.0881057269
1 0.7922173275 0.3729809104 0.0660792952 0.0881057269
1 0.7217327460 0.3737151248 0.0719530103 0.0837004405
1 0.0058737151 0.4317180617 0.0117474302 0.1556534508
1 0.1975036711 0.4030837004 0.1512481645 0.0660792952
1 0.1938325991 0.4647577093 0.1556534508 0.0631424376
1 0.3450807636 0.3964757709 0.0910425844 0.0881057269
1 0.5345080764 0.3986784141 0.0792951542 0.0837004405
1 0.4302496329 0.4052863436 0.0792951542 0.0851688693
1 0.6130690162 0.4030837004 0.0748898678 0.0837004405
1 0.7070484581 0.4625550661 0.0807635830 0.0910425844
1 0.7856093979 0.4640234949 0.0763582966 0.0881057269
1 0.8744493392 0.4346549192 0.0748898678 0.0851688693
1 0.1916299559 0.5271659325 0.1512481645 0.0646108664
1 0.3414096916 0.4860499266 0.0866372981 0.0851688693
1 0.5330396476 0.4823788546 0.0792951542 0.0807635830
1 0.4258443465 0.4882525698 0.0792951542 0.0837004405
1 0.5315712188 0.5668135095 0.0792951542 0.0851688693
1 0.6108663730 0.4845814978 0.0763582966 0.0822320117
1 0.7180616740 0.5535976505 0.0734214391 0.0910425844
1 0.7900146843 0.5535976505 0.0734214391 0.0939794420
1 0.8803230543 0.5315712188 0.0837004405 0.0851688693
3 0.2334801762 0.6270190896 0.0558002937 0.0558002937
3 0.2070484581 0.5763582966 0.1116005874 0.0513950073
3 0.1784140969 0.6292217327 0.0572687225 0.0543318649
1 0.3333333333 0.5726872247 0.0881057269 0.0881057269
1 0.4192364170 0.5704845815 0.0895741557 0.0837004405
1 0.4148311307 0.6549192364 0.0925110132 0.0851688693
1 0.5293685756 0.6534508076 0.0807635830 0.0881057269
1 0.6079295154 0.6534508076 0.0792951542 0.0881057269
1 0.6101321586 0.5682819383 0.0778267254 0.0822320117
1 0.7863436123 0.6468428781 0.0748898678 0.0895741557
1 0.7077826725 0.6475770925 0.0792951542 0.0910425844
1 0.8759177680 0.6284875184 0.0778267254 0.0910425844
1 0.9574155653 0.6409691630 0.0704845815 0.0748898678
3 0.2298091043 0.6835535977 0.0602055800 0.0602055800
3 0.1747430250 0.6850220264 0.0587371512 0.0602055800
5 0.1299559471 0.8024963289 0.0484581498 0.0866372981
5 0.1989720999 0.8252569750 0.0925110132 0.0528634361
5 0.2033773862 0.7731277533 0.0983847283 0.0543318649
5 0.3781204112 0.8318649046 0.0543318649 0.0866372981
5 0.3972099853 0.7569750367 0.1101321586 0.0572687225
5 0.3193832599 0.8325991189 0.0602055800 0.0881057269
5 0.5242290749 0.7731277533 0.0851688693 0.1013215859
5 0.6005873715 0.7731277533 0.0763582966 0.0954478708
5 0.7195301028 0.7679882526 0.0616740088 0.0881057269
5 0.7870778267 0.7657856094 0.0704845815 0.0866372981
5 0.9353891336 0.7760646109 0.0440528634 0.1013215859
5 0.1688693098 0.9038179148 0.0558002937 0.1013215859
5 0.1160058737 0.9067547724 0.0558002937 0.1013215859
5 0.2217327460 0.8986784141 0.0528634361 0.0998531571
5 0.3891336270 0.9111600587 0.0469897210 0.0748898678
5 0.3259911894 0.9155653451 0.0763582966 0.0748898678
5 0.5220264317 0.8722466960 0.0807635830 0.1027900147
5 0.5976505140 0.8693098385 0.0734214391 0.0998531571
5 0.7121879589 0.8582966226 0.0675477239 0.0925110132
5 0.7819383260 0.8560939794 0.0690161527 0.0881057269
5 0.8737151248 0.8788546256 0.0734214391 0.1071953010
5 0.9353891336 0.8817914831 0.0528634361 0.1042584435
5 0.1629955947 0.9772393539 0.0587371512 0.0455212922
5 0.1108663730 0.9779735683 0.0602055800 0.0440528634
5 0.2173274596 0.9743024963 0.0558002937 0.0513950073
5 0.3223201175 0.9765051395 0.0719530103 0.0469897210
5 0.3861967695 0.9750367107 0.0499265786 0.0499265786
5 0.5969162996 0.9596182085 0.0719530103 0.0807635830
5 0.7048458150 0.9955947137 0.0675477239 0.0088105727
5 0.7679882526 0.9493392070 0.0499265786 0.0925110132
5 0.7041116006 0.9456681351 0.0660792952 0.0851688693
5 0.8759177680 0.9691629956 0.0778267254 0.0616740088
5 0.9375917768 0.9676945668 0.0513950073 0.0646108664
5 0.7672540382 0.9963289280 0.0484581498 0.0073421439
