1 0.2784974093 0.1658031088 0.1632124352 0.1036269430
1 0.4585492228 0.1651554404 0.0777202073 0.0841968912
1 0.5375647668 0.1580310881 0.0777202073 0.0880829016
1 0.6599740933 0.1651554404 0.0790155440 0.0971502591
1 0.7389896373 0.1632124352 0.0790155440 0.0932642487
1 0.8393782383 0.1450777202 0.0777202073 0.0854922280
1 0.9235751295 0.1405440415 0.0880829016 0.0841968912
1 0.9818652850 0.1411917098 0.0362694301 0.0621761658
1 0.1029792746 0.1813471503 0.1878238342 0.1036269430
1 0.5071243523 0.2519430052 0.1645077720 0.0919689119
1 0.8393782383 0.2344559585 0.0880829016 0.0932642487
1 0.9300518135 0.2266839378 0.0958549223 0.0958549223
1 0.9902849741 0.2111398964 0.0194300518 0.0647668394
1 0.2733160622 0.2610103627 0.1709844560 0.0997409326
1 0.6606217617 0.2571243523 0.0803108808 0.0945595855
1 0.7448186528 0.2590673575 0.0777202073 0.0932642487
1 0.8341968912 0.3212435233 0.0777202073 0.0803108808
1 0.9158031088 0.3199481865 0.0829015544 0.0829015544
1 0.9786269430 0.2707253886 0.0427461140 0.0492227979
1 0.9812176166 0.3225388601 0.0375647668 0.0647668394
1 0.2739637306 0.3646373057 0.1593264249 0.0997409326
1 0.5097150259 0.3406735751 0.1567357513 0.0829015544
1 0.6606217617 0.3601036269 0.0777202073 0.0984455959
1 0.7402849741 0.3594559585 0.0867875648 0.0971502591
1 0.8348445596 0.4041450777 0.0764248705 0.0854922280
1 0.9196891192 0.4015544041 0.0854922280 0.0854922280
1 0.9812176166 0.3866580311 0.0375647668 0.0634715026
1 0.2804404145 0.4663212435 0.1645077720 0.1036269430
1 0.5103626943 0.4268134715 0.1632124352 0.0867875648
1 0.6619170984 0.4611398964 0.0803108808 0.1010362694
1 0.7467616580 0.4611398964 0.0764248705 0.1010362694
1 0.8387305699 0.4896373057 0.0867875648 0.0880829016
1 0.9248704663 0.4870466321 0.0906735751 0.0854922280
1 0.9844559585 0.4533678756 0.0310880829 0.0621761658
1 0.2713730570 0.5641191710 0.1645077720 0.0945595855
1 0.5136010363 0.5142487047 0.1696891192 0.0906735751
1 0.6645077720 0.5641191710 0.0829015544 0.1075129534
1 0.7525906736 0.5641191710 0.0854922280 0.1101036269
1 0.8426165803 0.5725388601 0.0816062176 0.0880829016
1 0.9281088083 0.5725388601 0.0841968912 0.0906735751
1 0.9857512953 0.5790155440 0.0284974093 0.0647668394
1 0.9863989637 0.5136010363 0.0272020725 0.0634715026
5 0.1094559585 0.6703367876 0.0816062176 0.0738341969
5 0.2053108808 0.6625647668 0.1023316062 0.0738341969
5 0.2966321244 0.6658031088 0.0880829016 0.0725388601
5 0.6910621762 0.6638601036 0.1411917098 0.0634715026
5 0.0349740933 0.6742227979 0.0699481865 0.0945595855
5 0.1768134715 0.7448186528 0.0375647668 0.0829015544
5 0.2156735751 0.7448186528 0.0453367876 0.0880829016
5 0.2817357513 0.7512953368 0.0816062176 0.0932642487
5 0.3840673575 0.7474093264 0.0401554404 0.0492227979
5 0.3626943005 0.6800518135 0.0595854922 0.0803108808
5 0.5025906736 0.7182642487 0.1424870466 0.1049222798
5 0.6871761658 0.7215025907 0.1360103627 0.0595854922
6 0.9022020725 0.6865284974 0.1852331606 0.0906735751
5 0.0194300518 0.7700777202 0.0388601036 0.1126943005
5 0.0952072539 0.7597150259 0.0971502591 0.1152849741
5 0.3594559585 0.8277202073 0.0764248705 0.0958549223
5 0.5019430052 0.8193005181 0.1411917098 0.0919689119
5 0.6832901554 0.8374352332 0.1334196891 0.0479274611
5 0.6917098446 0.7830310881 0.1424870466 0.0634715026
6 0.8970207254 0.7739637306 0.1800518135 0.0893782383
5 0.0168393782 0.8769430052 0.0336787565 0.1062176166
5 0.1237046632 0.8762953368 0.1748704663 0.1126943005
5 0.2830310881 0.8458549223 0.0790155440 0.0932642487
5 0.5006476684 0.9022020725 0.1411917098 0.0816062176
5 0.6424870466 0.9138601036 0.0492227979 0.1023316062
5 0.6891191710 0.9151554404 0.0466321244 0.1023316062
5 0.7370466321 0.9138601036 0.0492227979 0.0945595855
6 0.9080310881 0.8957253886 0.1787564767 0.1230569948
5 0.0174870466 0.9617875648 0.0349740933 0.0764248705
5 0.0939119171 0.9630829016 0.0893782383 0.0738341969
5 0.1813471503 0.9637305699 0.0906735751 0.0725388601
5 0.2726683938 0.9306994819 0.0790155440 0.0997409326
5 0.3529792746 0.9319948187 0.0841968912 0.1075129534
5 0.4974093264 0.9702072539 0.1424870466 0.0595854922
6 0.8957253886 0.9721502591 0.1904145078 0.0556994819
5 0.2707253886 0.9909326425 0.0777202073 0.0181347150
5 0.3536269430 0.9948186528 0.0777202073 0.0103626943
5 0.6431347150 0.9818652850 0.0453367876 0.0362694301
5 0.7396373057 0.9851036269 0.0414507772 0.0297927461
5 0.6910621762 0.9838082902 0.0505181347 0.0323834197
