1 0.1225728155 0.2766990291 0.0873786408 0.0800970874
1 0.2020631068 0.2839805825 0.0813106796 0.0752427184
1 0.2736650485 0.2918689320 0.0716019417 0.0546116505
1 0.3464805825 0.2924757282 0.0764563107 0.0533980583
1 0.4217233010 0.2985436893 0.0691747573 0.0533980583
1 0.4896844660 0.3094660194 0.0691747573 0.0509708738
1 0.5485436893 0.3161407767 0.0606796117 0.0449029126
1 0.1177184466 0.3367718447 0.0825242718 0.0691747573
1 0.1947815534 0.3495145631 0.0837378641 0.0728155340
1 0.2730582524 0.3574029126 0.0752427184 0.0691747573
1 0.3476941748 0.3665048544 0.0764563107 0.0509708738
1 0.4277912621 0.3446601942 0.0740291262 0.0582524272
1 0.4993932039 0.3604368932 0.0643203883 0.0533980583
1 0.5552184466 0.3464805825 0.0667475728 0.0983009709
1 0.6777912621 0.3555825243 0.0691747573 0.0922330097
1 0.6183252427 0.3495145631 0.0691747573 0.0898058252
1 0.8088592233 0.3901699029 0.0667475728 0.1177184466
1 0.7360436893 0.3841019417 0.0594660194 0.1225728155
1 0.7779126214 0.3871359223 0.0485436893 0.1213592233
1 0.8483009709 0.3968446602 0.0606796117 0.1116504854
1 0.9168689320 0.4004854369 0.0570388350 0.1140776699
1 0.8853155340 0.3956310680 0.0594660194 0.1116504854
1 0.9502427184 0.4016990291 0.0655339806 0.1116504854
1 0.2597087379 0.4223300971 0.0800970874 0.0631067961
1 0.3367718447 0.4277912621 0.0813106796 0.0643203883
1 0.4866504854 0.4265776699 0.0655339806 0.0449029126
1 0.4126213592 0.4241504854 0.0752427184 0.0473300971
1 0.5533980583 0.4265776699 0.0703883495 0.0594660194
1 0.6243932039 0.4241504854 0.0716019417 0.0594660194
1 0.6887135922 0.4283980583 0.0594660194 0.0582524272
1 0.1705097087 0.4951456311 0.0861650485 0.0946601942
1 0.2530339806 0.5491504854 0.0861650485 0.1152912621
1 0.3307038835 0.5109223301 0.0837378641 0.0655339806
1 0.4071601942 0.5382281553 0.0764563107 0.1080097087
1 0.4654126214 0.5127427184 0.0594660194 0.0497572816
1 0.5813106796 0.5382281553 0.0776699029 0.1055825243
1 0.5248786408 0.5436893204 0.0691747573 0.1140776699
1 0.6413834951 0.5084951456 0.0691747573 0.0509708738
1 0.7038834951 0.5066747573 0.0655339806 0.0521844660
1 0.1699029126 0.5764563107 0.0800970874 0.0752427184
1 0.3422330097 0.5637135922 0.0752427184 0.0594660194
1 0.4684466019 0.5703883495 0.0655339806 0.0752427184
1 0.5800970874 0.6243932039 0.0631067961 0.0570388350
1 0.5175970874 0.6298543689 0.0764563107 0.0582524272
1 0.6365291262 0.6274271845 0.0594660194 0.0606796117
1 0.6498786408 0.5612864078 0.0667475728 0.0570388350
1 0.7020631068 0.6250000000 0.0667475728 0.0558252427
1 0.7135922330 0.5588592233 0.0655339806 0.0521844660
2 0.9672330097 0.5618932039 0.0655339806 0.0970873786
2 0.9283980583 0.5661407767 0.0728155340 0.1055825243
1 0.1213592233 0.6571601942 0.0970873786 0.0740291262
1 0.2930825243 0.6450242718 0.0788834951 0.0618932039
1 0.2135922330 0.6559466019 0.0849514563 0.0667475728
1 0.3646844660 0.6432038835 0.0716019417 0.0606796117
1 0.4296116505 0.6425970874 0.0703883495 0.0594660194
2 0.9089805825 0.6523058252 0.0558252427 0.0497572816
1 0.1250000000 0.7597087379 0.1092233010 0.0849514563
1 0.2299757282 0.7518203883 0.0958737864 0.0813106796
1 0.3240291262 0.7500000000 0.0970873786 0.0703883495
1 0.4957524272 0.7305825243 0.0861650485 0.0703883495
1 0.4095873786 0.7427184466 0.0837378641 0.0703883495
1 0.5673543689 0.7257281553 0.0716019417 0.0679611650
1 0.6935679612 0.7208737864 0.0643203883 0.0631067961
1 0.6492718447 0.7845873786 0.0679611650 0.0691747573
1 0.6959951456 0.7845873786 0.0400485437 0.0643203883
1 0.6292475728 0.7220873786 0.0716019417 0.0606796117
1 0.7372572816 0.7833737864 0.0546116505 0.0667475728
1 0.7439320388 0.7196601942 0.0606796117 0.0655339806
1 0.8379854369 0.7390776699 0.1055825243 0.1019417476
1 0.9192961165 0.7305825243 0.0934466019 0.0970873786
1 0.9848300971 0.7251213592 0.0303398058 0.0983009709
1 0.1237864078 0.8410194175 0.1116504854 0.0873786408
1 0.2342233010 0.8325242718 0.1043689320 0.0849514563
1 0.3319174757 0.8264563107 0.0934466019 0.0873786408
1 0.4205097087 0.8118932039 0.0813106796 0.0776699029
1 0.5012135922 0.8015776699 0.0898058252 0.0740291262
1 0.5794902913 0.7930825243 0.0740291262 0.0740291262
