1 0.3333333333 0.0038402458 0.0890937020 0.0076804916
1 0.8824884793 0.0276497696 0.1766513057 0.0552995392
1 0.1935483871 0.0138248848 0.0583717358 0.0276497696
1 0.1904761905 0.0760368664 0.0645161290 0.0998463902
1 0.2596006144 0.0084485407 0.0614439324 0.0168970814
1 0.2534562212 0.0660522273 0.0614439324 0.1075268817
1 0.3371735791 0.0614439324 0.0752688172 0.1167434716
1 0.4285714286 0.0537634409 0.1044546851 0.1075268817
1 0.5253456221 0.0476190476 0.1013824885 0.0952380952
1 0.6259600614 0.0422427035 0.1029185868 0.0844854071
1 0.7342549923 0.0337941628 0.1136712750 0.0675883257
1 0.2281105991 0.2188940092 0.0568356375 0.1766513057
1 0.3786482335 0.2150537634 0.0691244240 0.1935483871
1 0.3248847926 0.2173579109 0.0568356375 0.1858678955
1 0.4431643625 0.2089093702 0.0599078341 0.1935483871
1 0.5061443932 0.2066052227 0.0721966206 0.2073732719
1 0.5952380952 0.2027649770 0.0814132104 0.2089093702
1 0.6797235023 0.1973886329 0.0967741935 0.2012288786
1 0.7711213518 0.2004608295 0.0860215054 0.2258064516
1 0.8655913978 0.1981566820 0.0967741935 0.2365591398
1 0.9523809524 0.1935483871 0.0952380952 0.2396313364
1 0.1766513057 0.2235023041 0.0522273425 0.1674347158
1 0.2764976959 0.2196620584 0.0552995392 0.1812596006
7 0.1589861751 0.4331797235 0.1121351767 0.1720430108
7 0.2941628264 0.4347158218 0.0814132104 0.1751152074
1 0.3870967742 0.4385560676 0.1075268817 0.1705069124
1 0.5230414747 0.4723502304 0.1674347158 0.2288786482
1 0.6912442396 0.4923195084 0.1966205837 0.2596006144
1 0.8932411674 0.5084485407 0.2135176651 0.2734254992
7 0.1466973886 0.6474654378 0.1029185868 0.1981566820
0 0.3202764977 0.7050691244 0.0967741935 0.2365591398
0 0.1336405530 0.8348694316 0.0737327189 0.1305683564
0 0.4554531490 0.7465437788 0.1305683564 0.2519201229
0 0.6013824885 0.7926267281 0.1889400922 0.2918586790
0 0.7956989247 0.8287250384 0.1443932412 0.2841781874
0 0.9293394777 0.8479262673 0.1413210445 0.3041474654
0 0.1274961598 0.9431643625 0.0706605223 0.1105990783
0 0.1966205837 0.9608294931 0.0890937020 0.0783410138
0 0.2089093702 0.8771121352 0.0829493088 0.1259600614
0 0.3725038402 0.9324116743 0.0998463902 0.1351766513
0 0.4646697389 0.9454685100 0.0937019969 0.1090629800
0 0.5668202765 0.9677419355 0.1105990783 0.0645161290
0 0.6728110599 0.9792626728 0.1013824885 0.0414746544
