7 0.1483050847 0.0042372881 0.1271186441 0.0084745763
1 0.0135593220 0.0838983051 0.0271186441 0.1677966102
1 0.0186440678 0.0093220339 0.0372881356 0.0186440678
1 0.1211864407 0.0305084746 0.1813559322 0.0610169492
7 0.2271186441 0.0084745763 0.1288135593 0.0169491525
1 0.3033898305 0.0406779661 0.1728813559 0.0813559322
1 0.3915254237 0.0661016949 0.1661016949 0.1322033898
1 0.0754237288 0.1042372881 0.0864406780 0.1542372881
1 0.2440677966 0.1279661017 0.0813559322 0.1576271186
1 0.1635593220 0.1152542373 0.0830508475 0.1389830508
1 0.3220338983 0.1601694915 0.0847457627 0.1338983051
1 0.4033898305 0.1677966102 0.0677966102 0.1016949153
7 0.5279661017 0.1627118644 0.2288135593 0.1118644068
1 0.6508474576 0.2254237288 0.1525423729 0.0813559322
2 0.9338983051 0.2372881356 0.1322033898 0.1389830508
2 0.6533898305 0.3008474576 0.1779661017 0.1000000000
1 0.7432203390 0.2440677966 0.1440677966 0.0711864407
7 0.7737288136 0.3389830508 0.0796610169 0.0813559322
0 0.9644067797 0.3338983051 0.0711864407 0.1084745763
1 0.0220338983 0.4110169492 0.0440677966 0.2050847458
1 0.0864406780 0.4211864407 0.0915254237 0.2050847458
1 0.2127118644 0.4347457627 0.1542372881 0.2152542373
1 0.3694915254 0.4474576271 0.1457627119 0.2067796610
0 0.5601694915 0.4381355932 0.0830508475 0.1101694915
0 0.6432203390 0.4864406780 0.0932203390 0.1728813559
0 0.7228813559 0.5067796610 0.0864406780 0.1728813559
0 0.8754237288 0.4745762712 0.0728813559 0.0779661017
0 0.8025423729 0.5025423729 0.0728813559 0.1474576271
0 0.8864406780 0.3966101695 0.0644067797 0.0610169492
0 0.9406779661 0.4864406780 0.0711864407 0.0711864407
1 0.0635593220 0.6152542373 0.1271186441 0.1728813559
1 0.2059322034 0.6228813559 0.1576271186 0.1677966102
1 0.3550847458 0.6406779661 0.1440677966 0.1593220339
1 0.4847457627 0.6440677966 0.1355932203 0.1525423729
1 0.6194915254 0.6559322034 0.1237288136 0.1491525424
6 0.7254237288 0.6440677966 0.0881355932 0.0983050847
0 0.8686440678 0.5508474576 0.0762711864 0.0813559322
0 0.9381355932 0.5550847458 0.0796610169 0.0864406780
4 0.7872881356 0.6830508475 0.0491525424 0.1423728814
6 0.7228813559 0.7372881356 0.0932203390 0.0983050847
4 0.8279661017 0.6889830508 0.0491525424 0.1406779661
4 0.8771186441 0.6932203390 0.0559322034 0.1525423729
4 0.9203389831 0.7152542373 0.0610169492 0.1796610169
1 0.0237288136 0.8686440678 0.0474576271 0.1711864407
1 0.0864406780 0.8711864407 0.0813559322 0.1661016949
1 0.2288135593 0.8711864407 0.0677966102 0.1559322034
1 0.1644067797 0.8711864407 0.0711864407 0.1661016949
1 0.2923728814 0.8720338983 0.0661016949 0.1542372881
1 0.3567796610 0.8728813559 0.0593220339 0.1525423729
7 0.4220338983 0.8737288136 0.0644067797 0.1644067797
7 0.5118644068 0.8576271186 0.1254237288 0.1186440678
0 0.6313559322 0.8720338983 0.1169491525 0.1440677966
7 0.7788135593 0.8669491525 0.0322033898 0.1101694915
4 0.7262711864 0.8855932203 0.0796610169 0.1677966102
7 0.8754237288 0.8593220339 0.0288135593 0.0881355932
7 0.8449152542 0.8644067797 0.0389830508 0.1016949153
7 0.8101694915 0.8661016949 0.0372881356 0.1050847458
7 0.9059322034 0.9262711864 0.0389830508 0.0457627119
7 0.9406779661 0.8584745763 0.0338983051 0.0762711864
7 0.9127118644 0.8406779661 0.0423728814 0.0440677966
7 0.8262711864 0.9627118644 0.0661016949 0.0508474576
