7 0.3208748616 0.1868770764 0.0669988926 0.1699889258
7 0.2549833887 0.1843853821 0.0703211517 0.1650055371
7 0.3845514950 0.1727574751 0.0669988926 0.1539313400
7 0.4579180509 0.1713732004 0.0719822813 0.1522702104
1 0.5595238095 0.1561461794 0.1223698782 0.1417497231
1 0.6550387597 0.1611295681 0.0697674419 0.1594684385
1 0.7945736434 0.1522702104 0.0753045404 0.1594684385
1 0.7250830565 0.1566998893 0.0692137320 0.1672203765
1 0.8715393134 0.1481173865 0.0719822813 0.1566998893
8 0.9559800664 0.1193244740 0.0880398671 0.1002214839
7 0.0880398671 0.2140088594 0.0863787375 0.2131782946
7 0.1702657807 0.2057032115 0.0736434109 0.2142857143
8 0.9598560354 0.2535991141 0.0802879291 0.0564784053
7 0.3485603544 0.3770764120 0.0780730897 0.0620155039
7 0.4202657807 0.3720930233 0.0775193798 0.0620155039
1 0.4905869324 0.3676633444 0.0730897010 0.0509413068
1 0.5611849391 0.3651716501 0.0747508306 0.0526024363
1 0.6373200443 0.3704318937 0.0841638981 0.0609080842
1 0.7189922481 0.3635105205 0.0858250277 0.0603543743
6 0.9709302326 0.3668327796 0.0581395349 0.0692137320
7 0.0905315615 0.3903654485 0.0758582503 0.0520487265
7 0.0902547065 0.4401993355 0.0764119601 0.0553709856
7 0.1838316722 0.4346622370 0.0741971207 0.0520487265
7 0.1899224806 0.3837209302 0.0753045404 0.0476190476
7 0.2635658915 0.4357696567 0.0764119601 0.0575858250
7 0.2707641196 0.3809523810 0.0863787375 0.0542635659
7 0.3435769657 0.4313399779 0.0692137320 0.0520487265
7 0.4183277962 0.4285714286 0.0758582503 0.0564784053
1 0.4933554817 0.4227574751 0.0730897010 0.0669988926
1 0.5664451827 0.4202657807 0.0786267996 0.0631229236
1 0.6450719823 0.4324473976 0.0797342193 0.0675526024
1 0.7248062016 0.4299557032 0.0852713178 0.0692137320
1 0.7895902547 0.3981173865 0.0620155039 0.1251384275
1 0.8496677741 0.3914728682 0.0647840532 0.1284606866
1 0.9161129568 0.3953488372 0.0703211517 0.1339977852
6 0.9745293466 0.4354928018 0.0509413068 0.0758582503
7 0.1705426357 0.4858803987 0.0797342193 0.0548172757
7 0.2585825028 0.4803433001 0.0775193798 0.0415282392
7 0.3410852713 0.4820044297 0.0775193798 0.0470653378
7 0.3585271318 0.5645071982 0.0802879291 0.0647840532
7 0.4174972315 0.4731450720 0.0753045404 0.0437430786
7 0.4396456257 0.5628460687 0.0786267996 0.0636766334
1 0.6140642303 0.5595238095 0.0974529347 0.0669988926
1 0.7151162791 0.5573089701 0.0946843854 0.0681063123
1 0.8045404208 0.5539867110 0.0941306755 0.0747508306
7 0.1118493909 0.5744739756 0.0874861573 0.0625692137
7 0.1029900332 0.6395348837 0.0874861573 0.0642303433
7 0.1926910299 0.5717054264 0.0797342193 0.0636766334
7 0.1888150609 0.6315060908 0.0830564784 0.0614617940
7 0.2721483942 0.6320598007 0.0836101883 0.0681063123
7 0.2743632337 0.5694905869 0.0847176080 0.0636766334
7 0.3563122924 0.6301218162 0.0825027685 0.0697674419
7 0.4382613511 0.6287375415 0.0802879291 0.0692137320
1 0.5213178295 0.5963455150 0.0902547065 0.1373200443
1 0.6162790698 0.6339977852 0.0919158361 0.0598006645
1 0.7070874862 0.6287375415 0.0919158361 0.0647840532
1 0.8073089701 0.6193244740 0.0952380952 0.0703211517
6 0.8939645626 0.5858250277 0.0880398671 0.1351052049
6 0.9634551495 0.5852713178 0.0730897010 0.1428571429
1 0.8953488372 0.7422480620 0.0775193798 0.0548172757
7 0.0703211517 0.7757475083 0.0874861573 0.0708748616
7 0.0667220377 0.8435769657 0.0869324474 0.0703211517
7 0.1580841639 0.7707641196 0.0913621262 0.0719822813
7 0.1561461794 0.8397009967 0.0952380952 0.0636766334
7 0.2441860465 0.8349944629 0.0930232558 0.0708748616
7 0.2480620155 0.7702104097 0.0919158361 0.0664451827
7 0.3338870432 0.7668881506 0.0941306755 0.0664451827
7 0.3341638981 0.8330564784 0.0902547065 0.0692137320
1 0.5071982281 0.8468992248 0.0753045404 0.0791805094
1 0.4230343300 0.8477297896 0.0885935770 0.0808416390
1 0.4224806202 0.7682724252 0.0885935770 0.0802879291
1 0.5080287929 0.7630121816 0.0836101883 0.0708748616
1 0.5885935770 0.8300110742 0.0753045404 0.0730897010
1 0.5866555925 0.7596899225 0.0747508306 0.0631229236
1 0.6622369878 0.7588593577 0.0775193798 0.0636766334
1 0.6611295681 0.8294573643 0.0775193798 0.0753045404
1 0.7394795127 0.8272425249 0.0769656700 0.0753045404
1 0.7405869324 0.7580287929 0.0769656700 0.0642303433
1 0.8175526024 0.7555370986 0.0769656700 0.0692137320
1 0.8178294574 0.8244739756 0.0841638981 0.0664451827
1 0.9665005537 0.7859911406 0.0669988926 0.1411960133
7 0.1495016611 0.8975636766 0.0897009967 0.0553709856
7 0.2436323367 0.8945182724 0.0874861573 0.0526024363
7 0.3308416390 0.8911960133 0.0858250277 0.0526024363
3 0.0141196013 0.9856035437 0.0282392027 0.0287929125
3 0.0988372093 0.9833887043 0.0592469546 0.0332225914
3 0.0531561462 0.9847729790 0.0520487265 0.0304540421
3 0.1472868217 0.9825581395 0.0564784053 0.0348837209
7 0.1965669989 0.9808970100 0.0553709856 0.0382059801
7 0.2375415282 0.9808970100 0.0465116279 0.0382059801
7 0.2834994463 0.9789590255 0.0498338870 0.0420819491
5 0.3253045404 0.9975083056 0.0382059801 0.0049833887
5 0.3383167220 0.9781284607 0.0431893688 0.0393133998
5 0.3798449612 0.9778516058 0.0465116279 0.0442967885
5 0.4266334441 0.9759136213 0.0503875969 0.0481727575
5 0.4717607973 0.9753599114 0.0442967885 0.0492801772
1 0.6038205980 0.9756367663 0.0813953488 0.0487264673
5 0.5166112957 0.9764673311 0.0454042082 0.0470653378
1 0.6893687708 0.9734219269 0.0941306755 0.0531561462
1 0.7920819491 0.9712070875 0.1024363234 0.0575858250
1 0.7909745293 0.9717607973 0.1068660022 0.0564784053
1 0.8884274640 0.9703765227 0.0980066445 0.0592469546
1 0.9689922481 0.9692691030 0.0620155039 0.0614617940
