0 0.1416026345 0.2793633370 0.0746432492 0.0472008782
0 0.0823271131 0.2777167947 0.0702524698 0.0373216246
7 0.2541163557 0.2788144896 0.1152579583 0.0680570801
7 0.3830954995 0.2854006586 0.1053787047 0.0658616905
1 0.5071350165 0.2991218441 0.0987925357 0.0318331504
1 0.5993413831 0.3035126235 0.0548847420 0.0362239297
1 0.6547749726 0.3046103183 0.0559824369 0.0450054885
4 0.9039517014 0.2925356751 0.1042810099 0.0340285401
0 0.0625686059 0.3249176729 0.0724478595 0.0504939627
0 0.1256860593 0.3276619100 0.0757409440 0.0537870472
7 0.3841931943 0.3732162459 0.1053787047 0.0526893524
1 0.5109769484 0.3326015368 0.1020856202 0.0373216246
1 0.5082327113 0.3633369923 0.1053787047 0.0351262349
1 0.6042810099 0.3435784852 0.0603732162 0.0373216246
1 0.6602634468 0.3485181120 0.0537870472 0.0450054885
7 0.7392974753 0.3803512623 0.0384193194 0.0120746432
7 0.7596048299 0.3534577387 0.0285400659 0.0329308452
7 0.7414928650 0.3282107574 0.0493962678 0.0263446762
7 0.7864983535 0.3776070252 0.0625686059 0.0219538968
4 0.9116355653 0.3216245884 0.1042810099 0.0373216246
4 0.9209659715 0.3572996707 0.1097694841 0.0450054885
0 0.0702524698 0.4352360044 0.1405049396 0.0603732162
0 0.2283205269 0.3979143798 0.1339187706 0.0537870472
1 0.3847420417 0.4313940724 0.0976948408 0.0702524698
1 0.5093304061 0.3973655324 0.1031833150 0.0351262349
1 0.5131723381 0.4297475302 0.1108671789 0.0428100988
1 0.6081229418 0.3979143798 0.0724478595 0.0515916575
1 0.6174533480 0.4544456641 0.0669593853 0.0658616905
1 0.6805708013 0.4566410538 0.0680570801 0.0636663008
1 0.6695938529 0.3951701427 0.0702524698 0.0548847420
1 0.7705817783 0.4330406147 0.1229418222 0.0428100988
4 0.9363336992 0.4006586169 0.1163556531 0.0395170143
4 0.9412733260 0.4341383095 0.1174533480 0.0406147091
0 0.0642151482 0.4923161361 0.1284302964 0.0625686059
0 0.2124039517 0.4906695939 0.1416026345 0.0790340285
1 0.3688254665 0.5208562020 0.1317233809 0.1064763996
1 0.5214050494 0.5065861690 0.1163556531 0.0428100988
1 0.5192096597 0.4698133919 0.1163556531 0.0417124040
1 0.6240395170 0.5164654226 0.0757409440 0.0647639956
1 0.7826564215 0.4698133919 0.1339187706 0.0439077936
1 0.7936333699 0.5214050494 0.1405049396 0.0680570801
4 0.9506037322 0.4818880351 0.0987925357 0.0614709111
0 0.0570801317 0.5565312843 0.1141602634 0.0724478595
0 0.1942919868 0.5795828760 0.1646542261 0.1075740944
1 0.5241492865 0.5614709111 0.1218441273 0.0472008782
1 0.6964873765 0.5790340285 0.0735455543 0.0625686059
1 0.6267837541 0.5790340285 0.0790340285 0.0647639956
1 0.8166849616 0.5872667398 0.1470911087 0.0790340285
1 0.9517014270 0.5642151482 0.0965971460 0.0987925357
0 0.0439077936 0.6185510428 0.0878155873 0.0735455543
1 0.3572996707 0.6295279912 0.1416026345 0.1152579583
1 0.5257958288 0.6125137212 0.1141602634 0.0570801317
1 0.7063666301 0.6454445664 0.0735455543 0.0724478595
1 0.6333699232 0.6459934138 0.0746432492 0.0691547750
1 0.8326015368 0.6602634468 0.1657519210 0.0779363337
1 0.9753018661 0.6586169045 0.0493962678 0.0768386389
0 0.0406147091 0.6904500549 0.0812294182 0.0724478595
0 0.1794731065 0.6942919868 0.1569703622 0.0867178924
1 0.5252469813 0.6723380900 0.1328210757 0.0537870472
1 0.5274423710 0.7228320527 0.1372118551 0.0559824369
1 0.6778265642 0.7354555434 0.1569703622 0.1185510428
1 0.9923161361 0.7255762898 0.0153677278 0.0482985730
0 0.0274423710 0.7557628979 0.0548847420 0.0493962678
0 0.1690450055 0.7843029638 0.1624588364 0.0998902305
1 0.3578485181 0.7409440176 0.1383095499 0.0548847420
1 0.5312843030 0.7788144896 0.1383095499 0.0603732162
1 0.8583973655 0.7447859495 0.1690450055 0.0954994512
