0 0.2926102503 0.0262216925 0.1084624553 0.0524433850
0 0.3903456496 0.0303933254 0.0941597139 0.0607866508
0 0.5148986889 0.0405244338 0.1168057211 0.0810488677
0 0.6114421931 0.0441001192 0.0858164482 0.0882002384
0 0.7121573302 0.0506555423 0.0584028605 0.1013110846
7 0.8414779499 0.0595947557 0.0738974970 0.1191895113
1 0.3396901073 0.1692491061 0.0595947557 0.1501787843
1 0.4606674613 0.1686531585 0.1251489869 0.1537544696
1 0.5786650775 0.1811680572 0.1156138260 0.1430274136
1 0.6758045292 0.1984505364 0.0762812872 0.1060786651
7 0.7389749702 0.1978545888 0.0572109654 0.1144219309
7 0.8343265793 0.1966626937 0.0715137068 0.1144219309
1 0.4141835518 0.3510131108 0.0584028605 0.1442193087
1 0.4791418355 0.3516090584 0.0619785459 0.1239570918
1 0.5345649583 0.3498212157 0.0512514899 0.1323003576
1 0.5941597139 0.3468414779 0.0464839094 0.1263408820
1 0.6340882002 0.3444576877 0.0452920143 0.1263408820
1 0.7127532777 0.3337306317 0.0381406436 0.1120381406
1 0.6775923719 0.3379022646 0.0464839094 0.1203814064
1 0.7497020262 0.3325387366 0.0381406436 0.1144219309
1 0.7830750894 0.3355184744 0.0405244338 0.1108462455
1 0.8194278903 0.3313468415 0.0345649583 0.1072705602
1 0.2985697259 0.3575685340 0.0655542312 0.1501787843
1 0.3593563766 0.3533969011 0.0607866508 0.1489868892
1 0.6507747318 0.4511323004 0.0715137068 0.0727056019
1 0.7121573302 0.4410011919 0.0560190703 0.0786650775
1 0.7711561383 0.4368295590 0.0405244338 0.0655542312
1 0.8146603099 0.4314660310 0.0393325387 0.0595947557
1 0.3456495828 0.5166865316 0.1287246722 0.1704410012
1 0.4433849821 0.5476758045 0.0786650775 0.0798569726
1 0.4427890346 0.4684147795 0.0750893921 0.0810488677
1 0.5154946365 0.5369487485 0.0679380215 0.0798569726
1 0.5154946365 0.4612634088 0.0703218117 0.0858164482
1 0.5834326579 0.4582836710 0.0703218117 0.0822407628
1 0.6483909416 0.5196662694 0.0691299166 0.0738974970
1 0.7151370679 0.5077473182 0.0595947557 0.0762812872
1 0.7657926103 0.4976162098 0.0488676996 0.0584028605
1 0.8134684148 0.4916567342 0.0488676996 0.0607866508
1 0.6340882002 0.6305125149 0.0476758045 0.1454112038
1 0.5780691299 0.6424314660 0.0738974970 0.1525625745
1 0.6740166865 0.6174016687 0.0464839094 0.1334922527
7 0.7604290822 0.6054827175 0.0357568534 0.0309892729
7 0.7878426698 0.5858164482 0.0286054827 0.0536352801
7 0.7312276520 0.5834326579 0.0131108462 0.0417163290
7 0.7342073897 0.6346841478 0.0238379023 0.0679380215
1 0.3355184744 0.7127532777 0.1036948749 0.1835518474
1 0.4272943981 0.6847437426 0.0846245530 0.1799761621
1 0.5065554231 0.6674612634 0.0858164482 0.1597139452
1 0.5315852205 0.8593563766 0.1072705602 0.1954707986
4 0.6209773540 0.8355184744 0.0667461263 0.1525625745
4 0.6728247914 0.8098927294 0.0441001192 0.1418355185
4 0.7091775924 0.7973778308 0.0429082241 0.1263408820
4 0.7562574493 0.7806912992 0.0488676996 0.1191895113
4 0.7949940405 0.7705601907 0.0405244338 0.1132300358
4 0.8265792610 0.7622169249 0.0369487485 0.1132300358
1 0.4290822408 0.8980929678 0.0834326579 0.1704410012
8 0.3808104887 0.9958283671 0.1585220501 0.0083432658
8 0.4964243147 0.9779499404 0.1108462455 0.0441001192
1 0.3563766389 0.9207389750 0.0524433850 0.1418355185
