1 0.5951302378 0.1002265006 0.1642129105 0.1121177803
1 0.6976217441 0.0617214043 0.0317100793 0.0758776897
1 0.4320498301 0.1285390713 0.1528878822 0.0781426954
1 0.6681766704 0.1381653454 0.0951302378 0.0883352208
1 0.7751981880 0.1562853907 0.1007927520 0.0656851642
1 0.5792751982 0.2491506229 0.0894677237 0.0724801812
1 0.6732729332 0.2332955832 0.0962627407 0.0838052095
1 0.7825594564 0.2253680634 0.1064552661 0.0906002265
5 0.9246885617 0.2293318233 0.1166477916 0.0849377123
5 0.9932049830 0.2315968290 0.0135900340 0.0668176670
1 0.3737259343 0.3578708947 0.0679501699 0.0385050963
1 0.5724801812 0.3323895810 0.0894677237 0.0826727067
1 0.6738391846 0.3199320498 0.0951302378 0.0962627407
1 0.7780294451 0.3131370328 0.1019252548 0.0826727067
5 0.9252548131 0.3946772367 0.0906002265 0.0690826727
5 0.9869762174 0.3912797282 0.0260475651 0.0758776897
5 0.9909399773 0.3057757644 0.0181200453 0.0838052095
1 0.3607021518 0.4445073613 0.0645526614 0.0690826727
1 0.4377123443 0.4411098528 0.0826727067 0.0713476784
1 0.5192525481 0.4331823330 0.0849377123 0.0690826727
1 0.6070215176 0.4269535674 0.0883352208 0.0838052095
1 0.6998867497 0.4133635334 0.0951302378 0.0815402039
1 0.7021517554 0.4915062288 0.0928652322 0.0747451869
1 0.7984144960 0.4898074745 0.0996602492 0.0872027180
1 0.7978482446 0.4065685164 0.0962627407 0.0815402039
5 0.9286523216 0.4756511891 0.0951302378 0.0815402039
5 0.9881087203 0.4694224236 0.0237825595 0.0713476784
1 0.3578708947 0.5135900340 0.0679501699 0.0668176670
1 0.4416761042 0.5107587769 0.0815402039 0.0679501699
1 0.5220838052 0.5033975085 0.0838052095 0.0713476784
1 0.6109852775 0.5084937712 0.0894677237 0.0838052095
1 0.2604756512 0.6268403171 0.0520951302 0.0645526614
1 0.3301245753 0.6268403171 0.0622876557 0.0713476784
1 0.4060022650 0.6200453001 0.0736126840 0.0758776897
1 0.4830124575 0.6857304643 0.0713476784 0.0736126840
1 0.4801812005 0.6132502831 0.0679501699 0.0758776897
1 0.5566251416 0.6828992072 0.0781426954 0.0724801812
1 0.5583238958 0.6081540204 0.0770101925 0.0792751982
1 0.6353340883 0.6783691959 0.0838052095 0.0747451869
1 0.6375990940 0.6047565119 0.0747451869 0.0792751982
1 0.7219705549 0.6772366931 0.0872027180 0.0792751982
1 0.7197055493 0.5990939977 0.0849377123 0.0792751982
1 0.8097395243 0.6744054360 0.0906002265 0.0804077010
1 0.8086070215 0.5945639864 0.0883352208 0.0838052095
5 0.9297848245 0.5928652322 0.1019252548 0.0758776897
5 0.9337485844 0.6687429219 0.1030577576 0.0804077010
5 0.9943374858 0.6727066818 0.0113250283 0.0815402039
5 0.9926387316 0.5922989807 0.0147225368 0.0792751982
1 0.2633069083 0.6959229898 0.0622876557 0.0690826727
1 0.3369195923 0.6953567384 0.0645526614 0.0656851642
1 0.4082672707 0.6913929785 0.0713476784 0.0713476784
5 0.9762174405 0.7627406569 0.0475651189 0.0441676104
1 0.1959229898 0.7899207248 0.0679501699 0.0668176670
1 0.1936579841 0.8595696489 0.0679501699 0.0702151755
1 0.2610419026 0.7876557191 0.0736126840 0.0690826727
1 0.2627406569 0.8567383918 0.0747451869 0.0713476784
1 0.3397508494 0.7865232163 0.0747451869 0.0690826727
1 0.3363533409 0.8578708947 0.0702151755 0.0713476784
1 0.4110985277 0.7859569649 0.0702151755 0.0702151755
1 0.4122310306 0.8601359003 0.0747451869 0.0736126840
1 0.4892412231 0.7831257078 0.0747451869 0.0736126840
1 0.4869762174 0.8567383918 0.0770101925 0.0758776897
1 0.5702151755 0.7831257078 0.0781426954 0.0758776897
1 0.5662514156 0.8607021518 0.0770101925 0.0815402039
1 0.6466591166 0.8624009060 0.0792751982 0.0826727067
1 0.6483578709 0.7842582106 0.0781426954 0.0758776897
1 0.7327293318 0.8663646659 0.0815402039 0.0792751982
1 0.7293318233 0.7859569649 0.0838052095 0.0815402039
1 0.8159682899 0.7859569649 0.0849377123 0.0815402039
1 0.8171007928 0.8691959230 0.0872027180 0.0826727067
5 0.9201585504 0.7921857305 0.0622876557 0.1053227633
5 0.9779161948 0.8742921857 0.0441676104 0.0611551529
5 0.9767836920 0.8154020385 0.0464326161 0.0520951302
3 0.7933182333 0.9614949037 0.0554926387 0.0520951302
3 0.8499433749 0.9654586636 0.0645526614 0.0554926387
1 0.2197055493 0.9609286523 0.1132502831 0.0781426954
8 0.3267270668 0.9614949037 0.0917327293 0.0770101925
8 0.4309173273 0.9620611552 0.1030577576 0.0758776897
1 0.5685164213 0.9643261608 0.0611551529 0.0713476784
1 0.5118912797 0.9631936580 0.0566251416 0.0736126840
1 0.6251415629 0.9643261608 0.0611551529 0.0713476784
1 0.6874292186 0.9648924122 0.0656851642 0.0702151755
3 0.7978482446 0.9932049830 0.0554926387 0.0135900340
3 0.7434881087 0.9665911665 0.0554926387 0.0668176670
3 0.8544733862 0.9949037373 0.0600226501 0.0101925255
5 0.9399773499 0.9739524349 0.0520951302 0.0520951302
5 0.9841449604 0.9739524349 0.0317100793 0.0520951302
