1 0.2241379310 0.3448275862 0.1784107946 0.1829085457
1 0.3935532234 0.3365817091 0.1874062969 0.1934032984
1 0.5239880060 0.3268365817 0.0914542729 0.2008995502
1 0.6116941529 0.3185907046 0.0989505247 0.2053973013
1 0.6986506747 0.3080959520 0.0959520240 0.2113943028
1 0.8005997001 0.2968515742 0.1079460270 0.2128935532
1 0.5224887556 0.5397301349 0.1184407796 0.1019490255
1 0.6416791604 0.5562218891 0.1289355322 0.1019490255
3 0.7413793103 0.5269865067 0.0734632684 0.0674662669
3 0.7751124438 0.5974512744 0.1529235382 0.0794602699
3 0.8178410795 0.5224887556 0.0824587706 0.0704647676
1 0.2113943028 0.6154422789 0.0599700150 0.1664167916
1 0.3365817091 0.6191904048 0.0794602699 0.1679160420
1 0.2661169415 0.6176911544 0.0794602699 0.1649175412
1 0.4145427286 0.6184407796 0.0914542729 0.1724137931
1 0.5112443778 0.6536731634 0.1199400300 0.1049475262
1 0.6401799100 0.6596701649 0.1229385307 0.0959520240
3 0.7743628186 0.6664167916 0.1514242879 0.0764617691
1 0.3515742129 0.7571214393 0.0914542729 0.0779610195
1 0.4512743628 0.7683658171 0.1139430285 0.0944527736
1 0.5509745127 0.7781109445 0.0884557721 0.0689655172
1 0.6559220390 0.7931034483 0.1304347826 0.0959520240
1 0.7848575712 0.8223388306 0.1214392804 0.0464767616
1 0.3238380810 0.9002998501 0.0869565217 0.1064467766
1 0.4235382309 0.9055472264 0.1124437781 0.1109445277
1 0.5449775112 0.9115442279 0.1274362819 0.1139430285
1 0.6604197901 0.9115442279 0.1094452774 0.1169415292
1 0.7908545727 0.7586206897 0.1154422789 0.0809595202
