1 0.4682539683 0.0262515263 0.0769230769 0.0525030525
1 0.5372405372 0.0146520147 0.0781440781 0.0293040293
2 0.6123321123 0.0225885226 0.0989010989 0.0451770452
2 0.7075702076 0.0225885226 0.0964590965 0.0451770452
2 0.8205128205 0.0054945055 0.1465201465 0.0109890110
2 0.8333333333 0.0402930403 0.1575091575 0.0586080586
7 0.1703296703 0.1617826618 0.1501831502 0.1184371184
7 0.3461538462 0.1831501832 0.1379731380 0.1050061050
1 0.4755799756 0.2008547009 0.0915750916 0.1623931624
1 0.5573870574 0.1984126984 0.0793650794 0.1697191697
1 0.6373626374 0.1935286935 0.0830280830 0.1794871795
1 0.7130647131 0.1868131868 0.0854700855 0.1831501832
1 0.7960927961 0.1862026862 0.0927960928 0.1770451770
1 0.8760683761 0.1855921856 0.1086691087 0.1758241758
7 0.1550671551 0.2814407814 0.1807081807 0.1135531136
7 0.3315018315 0.3052503053 0.1501831502 0.1074481074
1 0.5354090354 0.3681318681 0.0915750916 0.0793650794
1 0.6196581197 0.3681318681 0.0818070818 0.0793650794
1 0.7032967033 0.3663003663 0.0927960928 0.0903540904
1 0.7936507937 0.3650793651 0.0903540904 0.0927960928
1 0.8821733822 0.3644688645 0.0866910867 0.0866910867
7 0.0665445665 0.4700854701 0.0891330891 0.1636141636
7 0.1288156288 0.4664224664 0.0842490842 0.1660561661
7 0.1910866911 0.4682539683 0.0818070818 0.1697191697
7 0.3150183150 0.4682539683 0.0757020757 0.1721611722
7 0.2521367521 0.4658119658 0.0769230769 0.1697191697
7 0.3754578755 0.4688644689 0.0769230769 0.1709401709
1 0.5335775336 0.4481074481 0.0903540904 0.0854700855
1 0.6251526252 0.4474969475 0.0903540904 0.0793650794
1 0.7081807082 0.4401709402 0.0732600733 0.0598290598
1 0.7838827839 0.4468864469 0.0805860806 0.0659340659
1 0.8772893773 0.4420024420 0.0989010989 0.0732600733
7 0.1153846154 0.5811965812 0.1770451770 0.0634920635
7 0.2948717949 0.5873015873 0.1819291819 0.0732600733
1 0.5219780220 0.6031746032 0.0891330891 0.0659340659
1 0.5207570208 0.5305250305 0.0915750916 0.0671550672
1 0.6141636142 0.5525030525 0.0781440781 0.1233211233
1 0.7020757021 0.5494505495 0.0854700855 0.1245421245
1 0.7973137973 0.5494505495 0.1050061050 0.1367521368
1 0.8919413919 0.5488400488 0.1062271062 0.1452991453
7 0.2814407814 0.6526251526 0.1843711844 0.0671550672
7 0.0427350427 0.7277167277 0.0854700855 0.0634920635
7 0.0366300366 0.7905982906 0.0732600733 0.0671550672
7 0.1159951160 0.7283272283 0.0854700855 0.0647130647
7 0.1062271062 0.7924297924 0.0854700855 0.0634920635
7 0.2100122100 0.7564102564 0.1318681319 0.1257631258
7 0.3296703297 0.7570207570 0.1343101343 0.1269841270
1 0.4542124542 0.7735042735 0.1147741148 0.1623931624
1 0.5476190476 0.7661782662 0.0915750916 0.1575091575
1 0.6367521368 0.7680097680 0.0891330891 0.1611721612
1 0.7234432234 0.7686202686 0.0964590965 0.1648351648
1 0.8015873016 0.7625152625 0.0744810745 0.1501831502
1 0.8681318681 0.7612942613 0.0781440781 0.1477411477
1 0.9328449328 0.7673992674 0.0830280830 0.1550671551
7 0.0152625153 0.9053724054 0.0305250305 0.1330891331
7 0.0402930403 0.9047619048 0.0708180708 0.1294261294
7 0.1623931624 0.9053724054 0.1855921856 0.1282051282
7 0.3217338217 0.9126984127 0.1404151404 0.1306471306
7 0.0671550672 0.9835164835 0.1343101343 0.0329670330
7 0.1904761905 0.9841269841 0.1562881563 0.0317460317
1 0.4096459096 0.9597069597 0.0671550672 0.0805860806
1 0.5177045177 0.9584859585 0.1562881563 0.0830280830
1 0.6764346764 0.9615384615 0.1611721612 0.0769230769
1 0.8363858364 0.9633699634 0.1636141636 0.0732600733
1 0.9548229548 0.9682539683 0.0830280830 0.0634920635
