7 0.0628227194 0.0318416523 0.1256454389 0.0636833046
7 0.1686746988 0.0327022375 0.1101549053 0.0654044750
4 0.2650602410 0.0352839931 0.0998278830 0.0705679862
4 0.3511187608 0.0361445783 0.0929432014 0.0722891566
4 0.4457831325 0.0378657487 0.1170395869 0.0757314974
4 0.5611015491 0.0395869191 0.1135972461 0.0791738382
1 0.7168674699 0.0378657487 0.2048192771 0.0757314974
1 0.9079173838 0.0404475043 0.1841652324 0.0808950086
0 0.0335628227 0.3037865749 0.0671256454 0.2564543890
0 0.1153184165 0.3020654045 0.1135972461 0.2530120482
4 0.2177280551 0.3063683305 0.1187607573 0.2547332186
4 0.3347676420 0.3020654045 0.1118760757 0.2530120482
4 0.4363166954 0.3037865749 0.1084337349 0.2461273666
4 0.5611015491 0.3020654045 0.1376936317 0.2495697074
1 0.7702237522 0.2865748709 0.0877796902 0.2185886403
1 0.9475043029 0.2900172117 0.0843373494 0.2048192771
1 0.8614457831 0.2900172117 0.0877796902 0.2082616179
1 0.9913941480 0.2891566265 0.0172117040 0.2065404475
7 0.1144578313 0.5266781411 0.2117039587 0.0757314974
7 0.3175559380 0.5206540448 0.1944922547 0.0912220310
7 0.4518072289 0.5679862306 0.0843373494 0.1927710843
7 0.6049913941 0.5370051635 0.0774526678 0.1308089501
7 0.5327022375 0.5542168675 0.0808950086 0.1617900172
7 0.6764199656 0.5499139415 0.0791738382 0.1566265060
7 0.8313253012 0.5611015491 0.0826161790 0.1790017212
7 0.7547332186 0.5619621343 0.0808950086 0.1807228916
7 0.9096385542 0.5671256454 0.0843373494 0.2013769363
3 0.9690189329 0.5619621343 0.0619621343 0.1944922547
7 0.0043029260 0.6204819277 0.0086058520 0.0981067126
7 0.1110154905 0.6067125645 0.2013769363 0.0843373494
7 0.3166953528 0.5972461274 0.1996557659 0.0998278830
