1 0.2964796480 0.1232123212 0.0561056106 0.0814081408
1 0.3476347635 0.1215621562 0.0528052805 0.0825082508
1 0.4394939494 0.1155115512 0.0649064906 0.0704070407
1 0.5077007701 0.1133113311 0.0671067107 0.0748074807
1 0.6138613861 0.1133113311 0.0748074807 0.0726072607
1 0.8217821782 0.1149614961 0.1364136414 0.0627062706
8 0.0308030803 0.1287128713 0.0616061606 0.0902090209
1 0.1688668867 0.1408140814 0.1243124312 0.1122112211
1 0.4367436744 0.1930693069 0.0638063806 0.0781078108
1 0.5033003300 0.1914191419 0.0649064906 0.0770077008
1 0.6089108911 0.1875687569 0.0737073707 0.0737073707
1 0.8201320132 0.1699669967 0.1353135314 0.0605060506
8 0.0280528053 0.2629262926 0.0561056106 0.1760176018
1 0.1600660066 0.2519251925 0.1243124312 0.1122112211
1 0.2926292629 0.2007700770 0.0594059406 0.0803080308
1 0.3448844884 0.2046204620 0.0495049505 0.0770077008
1 0.4317931793 0.2656765677 0.0649064906 0.0693069307
1 0.6083608361 0.2623762376 0.0792079208 0.0759075908
1 0.8173817382 0.2260726073 0.1342134213 0.0561056106
1 0.2915291529 0.2821782178 0.0616061606 0.0803080308
1 0.3437843784 0.2832783278 0.0451045105 0.0781078108
1 0.4290429043 0.3360836084 0.0616061606 0.0671067107
1 0.4983498350 0.2700770077 0.0682068207 0.0781078108
1 0.8157315732 0.2816281628 0.1353135314 0.0594059406
3 0.0159515952 0.3740374037 0.0319031903 0.0440044004
1 0.1540154015 0.3646864686 0.1254125413 0.1089108911
1 0.2882288229 0.3679867987 0.0572057206 0.0869086909
1 0.3404840484 0.3712871287 0.0429042904 0.0825082508
1 0.4972497250 0.3426842684 0.0660066007 0.0715071507
1 0.6039603960 0.3388338834 0.0726072607 0.0770077008
1 0.8113311331 0.3388338834 0.1331133113 0.0550055006
1 0.8102310231 0.3943894389 0.1331133113 0.0561056106
3 0.0099009901 0.4548954895 0.0198019802 0.0473047305
3 0.0121012101 0.4125412541 0.0242024202 0.0418041804
1 0.1540154015 0.4504950495 0.1254125413 0.0605060506
1 0.2843784378 0.4570957096 0.0583058306 0.0869086909
1 0.3382838284 0.4570957096 0.0451045105 0.0847084708
1 0.4950495050 0.4141914191 0.0660066007 0.0715071507
1 0.4284928493 0.4119911991 0.0649064906 0.0693069307
1 0.5995599560 0.4141914191 0.0726072607 0.0759075908
1 0.8080308031 0.4488448845 0.1331133113 0.0594059406
1 0.9658965897 0.4114411441 0.0682068207 0.1276127613
7 0.0247524752 0.5324532453 0.0495049505 0.1166116612
1 0.1512651265 0.5154015402 0.1309130913 0.0627062706
1 0.3052805281 0.5324532453 0.1023102310 0.0616061606
1 0.4592959296 0.4867986799 0.1265126513 0.0737073707
1 0.5951595160 0.4906490649 0.0682068207 0.0748074807
1 0.8069306931 0.5044004400 0.1331133113 0.0605060506
1 0.9658965897 0.5269526953 0.0682068207 0.1034103410
1 0.1496149615 0.5781078108 0.1298129813 0.0561056106
1 0.3014301430 0.5951595160 0.1034103410 0.0638063806
1 0.4521452145 0.5616061606 0.1232123212 0.0781078108
1 0.6259625963 0.5665566557 0.1386138614 0.0814081408
1 0.8052805281 0.5588558856 0.1320132013 0.0616061606
1 0.8030803080 0.6138613861 0.1320132013 0.0638063806
7 0.0220022002 0.6441144114 0.0440044004 0.1199119912
1 0.1463146315 0.6397139714 0.1298129813 0.0627062706
1 0.2992299230 0.6622662266 0.1034103410 0.0726072607
1 0.4510451045 0.6325632563 0.1276127613 0.0814081408
1 0.6270627063 0.6380638064 0.1452145215 0.0836083608
1 0.8014301430 0.6694169417 0.1309130913 0.0627062706
1 0.9642464246 0.6342134213 0.0715071507 0.1045104510
7 0.0192519252 0.7238723872 0.0385038504 0.0550055006
1 0.1435643564 0.7035203520 0.1309130913 0.0627062706
1 0.2975797580 0.7244224422 0.1023102310 0.0693069307
1 0.4499449945 0.7117711771 0.1298129813 0.0946094609
1 0.6265126513 0.7233223322 0.1441144114 0.0957095710
1 0.7992299230 0.7255225523 0.1287128713 0.0649064906
1 0.9625962596 0.7200220022 0.0748074807 0.0671067107
7 0.0170517052 0.7711771177 0.0341034103 0.0572057206
1 0.1402640264 0.7684268427 0.1331133113 0.0605060506
1 0.2937293729 0.7865786579 0.1056105611 0.0682068207
1 0.4477447745 0.7937293729 0.1298129813 0.0957095710
1 0.6199119912 0.8080308031 0.1419141914 0.0935093509
1 0.7964796480 0.7788778878 0.1298129813 0.0660066007
1 0.9609460946 0.7805280528 0.0781078108 0.0715071507
1 0.7959295930 0.8344334433 0.1309130913 0.0693069307
1 0.9620462046 0.8470847085 0.0759075908 0.0726072607
