4 0.5983981693 0.0724637681 0.1243325706 0.1449275362
7 0.0705568268 0.0819984744 0.1411136537 0.1639969489
7 0.1853546911 0.0743707094 0.0976353928 0.1487414188
7 0.2818459191 0.0766590389 0.1136536995 0.1533180778
7 0.3832951945 0.0743707094 0.1273836766 0.1487414188
4 0.4919908467 0.0766590389 0.1266209001 0.1533180778
5 0.7246376812 0.0724637681 0.1510297483 0.1449275362
5 0.8661327231 0.0713196034 0.1533180778 0.1426392067
0 0.0484363082 0.4145690313 0.0968726163 0.2509534706
0 0.1273836766 0.4118993135 0.1388253242 0.2456140351
7 0.2799389779 0.4275362319 0.2105263158 0.2265446224
7 0.4206712433 0.4286803966 0.1090770404 0.2151029748
7 0.5217391304 0.4294431732 0.1083142639 0.2212051869
4 0.7013729977 0.4248665141 0.0968726163 0.2364607170
4 0.6106025934 0.4267734554 0.0800915332 0.2265446224
4 0.7944317315 0.4263920671 0.1014492754 0.2303585050
4 0.8840579710 0.4260106789 0.0961098398 0.2326468345
1 0.0175438596 0.7677345538 0.0350877193 0.1853546911
1 0.0732265446 0.7734553776 0.1220442410 0.1876430206
1 0.1544622426 0.7726926011 0.1182303585 0.1861174676
1 0.2376048818 0.7723112128 0.1106025934 0.1868802441
1 0.3207475210 0.7742181541 0.1060259344 0.1876430206
1 0.4046529367 0.7738367658 0.1075514874 0.1853546911
4 0.7581998474 0.7738367658 0.0823798627 0.1853546911
1 0.5301296720 0.7940503432 0.1632341724 0.1479786423
4 0.6662852784 0.7784134249 0.1228070175 0.1929824561
4 0.8539282990 0.7784134249 0.1106025934 0.1990846682
4 0.9519450801 0.7875667429 0.0961098398 0.1807780320
6 0.9969488940 0.7818459191 0.0061022121 0.1952707857
1 0.0499618612 0.9935163997 0.0999237223 0.0129672006
1 0.1296720061 0.9927536232 0.1083142639 0.0144927536
1 0.2944317315 0.9977116705 0.1067887109 0.0045766590
1 0.2131960336 0.9969488940 0.1075514874 0.0061022121
1 0.3775743707 0.9969488940 0.0961098398 0.0061022121
1 0.4614797864 0.9958047292 0.0991609458 0.0083905416
7 0.5465293669 0.9942791762 0.0968726163 0.0114416476
7 0.6266209001 0.9946605645 0.0922959573 0.0106788711
7 0.7082379863 0.9954233410 0.0877192982 0.0091533181
7 0.7921434020 0.9980930587 0.0907704043 0.0038138825
