7 0.1529200820 0.1083504098 0.0619877049 0.1572745902
7 0.0919569672 0.1060450820 0.0650614754 0.1526639344
7 0.2118340164 0.0952868852 0.0619877049 0.1424180328
7 0.2797131148 0.0940061475 0.0665983607 0.1408811475
1 0.3737192623 0.0799180328 0.1132172131 0.1311475410
1 0.4620901639 0.0845286885 0.0645491803 0.1475409836
1 0.5911885246 0.0763319672 0.0696721311 0.1475409836
1 0.5268954918 0.0804303279 0.0640368852 0.1547131148
1 0.6623975410 0.0724897541 0.0665983607 0.1449795082
8 0.7955942623 0.0461065574 0.1915983607 0.0922131148
2 0.9446721311 0.0850409836 0.1055327869 0.1700819672
2 0.9923155738 0.0817110656 0.0153688525 0.1634221311
7 0.0238217213 0.1257684426 0.0476434426 0.1982581967
8 0.8014856557 0.1700819672 0.1890368852 0.0522540984
7 0.1785348361 0.2843237705 0.0722336066 0.0573770492
7 0.2448770492 0.2797131148 0.0717213115 0.0573770492
1 0.3099385246 0.2756147541 0.0676229508 0.0471311475
1 0.3752561475 0.2733094262 0.0691598361 0.0486680328
1 0.4456967213 0.2781762295 0.0778688525 0.0563524590
1 0.5212602459 0.2717725410 0.0794057377 0.0558401639
6 0.7756147541 0.2748463115 0.0963114754 0.0640368852
6 0.8670594262 0.2743340164 0.1039959016 0.0845286885
6 0.9559426230 0.2643442623 0.0881147541 0.0686475410
7 0.0302254098 0.3376024590 0.0604508197 0.0481557377
7 0.0332991803 0.2904713115 0.0665983607 0.0440573770
7 0.0998975410 0.3386270492 0.0706967213 0.0532786885
7 0.1065573770 0.2879098361 0.0799180328 0.0502049180
7 0.1739241803 0.3345286885 0.0640368852 0.0481557377
7 0.2430840164 0.3319672131 0.0701844262 0.0522540984
1 0.3125000000 0.3265881148 0.0676229508 0.0619877049
1 0.3801229508 0.3242827869 0.0727459016 0.0584016393
1 0.4528688525 0.3355532787 0.0737704918 0.0625000000
1 0.5266393443 0.3332479508 0.0788934426 0.0640368852
1 0.5865778689 0.3037909836 0.0573770492 0.1157786885
1 0.6421618852 0.2976434426 0.0599385246 0.1188524590
1 0.7036372951 0.3012295082 0.0650614754 0.1239754098
6 0.7804815574 0.3383709016 0.0927254098 0.0701844262
6 0.8598872951 0.3437500000 0.0691598361 0.0502049180
6 0.9551741803 0.3314549180 0.0896516393 0.0676229508
7 0.0253586066 0.3849897541 0.0507172131 0.0507172131
7 0.0952868852 0.3798668033 0.0717213115 0.0384221311
7 0.1716188525 0.3814036885 0.0717213115 0.0435450820
7 0.1877561475 0.4577356557 0.0742827869 0.0599385246
7 0.2423155738 0.3732069672 0.0696721311 0.0404713115
7 0.2628073770 0.4561987705 0.0727459016 0.0589139344
1 0.4241803279 0.4531250000 0.0901639344 0.0619877049
1 0.5176741803 0.4510758197 0.0876024590 0.0630122951
1 0.6004098361 0.4480020492 0.0870901639 0.0691598361
5 0.9067622951 0.4423668033 0.0922131148 0.0773565574
5 0.9733606557 0.4377561475 0.0532786885 0.0650614754
7 0.0356045082 0.4643954918 0.0712090164 0.0589139344
7 0.0345799180 0.5197233607 0.0691598361 0.0568647541
7 0.1078381148 0.5202356557 0.0773565574 0.0630122951
7 0.1098872951 0.4623463115 0.0783811475 0.0589139344
7 0.1857069672 0.5184426230 0.0763319672 0.0645491803
7 0.2615266393 0.5171618852 0.0742827869 0.0640368852
1 0.3383709016 0.4871926230 0.0835040984 0.1270491803
1 0.4262295082 0.5220286885 0.0850409836 0.0553278689
1 0.5102459016 0.5171618852 0.0850409836 0.0599385246
1 0.6029713115 0.5084528689 0.0881147541 0.0650614754
6 0.6831454918 0.4774590164 0.0814549180 0.1250000000
6 0.7540983607 0.4769467213 0.0809426230 0.1321721311
6 0.8304303279 0.4728483607 0.0860655738 0.1331967213
5 0.8975409836 0.5181864754 0.0819672131 0.0753073770
5 0.9684938525 0.5058913934 0.0630122951 0.0753073770
1 0.6844262295 0.6221823770 0.0717213115 0.0507172131
6 0.8291495902 0.6334528689 0.0876024590 0.0712090164
6 0.9075307377 0.6337090164 0.0845286885 0.0768442623
6 0.9710553279 0.6339651639 0.0578893443 0.0794057377
7 0.0222848361 0.6485655738 0.0445696721 0.0665983607
7 0.0222848361 0.7123463115 0.0445696721 0.0589139344
7 0.0819672131 0.7079918033 0.0860655738 0.0655737705
7 0.0855532787 0.6480532787 0.0850409836 0.0614754098
7 0.1649590164 0.6449795082 0.0870901639 0.0614754098
7 0.1652151639 0.7061987705 0.0835040984 0.0640368852
1 0.3253073770 0.7190061475 0.0696721311 0.0732581967
1 0.2474385246 0.7197745902 0.0819672131 0.0747950820
1 0.2469262295 0.6462602459 0.0819672131 0.0742827869
1 0.3260758197 0.6413934426 0.0773565574 0.0655737705
1 0.4006147541 0.7033811475 0.0696721311 0.0676229508
1 0.3988217213 0.6383196721 0.0691598361 0.0584016393
1 0.4687500000 0.6375512295 0.0717213115 0.0589139344
1 0.4677254098 0.7028688525 0.0717213115 0.0696721311
1 0.5402151639 0.7008196721 0.0712090164 0.0696721311
1 0.5412397541 0.6367827869 0.0712090164 0.0594262295
1 0.6124487705 0.6344774590 0.0712090164 0.0640368852
1 0.6127049180 0.6982581967 0.0778688525 0.0614754098
1 0.7594774590 0.6626536885 0.0804303279 0.1306352459
7 0.0179303279 0.7658811475 0.0358606557 0.0512295082
7 0.0814549180 0.7630635246 0.0809426230 0.0486680328
7 0.1621413934 0.7599897541 0.0794057377 0.0486680328
3 0.0092213115 0.8778176230 0.0184426230 0.0988729508
7 0.0379098361 0.8803790984 0.0512295082 0.1101434426
7 0.0758196721 0.8732069672 0.0430327869 0.0957991803
7 0.1183401639 0.8719262295 0.0461065574 0.1004098361
5 0.1570184426 0.8765368852 0.0353483607 0.0409836066
5 0.2097848361 0.8829405738 0.0292008197 0.0414959016
5 0.1690573770 0.8404200820 0.0399590164 0.0363729508
5 0.2074795082 0.8404200820 0.0430327869 0.0414959016
5 0.2507684426 0.8388831967 0.0466188525 0.0455942623
5 0.2925204918 0.8527151639 0.0409836066 0.0753073770
1 0.4147028689 0.8509221311 0.0753073770 0.0706967213
5 0.3340163934 0.8619364754 0.0420081967 0.0896516393
1 0.4938524590 0.8506659836 0.0870901639 0.0783811475
1 0.5888831967 0.8399077869 0.0947745902 0.0650614754
1 0.5878586066 0.8399077869 0.0988729508 0.0630122951
1 0.6780225410 0.8373463115 0.0906762295 0.0630122951
1 0.7692110656 0.8358094262 0.0906762295 0.0640368852
1 0.8560450820 0.8352971311 0.0840163934 0.0712090164
6 0.9341700820 0.8417008197 0.0763319672 0.0840163934
6 0.9818135246 0.8378586066 0.0363729508 0.0783811475
5 0.1616290984 0.9177766393 0.0343237705 0.0394467213
1 0.4123975410 0.9208504098 0.0799180328 0.0732581967
1 0.4938524590 0.9205942623 0.0829918033 0.0676229508
1 0.5852971311 0.9088114754 0.0814549180 0.0768442623
1 0.6741803279 0.9052254098 0.0973360656 0.0788934426
1 0.7671618852 0.9034323770 0.0978483607 0.0742827869
1 0.8593750000 0.9021516393 0.0906762295 0.0747950820
6 0.9469774590 0.9205942623 0.0845286885 0.0819672131
6 0.9900102459 0.9193135246 0.0199795082 0.0855532787
