7 0.3518518519 0.0108024691 0.1975308642 0.0216049383
5 0.6064814815 0.0254629630 0.1728395062 0.0509259259
7 0.8179012346 0.0378086420 0.1419753086 0.0756172840
4 0.0756172840 0.0347222222 0.1512345679 0.0694444444
4 0.3395061728 0.0586419753 0.1820987654 0.0895061728
7 0.9652777778 0.0578703704 0.0694444444 0.1064814815
4 0.0771604938 0.1211419753 0.1543209877 0.1003086420
4 0.3379629630 0.1358024691 0.1820987654 0.0833333333
7 0.6010802469 0.1211419753 0.1682098765 0.1712962963
7 0.8070987654 0.1473765432 0.1358024691 0.1620370370
7 0.9637345679 0.1859567901 0.0725308642 0.1466049383
4 0.0748456790 0.2121913580 0.1496913580 0.0972222222
4 0.3356481481 0.2206790123 0.1836419753 0.1049382716
1 0.5864197531 0.2916666667 0.1604938272 0.1728395062
4 0.0763888889 0.3240740741 0.1527777778 0.1234567901
4 0.3317901235 0.3240740741 0.1820987654 0.1018518519
6 0.7970679012 0.3009259259 0.1466049383 0.1543209877
7 0.9591049383 0.3171296296 0.0817901235 0.1250000000
1 0.3333333333 0.4637345679 0.1790123457 0.1836419753
1 0.5825617284 0.4143518519 0.1651234568 0.0725308642
1 0.5748456790 0.4884259259 0.1651234568 0.0725308642
6 0.7453703704 0.4822530864 0.0586419753 0.1990740741
6 0.7993827160 0.4845679012 0.0833333333 0.1851851852
7 0.9575617284 0.4320987654 0.0848765432 0.0802469136
1 0.0763888889 0.5115740741 0.1527777778 0.0787037037
1 0.5702160494 0.5586419753 0.1620370370 0.0709876543
2 0.9583333333 0.5725308642 0.0833333333 0.1975308642
1 0.0717592593 0.6705246914 0.1435185185 0.0756172840
1 0.0725308642 0.5933641975 0.1450617284 0.0787037037
1 0.3294753086 0.6427469136 0.1805555556 0.1805555556
1 0.5655864198 0.6280864198 0.1620370370 0.0709876543
5 0.7677469136 0.6172839506 0.1188271605 0.0895061728
1 0.0725308642 0.7461419753 0.1450617284 0.0879629630
5 0.3348765432 0.7646604938 0.1604938272 0.0787037037
1 0.5756172840 0.7260802469 0.1358024691 0.1311728395
5 0.7615740741 0.7029320988 0.1157407407 0.0910493827
5 0.0895061728 0.8842592593 0.1234567901 0.0586419753
5 0.0810185185 0.8263888889 0.1342592593 0.0632716049
5 0.3302469136 0.8356481481 0.1604938272 0.0694444444
5 0.5609567901 0.8209876543 0.1527777778 0.0740740741
5 0.7584876543 0.7962962963 0.1157407407 0.1018518519
2 0.9220679012 0.8472222222 0.0817901235 0.1635802469
5 0.0887345679 0.9475308642 0.1250000000 0.0709876543
5 0.3263888889 0.9089506173 0.1682098765 0.0802469136
5 0.3248456790 0.9668209877 0.1651234568 0.0663580247
5 0.5586419753 0.8865740741 0.1543209877 0.0756172840
5 0.7554012346 0.8919753086 0.1219135802 0.0925925926
5 0.0609567901 0.9891975309 0.0570987654 0.0216049383
5 0.1203703704 0.9868827160 0.0555555556 0.0262345679
