2 0.1959208900 0.1804697157 0.2410383189 0.1532756489
2 0.4425216316 0.2416563659 0.2941903585 0.2929542645
2 0.6458590853 0.2459826947 0.1668726823 0.2991347342
2 0.2224969098 0.3695920890 0.2719406675 0.2348578492
6 0.8355995056 0.3862793572 0.1013597033 0.0506798517
2 0.4802224969 0.4406674907 0.2657601978 0.1421508035
6 0.7824474660 0.4425216316 0.0519159456 0.0444993820
2 0.5024721879 0.5451174289 0.2435105068 0.1186650185
4 0.6779975278 0.5117428925 0.0828182942 0.0469715698
7 0.8912237330 0.5210135970 0.0395550062 0.0309023486
4 0.8046971570 0.4938195303 0.1063040791 0.0432632880
7 0.8918417800 0.4919653894 0.0407911001 0.0321384425
4 0.8046971570 0.5377008653 0.1087762670 0.0444993820
7 0.9276885043 0.5185414091 0.0358467244 0.0358467244
2 0.2713226205 0.5667490729 0.2632880099 0.2113720643
4 0.6823238566 0.5537700865 0.0840543881 0.0420271941
4 0.6854140915 0.5945611867 0.0902348578 0.0420271941
4 0.8034610630 0.5772558714 0.1063040791 0.0420271941
7 0.8986402967 0.5500618047 0.0247218789 0.0296662546
7 0.9004944376 0.6069221261 0.0259579728 0.0296662546
7 0.9004944376 0.5778739184 0.0259579728 0.0309023486
4 0.8065512979 0.6174289246 0.1050679852 0.0432632880
7 0.9289245983 0.5587144623 0.0333745365 0.0469715698
2 0.5185414091 0.6508034611 0.2336217553 0.1025957973
4 0.6897404203 0.6341161928 0.0865265760 0.0370828183
4 0.6940667491 0.6718170581 0.0852904821 0.0383189122
4 0.8096415328 0.6588380717 0.1063040791 0.0444993820
7 0.9023485785 0.6489493201 0.0296662546 0.0543881335
4 0.8133498146 0.6983930779 0.0988875155 0.0420271941
7 0.9320148331 0.6458590853 0.0346106304 0.0556242274
7 0.9641532756 0.6681087763 0.0346106304 0.0556242274
2 0.3269468480 0.7503090235 0.2311495674 0.1878862794
2 0.5358467244 0.7540173053 0.2311495674 0.0988875155
4 0.7014833127 0.7459826947 0.0828182942 0.0358467244
4 0.6983930779 0.7082818294 0.0840543881 0.0395550062
4 0.7082818294 0.7830655130 0.0766378245 0.0358467244
4 0.8127317676 0.7787391842 0.0877626700 0.0420271941
4 0.8102595797 0.7385661310 0.0902348578 0.0432632880
7 0.9048207664 0.7058096415 0.0296662546 0.0618046972
7 0.9072929543 0.7639060569 0.0271940667 0.0618046972
7 0.9326328801 0.7045735476 0.0383189122 0.0618046972
7 0.9344870210 0.7626699629 0.0346106304 0.0593325093
2 0.5512978986 0.8479604450 0.2274412855 0.0914709518
4 0.7169344870 0.8522867738 0.0716934487 0.0333745365
4 0.7113720643 0.8176761434 0.0729295426 0.0358467244
4 0.8164400494 0.8195302843 0.0902348578 0.0444993820
4 0.8189122373 0.8590852905 0.0877626700 0.0395550062
7 0.9363411619 0.8621755253 0.0284301607 0.0457354759
7 0.9091470952 0.8263288010 0.0259579728 0.0679851669
7 0.9369592089 0.8158220025 0.0370828183 0.0519159456
2 0.3658838072 0.9128553770 0.2175525340 0.1594561187
2 0.5624227441 0.9258343634 0.2200247219 0.0988875155
4 0.7218788628 0.8850432633 0.0741656366 0.0346106304
0 0.8257107540 0.9388133498 0.0964153276 0.0506798517
4 0.8207663782 0.8936959209 0.0865265760 0.0321384425
7 0.9122373300 0.8899876391 0.0247218789 0.0618046972
0 0.4666254635 0.9919653894 0.0877626700 0.0160692213
0 0.6983930779 0.9919653894 0.1038318912 0.0160692213
0 0.7064276885 0.9629171817 0.0927070457 0.0494437577
0 0.8269468480 0.9796044499 0.1038318912 0.0407911001
7 0.9406674907 0.9647713226 0.1112484549 0.0704573548
