4 0.1694214876 0.0779220779 0.2821723731 0.1204250295
7 0.3778040142 0.0360094451 0.1157024793 0.0696576151
7 0.4645808737 0.0295159386 0.0672963400 0.0590318772
7 0.6948051948 0.0726092090 0.1877213695 0.1452184179
7 0.8223140496 0.0743801653 0.0720188902 0.1487603306
5 0.9433293979 0.0271546635 0.1133412043 0.0543093270
5 0.9380165289 0.0861865407 0.1239669421 0.0944510035
7 0.3665879575 0.1151121606 0.0720188902 0.0602125148
7 0.4114521842 0.1646989374 0.1216056671 0.0720188902
7 0.4887839433 0.0914994097 0.0684769776 0.0720188902
4 0.1776859504 0.1711924439 0.2302243211 0.1109799292
7 0.4303423849 0.2278630460 0.1404958678 0.0731995277
7 0.5554899646 0.2060212515 0.0696576151 0.1216056671
7 0.7077922078 0.2213695396 0.1735537190 0.1688311688
7 0.8116883117 0.2190082645 0.0460448642 0.1570247934
5 0.9268004723 0.1759149941 0.0968122786 0.0968122786
5 0.9840613932 0.1706021251 0.0318772137 0.1121605667
0 0.0330578512 0.2579693034 0.0661157025 0.1168831169
4 0.1918536009 0.2508854782 0.2042502952 0.1074380165
7 0.4421487603 0.2851239669 0.1381345927 0.0696576151
6 0.9273907910 0.2839433294 0.0979929162 0.1239669421
6 0.9811097993 0.2821723731 0.0377804014 0.1251475797
0 0.0419126328 0.3595041322 0.0838252656 0.0956316411
4 0.2160566706 0.3187721370 0.1959858323 0.0968122786
7 0.4634002361 0.3406139315 0.1499409681 0.0720188902
0 0.7131050767 0.3512396694 0.1700118064 0.1192443920
0 0.0684769776 0.4551357733 0.1369539551 0.1168831169
6 0.2142857143 0.4232585596 0.1357733176 0.1357733176
4 0.4958677686 0.4262101535 0.1936245573 0.1157024793
0 0.7319952774 0.4628099174 0.1605667060 0.1015348288
1 0.9179456907 0.4025974026 0.0861865407 0.1227863046
1 0.9775678867 0.3937426210 0.0448642267 0.1027154664
0 0.5053128689 0.5224321133 0.1605667060 0.1334120425
0 0.7007083825 0.5277449823 0.0791027155 0.0425029516
0 0.7727272727 0.5218417946 0.0625737898 0.0354191263
1 0.9096812279 0.4858323495 0.0838252656 0.0838252656
1 0.9763872491 0.4793388430 0.0472255018 0.0826446281
0 0.0844155844 0.5590318772 0.1688311688 0.1145218418
1 0.2804014168 0.5531286895 0.1995277450 0.1523022432
0 0.7001180638 0.5755608028 0.0684769776 0.0696576151
0 0.7603305785 0.5625737898 0.0613931523 0.0484061393
1 0.9161747344 0.5637544274 0.0802833530 0.0696576151
1 0.9728453365 0.5584415584 0.0543093270 0.0826446281
6 0.0932703660 0.6646989374 0.1416765053 0.1038961039
1 0.1959858323 0.6363636364 0.0425029516 0.0920897285
1 0.3234946871 0.6735537190 0.1770956316 0.1310507674
7 0.5141676505 0.6245572609 0.1121605667 0.1038961039
1 0.9067296340 0.6416765053 0.0755608028 0.0814639906
1 0.9704840614 0.6334120425 0.0590318772 0.0767414404
1 0.5478158205 0.6995277450 0.1322314050 0.0649350649
1 0.5566706021 0.7426210153 0.1263282172 0.0613931523
1 0.7585596222 0.7036599764 0.1310507674 0.0873671783
1 0.7886658796 0.7691853601 0.0495867769 0.0531286895
1 0.8412042503 0.7615112161 0.0484061393 0.0590318772
1 0.9085005903 0.7184179457 0.0696576151 0.0696576151
1 0.9716646989 0.7012987013 0.0566706021 0.0637544274
1 0.9675324675 0.7621015348 0.0649350649 0.0602125148
1 0.1965761511 0.7851239669 0.2113341204 0.1393152302
1 0.3595041322 0.7709563164 0.1664698937 0.1298701299
1 0.5672963400 0.7821723731 0.1216056671 0.0625737898
1 0.5743801653 0.8187721370 0.1168831169 0.0602125148
1 0.7272727273 0.7827626919 0.0613931523 0.0543093270
1 0.7249114522 0.8400236128 0.0566706021 0.0649350649
1 0.7857142857 0.8199527745 0.0507674144 0.0696576151
1 0.8382526564 0.8140495868 0.0543093270 0.0649350649
1 0.9090909091 0.7703659976 0.0590318772 0.0484061393
1 0.9079102715 0.8252656434 0.0590318772 0.0613931523
1 0.9693034238 0.8140495868 0.0613931523 0.0578512397
1 0.0177095632 0.8724911452 0.0354191263 0.0495867769
1 0.0318772137 0.9138134593 0.0637544274 0.0543093270
1 0.2426210153 0.8807556080 0.1782762692 0.1062573790
1 0.3966942149 0.8707201889 0.1558441558 0.1003541913
1 0.5802833530 0.8701298701 0.1216056671 0.0637544274
1 0.5914994097 0.9102715466 0.1133412043 0.0613931523
1 0.7426210153 0.8996458087 0.0613931523 0.0661157025
1 0.7957497048 0.8902007084 0.0472255018 0.0566706021
1 0.9108618654 0.8789846517 0.0625737898 0.0436835891
1 0.8465171192 0.8783943329 0.0543093270 0.0637544274
1 0.9675324675 0.8654073200 0.0554899646 0.0495867769
1 0.0619834711 0.9828807556 0.1239669421 0.0342384888
1 0.0460448642 0.9527744982 0.0920897285 0.0613931523
1 0.2697756789 0.9374262102 0.1475796930 0.0637544274
1 0.2939787485 0.9734356553 0.1534828808 0.0531286895
1 0.4226682409 0.9445100354 0.1393152302 0.1038961039
1 0.5985832349 0.9474616293 0.1109799292 0.0507674144
