6 0.1507666099 0.0102214651 0.0800681431 0.0204429302
6 0.3471039182 0.0042589438 0.0604770017 0.0085178876
6 0.4961669506 0.0187393526 0.0758091993 0.0374787053
6 0.6401192504 0.0221465077 0.0298126065 0.0391822828
6 0.6886712095 0.0212947189 0.0298126065 0.0391822828
6 0.7764054514 0.0089437819 0.0877342419 0.0178875639
6 0.8956558773 0.0055366269 0.0298126065 0.0110732538
6 0.9348381601 0.0140545145 0.0485519591 0.0281090290
6 0.1520442930 0.0621805792 0.0792163543 0.0783645656
6 0.3309199319 0.0374787053 0.0741056218 0.0630323680
6 0.4752981261 0.1094548552 0.0459965928 0.0468483816
6 0.4770017036 0.0604770017 0.0442930153 0.0477001704
6 0.5191652470 0.0651618399 0.0434412266 0.0519591141
6 0.6869676320 0.0609028961 0.0298126065 0.0349233390
6 0.6396933560 0.0638841567 0.0289608177 0.0408858603
6 0.7649063032 0.0962521295 0.0289608177 0.0459965928
6 0.7670357751 0.0481260647 0.0298126065 0.0434412266
6 0.8006814310 0.0941226576 0.0425894378 0.0298126065
6 0.8028109029 0.0455706985 0.0417376491 0.0451448041
6 0.8965076661 0.0272572402 0.0281090290 0.0289608177
6 0.1477853492 0.1358603066 0.0792163543 0.0724020443
7 0.3185689949 0.1452299830 0.0459965928 0.0996592845
6 0.3479557070 0.1413969336 0.0417376491 0.0698466780
6 0.5208688245 0.1959114140 0.0485519591 0.0902896082
6 0.4812606474 0.1942078365 0.0425894378 0.0919931857
6 0.5229982964 0.1213798978 0.0442930153 0.0451448041
6 0.6473594549 0.1345826235 0.0817717206 0.0596252129
6 0.6503407155 0.1925042589 0.0877342419 0.0545144804
6 0.7653321976 0.1712095400 0.0315161840 0.0988074957
6 0.7947189097 0.1873935264 0.0306643952 0.0817717206
6 0.9152470187 0.1780238501 0.1047700170 0.0698466780
6 0.9314310051 0.1183986371 0.0417376491 0.0596252129
7 0.1639693356 0.2559625213 0.0553662692 0.1371379898
7 0.1209540034 0.2329642249 0.0425894378 0.1507666099
7 0.2214650767 0.2589437819 0.0221465077 0.1431005111
4 0.3381601363 0.2116695060 0.0800681431 0.0741056218
4 0.3364565588 0.2866269165 0.0817717206 0.0741056218
7 0.4689097104 0.2700170358 0.0281090290 0.0528109029
7 0.4961669506 0.2704429302 0.0264054514 0.0536626917
7 0.5238500852 0.2661839864 0.0289608177 0.0536626917
7 0.6490630324 0.2291311755 0.0255536627 0.0323679727
7 0.6490630324 0.2614991482 0.0289608177 0.0340715503
7 0.7759795571 0.2653321976 0.0272572402 0.0281090290
7 0.7755536627 0.2372231687 0.0264054514 0.0281090290
7 0.8760647359 0.2704429302 0.0281090290 0.0229982964
7 0.9067291312 0.2925894378 0.0383304940 0.0264054514
7 0.8747870528 0.2930153322 0.0255536627 0.0255536627
6 0.9420783646 0.2474446337 0.0545144804 0.0485519591
7 0.2176320273 0.3611584327 0.0400340716 0.0596252129
4 0.3351788756 0.3611584327 0.0809199319 0.0766609881
7 0.4727427598 0.3228279387 0.0357751278 0.0562180579
7 0.4693356048 0.3794718910 0.0306643952 0.0621805792
7 0.5251277683 0.3224020443 0.0349233390 0.0553662692
7 0.5200170358 0.3833049404 0.0315161840 0.0664395230
7 0.4940374787 0.3820272572 0.0306643952 0.0638841567
7 0.6158432709 0.3053662692 0.0357751278 0.0553662692
7 0.6720613288 0.3705281090 0.0255536627 0.0630323680
7 0.6456558773 0.3062180579 0.0340715503 0.0587734242
7 0.6431005111 0.3701022147 0.0357751278 0.0638841567
7 0.6720613288 0.3096252129 0.0272572402 0.0621805792
7 0.7427597956 0.3091993186 0.0289608177 0.0545144804
7 0.7419080068 0.3632879046 0.0289608177 0.0553662692
7 0.7708688245 0.3087734242 0.0289608177 0.0553662692
7 0.7695911414 0.3637137990 0.0281090290 0.0562180579
7 0.8730834753 0.3530664395 0.0272572402 0.0485519591
7 0.9024701874 0.3168654174 0.0298126065 0.0255536627
7 0.8982112436 0.3530664395 0.0281090290 0.0485519591
7 0.8743611584 0.3168654174 0.0264054514 0.0255536627
4 0.3445485520 0.4390971039 0.0792163543 0.0758091993
7 0.4680579216 0.4369676320 0.0315161840 0.0596252129
7 0.4944633731 0.4382453152 0.0332197615 0.0570698467
7 0.6145655877 0.4301533220 0.0315161840 0.0698466780
7 0.6695059625 0.4318568995 0.0289608177 0.0630323680
7 0.6422487223 0.4331345826 0.0323679727 0.0689948893
7 0.7397785349 0.4723168654 0.0281090290 0.0536626917
7 0.7687393526 0.4207836457 0.0332197615 0.0579216354
7 0.7423339012 0.4165247019 0.0332197615 0.0562180579
7 0.7674616695 0.4727427598 0.0306643952 0.0528109029
7 0.8722316865 0.4003407155 0.0289608177 0.0477001704
7 0.8973594549 0.4007666099 0.0264054514 0.0485519591
7 0.8709540034 0.4476149915 0.0281090290 0.0468483816
7 0.8965076661 0.4480408859 0.0264054514 0.0477001704
4 0.3343270869 0.5127768313 0.0809199319 0.0766609881
7 0.4655025554 0.5068143101 0.0332197615 0.0630323680
7 0.5195911414 0.5046848382 0.0323679727 0.0724020443
4 0.4914821124 0.5570698467 0.0817717206 0.0374787053
7 0.4914821124 0.5059625213 0.0255536627 0.0698466780
7 0.6137137990 0.4957410562 0.0315161840 0.0664395230
7 0.6392674617 0.5012776831 0.0332197615 0.0724020443
7 0.6695059625 0.4961669506 0.0289608177 0.0655877342
4 0.6503407155 0.5434412266 0.0604770017 0.0340715503
7 0.7393526405 0.5264054514 0.0272572402 0.0528109029
7 0.7666098807 0.5259795571 0.0289608177 0.0519591141
7 0.8692504259 0.4948892675 0.0281090290 0.0477001704
7 0.8948040886 0.4948892675 0.0281090290 0.0477001704
4 0.9045996593 0.5387563884 0.0971039182 0.0417376491
1 0.3419931857 0.5873083475 0.0621805792 0.0417376491
1 0.3445485520 0.6290459966 0.0672913118 0.0485519591
4 0.4940374787 0.6230834753 0.0817717206 0.0315161840
4 0.4927597956 0.5915672913 0.0860306644 0.0332197615
1 0.6209540034 0.6494889267 0.0459965928 0.0553662692
4 0.6499148211 0.6086030664 0.0630323680 0.0332197615
4 0.6490630324 0.5758091993 0.0613287905 0.0306643952
4 0.7670357751 0.6379897785 0.0809199319 0.0391822828
4 0.7661839864 0.6030664395 0.0809199319 0.0357751278
4 0.7661839864 0.5694207836 0.0809199319 0.0349233390
4 0.9054514480 0.5809199319 0.0954003407 0.0408858603
4 0.9033219761 0.6218057922 0.0945485520 0.0408858603
1 0.9028960818 0.6545996593 0.0459965928 0.0281090290
1 0.3134582624 0.7214650767 0.0459965928 0.0494037479
1 0.3449744463 0.6733390119 0.0664395230 0.0502555366
1 0.3568994889 0.7240204429 0.0425894378 0.0511073254
1 0.4718909710 0.7265758092 0.0442930153 0.0596252129
1 0.4752981261 0.6656729131 0.0459965928 0.0553662692
1 0.5208688245 0.6682282794 0.0451448041 0.0587734242
1 0.5212947189 0.7287052811 0.0425894378 0.0587734242
1 0.7461669506 0.7265758092 0.0442930153 0.0511073254
1 0.7461669506 0.6767461670 0.0459965928 0.0502555366
1 0.7887563884 0.7325383305 0.0425894378 0.0477001704
1 0.7891822828 0.6822827939 0.0400340716 0.0511073254
1 0.9097103918 0.7385008518 0.0630323680 0.0374787053
1 0.9016183986 0.6895229983 0.0451448041 0.0366269165
1 0.3100511073 0.8202725724 0.0442930153 0.0511073254
1 0.3134582624 0.7704429302 0.0442930153 0.0519591141
1 0.3547700170 0.7738500852 0.0434412266 0.0519591141
1 0.3551959114 0.8219761499 0.0442930153 0.0494037479
1 0.4782793867 0.8300681431 0.0247018739 0.0485519591
1 0.5114991482 0.8304940375 0.0400340716 0.0477001704
1 0.4782793867 0.7921635434 0.0229982964 0.0289608177
1 0.5114991482 0.7823679727 0.0451448041 0.0451448041
1 0.6631175468 0.7862010221 0.0451448041 0.0408858603
1 0.6286201022 0.7874787053 0.0238500852 0.0366269165
1 0.6643952300 0.8398637138 0.0442930153 0.0545144804
1 0.6281942078 0.8330494037 0.0212947189 0.0459965928
1 0.7482964225 0.8377342419 0.0451448041 0.0519591141
1 0.7448892675 0.7815161840 0.0417376491 0.0536626917
1 0.7870528109 0.7832197615 0.0459965928 0.0536626917
1 0.9080068143 0.8113287905 0.0596252129 0.0383304940
1 0.9092844974 0.7751277683 0.0604770017 0.0374787053
1 0.3313458262 0.8735093697 0.0868824532 0.0553662692
1 0.5132027257 0.9275979557 0.0485519591 0.0528109029
1 0.5149063032 0.8760647359 0.0485519591 0.0485519591
1 0.4795570698 0.8701022147 0.0306643952 0.0315161840
1 0.6141396934 0.9028960818 0.0425894378 0.0579216354
1 0.6575809199 0.9020442930 0.0459965928 0.0596252129
1 0.7768313458 0.8824531516 0.0579216354 0.0408858603
1 0.7755536627 0.9220613288 0.0587734242 0.0400340716
1 0.9037478705 0.9160988075 0.0528109029 0.0400340716
1 0.9399488927 0.9109880750 0.0229982964 0.0349233390
1 0.2155025554 0.9625212947 0.0425894378 0.0749574106
1 0.3334752981 0.9335604770 0.0809199319 0.0800681431
1 0.5174616695 0.9637989779 0.0451448041 0.0281090290
1 0.5132027257 0.9965928450 0.0434412266 0.0068143101
1 0.4791311755 0.9714650767 0.0315161840 0.0451448041
1 0.6145655877 0.9616695060 0.0451448041 0.0613287905
1 0.6571550256 0.9637989779 0.0468483816 0.0638841567
1 0.7759795571 0.9599659284 0.0596252129 0.0408858603
1 0.7725724020 0.9885008518 0.0528109029 0.0229982964
1 0.8709540034 0.9680579216 0.0383304940 0.0366269165
1 0.9126916525 0.9931856899 0.0434412266 0.0136286201
1 0.9122657581 0.9663543441 0.0442930153 0.0417376491
1 0.8705281090 0.9927597956 0.0408858603 0.0144804089
1 0.9557069847 0.9616695060 0.0442930153 0.0425894378
1 0.9557069847 0.9910562181 0.0425894378 0.0178875639
1 0.0877342419 0.9842419080 0.0511073254 0.0315161840
1 0.1669505963 0.9787052811 0.0187393526 0.0425894378
1 0.3270868825 0.9965928450 0.0851788756 0.0068143101
