1 0.2205638474 0.0248756219 0.1791044776 0.0497512438
1 0.6558872305 0.0153399668 0.1741293532 0.0306799337
1 0.9407131012 0.0331674959 0.1185737977 0.0663349917
1 0.2131011609 0.0895522388 0.1708126036 0.1077943615
1 0.2106135987 0.1774461028 0.1691542289 0.1044776119
7 0.6550580431 0.1621061360 0.1873963516 0.1053067993
1 0.6550580431 0.0696517413 0.1807628524 0.1077943615
1 0.9398839138 0.1442786070 0.1202321725 0.1774461028
1 0.2072968491 0.2661691542 0.1724709784 0.1011608624
7 0.6525704809 0.3378938640 0.1873963516 0.0953565506
7 0.6525704809 0.2491708126 0.1907131012 0.1003316750
4 0.9361525705 0.2922885572 0.1276948590 0.1334991708
7 0.2043946932 0.4502487562 0.1815920398 0.1011608624
7 0.2043946932 0.3573797678 0.1766169154 0.1028192371
7 0.3917910448 0.3557213930 0.1301824212 0.1127694859
7 0.3893034826 0.4448590381 0.1368159204 0.1036484245
7 0.6459369818 0.4291044776 0.1890547264 0.0986733002
4 0.9407131012 0.3922056385 0.1185737977 0.0895522388
7 0.2002487562 0.5410447761 0.1832504146 0.1036484245
7 0.3864013267 0.5381426202 0.1393034826 0.0978441128
7 0.3847429519 0.6339137645 0.1359867330 0.1053067993
7 0.6430348259 0.6144278607 0.1915422886 0.0995024876
7 0.6455223881 0.5194859038 0.1832504146 0.0953565506
4 0.9344941957 0.6028192371 0.1310116086 0.1044776119
4 0.9344941957 0.4962686567 0.1310116086 0.1202321725
7 0.1907131012 0.7330016584 0.1890547264 0.1011608624
7 0.1961028192 0.6359867330 0.1898839138 0.1011608624
7 0.3818407960 0.7234660033 0.1351575456 0.1135986733
7 0.6422056385 0.7089552239 0.1965174129 0.0978441128
6 0.9336650083 0.7010779436 0.1326699834 0.1053067993
7 0.1873963516 0.8229684909 0.1907131012 0.1019900498
7 0.3764510779 0.8159203980 0.1393034826 0.1210613599
7 0.3714759536 0.9096185738 0.1442786070 0.1276948590
0 0.5924543947 0.8217247098 0.1019900498 0.1442786070
0 0.6965174129 0.8262852405 0.1260364842 0.1451077944
6 0.9328358209 0.8038971808 0.1343283582 0.1069651741
6 0.9307628524 0.9092039801 0.1384742952 0.1019900498
0 0.1873963516 0.9830016584 0.1923714760 0.0339966833
7 0.1869817579 0.9187396352 0.1799336650 0.1044776119
0 0.5808457711 0.9432006633 0.0920398010 0.1135986733
0 0.6782752902 0.9469320066 0.1194029851 0.1061359867
0 0.9233001658 0.9784411277 0.1152570481 0.0431177446
