8 0.7047619048 0.0196428571 0.0928571429 0.0392857143
8 0.8273809524 0.0130952381 0.0976190476 0.0261904762
8 0.7023809524 0.0994047619 0.0952380952 0.1273809524
8 0.8273809524 0.0815476190 0.0976190476 0.1297619048
8 0.7089285714 0.2148809524 0.1011904762 0.1130952381
8 0.8226190476 0.1994047619 0.0857142857 0.1273809524
8 0.6910714286 0.3386904762 0.0607142857 0.0988095238
8 0.8184523810 0.3285714286 0.0797619048 0.0833333333
8 0.9000000000 0.3267857143 0.0738095238 0.0821428571
8 0.7214285714 0.4291666667 0.0476190476 0.0821428571
8 0.6797619048 0.4315476190 0.0380952381 0.0821428571
8 0.8190476190 0.4130952381 0.0833333333 0.0833333333
8 0.9125000000 0.4142857143 0.1107142857 0.0928571429
8 0.6875000000 0.5208333333 0.0535714286 0.0845238095
8 0.7392857143 0.5208333333 0.0500000000 0.0845238095
8 0.8035714286 0.5035714286 0.0476190476 0.0809523810
8 0.8505952381 0.5083333333 0.0488095238 0.0880952381
8 0.9583333333 0.5440476190 0.0571428571 0.0880952381
8 0.9035714286 0.5059523810 0.0571428571 0.0904761905
8 0.6898809524 0.6017857143 0.0488095238 0.0821428571
8 0.7380952381 0.6011904762 0.0547619048 0.0809523810
8 0.8017857143 0.5934523810 0.0440476190 0.0988095238
8 0.8494047619 0.5970238095 0.0488095238 0.0940476190
8 0.9023809524 0.5970238095 0.0547619048 0.0916666667
2 0.1648809524 0.7160714286 0.0773809524 0.0773809524
2 0.2505952381 0.7267857143 0.0488095238 0.1250000000
1 0.3529761905 0.6833333333 0.0369047619 0.0452380952
2 0.2958333333 0.7250000000 0.0464285714 0.1261904762
1 0.3809523810 0.7619047619 0.0880952381 0.0333333333
1 0.3827380952 0.7238095238 0.0892857143 0.0380952381
1 0.3880952381 0.6827380952 0.0357142857 0.0440476190
1 0.4785714286 0.7321428571 0.0642857143 0.0333333333
1 0.4779761905 0.6750000000 0.0702380952 0.0261904762
1 0.4767857143 0.7017857143 0.0702380952 0.0297619048
1 0.5946428571 0.6994047619 0.0535714286 0.0297619048
1 0.5916666667 0.6738095238 0.0595238095 0.0238095238
1 0.5880952381 0.7279761905 0.0690476190 0.0297619048
1 0.6880952381 0.6892857143 0.0452380952 0.0547619048
1 0.6857142857 0.7410714286 0.0404761905 0.0464285714
1 0.7279761905 0.7410714286 0.0416666667 0.0464285714
1 0.7327380952 0.6910714286 0.0464285714 0.0559523810
8 0.8291666667 0.7226190476 0.0892857143 0.1166666667
8 0.9434523810 0.7232142857 0.0773809524 0.1178571429
2 0.1630952381 0.7928571429 0.0809523810 0.0785714286
2 0.2505952381 0.8505952381 0.0511904762 0.1273809524
2 0.2970238095 0.8500000000 0.0464285714 0.1261904762
1 0.3809523810 0.7982142857 0.0904761905 0.0369047619
1 0.3779761905 0.8380952381 0.0869047619 0.0357142857
1 0.4785714286 0.8505952381 0.0642857143 0.0678571429
1 0.4779761905 0.7821428571 0.0678571429 0.0714285714
1 0.5791666667 0.8559523810 0.0321428571 0.0428571429
1 0.5761904762 0.8119047619 0.0428571429 0.0452380952
1 0.5744047619 0.7654761905 0.0392857143 0.0428571429
1 0.6148809524 0.8047619048 0.0369047619 0.0404761905
1 0.6136904762 0.8535714286 0.0369047619 0.0404761905
1 0.6125000000 0.7648809524 0.0440476190 0.0440476190
1 0.6880952381 0.7904761905 0.0428571429 0.0523809524
1 0.7089285714 0.8392857143 0.0845238095 0.0500000000
1 0.7291666667 0.7892857143 0.0416666667 0.0476190476
8 0.8297619048 0.8375000000 0.0880952381 0.1154761905
8 0.9428571429 0.8398809524 0.0761904762 0.1202380952
2 0.1654761905 0.9500000000 0.0809523810 0.0809523810
2 0.1654761905 0.8702380952 0.0809523810 0.0785714286
2 0.2684523810 0.9339285714 0.0845238095 0.0440476190
1 0.3761904762 0.9119047619 0.0880952381 0.0380952381
1 0.3785714286 0.8761904762 0.0880952381 0.0380952381
1 0.3779761905 0.9464285714 0.0892857143 0.0357142857
1 0.4779761905 0.9196428571 0.0702380952 0.0702380952
1 0.5755952381 0.8988095238 0.0392857143 0.0404761905
1 0.5773809524 0.9380952381 0.0404761905 0.0428571429
1 0.6125000000 0.8886904762 0.0392857143 0.0345238095
1 0.6160714286 0.9273809524 0.0392857143 0.0404761905
1 0.7083333333 0.8880952381 0.0809523810 0.0500000000
1 0.7095238095 0.9375000000 0.0809523810 0.0511904762
8 0.8321428571 0.9476190476 0.0928571429 0.1047619048
8 0.9452380952 0.9488095238 0.0761904762 0.1023809524
1 0.4815476190 0.9702380952 0.0654761905 0.0333333333
1 0.5767857143 0.9803571429 0.0392857143 0.0392857143
1 0.6166666667 0.9797619048 0.0452380952 0.0404761905
1 0.7089285714 0.9803571429 0.0773809524 0.0392857143
