5 0.0657894737 0.0296052632 0.1210526316 0.0592105263
5 0.1697368421 0.0335526316 0.1105263158 0.0671052632
5 0.0671052632 0.1322368421 0.1342105263 0.1171052632
5 0.1763157895 0.1368421053 0.1131578947 0.1289473684
1 0.3203947368 0.1184210526 0.1539473684 0.2368421053
1 0.4585526316 0.1171052632 0.1592105263 0.2342105263
1 0.6019736842 0.1105263158 0.1539473684 0.2210526316
1 0.7519736842 0.1092105263 0.1539473684 0.2184210526
1 0.9052631579 0.1078947368 0.1578947368 0.2157894737
5 0.0835526316 0.2611842105 0.0644736842 0.0618421053
5 0.0289473684 0.2427631579 0.0578947368 0.1065789474
5 0.1730263158 0.2401315789 0.1171052632 0.0855263158
1 0.9059210526 0.3500000000 0.1460526316 0.1157894737
5 0.0269736842 0.4322368421 0.0539473684 0.1907894737
5 0.1019736842 0.4315789474 0.0776315789 0.1894736842
5 0.1723684211 0.4322368421 0.0657894737 0.1907894737
1 0.4125000000 0.4407894737 0.1223684211 0.2315789474
1 0.5309210526 0.4348684211 0.1250000000 0.2328947368
1 0.6486842105 0.4263157895 0.1289473684 0.2315789474
1 0.7730263158 0.4243421053 0.1355263158 0.2381578947
1 0.9092105263 0.4605263158 0.1500000000 0.1184210526
5 0.0151315789 0.6881578947 0.0302631579 0.1763157895
5 0.0657894737 0.6894736842 0.0684210526 0.1763157895
5 0.1467105263 0.6855263158 0.0750000000 0.1710526316
5 0.2276315789 0.6881578947 0.0815789474 0.1763157895
1 0.3592105263 0.6486842105 0.1552631579 0.1157894737
1 0.4986842105 0.6381578947 0.1421052632 0.1026315789
1 0.6381578947 0.6348684211 0.1421052632 0.1065789474
1 0.7769736842 0.6342105263 0.1486842105 0.1131578947
1 0.9144736842 0.6322368421 0.1500000000 0.1171052632
1 0.3605263158 0.7664473684 0.1578947368 0.1223684211
1 0.5046052632 0.7513157895 0.1486842105 0.1289473684
1 0.6440789474 0.7467105263 0.1407894737 0.1250000000
1 0.7822368421 0.7460526316 0.1407894737 0.1210526316
1 0.9190789474 0.7440789474 0.1460526316 0.1197368421
1 0.3532894737 0.8822368421 0.1223684211 0.1118421053
1 0.4710526316 0.8789473684 0.1210526316 0.1131578947
1 0.5835526316 0.8743421053 0.1250000000 0.1092105263
1 0.6953947368 0.8703947368 0.1171052632 0.1144736842
1 0.8177631579 0.8736842105 0.1328947368 0.1394736842
1 0.9375000000 0.8677631579 0.1250000000 0.1302631579
6 0.0210526316 0.9151315789 0.0421052632 0.1697368421
6 0.1046052632 0.9177631579 0.1118421053 0.1644736842
6 0.2177631579 0.9190789474 0.1302631579 0.1618421053
1 0.3578947368 0.9671052632 0.1236842105 0.0657894737
1 0.4763157895 0.9664473684 0.1210526316 0.0671052632
1 0.5914473684 0.9618421053 0.1171052632 0.0763157895
1 0.7046052632 0.9631578947 0.1171052632 0.0736842105
1 0.8256578947 0.9664473684 0.1328947368 0.0671052632
1 0.9447368421 0.9657894737 0.1105263158 0.0684210526
