1 0.1287015945 0.0068337130 0.0592255125 0.0136674260
1 0.0888382688 0.0222095672 0.0546697039 0.0444191344
6 0.4066059226 0.0415717540 0.1002277904 0.0831435080
0 0.5085421412 0.0438496583 0.1104783599 0.0876993166
0 0.6087699317 0.0284738041 0.1127562642 0.0569476082
0 0.7010250569 0.0028473804 0.0922551253 0.0056947608
1 0.2904328018 0.1144646925 0.1343963554 0.2038724374
1 0.4339407745 0.1138952164 0.0888382688 0.0410022779
6 0.6395216401 0.1315489749 0.1309794989 0.1309794989
4 0.7403189066 0.1332574032 0.0933940774 0.1890660592
4 0.8058086560 0.1099088838 0.1036446469 0.1970387244
4 0.8826879271 0.1036446469 0.1070615034 0.2072892938
4 0.9572892938 0.1121867882 0.0854214123 0.2243735763
1 0.1435079727 0.1850797267 0.0615034169 0.1423690205
1 0.1025056948 0.2084282460 0.0637813212 0.1480637813
1 0.1981776765 0.1588838269 0.1025056948 0.1719817768
1 0.3980637813 0.2369020501 0.1264236902 0.1708428246
1 0.5142369021 0.1953302961 0.1469248292 0.1924829157
1 0.1366742597 0.3325740319 0.1002277904 0.1343963554
1 0.2078587699 0.3075170843 0.0968109339 0.1503416856
1 0.3041002278 0.2716400911 0.1252847380 0.1605922551
7 0.9367881549 0.2784738041 0.0580865604 0.0694760820
7 0.8889521640 0.3217539863 0.0694760820 0.1173120729
7 0.9897494305 0.2892938497 0.0205011390 0.1116173121
7 0.4453302961 0.4208428246 0.1002277904 0.1082004556
0 0.5438496583 0.4123006834 0.1287015945 0.1548974943
4 0.6366742597 0.4031890661 0.1116173121 0.1867881549
7 0.7192482916 0.3718678815 0.0694760820 0.1446469248
7 0.7727790433 0.3513667426 0.0671981777 0.1332574032
7 0.8280182232 0.3399772210 0.0706150342 0.1355353075
7 0.9595671982 0.3963553531 0.0694760820 0.0660592255
7 0.9954441913 0.3730068337 0.0091116173 0.0649202733
1 0.1338268793 0.5022779043 0.0489749431 0.1070615034
1 0.2084282460 0.4846241458 0.0615034169 0.1173120729
1 0.1697038724 0.4954441913 0.0592255125 0.1093394077
1 0.2932801822 0.4720956720 0.0603644647 0.1173120729
1 0.2579726651 0.4789293850 0.0580865604 0.1127562642
1 0.3730068337 0.4533029613 0.0626423690 0.1275626424
1 0.3314350797 0.4618451025 0.0592255125 0.1218678815
7 0.8490888383 0.4607061503 0.1173120729 0.0671981777
1 0.2374715262 0.6241457859 0.0626423690 0.0546697039
1 0.2927107062 0.6264236902 0.0523917995 0.0592255125
0 0.4925968109 0.6002277904 0.0671981777 0.0660592255
0 0.5387243736 0.6007972665 0.0410022779 0.0763097950
0 0.7089977221 0.6127562642 0.1150341686 0.1640091116
7 0.8342824601 0.6076309795 0.1628701595 0.1674259681
7 0.9538724374 0.5951025057 0.0922551253 0.1810933941
1 0.1890660592 0.6924829157 0.0546697039 0.0455580866
1 0.1799544419 0.6412300683 0.0637813212 0.0592255125
1 0.2568337130 0.6828018223 0.0671981777 0.0489749431
1 0.3058086560 0.6856492027 0.0512528474 0.0478359909
1 0.3690205011 0.6566059226 0.0842824601 0.1264236902
0 0.5051252847 0.6583143508 0.0466970387 0.0592255125
0 0.5444191344 0.6702733485 0.0341685649 0.0603644647
0 0.6013667426 0.6309794989 0.0979498861 0.1548974943
7 0.8365603645 0.7078587699 0.1514806378 0.0444191344
7 0.9521640091 0.7181093394 0.0956719818 0.0694760820
1 0.1998861048 0.8035307517 0.0421412301 0.0603644647
1 0.2004555809 0.7414578588 0.0615034169 0.0523917995
1 0.2625284738 0.7334851936 0.0626423690 0.0523917995
1 0.3046697039 0.8018223235 0.0466970387 0.0569476082
1 0.2517084282 0.8006833713 0.0592255125 0.0569476082
1 0.3547835991 0.8012528474 0.0671981777 0.0671981777
1 0.3132118451 0.7363325740 0.0569476082 0.0466970387
1 0.4288154897 0.7995444191 0.0785876993 0.0728929385
1 0.5039863326 0.8086560364 0.0671981777 0.0774487472
1 0.5791571754 0.8023917995 0.0808656036 0.0808656036
1 0.6594533030 0.8103644647 0.1184510251 0.0831435080
6 0.7739179954 0.8194760820 0.1195899772 0.0945330296
5 0.8781321185 0.8189066059 0.0933940774 0.0933940774
1 0.2129840547 0.8582004556 0.0478359909 0.0535307517
1 0.2625284738 0.8599088838 0.0558086560 0.0592255125
1 0.3712984055 0.8673120729 0.0615034169 0.0649202733
1 0.3126423690 0.8610478360 0.0580865604 0.0683371298
1 0.4367881549 0.8684510251 0.0740318907 0.0717539863
1 0.5091116173 0.8758542141 0.0797266515 0.0774487472
1 0.5854214123 0.8787015945 0.0797266515 0.0694760820
1 0.6679954442 0.8872437358 0.0990888383 0.0820045558
6 0.7756264237 0.9100227790 0.1207289294 0.1138952164
5 0.8832574032 0.9003416856 0.1082004556 0.0831435080
5 0.9595671982 0.8587699317 0.0808656036 0.1776765376
1 0.2813211845 0.9510250569 0.0455580866 0.0501138952
1 0.2334851936 0.9533029613 0.0501138952 0.0569476082
1 0.2955580866 0.9908883827 0.0489749431 0.0182232346
1 0.2482915718 0.9897494305 0.0523917995 0.0205011390
1 0.3297266515 0.9584282460 0.0512528474 0.0512528474
1 0.3394077449 0.9937357631 0.0455580866 0.0125284738
1 0.3838268793 0.9635535308 0.0637813212 0.0637813212
1 0.4464692483 0.9715261959 0.0660592255 0.0569476082
1 0.5068337130 0.9738041002 0.0637813212 0.0523917995
5 0.8957858770 0.9675398633 0.0990888383 0.0649202733
0 0.5894077449 0.9812072893 0.1104783599 0.0375854214
0 0.6691343964 0.9840546697 0.1013667426 0.0318906606
0 0.7522779043 0.9914578588 0.1195899772 0.0170842825
5 0.8462414579 0.9908883827 0.0933940774 0.0182232346
