1 0.4707903780 0.0945017182 0.1076746850 0.0492554410
1 0.6414662085 0.0973654066 0.1351660939 0.1008018328
1 0.7898052692 0.1042382589 0.1431844215 0.0618556701
1 0.7663230241 0.0630011455 0.1489117984 0.0641466208
1 0.9656357388 0.0492554410 0.0687285223 0.0549828179
1 0.9810996564 0.0893470790 0.0378006873 0.0595647194
1 0.1128293242 0.1741122566 0.0538373425 0.0481099656
1 0.2302405498 0.1615120275 0.0526918671 0.0618556701
1 0.1678121420 0.1609392898 0.0607101947 0.0423825888
1 0.2794959908 0.1500572738 0.0458190149 0.0549828179
1 0.3310423826 0.1408934708 0.0595647194 0.0641466208
1 0.4776632302 0.1305841924 0.1099656357 0.0595647194
1 0.4885452463 0.1695303551 0.1179839633 0.0618556701
1 0.6666666667 0.1689576174 0.1512027491 0.0973654066
1 0.8161512027 0.1592210767 0.1729667812 0.1030927835
1 0.9948453608 0.1271477663 0.0103092784 0.0526918671
1 0.0223367698 0.2428407789 0.0446735395 0.0458190149
1 0.0229095074 0.1947308133 0.0458190149 0.0504009164
1 0.1111111111 0.2239404353 0.0595647194 0.0561282932
1 0.2382588774 0.2239404353 0.0526918671 0.0630011455
1 0.1706758305 0.2130584192 0.0572737686 0.0595647194
1 0.1695303551 0.2663230241 0.0572737686 0.0469644903
1 0.2892325315 0.2182130584 0.0492554410 0.0675830470
1 0.3482245132 0.1987399771 0.0549828179 0.0630011455
1 0.3459335624 0.2542955326 0.0595647194 0.0526918671
1 0.5011454754 0.2548682703 0.1179839633 0.0607101947
1 0.4942726231 0.2193585338 0.1134020619 0.0584192440
1 0.7027491409 0.2657502864 0.1615120275 0.1260022910
1 0.8608247423 0.2520045819 0.2050400916 0.1351660939
1 0.0189003436 0.2915234822 0.0378006873 0.0515463918
1 0.1099656357 0.2743413517 0.0687285223 0.0584192440
1 0.1036655212 0.3333333333 0.0652920962 0.0618556701
1 0.1701030928 0.3167239404 0.0675830470 0.0675830470
1 0.2353951890 0.2749140893 0.0469644903 0.0572737686
1 0.3155784651 0.3310423826 0.1271477663 0.0847651775
1 0.2869415808 0.2674684994 0.0469644903 0.0515463918
1 0.5114547537 0.2932416953 0.1225658648 0.0595647194
1 0.5200458190 0.3350515464 0.1282932417 0.0630011455
1 0.0137457045 0.4089347079 0.0274914089 0.0664375716
1 0.0194730813 0.3459335624 0.0389461627 0.0641466208
1 0.1025200458 0.3991981672 0.0721649485 0.0744558992
1 0.1718213058 0.3911798396 0.0733104238 0.0790378007
7 0.5526918671 0.4077892325 0.1088201604 0.1008018328
1 0.7376861397 0.3602520046 0.1718213058 0.1271477663
1 0.8613974800 0.3963344788 0.0412371134 0.0893470790
6 0.9461626575 0.3688430699 0.1076746850 0.1008018328
1 0.0114547537 0.4696449026 0.0229095074 0.0641466208
1 0.0950744559 0.4719358534 0.0778923253 0.0801832761
1 0.1626575029 0.4667812142 0.0778923253 0.0675830470
0 0.3138602520 0.4679266896 0.0595647194 0.0469644903
0 0.3722794960 0.4553264605 0.0664375716 0.0675830470
1 0.7794959908 0.4770904926 0.1935853379 0.1477663230
0 0.9438717068 0.4713631157 0.1122565865 0.1111111111
0 0.0040091638 0.5526918671 0.0080183276 0.1111111111
1 0.0922107675 0.5486827033 0.0698739977 0.0801832761
1 0.1689576174 0.5423825888 0.0813287514 0.0813287514
0 0.3018327606 0.5074455899 0.0607101947 0.0343642612
0 0.3717067583 0.5017182131 0.0767468499 0.0412371134
0 0.5612829324 0.5068728522 0.1557846506 0.1294387171
1 0.0836197022 0.6317296678 0.0824742268 0.0996563574
1 0.1609392898 0.6231386025 0.0836197022 0.1191294387
0 0.3419243986 0.5647193585 0.1569301260 0.0985108820
4 0.5704467354 0.6002290951 0.1878579611 0.1122565865
6 0.8436426117 0.6030927835 0.1317296678 0.1317296678
0 0.9593356243 0.5721649485 0.0813287514 0.1134020619
0 0.3596792669 0.6729667812 0.1649484536 0.1156930126
7 0.6019473081 0.6832760596 0.1454753723 0.0698739977
4 0.8419243986 0.7044673540 0.1901489118 0.0939289805
0 0.9851088202 0.6649484536 0.0297823597 0.0927835052
6 0.0607101947 0.7399770905 0.1145475372 0.1214203895
6 0.1517754868 0.7382588774 0.0950744559 0.1202749141
7 0.6225658648 0.7371134021 0.1340206186 0.0675830470
4 0.8654066438 0.7703321879 0.1981672394 0.1042382589
0 0.9936998855 0.7634593356 0.0126002291 0.1134020619
5 0.0704467354 0.8482245132 0.0836197022 0.1088201604
5 0.1523482245 0.8430698740 0.0939289805 0.0939289805
7 0.2640320733 0.8012600229 0.0446735395 0.1523482245
7 0.3648339061 0.7989690722 0.1683848797 0.1638029782
7 0.5126002291 0.8138602520 0.0675830470 0.1179839633
7 0.6340206186 0.7926689576 0.1363115693 0.0710194731
4 0.8791523482 0.8476517755 0.2233676976 0.1076746850
5 0.0177548683 0.8608247423 0.0355097365 0.0996563574
7 0.5773195876 0.9249713631 0.0664375716 0.0698739977
7 0.6958762887 0.9020618557 0.0698739977 0.0584192440
7 0.6523482245 0.8539518900 0.1179839633 0.0698739977
5 0.1065292096 0.9805269187 0.1695303551 0.0389461627
5 0.1122565865 0.9301260023 0.1786941581 0.0916380298
7 0.2537227950 0.9347079038 0.0698739977 0.1305841924
7 0.3774341352 0.9364261168 0.1821305842 0.1271477663
7 0.6008018328 0.9782359679 0.0652920962 0.0435280641
7 0.6849942726 0.9725085911 0.1122565865 0.0549828179
4 0.8751431844 0.9381443299 0.2497136312 0.1168384880
