5 0.9930915371 0.0690846287 0.0138169257 0.0794473230
1 0.3540587219 0.1813471503 0.1381692573 0.2176165803
1 0.4810017271 0.1882556131 0.1329879102 0.2279792746
1 0.6191709845 0.1873920553 0.1329879102 0.2124352332
1 0.7547495682 0.1787564767 0.1381692573 0.2193436960
1 0.8851468048 0.1908462867 0.1260794473 0.2193436960
5 0.9861830743 0.1571675302 0.0276338515 0.1174438687
5 0.9835924007 0.2789291883 0.0328151986 0.1364421416
1 0.3747841105 0.4153713299 0.1381692573 0.2504317789
5 0.9887737478 0.4067357513 0.0224525043 0.1088082902
7 0.3911917098 0.6260794473 0.1329879102 0.0742659758
7 0.5276338515 0.6373056995 0.1329879102 0.0690846287
7 0.6813471503 0.6554404145 0.1537132988 0.0604490501
5 0.9844559585 0.5742659758 0.0310880829 0.2297063903
7 0.3860103627 0.7150259067 0.1640759931 0.0898100173
7 0.5379965458 0.6891191710 0.1502590674 0.0587219344
7 0.6865284974 0.7158894646 0.1537132988 0.0535405872
5 0.9896373057 0.7063903282 0.0207253886 0.0449050086
0 0.4335060449 0.8480138169 0.1243523316 0.1830742660
0 0.5284974093 0.8903281520 0.1278065630 0.1502590674
0 0.7823834197 0.8842832470 0.1278065630 0.2314335060
5 0.9861830743 0.8540587219 0.0276338515 0.2538860104
0 0.3169257340 0.9473229706 0.1088082902 0.1053540587
0 0.4214162349 0.9697754750 0.0932642487 0.0604490501
0 0.6649395509 0.9766839378 0.1208981002 0.0466321244
5 0.9896373057 0.9930915371 0.0207253886 0.0138169257
3 0.8238341969 0.7305699482 0.1312607945 0.0690846287
