7 0.0265700483 0.1968599034 0.0531400966 0.0362318841
7 0.0869565217 0.2258454106 0.0531400966 0.0362318841
8 0.7071256039 0.1871980676 0.0591787440 0.0724637681
8 0.7940821256 0.1865942029 0.0519323671 0.0760869565
8 0.8713768116 0.1859903382 0.0495169082 0.0772946860
1 0.9154589372 0.2657004831 0.0579710145 0.0458937198
2 0.6485507246 0.2928743961 0.0579710145 0.1123188406
2 0.7125603865 0.3254830918 0.0748792271 0.1630434783
1 0.7892512077 0.2940821256 0.0954106280 0.1099033816
1 0.8586956522 0.3309178744 0.0483091787 0.0531400966
1 0.9130434783 0.3611111111 0.0555555556 0.0483091787
1 0.9154589372 0.3140096618 0.0555555556 0.0434782609
1 0.8605072464 0.2717391304 0.0519323671 0.0603864734
1 0.6479468599 0.3774154589 0.0591787440 0.0615942029
1 0.8508454106 0.3840579710 0.0567632850 0.0531400966
1 0.7886473430 0.3786231884 0.0676328502 0.0615942029
1 0.6570048309 0.5682367150 0.0724637681 0.0640096618
1 0.6775362319 0.4734299517 0.0603864734 0.1062801932
1 0.7330917874 0.4903381643 0.0579710145 0.0748792271
1 0.7934782609 0.4909420290 0.0652173913 0.0736714976
1 0.8574879227 0.4927536232 0.0700483092 0.0772946860
1 0.9214975845 0.4945652174 0.0700483092 0.0785024155
1 0.6570048309 0.6256038647 0.0724637681 0.0555555556
1 0.7777777778 0.6111111111 0.0579710145 0.0748792271
1 0.7216183575 0.5972222222 0.0591787440 0.1099033816
1 0.8339371981 0.6080917874 0.0567632850 0.0664251208
1 0.8520531401 0.6654589372 0.0688405797 0.0483091787
1 0.8937198068 0.6111111111 0.0628019324 0.0676328502
1 0.9233091787 0.6678743961 0.0712560386 0.0483091787
1 0.6884057971 0.7475845411 0.0700483092 0.0289855072
3 0.6394927536 0.7512077295 0.0277777778 0.0362318841
3 0.6388888889 0.7149758454 0.0314009662 0.0362318841
1 0.7572463768 0.7475845411 0.0700483092 0.0265700483
1 0.8230676329 0.7306763285 0.0615942029 0.0579710145
1 0.8804347826 0.7312801932 0.0603864734 0.0615942029
1 0.9420289855 0.7336956522 0.0652173913 0.0615942029
3 0.6394927536 0.7874396135 0.0253623188 0.0386473430
1 0.6859903382 0.7874396135 0.0676328502 0.0555555556
1 0.7548309179 0.7862318841 0.0700483092 0.0531400966
1 0.8254830918 0.7880434783 0.0712560386 0.0591787440
1 0.8852657005 0.7880434783 0.0507246377 0.0543478261
1 0.9426328502 0.7958937198 0.0615942029 0.0628019324
1 0.6980676329 0.8858695652 0.1086956522 0.1099033816
1 0.7735507246 0.8888888889 0.0543478261 0.1111111111
1 0.8230676329 0.8913043478 0.0567632850 0.1086956522
1 0.8713768116 0.8913043478 0.0543478261 0.1086956522
1 0.9184782609 0.8937198068 0.0567632850 0.1111111111
1 0.9649758454 0.8943236715 0.0579710145 0.1123188406
1 0.6545893720 0.9679951691 0.0458937198 0.0640096618
1 0.7361111111 0.9692028986 0.1099033816 0.0615942029
1 0.8429951691 0.9710144928 0.1159420290 0.0579710145
1 0.9202898551 0.9728260870 0.0555555556 0.0543478261
1 0.9673913043 0.9746376812 0.0555555556 0.0507246377
