1 0.2573131094 0.0752979415 0.0769230769 0.1505958830
1 0.3250270856 0.0763813651 0.0736728061 0.1527627302
1 0.3927410618 0.0785482124 0.0769230769 0.1570964247
1 0.4599133261 0.0823401950 0.0725893824 0.1646803900
1 0.5254604550 0.0850487541 0.0693391116 0.1570964247
1 0.5861321777 0.0899241603 0.0628385699 0.1538461538
1 0.6787648971 0.0937161430 0.1289274106 0.1484290358
1 0.4577464789 0.2676056338 0.0660888407 0.0671722644
1 0.5893824485 0.2703141928 0.0520043337 0.0725893824
1 0.6500541712 0.2751895991 0.0498374865 0.0628385699
1 0.2741061755 0.3093174431 0.0715059588 0.1570964247
1 0.3407367281 0.3109425785 0.0660888407 0.1516793066
1 0.3992416035 0.3185265439 0.0552546046 0.1451787649
1 0.4653304442 0.3510292524 0.0855904659 0.0866738895
1 0.5482123510 0.3456121343 0.0780065005 0.0845070423
1 0.6229685807 0.3515709642 0.0780065005 0.0790899242
1 0.7004333694 0.3477789816 0.0747562297 0.0823401950
1 0.3028169014 0.4745395450 0.0855904659 0.0671722644
1 0.3949079090 0.4783315276 0.0920910076 0.0769230769
1 0.4924160347 0.4729144095 0.0942578548 0.0899241603
1 0.6755146262 0.4707475623 0.0855904659 0.0682556880
1 0.3055254605 0.5595882990 0.1105092091 0.0855904659
1 0.4057421452 0.5585048754 0.0899241603 0.0855904659
1 0.4929577465 0.5530877573 0.0953412784 0.0769230769
1 0.5888407367 0.5568797400 0.0877573131 0.0715059588
1 0.5904658722 0.4821235103 0.0888407367 0.0845070423
1 0.6771397616 0.5384615385 0.0888407367 0.0671722644
1 0.4057421452 0.7432286024 0.0920910076 0.1538461538
1 0.5016251354 0.7329360780 0.0845070423 0.1440953413
1 0.5807150596 0.7166847237 0.0736728061 0.1419284940
1 0.6592632719 0.7080173348 0.0725893824 0.1289274106
1 0.3039003250 0.7589382449 0.1115926327 0.1419284940
8 0.6771397616 0.9301191766 0.0693391116 0.1267605634
1 0.3911159263 0.9534127844 0.0931744312 0.0931744312
1 0.4750812568 0.9436619718 0.0834236186 0.1126760563
8 0.5769230769 0.9398699892 0.1289274106 0.1202600217
1 0.3055254605 0.9572047671 0.1148429036 0.0855904659
