1 0.1008687259 0.0222007722 0.1457528958 0.0444015444
1 0.1119691120 0.1052123552 0.1486486486 0.0212355212
7 0.9609073359 0.0530888031 0.0781853282 0.0482625483
7 0.9517374517 0.1018339768 0.0965250965 0.0627413127
1 0.1438223938 0.1602316602 0.1602316602 0.0482625483
7 0.8619691120 0.1626447876 0.0675675676 0.0453667954
7 0.9488416988 0.1669884170 0.1023166023 0.0250965251
1 0.0873552124 0.2866795367 0.1167953668 0.0965250965
1 0.3981660232 0.2712355212 0.0588803089 0.0501930502
1 0.3416988417 0.2673745174 0.0579150579 0.0501930502
1 0.4536679537 0.2712355212 0.0559845560 0.0521235521
1 0.2133204633 0.2939189189 0.0907335907 0.0916988417
1 0.2813706564 0.2915057915 0.0627413127 0.0984555985
1 0.3938223938 0.3180501931 0.0579150579 0.0492277992
1 0.3397683398 0.3185328185 0.0559845560 0.0501930502
1 0.4507722008 0.3204633205 0.0579150579 0.0482625483
1 0.5082046332 0.3069498069 0.0569498069 0.0752895753
1 0.6056949807 0.3035714286 0.0472972973 0.0704633205
1 0.5583976834 0.3064671815 0.0550193050 0.0762548263
4 0.6901544402 0.2948841699 0.0868725869 0.0916988417
4 0.7736486486 0.3064671815 0.0859073359 0.0897683398
4 0.8619691120 0.2958494208 0.0868725869 0.0916988417
4 0.9464285714 0.2972972973 0.0839768340 0.0926640927
4 0.9946911197 0.2992277992 0.0106177606 0.0907335907
1 0.0178571429 0.4555984556 0.0357142857 0.0289575290
1 0.0497104247 0.4551158301 0.0318532819 0.0260617761
1 0.5168918919 0.4546332046 0.0627413127 0.0521235521
1 0.4478764479 0.4507722008 0.0675675676 0.0501930502
7 0.6969111969 0.4435328185 0.0714285714 0.0376447876
7 0.7760617761 0.4464285714 0.0675675676 0.0357142857
7 0.8412162162 0.4478764479 0.0704633205 0.0347490347
7 0.9054054054 0.4517374517 0.0637065637 0.0405405405
7 0.9652509653 0.4473938224 0.0598455598 0.0318532819
1 0.0173745174 0.4942084942 0.0347490347 0.0501930502
1 0.0593629344 0.4932432432 0.0530888031 0.0501930502
1 0.1703667954 0.4589768340 0.0511583012 0.0357142857
1 0.1790540541 0.5024131274 0.0318532819 0.0511583012
1 0.1143822394 0.4975868726 0.0627413127 0.0492277992
1 0.2852316602 0.4594594595 0.0357142857 0.0347490347
1 0.2784749035 0.4995173745 0.0550193050 0.0550193050
1 0.2200772201 0.4975868726 0.0598455598 0.0550193050
1 0.3301158301 0.4956563707 0.0540540541 0.0453667954
1 0.3846525097 0.4956563707 0.0511583012 0.0511583012
1 0.3305984556 0.4580115830 0.0550193050 0.0279922780
1 0.3735521236 0.4580115830 0.0328185328 0.0260617761
1 0.5139961390 0.5062741313 0.0666023166 0.0511583012
1 0.4454633205 0.5067567568 0.0666023166 0.0482625483
4 0.5651544402 0.4758687259 0.0357142857 0.0926640927
4 0.6008687259 0.4744208494 0.0376447876 0.0974903475
4 0.6399613900 0.4729729730 0.0424710425 0.0926640927
7 0.6978764479 0.4729729730 0.0791505792 0.0289575290
7 0.6993243243 0.5048262548 0.0820463320 0.0366795367
7 0.7746138996 0.4763513514 0.0646718147 0.0376447876
7 0.8368725869 0.5053088803 0.0752895753 0.0357142857
7 0.8383204633 0.4758687259 0.0723938224 0.0347490347
7 0.9058880309 0.5111003861 0.0627413127 0.0395752896
7 0.9695945946 0.5096525097 0.0608108108 0.0328185328
7 0.9647683398 0.4782818533 0.0608108108 0.0299227799
1 0.1814671815 0.6124517375 0.0694980695 0.0511583012
1 0.2480694981 0.6119691120 0.0656370656 0.0482625483
1 0.5352316602 0.6196911197 0.0627413127 0.0521235521
7 0.7094594595 0.6114864865 0.0752895753 0.0357142857
7 0.7837837838 0.6124517375 0.0791505792 0.0357142857
7 0.9251930502 0.6138996139 0.0627413127 0.0405405405
1 0.0130308880 0.6621621622 0.0260617761 0.0501930502
1 0.0516409266 0.6616795367 0.0627413127 0.0492277992
1 0.1100386100 0.6626447876 0.0540540541 0.0492277992
1 0.0999034749 0.6235521236 0.0357142857 0.0289575290
1 0.0550193050 0.6225868726 0.0579150579 0.0289575290
1 0.1790540541 0.6607142857 0.0723938224 0.0530888031
1 0.2500000000 0.6611969112 0.0675675676 0.0521235521
1 0.3788610039 0.6283783784 0.0415057915 0.0270270270
1 0.3803088803 0.6674710425 0.0463320463 0.0511583012
1 0.3194980695 0.6689189189 0.0617760618 0.0501930502
1 0.3277027027 0.6278957529 0.0530888031 0.0241312741
4 0.6187258687 0.6515444015 0.0347490347 0.0694980695
4 0.5815637066 0.6525096525 0.0376447876 0.0714285714
7 0.7089768340 0.6747104247 0.0743243243 0.0328185328
4 0.6554054054 0.6529922780 0.0386100386 0.0685328185
7 0.7031853282 0.6404440154 0.0820463320 0.0376447876
7 0.7804054054 0.6438223938 0.0781853282 0.0366795367
7 0.7818532819 0.6747104247 0.0714285714 0.0328185328
7 0.8513513514 0.6776061776 0.0714285714 0.0289575290
7 0.9203667954 0.6776061776 0.0704633205 0.0308880309
7 0.8518339768 0.6447876448 0.0723938224 0.0405405405
7 0.9242277992 0.6476833977 0.0666023166 0.0386100386
7 0.9966216216 0.6515444015 0.0067567568 0.0289575290
7 0.9749034749 0.6515444015 0.0386100386 0.0328185328
1 0.0130308880 0.7789575290 0.0260617761 0.0926640927
1 0.0950772201 0.7789575290 0.0530888031 0.0926640927
1 0.0492277992 0.7804054054 0.0482625483 0.0936293436
1 0.3219111969 0.7639961390 0.0588803089 0.0511583012
1 0.3856177606 0.7601351351 0.0608108108 0.0472972973
1 0.5043436293 0.7615830116 0.0569498069 0.0521235521
1 0.4478764479 0.7615830116 0.0579150579 0.0501930502
4 0.5888030888 0.7842664093 0.0405405405 0.0916988417
4 0.5492277992 0.7852316602 0.0444015444 0.0916988417
4 0.6259652510 0.7842664093 0.0395752896 0.0916988417
7 0.6751930502 0.7847490347 0.0588803089 0.0328185328
7 0.6747104247 0.7538610039 0.0598455598 0.0308880309
7 0.7364864865 0.7543436293 0.0617760618 0.0318532819
7 0.7355212355 0.7857142857 0.0598455598 0.0347490347
7 0.7992277992 0.7572393822 0.0637065637 0.0376447876
7 0.7944015444 0.7871621622 0.0656370656 0.0376447876
7 0.8595559846 0.7567567568 0.0627413127 0.0328185328
7 0.9208494208 0.7577220077 0.0617760618 0.0328185328
1 0.1467181467 0.7915057915 0.0347490347 0.0598455598
1 0.1833976834 0.7953667954 0.0463320463 0.0675675676
1 0.2268339768 0.7948841699 0.0463320463 0.0666023166
1 0.2712355212 0.7963320463 0.0463320463 0.0656370656
1 0.3836872587 0.8079150579 0.0608108108 0.0521235521
1 0.4985521236 0.8103281853 0.0569498069 0.0453667954
1 0.4411196911 0.8098455598 0.0540540541 0.0482625483
7 0.9213320463 0.7895752896 0.0627413127 0.0328185328
7 0.8590733591 0.7881274131 0.0637065637 0.0318532819
7 0.9932432432 0.7948841699 0.0135135135 0.0299227799
7 0.9710424710 0.7953667954 0.0328185328 0.0308880309
1 0.0810810811 0.9498069498 0.0482625483 0.0501930502
1 0.0801158301 0.9029922780 0.0501930502 0.0434362934
1 0.0255791506 0.9290540541 0.0511583012 0.0318532819
1 0.1742277992 0.9029922780 0.0415057915 0.0434362934
1 0.1288610039 0.9502895753 0.0492277992 0.0492277992
1 0.1761583012 0.9498069498 0.0472972973 0.0501930502
1 0.1293436293 0.9025096525 0.0501930502 0.0463320463
1 0.2331081081 0.9401544402 0.0453667954 0.0598455598
1 0.3928571429 0.9464285714 0.0424710425 0.0685328185
1 0.3518339768 0.9449806950 0.0434362934 0.0675675676
1 0.4898648649 0.9377413127 0.0415057915 0.0511583012
1 0.4343629344 0.9469111969 0.0424710425 0.0714285714
4 0.5670849421 0.9396718147 0.0453667954 0.1071428571
1 0.5294401544 0.9391891892 0.0318532819 0.0521235521
4 0.6129343629 0.9420849421 0.0463320463 0.1081081081
7 0.7104247104 0.9010617761 0.0540540541 0.0318532819
7 0.7104247104 0.9300193050 0.0540540541 0.0318532819
4 0.6607142857 0.9411196911 0.0472972973 0.1100386100
7 0.7639961390 0.9029922780 0.0530888031 0.0318532819
7 0.8175675676 0.9044401544 0.0540540541 0.0328185328
7 0.8175675676 0.9329150579 0.0559845560 0.0299227799
7 0.7635135135 0.9319498069 0.0540540541 0.0299227799
7 0.8711389961 0.9338803089 0.0550193050 0.0318532819
7 0.9121621622 0.9387065637 0.0289575290 0.0337837838
7 0.8711389961 0.9054054054 0.0550193050 0.0308880309
7 0.9121621622 0.9068532819 0.0289575290 0.0299227799
7 0.9647683398 0.9087837838 0.0260617761 0.0318532819
7 0.9396718147 0.9435328185 0.0299227799 0.0434362934
7 0.9391891892 0.9073359073 0.0289575290 0.0289575290
1 0.0844594595 0.9874517375 0.0511583012 0.0250965251
1 0.1341698842 0.9874517375 0.0482625483 0.0250965251
1 0.1814671815 0.9869691120 0.0482625483 0.0260617761
1 0.2388996139 0.9811776062 0.0395752896 0.0260617761
6 0.9816602317 0.9763513514 0.0366795367 0.0472972973
