1 0.6069042316 0.1146993318 0.1336302895 0.0668151448
1 0.7878619154 0.1124721604 0.0857461024 0.1046770601
1 0.8724944321 0.0974387528 0.0835189310 0.0946547884
1 0.9487750557 0.0935412027 0.0757238307 0.0913140312
1 0.9905345212 0.0785077951 0.0189309577 0.0991091314
7 0.4198218263 0.1464365256 0.0712694878 0.0545657016
7 0.4994432071 0.1252783964 0.0746102450 0.0590200445
1 0.7082405345 0.1241648107 0.0779510022 0.1102449889
7 0.9933184855 0.2143652561 0.0133630290 0.0590200445
1 0.4883073497 0.3034521158 0.0812917595 0.0857461024
1 0.5623608018 0.2900890869 0.0690423163 0.0857461024
1 0.6314031180 0.2817371938 0.0734966592 0.0868596882
7 0.7015590200 0.2711581292 0.0556792873 0.0746102450
7 0.7733853007 0.2410913140 0.0701559020 0.0657015590
7 0.8563474388 0.2238307350 0.0801781737 0.0556792873
7 0.9426503341 0.2321826281 0.0924276169 0.0835189310
1 0.4120267261 0.3157015590 0.0824053452 0.0924276169
7 0.7739420935 0.3997772829 0.0824053452 0.0957683742
6 0.8769487751 0.3958797327 0.1280623608 0.1035634744
6 0.9693763920 0.3769487751 0.0612472160 0.0968819599
1 0.4092427617 0.4415367483 0.0857461024 0.0924276169
1 0.4821826281 0.4354120267 0.0690423163 0.0913140312
1 0.5534521158 0.4237193764 0.0779510022 0.1013363029
7 0.6241648107 0.4131403118 0.0701559020 0.0779510022
7 0.6959910913 0.4053452116 0.0801781737 0.0890868597
1 0.3897550111 0.5590200445 0.0712694878 0.0579064588
1 0.4610244989 0.5562360802 0.0801781737 0.0657015590
1 0.5484409800 0.5473273942 0.0857461024 0.0657015590
1 0.6364142539 0.5400890869 0.1013363029 0.0645879733
1 0.7383073497 0.5350779510 0.1113585746 0.0723830735
5 0.8513363029 0.5623608018 0.1213808463 0.1492204900
5 0.9465478842 0.5562360802 0.1069042316 0.1503340757
6 0.9955456570 0.5261692650 0.0089086860 0.0991091314
1 0.3775055679 0.6174832962 0.0757238307 0.0634743875
1 0.4565701559 0.6163697105 0.0801781737 0.0634743875
1 0.5434298441 0.6146993318 0.0868596882 0.0779510022
1 0.6347438753 0.6091314031 0.1069042316 0.0846325167
1 0.7416481069 0.6074610245 0.1135857461 0.0902004454
1 0.3741648107 0.7405345212 0.0757238307 0.0779510022
1 0.4532293987 0.7422048998 0.0801781737 0.0812917595
1 0.5428730512 0.7422048998 0.0968819599 0.0857461024
1 0.6430957684 0.7399777283 0.1057906459 0.0879732739
5 0.7639198218 0.7717149220 0.1291759465 0.1536748330
5 0.8769487751 0.7678173719 0.1169265033 0.1525612472
5 0.9604677060 0.7689309577 0.0790645880 0.1592427617
1 0.3363028953 0.9047884187 0.0757238307 0.0879732739
1 0.4131403118 0.9086859688 0.0801781737 0.0846325167
1 0.5027839644 0.9109131403 0.0857461024 0.0890868597
6 0.5907572383 0.9387527840 0.0835189310 0.1224944321
6 0.6714922049 0.9404231626 0.0846325167 0.1191536748
5 0.7761692650 0.9276169265 0.1269487751 0.0890868597
5 0.8997772829 0.9337416481 0.1113585746 0.0924276169
5 0.9749443207 0.9393095768 0.0501113586 0.0968819599
5 0.7839643653 0.9782850780 0.1403118040 0.0434298441
