5 0.7790575916 0.0240837696 0.0691099476 0.0481675393
5 0.8502617801 0.0225130890 0.0732984293 0.0450261780
5 0.9261780105 0.0209424084 0.0743455497 0.0418848168
5 0.9827225131 0.0193717277 0.0345549738 0.0387434555
1 0.6931937173 0.0664921466 0.0565445026 0.0324607330
5 0.7801047120 0.1151832461 0.0712041885 0.0984293194
5 0.8575916230 0.1120418848 0.0795811518 0.1005235602
5 0.9376963351 0.1083769634 0.0827225131 0.1057591623
1 0.6874345550 0.2010471204 0.0534031414 0.0502617801
5 0.7837696335 0.2167539267 0.0722513089 0.0314136126
5 0.8591623037 0.2167539267 0.0743455497 0.0376963351
5 0.9371727749 0.2151832461 0.0795811518 0.0366492147
1 0.5403141361 0.2602094241 0.0607329843 0.0534031414
1 0.6094240838 0.2560209424 0.0607329843 0.0596858639
1 0.6785340314 0.2591623037 0.0649214660 0.0554973822
5 0.8570680628 0.2607329843 0.0764397906 0.0523560209
5 0.9413612565 0.2591623037 0.0837696335 0.0554973822
1 0.3863874346 0.3183246073 0.0356020942 0.0460732984
1 0.3842931937 0.3675392670 0.0418848168 0.0481675393
1 0.4968586387 0.3696335079 0.0596858639 0.0523560209
1 0.4963350785 0.3188481675 0.0628272251 0.0471204188
1 0.4366492147 0.3706806283 0.0628272251 0.0523560209
1 0.4366492147 0.3198952880 0.0628272251 0.0492146597
1 0.5612565445 0.3235602094 0.0628272251 0.0544502618
1 0.5602094241 0.3795811518 0.0649214660 0.0575916230
1 0.6251308901 0.3204188482 0.0670157068 0.0523560209
1 0.6251308901 0.3717277487 0.0649214660 0.0523560209
1 0.6921465969 0.3790575916 0.0649214660 0.0565445026
1 0.6916230366 0.3230366492 0.0638743455 0.0534031414
5 0.7780104712 0.3706806283 0.0628272251 0.0439790576
5 0.7764397906 0.3225130890 0.0617801047 0.0502617801
5 0.8424083770 0.3759162304 0.0659685864 0.0481675393
5 0.8408376963 0.3261780105 0.0628272251 0.0492146597
5 0.9047120419 0.3816753927 0.0607329843 0.0471204188
5 0.9685863874 0.3811518325 0.0628272251 0.0481675393
5 0.9073298429 0.3361256545 0.0659685864 0.0356020942
5 0.9691099476 0.3366492147 0.0617801047 0.0345549738
1 0.2858638743 0.4486910995 0.0439790576 0.0408376963
1 0.3455497382 0.4455497382 0.0586387435 0.0492146597
1 0.4026178010 0.4523560209 0.0554973822 0.0586387435
1 0.4596858639 0.4471204188 0.0502617801 0.0523560209
1 0.5178010471 0.4465968586 0.0596858639 0.0534031414
1 0.5759162304 0.4481675393 0.0586387435 0.0544502618
1 0.6356020942 0.4486910995 0.0586387435 0.0554973822
1 0.6963350785 0.4502617801 0.0628272251 0.0565445026
5 0.7816753927 0.4554973822 0.0680628272 0.0544502618
5 0.8502617801 0.4575916230 0.0712041885 0.0523560209
5 0.9183246073 0.4581151832 0.0649214660 0.0513089005
5 0.9748691099 0.4586387435 0.0502617801 0.0523560209
1 0.2246073298 0.5717277487 0.0575916230 0.0523560209
1 0.2795811518 0.5706806283 0.0649214660 0.0544502618
1 0.2858638743 0.5005235602 0.0565445026 0.0544502618
1 0.3434554974 0.5738219895 0.0649214660 0.0544502618
1 0.3392670157 0.4973821990 0.0607329843 0.0523560209
1 0.4000000000 0.5759162304 0.0586387435 0.0565445026
1 0.4586387435 0.5764397906 0.0586387435 0.0554973822
1 0.4575916230 0.5031413613 0.0565445026 0.0575916230
1 0.5146596859 0.5026178010 0.0596858639 0.0565445026
1 0.5193717277 0.5769633508 0.0607329843 0.0565445026
1 0.5785340314 0.5801047120 0.0596858639 0.0565445026
1 0.6345549738 0.5047120419 0.0607329843 0.0565445026
1 0.5743455497 0.5036649215 0.0575916230 0.0565445026
1 0.6963350785 0.5062827225 0.0628272251 0.0575916230
5 0.7816753927 0.5104712042 0.0722513089 0.0617801047
5 0.8523560209 0.5120418848 0.0732984293 0.0586387435
5 0.9727748691 0.5104712042 0.0544502618 0.0534031414
1 0.2178010471 0.6251308901 0.0565445026 0.0586387435
1 0.2780104712 0.6261780105 0.0659685864 0.0565445026
1 0.3376963351 0.6277486911 0.0638743455 0.0554973822
1 0.3968586387 0.6314136126 0.0565445026 0.0586387435
1 0.4539267016 0.6335078534 0.0575916230 0.0628272251
1 0.5130890052 0.6376963351 0.0628272251 0.0649214660
1 0.5769633508 0.6403141361 0.0607329843 0.0617801047
1 0.6371727749 0.5848167539 0.0596858639 0.0638743455
1 0.6973821990 0.5879581152 0.0607329843 0.0659685864
1 0.6387434555 0.6460732984 0.0628272251 0.0628272251
5 0.8235602094 0.6141361257 0.0617801047 0.0387434555
5 0.7701570681 0.6005235602 0.0408376963 0.0785340314
5 0.8240837696 0.6560209424 0.0628272251 0.0429319372
5 0.8801047120 0.6062827225 0.0534031414 0.0335078534
5 0.8832460733 0.6513089005 0.0534031414 0.0544502618
5 0.9382198953 0.6539267016 0.0565445026 0.0513089005
5 0.9366492147 0.6083769634 0.0575916230 0.0356020942
1 0.2293193717 0.7429319372 0.1026178010 0.1246073298
8 0.3157068063 0.7507853403 0.0848167539 0.1361256545
8 0.4020942408 0.7460732984 0.0732984293 0.1183246073
1 0.4748691099 0.7392670157 0.0450261780 0.1068062827
1 0.5617801047 0.7455497382 0.0450261780 0.1109947644
1 0.5178010471 0.7429319372 0.0471204188 0.1078534031
1 0.6062827225 0.7471204188 0.0460732984 0.1078534031
3 0.6774869110 0.7172774869 0.0397905759 0.0397905759
3 0.6790575916 0.7565445026 0.0387434555 0.0408376963
3 0.6413612565 0.7361256545 0.0366492147 0.0795811518
3 0.7178010471 0.7204188482 0.0429319372 0.0418848168
3 0.7188481675 0.7591623037 0.0429319372 0.0418848168
5 0.7816753927 0.7387434555 0.0387434555 0.0701570681
5 0.8188481675 0.7418848168 0.0376963351 0.0659685864
5 0.8712041885 0.7256544503 0.0712041885 0.0376963351
5 0.9486910995 0.7293193717 0.0837696335 0.0408376963
5 0.8026178010 0.7910994764 0.0617801047 0.0345549738
5 0.8769633508 0.8015706806 0.0722513089 0.0408376963
5 0.8748691099 0.7638743455 0.0722513089 0.0387434555
5 0.9528795812 0.7675392670 0.0837696335 0.0418848168
5 0.9539267016 0.8052356021 0.0837696335 0.0439790576
1 0.2167539267 0.9167539267 0.1089005236 0.1120418848
1 0.3235602094 0.9235602094 0.1026178010 0.1109947644
1 0.4287958115 0.9319371728 0.1141361257 0.1214659686
1 0.5382198953 0.9345549738 0.1109947644 0.1183246073
1 0.2109947644 0.9869109948 0.1141361257 0.0261780105
1 0.3162303665 0.9863874346 0.1109947644 0.0272251309
1 0.4272251309 0.9921465969 0.1109947644 0.0157068063
4 0.6272251309 0.9434554974 0.0544502618 0.1130890052
4 0.6827225131 0.9450261780 0.0565445026 0.1099476440
4 0.7361256545 0.9476439791 0.0544502618 0.1047120419
4 0.7942408377 0.9497382199 0.0554973822 0.1005235602
4 0.8544502618 0.9518324607 0.0565445026 0.0963350785
4 0.9141361257 0.9528795812 0.0607329843 0.0942408377
4 0.9732984293 0.9539267016 0.0534031414 0.0921465969
1 0.5392670157 0.9968586387 0.1109947644 0.0062827225
