1 0.0557963164 0.3461538462 0.1115926327 0.1180931744
1 0.3986998917 0.3109425785 0.1690140845 0.0736728061
1 0.6208017335 0.3521126761 0.1928494041 0.1581798483
0 0.8699891658 0.3196099675 0.2340195016 0.1213434453
1 0.2101841820 0.3634886241 0.1820151679 0.1245937161
1 0.4019501625 0.3754062839 0.1668472373 0.0682556880
0 0.8466955580 0.4247020585 0.2004333694 0.1018418202
1 0.0639219935 0.4496208017 0.1278439870 0.0975081257
1 0.1798483207 0.4669555796 0.0910075840 0.0845070423
1 0.2676056338 0.4680390033 0.0845070423 0.0801733478
1 0.4035752979 0.4420368364 0.1592632719 0.0606717226
1 0.0742145179 0.5341278440 0.1484290358 0.0866738895
1 0.1982665222 0.5433369447 0.0823401950 0.0747562297
1 0.2773564464 0.5444203684 0.0888407367 0.0725893824
1 0.4014084507 0.5065005417 0.1419284940 0.0682556880
1 0.4052004334 0.5660888407 0.1473456121 0.0574214518
1 0.6094257855 0.4983748646 0.1830985915 0.1386782232
0 0.8212351029 0.5617551463 0.2058504875 0.1332611051
0 0.9691224269 0.5113759480 0.0617551463 0.0715059588
1 0.0855904659 0.6067172264 0.1711809317 0.0758396533
1 0.2112676056 0.6137594800 0.0780065005 0.0660888407
1 0.2860238353 0.6153846154 0.0866738895 0.0715059588
1 0.4079089924 0.6289274106 0.1462621885 0.0509209101
1 0.5953412784 0.6170097508 0.1614301192 0.1180931744
0 0.9609967497 0.5861321777 0.0780065005 0.0780065005
1 0.0931744312 0.6690140845 0.1603466956 0.0465872156
1 0.2172264355 0.6814734561 0.0790899242 0.0780065005
1 0.2925243770 0.6836403034 0.0910075840 0.0736728061
1 0.4095341278 0.6733477790 0.1365113759 0.0422535211
0 0.7887323944 0.6646803900 0.1776814735 0.0920910076
0 0.9452871073 0.6581798483 0.1094257855 0.0660888407
7 0.0899241603 0.7676056338 0.0693391116 0.0205850488
1 0.1083423619 0.7080173348 0.1495124594 0.0465872156
1 0.2291440953 0.7508125677 0.0769230769 0.0628385699
7 0.1468039003 0.7638136511 0.0444203684 0.0130010834
1 0.3055254605 0.7481040087 0.0823401950 0.0530877573
1 0.4154929577 0.7567713976 0.1310942579 0.0400866739
1 0.4138678223 0.7188515710 0.1365113759 0.0487540628
1 0.5715059588 0.7128927411 0.1202600217 0.0758396533
0 0.7594799567 0.7600216685 0.1668472373 0.0682556880
0 0.9360780065 0.7231852654 0.1278439870 0.0704225352
4 0.0032502709 0.8255687974 0.0065005417 0.0368364030
7 0.1235102925 0.7930660888 0.0325027086 0.0411700975
7 0.1468039003 0.8217768147 0.0639219935 0.0292524377
1 0.3087757313 0.8071505959 0.0758396533 0.0433369447
1 0.2421451788 0.8028169014 0.0639219935 0.0433369447
1 0.4165763814 0.8250270856 0.1245937161 0.0400866739
1 0.4171180932 0.7908992416 0.1278439870 0.0390032503
7 0.5687973998 0.7784398700 0.1235102925 0.0574214518
0 0.8808234020 0.8385698808 0.0888407367 0.0585048754
4 0.0086673889 0.8569880823 0.0173347779 0.0325027086
1 0.3158179848 0.8515709642 0.0704225352 0.0455037920
1 0.2497291441 0.8494041170 0.0639219935 0.0411700975
1 0.4198266522 0.8613217768 0.1180931744 0.0368364030
7 0.5677139762 0.8737811484 0.1213434453 0.0790899242
7 0.7188515710 0.8824485374 0.1397616468 0.0725893824
0 0.8510292524 0.8916576381 0.0920910076 0.0520043337
0 0.9274106176 0.8959913326 0.0780065005 0.0498374865
0 0.9528710726 0.8472372698 0.0812567714 0.0628385699
