7 0.6989619377 0.0034602076 0.1337946943 0.0069204152
5 0.1061130334 0.0426758939 0.0438292964 0.0484429066
3 0.1534025375 0.0397923875 0.0484429066 0.0495963091
3 0.2018454441 0.0299884660 0.0461361015 0.0599769319
3 0.2508650519 0.0311418685 0.0634371396 0.0622837370
7 0.3016147636 0.0305651672 0.0565167243 0.0611303345
7 0.3540945790 0.0288350634 0.0553633218 0.0576701269
7 0.4054209919 0.0288350634 0.0542099193 0.0576701269
7 0.4579008074 0.0288350634 0.0530565167 0.0576701269
7 0.5542099193 0.0282583622 0.0542099193 0.0565167243
7 0.5057670127 0.0288350634 0.0519031142 0.0576701269
7 0.6084198385 0.0288350634 0.0565167243 0.0576701269
7 0.6983852364 0.0276816609 0.1303344867 0.0553633218
7 0.8344867359 0.0230680507 0.1418685121 0.0461361015
7 0.9532871972 0.0236447520 0.0934256055 0.0472895040
5 0.0253748558 0.1862745098 0.0415224913 0.0426758939
1 0.2197231834 0.1799307958 0.0657439446 0.1384083045
1 0.3339100346 0.1793540946 0.0588235294 0.1395617070
1 0.2762399077 0.1793540946 0.0565167243 0.1372549020
1 0.3950403691 0.1816608997 0.0588235294 0.1464821223
4 0.5351787774 0.1712802768 0.0922722030 0.1672433679
4 0.6188004614 0.1701268743 0.0726643599 0.1649365629
4 0.6868512111 0.1712802768 0.0749711649 0.1695501730
4 0.7652825836 0.1683967705 0.0795847751 0.1707035755
0 0.8339100346 0.1712802768 0.0761245675 0.1695501730
0 0.9094579008 0.1701268743 0.0865051903 0.1718569781
0 0.9734717416 0.1707035755 0.0530565167 0.1753171857
5 0.0282583622 0.2306805075 0.0426758939 0.0415224913
5 0.0692041522 0.2070357555 0.0530565167 0.0934256055
5 0.1164936563 0.2076124567 0.0438292964 0.0922722030
5 0.1597462514 0.2012687428 0.0472895040 0.1003460208
5 0.0980392157 0.3846597463 0.0599769319 0.1257208766
5 0.0484429066 0.3835063437 0.0622837370 0.1234140715
5 0.1528258362 0.3875432526 0.0519031142 0.1199538639
5 0.2058823529 0.3910034602 0.0588235294 0.1199538639
1 0.2970011534 0.3869665513 0.1349480969 0.1349480969
1 0.4307958478 0.3898500577 0.1372549020 0.1337946943
7 0.7981545559 0.4036908881 0.0738177624 0.1476355248
7 0.9134948097 0.4048442907 0.1730103806 0.1476355248
5 0.1147635525 0.5582468281 0.0565167243 0.1153402537
5 0.1637831603 0.5599769319 0.0553633218 0.1141868512
1 0.2347174164 0.5709342561 0.0980392157 0.1014994233
1 0.3079584775 0.5634371396 0.0530565167 0.1211072664
1 0.3598615917 0.5668973472 0.0530565167 0.1211072664
1 0.4677047290 0.5761245675 0.0542099193 0.1234140715
1 0.4123414072 0.5703575548 0.0542099193 0.1234140715
1 0.5594002307 0.5790080738 0.1291810842 0.1199538639
7 0.6868512111 0.5899653979 0.1280276817 0.1257208766
5 0.8073817762 0.5940023068 0.1361014994 0.1291810842
7 0.9325259516 0.5968858131 0.1349480969 0.1257208766
0 0.9965397924 0.5991926182 0.0069204152 0.1395617070
5 0.3160322953 0.7145328720 0.0668973472 0.0888119954
6 0.5524798155 0.7364475202 0.1153402537 0.1095732411
7 0.6672433679 0.7439446367 0.1211072664 0.1014994233
7 0.7831603230 0.7520184544 0.1245674740 0.1061130334
7 0.9025374856 0.7572087659 0.1326412918 0.0980392157
0 0.9803921569 0.7664359862 0.0392156863 0.0980392157
2 0.1441753172 0.8298731257 0.1222606690 0.0611303345
2 0.3494809689 0.8656286044 0.1476355248 0.0795847751
7 0.4544405998 0.8627450980 0.0599769319 0.0761245675
7 0.5403690888 0.8708189158 0.0934256055 0.0876585928
7 0.6384083045 0.8771626298 0.1095732411 0.0865051903
7 0.7341407151 0.8858131488 0.0795847751 0.0991926182
7 0.8304498270 0.9019607843 0.0692041522 0.0922722030
7 0.8892733564 0.9071510957 0.0668973472 0.0934256055
2 0.1799307958 0.9642445213 0.1430219146 0.0715109573
3 0.1516724337 0.0051903114 0.0495963091 0.0103806228
5 0.1032295271 0.0092272203 0.0380622837 0.0184544406
5 0.0536332180 0.0322952710 0.0611303345 0.0645905421
5 0.0155709343 0.0334486736 0.0311418685 0.0668973472
4 0.5351787774 0.3886966551 0.0761245675 0.1361014994
5 0.1107266436 0.7053056517 0.0692041522 0.0911188005
5 0.1822376009 0.7076124567 0.0761245675 0.0865051903
5 0.2520184544 0.7099192618 0.0680507497 0.0865051903
6 0.4152249135 0.7381776240 0.1384083045 0.0622837370
6 0.4175317186 0.6978085352 0.1476355248 0.0438292964
4 0.7335640138 0.3944636678 0.0668973472 0.1361014994
4 0.6758938870 0.3933102653 0.0622837370 0.1361014994
4 0.6124567474 0.3915801615 0.0784313725 0.1372549020
