1 0.4297789337 0.2646293888 0.2769830949 0.1417425228
1 0.9057217165 0.2223667100 0.1885565670 0.0884265280
8 0.0286085826 0.3582574772 0.0572171651 0.1209362809
1 0.1352405722 0.2951885566 0.2054616385 0.0754226268
1 0.6866059818 0.2854356307 0.2184655397 0.1495448635
1 0.9083224967 0.2997399220 0.1833550065 0.0819245774
1 0.1729518856 0.3927178153 0.2496749025 0.0910273082
1 0.4609882965 0.3888166450 0.2535760728 0.1170351105
1 0.6501950585 0.4096228869 0.1092327698 0.1014304291
1 0.7555266580 0.4109232770 0.1014304291 0.0962288687
1 0.9115734720 0.3797139142 0.1768530559 0.0728218466
8 0.0533159948 0.4655396619 0.1066319896 0.1560468140
1 0.2425227568 0.5221066320 0.2509752926 0.1365409623
1 0.5006501951 0.4902470741 0.2236671001 0.1040312094
1 0.6723016905 0.5013003901 0.0988296489 0.0897269181
1 0.7672301691 0.5026007802 0.1066319896 0.0871261378
1 0.9154746424 0.4570871261 0.1690507152 0.0819245774
1 0.9161248375 0.5286085826 0.1677503251 0.0689206762
1 0.5292587776 0.5773732120 0.2210663199 0.0910273082
1 0.6879063719 0.5858257477 0.0936280884 0.0793237971
1 0.7776332900 0.5877763329 0.1040312094 0.0858257477
1 0.9180754226 0.6040312094 0.1638491547 0.0611183355
4 0.3146944083 0.6944083225 0.1898569571 0.0546163849
4 0.2750325098 0.6293888166 0.1963589077 0.0936280884
1 0.5461638492 0.6521456437 0.1924577373 0.0559167750
1 0.6950585176 0.6671001300 0.0949284785 0.0936280884
1 0.7854356307 0.6697009103 0.1092327698 0.0884265280
1 0.9219765930 0.6573472042 0.1560468140 0.0507152146
4 0.3335500650 0.7457737321 0.1495448635 0.0377113134
7 0.5422626788 0.7704811443 0.0832249675 0.0247074122
1 0.5643693108 0.6989596879 0.1794538362 0.0559167750
1 0.7093628088 0.7503250975 0.0923276983 0.0754226268
7 0.6105331599 0.7659297789 0.0533159948 0.0156046814
1 0.8010403121 0.7470741222 0.0988296489 0.0637191157
1 0.9271781534 0.7574772432 0.1456436931 0.0481144343
1 0.9245773732 0.7119635891 0.1508452536 0.0585175553
4 0.3719115735 0.8400520156 0.1404421326 0.0442132640
4 0.3498049415 0.7906371912 0.1404421326 0.0598179454
7 0.5825747724 0.8010403121 0.0390117035 0.0494148244
7 0.6105331599 0.8355006502 0.0767230169 0.0351105332
1 0.8049414824 0.8179453836 0.0910273082 0.0520156047
1 0.7249674902 0.8127438231 0.0767230169 0.0520156047
1 0.9297789337 0.8394018205 0.1404421326 0.0481144343
1 0.9291287386 0.7984395319 0.1417425228 0.0468140442
4 0.3868660598 0.8777633290 0.1365409623 0.0390117035
1 0.8133940182 0.8712613784 0.0845253576 0.0546163849
1 0.7340702211 0.8686605982 0.0767230169 0.0494148244
1 0.9336801040 0.8829648895 0.1326397919 0.0442132640
