1 0.2783171521 0.4978425027 0.1272923409 0.0614886731
1 0.4012944984 0.4811218986 0.0798274002 0.0755124056
1 0.4703344121 0.4838187702 0.0647249191 0.0679611650
1 0.5960086300 0.4795037756 0.1111111111 0.0830636462
1 0.8047464941 0.4730312837 0.0970873786 0.0895361381
2 0.9234088457 0.4617044229 0.1531823085 0.0927723840
3 0.0080906149 0.5253505933 0.0161812298 0.1423948220
1 0.0738942826 0.5469255663 0.1477885653 0.1359223301
1 0.1844660194 0.5366774542 0.0539374326 0.1132686084
1 0.2826321467 0.5501618123 0.1251348436 0.0582524272
1 0.4697950378 0.5533980583 0.0636461704 0.0668824164
1 0.4056094930 0.5544768069 0.0668824164 0.0690399137
1 0.5954692557 0.5436893204 0.1100323625 0.0711974110
1 0.7934196332 0.5480043150 0.0981661273 0.0798274002
1 0.9460625674 0.5458468177 0.0906148867 0.0949298813
1 0.0129449838 0.6138079827 0.0258899676 0.1014023732
1 0.2880258900 0.6429341963 0.1208198490 0.0539374326
1 0.2820927724 0.5960086300 0.1262135922 0.0571736785
1 0.4676375405 0.6165048544 0.0636461704 0.0679611650
1 0.4072276160 0.6235167206 0.0658036677 0.0668824164
1 0.5329018339 0.6008629989 0.0647249191 0.0604099245
1 0.6116504854 0.6057173679 0.0625674218 0.0722761597
1 0.7772384035 0.6100323625 0.1154261057 0.0679611650
1 0.9341963323 0.6326860841 0.0862998921 0.1024811219
1 0.0970873786 0.6666666667 0.1402373247 0.1251348436
1 0.2901833873 0.6920172600 0.1208198490 0.0571736785
1 0.4126213592 0.6828478964 0.0701186624 0.0604099245
1 0.4697950378 0.6785329018 0.0593311758 0.0625674218
1 0.5350593312 0.6612729234 0.0560949299 0.0647249191
1 0.6105717368 0.6817691478 0.0582524272 0.0733549083
1 0.7772384035 0.6628910464 0.0852211435 0.0744336570
1 0.7632146710 0.7060409924 0.1154261057 0.0679611650
8 0.9072276160 0.7065803668 0.1100323625 0.0755124056
1 0.1040992449 0.7772384035 0.1370010787 0.1197411003
1 0.1855447681 0.7562028047 0.0453074434 0.0625674218
1 0.2346278317 0.7464940669 0.0485436893 0.0560949299
3 0.3015102481 0.7308522114 0.0873786408 0.0528586839
3 0.3058252427 0.7669902913 0.0787486516 0.0517799353
1 0.4336569579 0.7378640777 0.1359223301 0.0560949299
1 0.4708737864 0.7939590076 0.0507011866 0.0711974110
1 0.5350593312 0.7303128371 0.0517799353 0.0647249191
1 0.6062567422 0.7481121899 0.0560949299 0.0658036677
1 0.7605177994 0.7578209277 0.0970873786 0.0787486516
1 0.2400215750 0.8009708738 0.0528586839 0.0571736785
3 0.2880258900 0.8419633225 0.0388349515 0.0442286947
3 0.2891046386 0.8090614887 0.0388349515 0.0431499461
3 0.3263214671 0.8349514563 0.0377562028 0.0431499461
3 0.3279395901 0.8004314995 0.0388349515 0.0431499461
1 0.4174757282 0.7993527508 0.0582524272 0.0690399137
