5 0.0090403338 0.0062586926 0.0180806676 0.0125173853
5 0.4200278164 0.0069541029 0.0973574409 0.0139082058
5 0.5187760779 0.0048678720 0.1001390821 0.0097357441
5 0.0681502086 0.0090403338 0.1029207232 0.0180806676
5 0.1731571627 0.0139082058 0.0931849791 0.0278164117
5 0.2691237830 0.0125173853 0.0876216968 0.0250347705
5 0.6293463143 0.0271210014 0.0542420028 0.0542420028
5 0.7663421419 0.0250347705 0.0751043115 0.0500695410
5 0.6940194715 0.0264255911 0.0639777469 0.0528511822
5 0.9102920723 0.0173852573 0.1070931850 0.0347705146
5 0.9840055633 0.0403337969 0.0319888734 0.0806675939
5 0.0132127955 0.0883171071 0.0264255911 0.1432545202
5 0.1773296245 0.0876216968 0.0848400556 0.1112656467
5 0.2767732962 0.0834492350 0.1001390821 0.1168289291
5 0.5139082058 0.0771905424 0.0987482615 0.1265646732
5 0.4207232267 0.0820584145 0.0931849791 0.1251738526
5 0.6655076495 0.0938803894 0.1293463143 0.0764951321
5 0.9102920723 0.0695410292 0.1070931850 0.0639777469
1 0.4228094576 0.2308762170 0.1029207232 0.1084840056
1 0.5208623088 0.2294853964 0.0987482615 0.1112656467
1 0.7600834492 0.2204450626 0.1015299026 0.1070931850
1 0.6578581363 0.2218358832 0.1001390821 0.1043115438
3 0.8783031989 0.1801112656 0.0681502086 0.0792767733
3 0.9429763561 0.1745479833 0.0695410292 0.0737134910
1 0.0125173853 0.2628650904 0.0250347705 0.1307371349
1 0.0771905424 0.2684283727 0.1015299026 0.1251738526
1 0.2941585535 0.2433936022 0.1070931850 0.1223922114
1 0.1919332406 0.2440890125 0.1001390821 0.1182197497
1 0.6578581363 0.3282336579 0.1001390821 0.1029207232
1 0.7566063978 0.3240611961 0.0973574409 0.1001390821
3 0.8734353268 0.2496522949 0.0639777469 0.0681502086
3 0.9388038943 0.2440890125 0.0695410292 0.0681502086
3 0.9033379694 0.3108484006 0.1293463143 0.0681502086
1 0.0152990264 0.3970792768 0.0305980529 0.1182197497
1 0.0855354659 0.3963838665 0.1182197497 0.1168289291
1 0.2962447844 0.3616133519 0.0917941586 0.1140472879
1 0.2002781641 0.3643949930 0.1001390821 0.1168289291
1 0.5243393602 0.3372739917 0.0973574409 0.1070931850
1 0.4283727399 0.3400556328 0.0973574409 0.1043115438
1 0.9172461752 0.3796940195 0.1655076495 0.0806675939
1 0.2169680111 0.4784422809 0.1029207232 0.1084840056
1 0.3171070932 0.4735744089 0.1029207232 0.1098748261
1 0.5257301808 0.4436717663 0.0917941586 0.1029207232
1 0.4353268428 0.4408901252 0.0973574409 0.0917941586
1 0.6557719054 0.4276773296 0.0931849791 0.0959666203
1 0.7517385257 0.4297635605 0.1015299026 0.0973574409
1 0.9165507650 0.4561891516 0.1668984701 0.0751043115
1 0.0215577191 0.5125173853 0.0431154381 0.1098748261
1 0.1008344924 0.5208623088 0.1015299026 0.1098748261
1 0.2246175243 0.5862308762 0.0848400556 0.1043115438
1 0.3108484006 0.5827538248 0.0876216968 0.1029207232
1 0.4394993046 0.5382475661 0.0973574409 0.0945757997
1 0.5312934631 0.5403337969 0.0890125174 0.0959666203
1 0.6543810848 0.5236439499 0.0931849791 0.0959666203
1 0.7496522949 0.5285118220 0.1001390821 0.0945757997
1 0.9130737135 0.5952712100 0.1655076495 0.0695410292
1 0.9165507650 0.5257301808 0.1668984701 0.0751043115
1 0.2343532684 0.6863699583 0.0876216968 0.1015299026
1 0.3198887344 0.6815020862 0.0834492350 0.1001390821
1 0.5347705146 0.6307371349 0.0904033380 0.0876216968
1 0.4457579972 0.6342141864 0.0931849791 0.0834492350
1 0.6543810848 0.6230876217 0.0904033380 0.0917941586
1 0.7447844228 0.6258692629 0.0931849791 0.0945757997
1 0.1321279555 0.7649513213 0.0472878999 0.0834492350
1 0.4541029207 0.7253129346 0.0931849791 0.0904033380
1 0.5417246175 0.7225312935 0.0876216968 0.0876216968
1 0.7489568846 0.7176634214 0.0904033380 0.0917941586
1 0.6578581363 0.7190542420 0.0862308762 0.0862308762
8 0.9137691238 0.6947148818 0.1724617524 0.1265646732
1 0.2385257302 0.7809457580 0.0848400556 0.0792767733
1 0.3233657858 0.7844228095 0.0820584145 0.0834492350
1 0.4624478442 0.8184979138 0.0876216968 0.0764951321
1 0.5465924896 0.8101529903 0.0806675939 0.0792767733
1 0.7461752434 0.8108484006 0.0876216968 0.0862308762
1 0.6585535466 0.8066759388 0.0848400556 0.0917941586
8 0.9130737135 0.8226703755 0.1738525730 0.1126564673
1 0.4624478442 0.9040333797 0.0792767733 0.0639777469
1 0.5472878999 0.9005563282 0.0848400556 0.0764951321
1 0.6599443672 0.9033379694 0.0848400556 0.0904033380
1 0.7447844228 0.9012517385 0.0876216968 0.0917941586
1 0.9123783032 0.9422809458 0.1752433936 0.1154381085
1 0.7482614743 0.9721835883 0.0862308762 0.0556328234
1 0.6627260083 0.9707927677 0.0820584145 0.0584144645
