1 0.3645016797 0.0089585666 0.1243001120 0.0179171333
1 0.1075027996 0.0470324748 0.0985442329 0.0940649496
1 0.1774916013 0.0386338186 0.0951847704 0.0772676372
1 0.2721164614 0.0235162374 0.1231802912 0.0470324748
7 0.8941769317 0.0044792833 0.0571108623 0.0089585666
7 0.8471444569 0.0375139978 0.0683090705 0.0750279955
7 0.9680851064 0.0201567749 0.0638297872 0.0403135498
7 0.4109742441 0.1147816349 0.0985442329 0.1063829787
0 0.5078387458 0.1063829787 0.1265397536 0.1522956327
4 0.5991041433 0.0974244121 0.1097424412 0.1836506159
7 0.6802911534 0.0688689810 0.0683090705 0.1377379619
7 0.7329227324 0.0559910414 0.0660694289 0.1119820829
7 0.7872340426 0.0509518477 0.0694288914 0.1019036954
7 0.9165733483 0.0907054871 0.0683090705 0.0649496081
7 0.9736842105 0.0677491601 0.0526315789 0.0638297872
1 0.1047032475 0.1948488242 0.0481522956 0.1052631579
1 0.1780515118 0.1774916013 0.0604703247 0.1153415454
1 0.1399776036 0.1881298992 0.0582306831 0.1075027996
1 0.2614781635 0.1651735722 0.0593505039 0.1153415454
1 0.2267637178 0.1718924972 0.0571108623 0.1108622620
1 0.3398656215 0.1466965286 0.0615901456 0.1254199328
1 0.2989921613 0.1550951848 0.0582306831 0.1198208287
7 0.8079507279 0.1539753639 0.1153415454 0.0660694289
1 0.2066069429 0.3146696529 0.0615901456 0.0537513998
1 0.2609182531 0.3169092945 0.0515117581 0.0582306831
0 0.4574468085 0.2911534155 0.0660694289 0.0649496081
0 0.5027995521 0.2917133259 0.0403135498 0.0750279955
0 0.6702127660 0.3034714446 0.1131019037 0.1612541993
7 0.7933930571 0.2984322508 0.1601343785 0.1646136618
7 0.9328107503 0.2861142217 0.1343784994 0.1780515118
1 0.1590145577 0.3818589026 0.0537513998 0.0447928331
1 0.1500559910 0.3314669653 0.0627099664 0.0582306831
1 0.2256438970 0.3723404255 0.0660694289 0.0481522956
1 0.2737961926 0.3751399776 0.0503919373 0.0470324748
1 0.3359462486 0.3465845465 0.0828667413 0.1243001120
0 0.4697648376 0.3482642777 0.0459126540 0.0582306831
0 0.5083986562 0.3600223964 0.0335946249 0.0593505039
0 0.5643896976 0.3213885778 0.0963045913 0.1522956327
7 0.7956326988 0.3969764838 0.1489361702 0.0436730123
7 0.9311310190 0.4070548712 0.1377379619 0.0683090705
1 0.1696528555 0.4910414334 0.0414333707 0.0593505039
1 0.1702127660 0.4300111982 0.0604703247 0.0515117581
1 0.2312430011 0.4221724524 0.0615901456 0.0515117581
1 0.2726763718 0.4893617021 0.0459126540 0.0559910414
1 0.2206047032 0.4882418813 0.0582306831 0.0559910414
1 0.3219484882 0.4888017917 0.0660694289 0.0660694289
1 0.2810750280 0.4249720045 0.0559910414 0.0459126540
1 0.3947368421 0.4871220605 0.0772676372 0.0716685330
1 0.4686450168 0.4960806271 0.0660694289 0.0761478163
1 0.5425531915 0.4899216125 0.0795072788 0.0795072788
1 0.6215005599 0.4977603583 0.1164613662 0.0817469205
6 0.7340425532 0.5067189250 0.1175811870 0.0929451288
5 0.8365061590 0.5061590146 0.0918253080 0.0918253080
1 0.1825307951 0.5447928331 0.0470324748 0.0526315789
1 0.2312430011 0.5464725644 0.0548712206 0.0582306831
1 0.3381858903 0.5537513998 0.0604703247 0.0638297872
1 0.2805151176 0.5475923852 0.0571108623 0.0671892497
1 0.4025755879 0.5548712206 0.0727883539 0.0705487122
1 0.4736842105 0.5621500560 0.0783874580 0.0761478163
1 0.5487122060 0.5649496081 0.0783874580 0.0683090705
1 0.6298992161 0.5733482643 0.0974244121 0.0806270997
6 0.7357222844 0.5957446809 0.1187010078 0.1119820829
5 0.8415453527 0.5862262038 0.1063829787 0.0817469205
5 0.9759238522 0.5509518477 0.0481522956 0.1657334826
5 0.9216125420 0.5453527436 0.0895856663 0.1746920493
1 0.2497200448 0.6360582307 0.0447928331 0.0492721165
1 0.2026875700 0.6382978723 0.0492721165 0.0559910414
1 0.2637178052 0.6909294513 0.0481522956 0.0492721165
1 0.2172452408 0.6909294513 0.0515117581 0.0537513998
1 0.2973124300 0.6433370661 0.0503919373 0.0503919373
1 0.3068309071 0.6987681971 0.0447928331 0.0537513998
1 0.3505039194 0.6483762598 0.0627099664 0.0627099664
1 0.4120940649 0.6618141097 0.0649496081 0.0671892497
1 0.4714445689 0.6646136618 0.0627099664 0.0638297872
5 0.8538633819 0.6522956327 0.0974244121 0.0638297872
1 0.2536394177 0.7855543113 0.0503919373 0.0571108623
1 0.3561030235 0.7049272116 0.0559910414 0.0503919373
1 0.4787234043 0.7245240761 0.0593505039 0.0559910414
1 0.4188129899 0.7217245241 0.0671892497 0.0548712206
0 0.5526315789 0.7189249720 0.1086226204 0.1433370661
0 0.6310190370 0.7278835386 0.0996640538 0.1500559910
0 0.7127659574 0.7424412094 0.1175811870 0.1500559910
5 0.8051511758 0.7340425532 0.0918253080 0.1354983203
5 0.9003359462 0.7430011198 0.1007838746 0.1220604703
5 0.9720044793 0.7642777156 0.0559910414 0.1534154535
1 0.2625979843 0.8387458007 0.0548712206 0.0537513998
1 0.3023516237 0.8180291153 0.0537513998 0.1086226204
2 0.3549832027 0.8477043673 0.0851063830 0.1433370661
2 0.4434490482 0.8583426652 0.1276595745 0.1466965286
2 0.5587905935 0.8812989922 0.1500559910 0.1567749160
0 0.7659574468 0.8891377380 0.0963045913 0.0806270997
5 0.9171332587 0.8421052632 0.1119820829 0.0806270997
5 0.9888017917 0.8829787234 0.0223964166 0.0951847704
1 0.3337066069 0.9322508399 0.0940649496 0.1153415454
1 0.4193729003 0.9563269877 0.0862262038 0.0873460246
1 0.5005599104 0.9624860022 0.0985442329 0.0750279955
0 0.6730123180 0.8969764838 0.0985442329 0.1209406495
7 0.7721164614 0.9574468085 0.1131019037 0.0851063830
0 0.8812989922 0.9406494961 0.1276595745 0.1187010078
0 0.9708846585 0.9596864502 0.0582306831 0.0806270997
1 0.5979843225 0.9759238522 0.1052631579 0.0481522956
