1 0.9472049689 0.0395962733 0.0838509317 0.0791925466
1 0.1785714286 0.1777950311 0.1459627329 0.0667701863
1 0.4099378882 0.1816770186 0.1832298137 0.1366459627
1 0.6110248447 0.1909937888 0.1940993789 0.0838509317
1 0.5791925466 0.1350931677 0.2018633540 0.0869565217
1 0.8928571429 0.1164596273 0.1801242236 0.0745341615
1 0.9215838509 0.1708074534 0.1537267081 0.0807453416
1 0.0147515528 0.2406832298 0.0295031056 0.0869565217
1 0.1878881988 0.2267080745 0.1490683230 0.0807453416
1 0.2026397516 0.2795031056 0.1599378882 0.0838509317
1 0.4440993789 0.2787267081 0.2049689441 0.1319875776
1 0.6467391304 0.2655279503 0.2344720497 0.1397515528
1 0.9409937888 0.2220496894 0.1180124224 0.0714285714
1 0.9596273292 0.2763975155 0.0807453416 0.0652173913
1 0.0248447205 0.3190993789 0.0496894410 0.0854037267
1 0.0248447205 0.3944099379 0.0496894410 0.0714285714
1 0.2197204969 0.3951863354 0.1599378882 0.0822981366
1 0.2104037267 0.3470496894 0.1537267081 0.0791925466
1 0.4930124224 0.4099378882 0.2189440994 0.1708074534
1 0.7072981366 0.3913043478 0.2779503106 0.1832298137
1 0.0271739130 0.4984472050 0.0543478261 0.1149068323
1 0.2336956522 0.4472049689 0.1661490683 0.0807453416
1 0.2453416149 0.5038819876 0.1739130435 0.0854037267
7 0.2895962733 0.6024844720 0.1475155280 0.1366459627
1 0.5403726708 0.5380434783 0.2329192547 0.1723602484
1 0.7080745342 0.5869565217 0.0559006211 0.1211180124
6 0.8431677019 0.5496894410 0.1863354037 0.1366459627
0 0.0450310559 0.6669254658 0.0900621118 0.0916149068
1 0.5970496894 0.6964285714 0.2624223602 0.2003105590
0 0.8664596273 0.6886645963 0.2453416149 0.1506211180
0 0.0481366460 0.7298136646 0.0962732919 0.0559006211
0 0.3012422360 0.7368012422 0.2111801242 0.1754658385
0 0.0551242236 0.8152173913 0.1102484472 0.1335403727
4 0.3136645963 0.8633540373 0.2546583851 0.1521739130
6 0.6840062112 0.8672360248 0.1785714286 0.1785714286
0 0.8928571429 0.8253105590 0.2142857143 0.1537267081
0 0.0698757764 0.9417701863 0.1397515528 0.1164596273
7 0.3563664596 0.9642857143 0.1972049689 0.0714285714
4 0.6816770186 0.9704968944 0.2577639752 0.0590062112
0 0.9277950311 0.9440993789 0.1444099379 0.1118012422
