7 0.6900958466 0.2609158679 0.1235356763 0.0617678381
7 0.8173588924 0.2550585729 0.1246006390 0.0521831736
7 0.9275825346 0.2465388711 0.0937167199 0.0607028754
5 0.1427050053 0.3248136315 0.0404685836 0.0447284345
3 0.1863684771 0.3221512247 0.0447284345 0.0457933972
3 0.2310969116 0.2891373802 0.0425985091 0.1033013845
3 0.2763578275 0.2827476038 0.0585729499 0.1203407881
7 0.3232161874 0.2795527157 0.0521831736 0.1246006390
7 0.3716719915 0.2832800852 0.0511182109 0.1107561235
7 0.4190628328 0.2827476038 0.0500532481 0.1118210863
7 0.4675186368 0.2902023429 0.0489882854 0.0969116081
7 0.5564430245 0.2875399361 0.0500532481 0.1001064963
7 0.5117145900 0.2981895634 0.0479233227 0.0809371672
7 0.6064962726 0.2790202343 0.0521831736 0.1192758253
7 0.6895633653 0.3083067093 0.1203407881 0.0564430245
7 0.8152289670 0.3045793397 0.1309904153 0.0468583600
7 0.9350372737 0.3013844515 0.1064962726 0.0553780618
5 0.0681576145 0.4574014909 0.0383386581 0.0394036209
1 0.2476038339 0.4515441960 0.0607028754 0.1277955272
1 0.3530351438 0.4510117146 0.0543130990 0.1288604899
1 0.2997870075 0.4510117146 0.0521831736 0.1267305644
1 0.4094781683 0.4531416400 0.0543130990 0.1352502662
4 0.5388711395 0.4435569755 0.0851970181 0.1544195953
4 0.6160809372 0.4424920128 0.0670926518 0.1522896699
4 0.6789137380 0.4435569755 0.0692225772 0.1565495208
4 0.7513312034 0.4408945687 0.0734824281 0.1576144835
0 0.8146964856 0.4435569755 0.0702875399 0.1565495208
0 0.8844515442 0.4424920128 0.0798722045 0.1586794462
0 0.9584664537 0.4430244941 0.0788072417 0.1618743344
5 0.0708200213 0.4984025559 0.0394036209 0.0383386581
5 0.1086261981 0.4765708200 0.0489882854 0.0862619808
5 0.1522896699 0.4771033014 0.0404685836 0.0851970181
5 0.1922257721 0.4712460064 0.0436634718 0.0926517572
5 0.1352502662 0.6405750799 0.0553780618 0.1160809372
5 0.0894568690 0.6395101171 0.0575079872 0.1139510117
5 0.1858359957 0.6432374867 0.0479233227 0.1107561235
5 0.2348242812 0.6464323749 0.0543130990 0.1107561235
1 0.3189563365 0.6427050053 0.1246006390 0.1246006390
1 0.4424920128 0.6453674121 0.1267305644 0.1235356763
7 0.7816826411 0.6581469649 0.0681576145 0.1363152290
7 0.9041533546 0.6592119276 0.1916932907 0.1363152290
5 0.1506922258 0.8008519702 0.0521831736 0.1064962726
5 0.1959531416 0.8024494143 0.0511182109 0.1054313099
1 0.2614483493 0.8125665602 0.0905218317 0.0937167199
1 0.3290734824 0.8056443024 0.0489882854 0.1118210863
1 0.3769968051 0.8088391906 0.0489882854 0.1118210863
1 0.4765708200 0.8173588924 0.0500532481 0.1139510117
1 0.4254526092 0.8120340788 0.0500532481 0.1139510117
1 0.5612353568 0.8200212993 0.1192758253 0.1107561235
7 0.6789137380 0.8301384452 0.1182108626 0.1160809372
5 0.7902023429 0.8338658147 0.1256656017 0.1192758253
7 0.9084132055 0.8365282215 0.1299254526 0.1160809372
0 0.9808306709 0.8386581470 0.0383386581 0.1288604899
5 0.3365282215 0.9451544196 0.0617678381 0.0820021299
6 0.5548455804 0.9574014909 0.1064962726 0.0851970181
7 0.6608093717 0.9627263046 0.1118210863 0.0745473908
7 0.7678381257 0.9653887114 0.1150159744 0.0692225772
7 0.8780617678 0.9696485623 0.1224707135 0.0607028754
0 0.9659211928 0.9739084132 0.0681576145 0.0521831736
3 0.1847710330 0.2694355698 0.0457933972 0.0511182109
5 0.1400425985 0.2800851970 0.0351437700 0.0447284345
5 0.0942492013 0.2997870075 0.0564430245 0.0905218317
5 0.0537806177 0.3099041534 0.0394036209 0.0745473908
4 0.5388711395 0.6443024494 0.0702875399 0.1256656017
5 0.1469648562 0.9366347178 0.0638977636 0.0841320554
5 0.2129925453 0.9387646432 0.0702875399 0.0798722045
5 0.2774227902 0.9408945687 0.0628328009 0.0798722045
6 0.4281150160 0.9669861555 0.1277955272 0.0575079872
6 0.4302449414 0.9297124601 0.1363152290 0.0404685836
4 0.7220447284 0.6496272630 0.0617678381 0.1256656017
4 0.6687965921 0.6485623003 0.0575079872 0.1256656017
4 0.6102236422 0.6469648562 0.0724174654 0.1267305644
