1 0.6440886700 0.0541871921 0.0714285714 0.1083743842
1 0.4291871921 0.1157635468 0.1293103448 0.2315270936
1 0.5517241379 0.0825123153 0.0862068966 0.1650246305
4 0.1280788177 0.2352216749 0.0418719212 0.1330049261
4 0.1748768473 0.2142857143 0.0566502463 0.1330049261
4 0.2173645320 0.1988916256 0.0357142857 0.1416256158
4 0.2660098522 0.1810344828 0.0517241379 0.1798029557
4 0.3275862069 0.1434729064 0.0886699507 0.1859605911
4 0.0923645320 0.2493842365 0.0369458128 0.1293103448
1 0.5554187192 0.3195812808 0.1108374384 0.2401477833
1 0.6730295567 0.2900246305 0.1342364532 0.2623152709
7 0.1650246305 0.4347290640 0.0467980296 0.0369458128
7 0.1939655172 0.3965517241 0.0233990148 0.0788177340
1 0.2616995074 0.4174876847 0.0529556650 0.1699507389
1 0.3060344828 0.4002463054 0.0529556650 0.1822660099
1 0.3768472906 0.3842364532 0.0862068966 0.2093596059
1 0.4593596059 0.3571428571 0.0985221675 0.2118226601
7 0.1323891626 0.4612068966 0.0332512315 0.0726600985
1 0.2130541872 0.5548029557 0.0714285714 0.0874384236
7 0.1982758621 0.4612068966 0.0147783251 0.0504926108
1 0.2918719212 0.5412561576 0.0886699507 0.0899014778
1 0.3688423645 0.5344827586 0.0751231527 0.0886699507
1 0.4488916256 0.5197044335 0.0849753695 0.0935960591
1 0.5357142857 0.4987684729 0.0960591133 0.1034482759
1 0.6533251232 0.5332512315 0.1416256158 0.2068965517
1 0.1009852217 0.5782019704 0.0467980296 0.0726600985
1 0.0985221675 0.6533251232 0.0517241379 0.0800492611
1 0.1539408867 0.5695812808 0.0492610837 0.0726600985
1 0.1490147783 0.6453201970 0.0492610837 0.0862068966
1 0.2161330049 0.6416256158 0.0603448276 0.0935960591
1 0.2894088670 0.6268472906 0.0837438424 0.1034482759
1 0.3669950739 0.6194581281 0.0812807882 0.0985221675
1 0.4476600985 0.6096059113 0.0825123153 0.1009852217
1 0.5344827586 0.5985221675 0.0911330049 0.0960591133
1 0.1286945813 0.7678571429 0.0455665025 0.1416256158
1 0.2493842365 0.7647783251 0.0554187192 0.1551724138
1 0.2062807882 0.7666256158 0.0455665025 0.1490147783
1 0.3011083744 0.7598522167 0.0480295567 0.1551724138
1 0.3516009852 0.7580049261 0.0578817734 0.1662561576
1 0.4230295567 0.7549261084 0.0652709360 0.1674876847
1 0.4907635468 0.7506157635 0.0775862069 0.1613300493
1 0.5640394089 0.7530788177 0.0689655172 0.1810344828
1 0.6397783251 0.7512315271 0.0775862069 0.1896551724
1 0.7130541872 0.7475369458 0.0837438424 0.1921182266
1 0.0874384236 0.7715517241 0.0418719212 0.1342364532
1 0.1674876847 0.7684729064 0.0443349754 0.1453201970
7 0.0732758621 0.9353448276 0.0899014778 0.1293103448
7 0.1816502463 0.9353448276 0.0652709360 0.1293103448
1 0.2561576355 0.9378078818 0.0862068966 0.1243842365
1 0.3651477833 0.9396551724 0.1342364532 0.1206896552
1 0.5000000000 0.9415024631 0.1576354680 0.1169950739
1 0.6662561576 0.9451970443 0.1798029557 0.1096059113
