5 0.1723237598 0.0058746736 0.0600522193 0.0117493473
5 0.1103133159 0.0058746736 0.0613577023 0.0117493473
5 0.1657963446 0.0509138381 0.0548302872 0.0783289817
5 0.1057441253 0.0528720627 0.0626631854 0.0770234987
5 0.2715404700 0.0463446475 0.0678851175 0.0848563969
5 0.3400783290 0.0463446475 0.0770234987 0.0900783290
5 0.5215404700 0.0163185379 0.0535248042 0.0326370757
5 0.4523498695 0.0607049608 0.0979112272 0.0509138381
5 0.4693211488 0.0163185379 0.0483028721 0.0326370757
5 0.6246736292 0.0463446475 0.0874673629 0.0483028721
5 0.6285900783 0.0117493473 0.0822454308 0.0234986945
5 0.6899477807 0.0293733681 0.0430809399 0.0587467363
4 0.9112271540 0.0326370757 0.1723237598 0.0652741514
3 0.6501305483 0.1246736292 0.0522193211 0.0535248042
3 0.6018276762 0.1259791123 0.0522193211 0.0535248042
4 0.9053524804 0.1031331593 0.1710182768 0.0678851175
4 0.9928198433 0.0998694517 0.0143603133 0.0744125326
1 0.0306788512 0.1749347258 0.0613577023 0.0809399478
1 0.1063968668 0.1586161880 0.0665796345 0.0796344648
1 0.1762402089 0.1579634465 0.0704960836 0.0809399478
1 0.2630548303 0.2284595300 0.0691906005 0.0731070496
1 0.2650130548 0.1527415144 0.0704960836 0.0783289817
1 0.3348563969 0.1527415144 0.0718015666 0.0783289817
1 0.4366840731 0.1514360313 0.0822454308 0.0757180157
1 0.4327676240 0.2265013055 0.0796344648 0.0744125326
1 0.5091383812 0.2245430809 0.0783289817 0.0783289817
3 0.5979112272 0.1762402089 0.0496083551 0.0496083551
3 0.6214099217 0.2212793734 0.0992167102 0.0456919060
3 0.6468668407 0.1742819843 0.0509138381 0.0483028721
4 0.8994778068 0.1697127937 0.1723237598 0.0704960836
4 0.9908616188 0.1710182768 0.0182767624 0.0731070496
1 0.0300261097 0.2610966057 0.0600522193 0.0757180157
1 0.1671018277 0.2415143603 0.0652741514 0.0809399478
1 0.1031331593 0.2415143603 0.0652741514 0.0835509138
1 0.2624020888 0.3028720627 0.0678851175 0.0731070496
1 0.3328981723 0.2297650131 0.0704960836 0.0757180157
1 0.4268929504 0.2996083551 0.0704960836 0.0744125326
1 0.3315926893 0.3048302872 0.0704960836 0.0718015666
1 0.5019582245 0.3015665796 0.0770234987 0.0757180157
1 0.6351174935 0.2650130548 0.1344647520 0.0574412533
4 0.8968668407 0.2389033943 0.1749347258 0.0678851175
4 0.9875979112 0.2402088773 0.0248041775 0.0678851175
1 0.0306788512 0.3472584856 0.0613577023 0.0757180157
1 0.1768929504 0.3224543081 0.0718015666 0.0809399478
1 0.1070496084 0.3211488251 0.0678851175 0.0783289817
1 0.2604438642 0.3753263708 0.0665796345 0.0744125326
1 0.4229765013 0.3733681462 0.0704960836 0.0757180157
1 0.3302872063 0.3792428198 0.0704960836 0.0744125326
1 0.4986945170 0.3812010444 0.0809399478 0.0783289817
1 0.6331592689 0.3204960836 0.1383812010 0.0561357702
1 0.6298955614 0.3753263708 0.1344647520 0.0587467363
1 0.8687989556 0.3498694517 0.1475195822 0.1383812010
1 0.9712793734 0.3485639687 0.0574412533 0.1383812010
1 0.1024804178 0.4765013055 0.0613577023 0.0783289817
1 0.1657963446 0.4765013055 0.0652741514 0.0783289817
1 0.1011749347 0.4020887728 0.0587467363 0.0783289817
1 0.1644908616 0.4014360313 0.0652741514 0.0744125326
1 0.2610966057 0.4477806789 0.0652741514 0.0626631854
1 0.4223237598 0.4490861619 0.0691906005 0.0731070496
1 0.3309399478 0.4503916449 0.0718015666 0.0704960836
1 0.4934725849 0.4549608355 0.0783289817 0.0718015666
1 0.6253263708 0.4288511749 0.1331592689 0.0561357702
1 0.1618798956 0.5417754569 0.0600522193 0.0522193211
1 0.1005221932 0.5391644909 0.0574412533 0.0443864230
1 0.2676240209 0.5189295039 0.0731070496 0.0691906005
1 0.4216710183 0.5221932115 0.0704960836 0.0731070496
1 0.4908616188 0.5261096606 0.0731070496 0.0704960836
8 0.6338120104 0.5195822454 0.1475195822 0.0913838120
1 0.8655352480 0.4862924282 0.1514360313 0.1422976501
1 0.9654046997 0.4882506527 0.0691906005 0.1383812010
1 0.2591383812 0.5900783290 0.0613577023 0.0731070496
1 0.3237597911 0.5979112272 0.0652741514 0.0757180157
1 0.4190600522 0.5926892950 0.0678851175 0.0809399478
1 0.4862924282 0.5998694517 0.0691906005 0.0796344648
8 0.6396866841 0.6272845953 0.1697127937 0.1057441253
1 0.8550913838 0.6174934726 0.1383812010 0.1279373368
1 0.9582245431 0.6266318538 0.0835509138 0.1383812010
1 0.2630548303 0.6644908616 0.0509138381 0.0548302872
1 0.4151436031 0.6723237598 0.0678851175 0.0809399478
1 0.3276762402 0.6644908616 0.0678851175 0.0704960836
1 0.4843342037 0.6742819843 0.0704960836 0.0822454308
1 0.4164490862 0.7408616188 0.0652741514 0.0718015666
1 0.4830287206 0.7493472585 0.0731070496 0.0704960836
1 0.6298955614 0.7349869452 0.1553524804 0.1279373368
1 0.8466057441 0.7506527415 0.1396866841 0.1357702350
1 0.9588772846 0.7578328982 0.0822454308 0.1422976501
