2 0.5528846154 0.0201923077 0.2211538462 0.0403846154
2 0.0711538462 0.0500000000 0.1423076923 0.1000000000
2 0.2259615385 0.0375000000 0.1596153846 0.0750000000
2 0.3903846154 0.0288461538 0.1846153846 0.0576923077
4 0.2519230769 0.1596153846 0.0576923077 0.1346153846
4 0.1932692308 0.1663461538 0.0596153846 0.1326923077
4 0.3134615385 0.1528846154 0.0653846154 0.1403846154
4 0.3769230769 0.1480769231 0.0653846154 0.1307692308
4 0.4423076923 0.1413461538 0.0730769231 0.1288461538
2 0.8115384615 0.1105769231 0.3769230769 0.2211538462
4 0.0240384615 0.1884615385 0.0480769231 0.1192307692
4 0.1365384615 0.1730769231 0.0615384615 0.1307692308
4 0.0778846154 0.1778846154 0.0557692308 0.1288461538
6 0.5500000000 0.3038461538 0.0692307692 0.0807692308
7 0.1403846154 0.4942307692 0.0961538462 0.0461538462
4 0.0894230769 0.3471153846 0.0673076923 0.1403846154
4 0.0298076923 0.3509615385 0.0596153846 0.1365384615
4 0.2134615385 0.3461538462 0.0692307692 0.1653846154
7 0.2288461538 0.4903846154 0.0846153846 0.0461538462
4 0.1519230769 0.3519230769 0.0653846154 0.1538461538
4 0.2778846154 0.3413461538 0.0673076923 0.1634615385
7 0.3394230769 0.4875000000 0.0480769231 0.0403846154
4 0.3403846154 0.3365384615 0.0653846154 0.1653846154
7 0.3826923077 0.4846153846 0.0461538462 0.0384615385
7 0.2942307692 0.4875000000 0.0461538462 0.0403846154
4 0.4701923077 0.3384615385 0.0673076923 0.1653846154
7 0.4278846154 0.4730769231 0.0480769231 0.0615384615
4 0.4019230769 0.3384615385 0.0692307692 0.1692307692
7 0.4730769231 0.4740384615 0.0500000000 0.0634615385
6 0.6375000000 0.3865384615 0.0788461538 0.1576923077
7 0.0048076923 0.5442307692 0.0096153846 0.0576923077
7 0.0519230769 0.5403846154 0.0923076923 0.0538461538
7 0.0500000000 0.4980769231 0.0961538462 0.0423076923
7 0.1423076923 0.5375000000 0.0961538462 0.0596153846
7 0.2336538462 0.5365384615 0.0865384615 0.0538461538
7 0.1990384615 0.5865384615 0.0865384615 0.0538461538
7 0.3692307692 0.5317307692 0.0730769231 0.0519230769
7 0.4317307692 0.5298076923 0.0557692308 0.0557692308
4 0.0182692308 0.7634615385 0.0365384615 0.1576923077
4 0.0653846154 0.7644230769 0.0615384615 0.1557692308
4 0.1269230769 0.7653846154 0.0653846154 0.1576923077
4 0.1913461538 0.7644230769 0.0673076923 0.1634615385
4 0.2548076923 0.7682692308 0.0673076923 0.1634615385
7 0.3192307692 0.7663461538 0.0653846154 0.1634615385
4 0.4615384615 0.7644230769 0.0769230769 0.1865384615
4 0.3932692308 0.7711538462 0.0750000000 0.1653846154
4 0.6086538462 0.7692307692 0.0903846154 0.1961538462
4 0.5346153846 0.7653846154 0.0846153846 0.1923076923
4 0.6788461538 0.7750000000 0.0846153846 0.2076923077
