2 0.3549578059 0.0622362869 0.0812236287 0.1244725738
2 0.4620253165 0.0648734177 0.1413502110 0.1297468354
1 0.5901898734 0.0421940928 0.1191983122 0.0843881857
1 0.7056962025 0.0427215190 0.1244725738 0.0854430380
2 0.6471518987 0.1329113924 0.2289029536 0.0928270042
1 0.3454641350 0.2436708861 0.0601265823 0.1202531646
1 0.4372362869 0.2426160338 0.1255274262 0.1223628692
1 0.5595991561 0.2410337553 0.1276371308 0.1213080169
1 0.6967299578 0.2389240506 0.1508438819 0.1213080169
1 0.3718354430 0.3560126582 0.1023206751 0.1044303797
1 0.4483122363 0.3639240506 0.0527426160 0.1223628692
1 0.5010548523 0.3628691983 0.0548523207 0.1202531646
1 0.5574894515 0.3602320675 0.0622362869 0.1191983122
1 0.6170886076 0.3612869198 0.0590717300 0.1213080169
1 0.7099156118 0.3602320675 0.1265822785 0.1191983122
1 0.3396624473 0.5342827004 0.0632911392 0.1550632911
1 0.3992616034 0.5342827004 0.0580168776 0.1529535865
1 0.4567510549 0.5342827004 0.0590717300 0.1487341772
1 0.5126582278 0.5279535865 0.0569620253 0.1445147679
1 0.5664556962 0.5305907173 0.0527426160 0.1518987342
1 0.6218354430 0.5427215190 0.0622362869 0.1761603376
1 0.6835443038 0.5427215190 0.0675105485 0.1824894515
1 0.7457805907 0.5427215190 0.0675105485 0.1782700422
1 0.5564345992 0.6809071730 0.1445147679 0.0875527426
1 0.7025316456 0.6719409283 0.1455696203 0.0738396624
1 0.4055907173 0.6867088608 0.1508438819 0.0907172996
1 0.5638185654 0.7684599156 0.1445147679 0.0875527426
1 0.7046413502 0.7463080169 0.1350210970 0.0770042194
1 0.4071729958 0.7747890295 0.1603375527 0.0917721519
1 0.3449367089 0.8728902954 0.0801687764 0.0791139241
1 0.3433544304 0.9477848101 0.0812236287 0.0770042194
1 0.4208860759 0.9446202532 0.0780590717 0.0664556962
1 0.4224683544 0.8686708861 0.0770042194 0.0706751055
1 0.5047468354 0.9514767932 0.0896624473 0.0675105485
1 0.5031645570 0.8670886076 0.0822784810 0.0822784810
1 0.5917721519 0.9446202532 0.0822784810 0.0706751055
1 0.5864978903 0.8728902954 0.0843881857 0.0748945148
1 0.6640295359 0.8765822785 0.0727848101 0.0696202532
1 0.6671940928 0.9456751055 0.0706751055 0.0706751055
1 0.7399789030 0.9456751055 0.0748945148 0.0706751055
1 0.7399789030 0.8750000000 0.0748945148 0.0706751055
