5 0.9886731392 0.0954692557 0.0226537217 0.0679611650
5 0.9902912621 0.0315533981 0.0194174757 0.0631067961
5 0.7249190939 0.1108414239 0.1003236246 0.0566343042
5 0.7322006472 0.2330097087 0.1084142395 0.0291262136
5 0.9223300971 0.1067961165 0.0938511327 0.0550161812
5 0.8381877023 0.2297734628 0.1100323625 0.0323624595
5 0.8252427184 0.1116504854 0.1035598706 0.0582524272
5 0.9490291262 0.1933656958 0.1019417476 0.0501618123
5 0.7330097087 0.3122977346 0.1067961165 0.1359223301
5 0.8430420712 0.3058252427 0.1132686084 0.1391585761
5 0.9514563107 0.2969255663 0.0970873786 0.1472491909
1 0.6003236246 0.4085760518 0.0873786408 0.0501618123
5 0.7346278317 0.4838187702 0.1100323625 0.1521035599
5 0.8543689320 0.4789644013 0.1229773463 0.1553398058
5 0.9571197411 0.4733009709 0.0857605178 0.1634304207
1 0.5914239482 0.6165048544 0.0825242718 0.0776699029
5 0.7402912621 0.6407766990 0.1116504854 0.0485436893
5 0.8567961165 0.6407766990 0.1148867314 0.0582524272
5 0.9579288026 0.6383495146 0.0841423948 0.0566343042
1 0.3640776699 0.7079288026 0.0938511327 0.0825242718
1 0.4708737864 0.7014563107 0.0938511327 0.0922330097
1 0.5776699029 0.7063106796 0.1003236246 0.0857605178
5 0.8535598706 0.7087378641 0.1181229773 0.0809061489
5 0.9595469256 0.7063106796 0.0809061489 0.0857605178
1 0.1262135922 0.7977346278 0.0550161812 0.0711974110
1 0.1229773463 0.8737864078 0.0647249191 0.0744336570
1 0.2969255663 0.8770226537 0.0922330097 0.0809061489
1 0.2961165049 0.7985436893 0.0970873786 0.0728155340
1 0.2038834951 0.8786407767 0.0970873786 0.0809061489
1 0.2038834951 0.8001618123 0.0970873786 0.0760517799
1 0.3964401294 0.8058252427 0.0970873786 0.0841423948
1 0.3948220065 0.8923948220 0.1003236246 0.0889967638
1 0.4951456311 0.8009708738 0.1035598706 0.0809061489
1 0.4951456311 0.8802588997 0.1003236246 0.0809061489
1 0.5987055016 0.8915857605 0.1003236246 0.0873786408
1 0.5978964401 0.8050161812 0.0987055016 0.0825242718
5 0.7313915858 0.8786407767 0.0970873786 0.0679611650
5 0.7289644013 0.8042071197 0.0954692557 0.0776699029
5 0.8309061489 0.8867313916 0.1019417476 0.0744336570
5 0.8284789644 0.8098705502 0.0970873786 0.0760517799
5 0.9271844660 0.8956310680 0.0938511327 0.0728155340
5 0.9886731392 0.8948220065 0.0226537217 0.0744336570
5 0.9312297735 0.8252427184 0.1019417476 0.0550161812
5 0.9894822006 0.8260517799 0.0210355987 0.0533980583
1 0.0631067961 0.9781553398 0.0906148867 0.0436893204
1 0.1512944984 0.9797734628 0.0857605178 0.0404530744
1 0.2394822006 0.9781553398 0.0776699029 0.0436893204
1 0.3292880259 0.9773462783 0.0922330097 0.0453074434
1 0.4190938511 0.9781553398 0.0906148867 0.0436893204
1 0.5113268608 0.9781553398 0.0906148867 0.0436893204
1 0.6051779935 0.9789644013 0.0970873786 0.0420711974
5 0.7370550162 0.9838187702 0.1051779935 0.0323624595
5 0.8430420712 0.9862459547 0.1100323625 0.0275080906
5 0.9482200647 0.9870550162 0.1003236246 0.0258899676
