7 0.2015761095 0.0537121526 0.0580671920 0.0311074243
7 0.2513479884 0.0528826213 0.0506014102 0.0294483617
7 0.2484446288 0.0300705102 0.0572376607 0.0286188304
7 0.2586063874 0.0130651182 0.0452094567 0.0170053920
7 0.3521360431 0.0514309415 0.0754873496 0.0340107839
7 0.4809207798 0.0518457072 0.0783907092 0.0447946910
7 0.2088345085 0.0740356698 0.0518457072 0.0344255496
7 0.2525922854 0.0765242638 0.0456242223 0.0286188304
7 0.2374533389 0.1209041891 0.0634591456 0.0269597677
7 0.2349647449 0.0991289921 0.0626296143 0.0306926586
4 0.3461219411 0.1030692659 0.0783907092 0.0385732061
4 0.3492326835 0.0773537951 0.0788054749 0.0344255496
4 0.4813355454 0.0866860224 0.0750725840 0.0464537536
4 0.4651596848 0.1155122356 0.1032766487 0.0402322688
7 0.5663625052 0.0956034840 0.0543343011 0.0468685193
7 0.6213189548 0.0962256325 0.0555785981 0.0439651597
7 0.6860223973 0.1105350477 0.0348403152 0.0261302364
7 0.7200331813 0.1070095396 0.0398175031 0.0323517213
7 0.7540439652 0.1111571962 0.0364993779 0.0398175031
7 0.2235586893 0.1912069681 0.0779759436 0.0306926586
7 0.2343425964 0.1690170054 0.0564081294 0.0294483617
7 0.2339278308 0.1453753629 0.0638739112 0.0302778930
4 0.3425964330 0.1335545417 0.0763168810 0.0373289092
4 0.3396930734 0.1673579428 0.0796350062 0.0394027375
1 0.4576939029 0.1841559519 0.0418913314 0.0539195355
7 0.4809207798 0.1451679801 0.0759021153 0.0348403152
1 0.4981335545 0.1909995852 0.0389879718 0.0543343011
7 0.5661551224 0.1414350892 0.0290335960 0.0431356284
7 0.5991289921 0.1578183326 0.0377436748 0.0418913314
7 0.6327250104 0.1636250518 0.0319369556 0.0377436748
7 0.6314807134 0.1339693073 0.0402322688 0.0331812526
7 0.7299875570 0.1883036085 0.0953961012 0.0530900041
7 0.7277063459 0.1459975114 0.0933222729 0.0506014102
7 0.1563666528 0.2129821651 0.0663625052 0.0277892990
7 0.1739941933 0.2501036914 0.0510161759 0.0240564081
7 0.2216922439 0.2171298217 0.0659477395 0.0294483617
7 0.2243882207 0.2430526752 0.0622148486 0.0298631273
4 0.3280796350 0.2009539610 0.0862712567 0.0435503940
4 0.3241393613 0.2393197843 0.0891746163 0.0464537536
1 0.4178763998 0.2324761510 0.0443799253 0.0576524264
1 0.4923268353 0.2434674409 0.0323517213 0.0506014102
1 0.4576939029 0.2368311904 0.0418913314 0.0506014102
1 0.6117793447 0.2496889258 0.0746578183 0.0613853173
1 0.6086686022 0.2051016176 0.0792202406 0.0576524264
7 0.7272915803 0.2293654085 0.0891746163 0.0588967234
7 0.1762754044 0.2961426794 0.0273745334 0.0331812526
7 0.1764827872 0.2687681460 0.0576524264 0.0282040647
1 0.2098714226 0.3287017835 0.0680215678 0.0294483617
7 0.2053090004 0.2957279137 0.0340107839 0.0290335960
7 0.2254251348 0.2700124430 0.0493571132 0.0273745334
7 0.2330982995 0.2965574450 0.0282040647 0.0315221900
1 0.3166735794 0.3199917047 0.0742430527 0.0418913314
4 0.3199917047 0.2820406470 0.0866860224 0.0489423476
1 0.4153878059 0.2851513895 0.0427208627 0.0559933637
1 0.4560348403 0.2880547491 0.0402322688 0.0535047698
1 0.4460804645 0.3365823310 0.0510161759 0.0501866445
1 0.4927416010 0.2936540854 0.0348403152 0.0514309415
1 0.6076316881 0.2973869764 0.0738282870 0.0597262547
1 0.7316466197 0.3127333057 0.0962256325 0.0423060971
1 0.7314392368 0.2733305682 0.0974699295 0.0464537536
1 0.1829116549 0.3851099129 0.0846121941 0.0933222729
1 0.3123185400 0.3927830776 0.0746578183 0.0398175031
1 0.3156366653 0.3581501452 0.0713396931 0.0352550809
1 0.4388220655 0.3892575695 0.0514309415 0.0584819577
1 0.4919120697 0.3415595189 0.0414765657 0.0443799253
1 0.4861053505 0.3925756947 0.0481128163 0.0568228951
1 0.6119867275 0.3981750311 0.0783907092 0.0522604728
1 0.6086686022 0.3469514724 0.0866860224 0.0568228951
1 0.7490667773 0.3691414351 0.0721692244 0.0829531315
1 0.1735794276 0.4742845292 0.0825383658 0.0966403982
1 0.3148071340 0.4315636665 0.0871007881 0.0394027375
1 0.3116963915 0.4664039818 0.0883450850 0.0402322688
1 0.4396515968 0.4462878474 0.0481128163 0.0564081294
1 0.4848610535 0.4491912070 0.0431356284 0.0580671920
1 0.6138531730 0.4446287847 0.0829531315 0.0522604728
1 0.7511406056 0.4690999585 0.0771464123 0.0431356284
1 0.7530070510 0.4280381584 0.0767316466 0.0497718789
1 0.3077561178 0.5045624222 0.0871007881 0.0427208627
1 0.3058896723 0.5454168395 0.0900041477 0.0406470344
1 0.4898382414 0.5043550394 0.0406470344 0.0522604728
1 0.4446287847 0.5016590626 0.0514309415 0.0543343011
1 0.6124014932 0.4929489838 0.0817088345 0.0526752385
1 0.6140605558 0.5458316051 0.0858564911 0.0564081294
1 0.7523849025 0.5103691414 0.0680215678 0.0435503940
1 0.1468270427 0.5694732476 0.1294068851 0.0978846951
1 0.3013272501 0.5846121941 0.0866860224 0.0410618001
1 0.4390294484 0.5555785981 0.0518457072 0.0559933637
0 0.4612194110 0.6124014932 0.0945665699 0.0584819577
1 0.4865201161 0.5588967234 0.0439651597 0.0559933637
0 0.6196598922 0.5987142265 0.0290335960 0.0559933637
1 0.7534218167 0.5572376607 0.0750725840 0.0485275819
1 0.7552882621 0.6059726255 0.0763168810 0.0497718789
7 0.1437163003 0.6499377852 0.0850269598 0.0472832849
7 0.2915802572 0.6291995023 0.0920779759 0.0497718789
0 0.4361260888 0.6739941933 0.0576524264 0.0622148486
0 0.4869348818 0.6723351307 0.0431356284 0.0613853173
0 0.5918705931 0.6571961842 0.0539195355 0.0667772708
0 0.6327250104 0.6578183326 0.0286188304 0.0638739112
0 0.7596433015 0.6594773953 0.0759021153 0.0588967234
7 0.1343840730 0.7013687267 0.0895893820 0.0522604728
7 0.2861883036 0.7003318125 0.0970551638 0.0958108669
0 0.3971381170 0.7357942762 0.0452094567 0.0597262547
0 0.4641227706 0.7376607217 0.0871007881 0.0692658648
0 0.6084612194 0.7268768146 0.0821236002 0.0734135214
0 0.7619245127 0.7181667358 0.0804645375 0.0593114890
7 0.1244296972 0.7747822480 0.1103276649 0.1012028204
7 0.2861883036 0.7859809208 0.0920779759 0.0829531315
0 0.4616341767 0.8031936956 0.0879303194 0.0700953961
0 0.6144753214 0.7967648279 0.0709249274 0.0713396931
0 0.7866030693 0.7766486935 0.0360846122 0.0601410203
0 0.7438822066 0.7778929905 0.0526752385 0.0576524264
7 0.1159270012 0.8755703028 0.1057652426 0.1036914144
7 0.2681459975 0.8875985068 0.0991289921 0.1028618830
0 0.4342596433 0.8730817088 0.0580671920 0.0746578183
0 0.4854832020 0.8728743260 0.0468685193 0.0767316466
0 0.6377021983 0.8579427623 0.0311074243 0.0676068022
0 0.7967648279 0.9006636251 0.0282040647 0.0684363335
0 0.7600580672 0.9017005392 0.0476980506 0.0688510991
0 0.7888842804 0.8359601825 0.0423060971 0.0576524264
0 0.7438822066 0.8376192451 0.0551638324 0.0609705516
7 0.1051430942 0.9614267939 0.0982994608 0.0771464123
7 0.2621318955 0.9684778100 0.0912484446 0.0630443799
0 0.3795105765 0.9427623393 0.0564081294 0.0696806304
0 0.4506428868 0.9448361676 0.0908336790 0.0788054749
0 0.6109498134 0.9093737039 0.0804645375 0.0717544587
0 0.7617171298 0.9684778100 0.0468685193 0.0630443799
0 0.8004977188 0.9682704272 0.0331812526 0.0634591456
0 0.4323931978 0.9898382414 0.0543343011 0.0203235172
0 0.3786810452 0.9881791788 0.0539195355 0.0236416425
0 0.4813355454 0.9877644131 0.0476980506 0.0244711738
0 0.6416424720 0.9757362090 0.0265450021 0.0485275819
0 0.6014102032 0.9786395686 0.0539195355 0.0427208627
