1 0.2973651192 0.5526976161 0.1480552070 0.0715181932
1 0.4404015056 0.5332496863 0.0928481807 0.0878293601
1 0.5207026349 0.5363864492 0.0752823087 0.0790464241
1 0.6668757842 0.5313676286 0.1292346299 0.0966122961
1 0.9096612296 0.5238393977 0.1129234630 0.1041405270
2 0.9792973651 0.5106649937 0.0414052698 0.1079046424
1 0.0727728984 0.6097867001 0.1455457967 0.1580928482
1 0.1882057716 0.5978670013 0.0627352572 0.1317440402
1 0.3023839398 0.6135508156 0.1455457967 0.0677540778
1 0.5200752823 0.6173149310 0.0740276035 0.0777917189
1 0.4454203262 0.6185696361 0.0777917189 0.0803011292
1 0.6662484316 0.6060225847 0.1279799247 0.0828105395
1 0.8964868256 0.6110414053 0.1141781681 0.0928481807
1 0.3086574655 0.7214554580 0.1405269762 0.0627352572
1 0.3017565872 0.6668757842 0.1468005019 0.0664993726
1 0.5175658720 0.6907151819 0.0740276035 0.0790464241
1 0.4473023839 0.6988707654 0.0765370138 0.0777917189
1 0.5934755332 0.6725219573 0.0752823087 0.0702634881
1 0.6850690088 0.6781681305 0.0727728984 0.0840652447
1 0.8776662484 0.6831869511 0.1342534504 0.0790464241
1 0.0865746550 0.7490589711 0.1631116688 0.1455457967
1 0.3111668758 0.7785445420 0.1405269762 0.0664993726
1 0.4535759097 0.7678795483 0.0815558344 0.0702634881
1 0.5200752823 0.7628607277 0.0690087829 0.0727728984
1 0.5959849435 0.7427854454 0.0652446675 0.0752823087
1 0.6838143036 0.7666248432 0.0677540778 0.0853199498
1 0.8776662484 0.7446675031 0.0991217064 0.0865746550
1 0.8613550816 0.7948557089 0.1342534504 0.0790464241
8 0.9824341280 0.7954830615 0.0351317440 0.0878293601
1 0.0947302384 0.8776662484 0.1593475533 0.1392722710
1 0.1894604768 0.8531994981 0.0526976161 0.0727728984
1 0.2465495609 0.8419071518 0.0564617315 0.0652446675
3 0.3243412798 0.8237139272 0.1016311167 0.0614805521
3 0.3293601004 0.8657465496 0.0915934755 0.0602258469
1 0.4780426600 0.8318695107 0.1580928482 0.0652446675
1 0.5213299875 0.8971141782 0.0589711418 0.0828105395
1 0.5959849435 0.8230865747 0.0602258469 0.0752823087
1 0.6787954831 0.8437892095 0.0652446675 0.0765370138
1 0.8582183187 0.8550815558 0.1129234630 0.0915934755
1 0.2528230866 0.9052697616 0.0614805521 0.0664993726
3 0.3086574655 0.9529485571 0.0451693852 0.0514429109
3 0.3099121706 0.9146800502 0.0451693852 0.0501882058
3 0.3531994981 0.9447929737 0.0439146801 0.0501882058
3 0.3550815558 0.9046424090 0.0451693852 0.0501882058
1 0.4592220828 0.9033877039 0.0677540778 0.0803011292
