1 0.6309288538 0.0088932806 0.0938735178 0.0177865613
1 0.5479249012 0.0059288538 0.0958498024 0.0118577075
4 0.9644268775 0.0148221344 0.0711462451 0.0296442688
1 0.8967391304 0.0034584980 0.0998023715 0.0069169960
0 0.0637351779 0.2030632411 0.1274703557 0.1373517787
1 0.3354743083 0.2099802372 0.1333992095 0.1235177866
1 0.5958498024 0.2114624506 0.1343873518 0.1146245059
1 0.7317193676 0.2094861660 0.1393280632 0.1225296443
1 0.9565217391 0.1536561265 0.0869565217 0.1017786561
0 0.0652173913 0.3241106719 0.1304347826 0.1027667984
1 0.3275691700 0.3231225296 0.1333992095 0.1047430830
0 0.2000988142 0.2628458498 0.1393280632 0.2252964427
1 0.4575098814 0.3310276680 0.1245059289 0.0968379447
1 0.4639328063 0.2233201581 0.1294466403 0.1225296443
1 0.5889328063 0.3191699605 0.1383399209 0.1027667984
1 0.8453557312 0.3359683794 0.1057312253 0.0988142292
1 0.7238142292 0.3221343874 0.1353754941 0.1146245059
1 0.9491106719 0.3379446640 0.1017786561 0.0830039526
1 0.9545454545 0.2504940711 0.0909090909 0.0958498024
1 0.8572134387 0.2267786561 0.1195652174 0.1215415020
0 0.0074110672 0.6136363636 0.0148221344 0.1956521739
0 0.0918972332 0.6714426877 0.1521739130 0.0681818182
0 0.0933794466 0.5741106719 0.1590909091 0.1284584980
0 0.2327075099 0.6403162055 0.1333992095 0.0691699605
1 0.4846837945 0.6230237154 0.1254940711 0.1946640316
1 0.3586956522 0.6269762846 0.1343873518 0.2045454545
1 0.5998023715 0.6264822134 0.1245059289 0.1976284585
1 0.8325098814 0.6141304348 0.1353754941 0.2065217391
1 0.7104743083 0.6220355731 0.1245059289 0.1867588933
1 0.9397233202 0.6116600791 0.1205533597 0.1758893281
1 0.9955533597 0.6215415020 0.0088932806 0.1778656126
0 0.0093873518 0.9416996047 0.0187747036 0.1166007905
0 0.0884387352 0.9416996047 0.1393280632 0.1166007905
1 0.3315217391 0.9347826087 0.1156126482 0.1304347826
1 0.2154150198 0.9362648221 0.1185770751 0.1274703557
1 0.4431818182 0.9377470356 0.1037549407 0.1245059289
1 0.5415019763 0.9308300395 0.1027667984 0.1383399209
1 0.6393280632 0.9333003953 0.1185770751 0.1333992095
1 0.7796442688 0.9313241107 0.1976284585 0.1373517787
1 0.9762845850 0.8952569170 0.0474308300 0.2094861660
1 0.9140316206 0.8962450593 0.1007905138 0.2075098814
