1 0.2732067511 0.0089662447 0.0464135021 0.0179324895
1 0.3264767932 0.0131856540 0.0537974684 0.0263713080
1 0.4314345992 0.0210970464 0.0506329114 0.0421940928
1 0.3813291139 0.0142405063 0.0516877637 0.0284810127
1 0.4799578059 0.0274261603 0.0527426160 0.0548523207
1 0.5305907173 0.0247890295 0.0421940928 0.0495780591
7 0.6081223629 0.0247890295 0.1424050633 0.0495780591
1 0.6845991561 0.0537974684 0.0949367089 0.0506329114
2 0.9018987342 0.0611814346 0.1645569620 0.0864978903
2 0.6861814346 0.1007383966 0.1107594937 0.0622362869
1 0.7420886076 0.0654008439 0.0896624473 0.0443037975
7 0.7610759494 0.1244725738 0.0495780591 0.0506329114
0 0.9103375527 0.1213080169 0.1054852321 0.0675105485
1 0.2768987342 0.1693037975 0.0601265823 0.1276371308
1 0.3333333333 0.1756329114 0.0569620253 0.1276371308
1 0.4119198312 0.1840717300 0.0959915612 0.1339662447
1 0.5094936709 0.1919831224 0.0907172996 0.1286919831
0 0.6281645570 0.1861814346 0.0516877637 0.0685654008
0 0.6798523207 0.2162447257 0.0580168776 0.1075949367
0 0.7294303797 0.2289029536 0.0537974684 0.1075949367
0 0.8243670886 0.2088607595 0.0453586498 0.0485232068
0 0.7790084388 0.2262658228 0.0453586498 0.0917721519
0 0.8312236287 0.1603375527 0.0400843882 0.0379746835
0 0.8649789030 0.2162447257 0.0443037975 0.0443037975
1 0.3095991561 0.2964135021 0.0981012658 0.1075949367
1 0.4077004219 0.3011603376 0.0981012658 0.1044303797
1 0.5005274262 0.3122362869 0.0896624473 0.0991561181
1 0.5812236287 0.3143459916 0.0843881857 0.0949367089
1 0.6650843882 0.3217299578 0.0770042194 0.0928270042
6 0.7310126582 0.3143459916 0.0548523207 0.0611814346
0 0.8201476793 0.2563291139 0.0474683544 0.0506329114
0 0.8633966245 0.2589662447 0.0495780591 0.0537974684
4 0.7695147679 0.3386075949 0.0305907173 0.0886075949
6 0.7294303797 0.3723628692 0.0580168776 0.0611814346
4 0.7948312236 0.3422995781 0.0305907173 0.0875527426
4 0.8254219409 0.3449367089 0.0348101266 0.0949367089
4 0.8523206751 0.3586497890 0.0379746835 0.1118143460
1 0.2837552743 0.4541139241 0.0506329114 0.1065400844
1 0.3333333333 0.4556962025 0.0506329114 0.1033755274
1 0.4219409283 0.4556962025 0.0421940928 0.0970464135
1 0.3818565401 0.4556962025 0.0443037975 0.1033755274
1 0.4614978903 0.4562236287 0.0411392405 0.0959915612
1 0.5015822785 0.4567510549 0.0369198312 0.0949367089
7 0.5421940928 0.4572784810 0.0400843882 0.1023206751
7 0.5981012658 0.4472573840 0.0780590717 0.0738396624
0 0.6724683544 0.4562236287 0.0727848101 0.0896624473
7 0.7642405063 0.4530590717 0.0200421941 0.0685654008
4 0.7315400844 0.4646624473 0.0495780591 0.1044303797
7 0.8243670886 0.4483122363 0.0179324895 0.0548523207
7 0.8053797468 0.4514767932 0.0242616034 0.0632911392
7 0.7837552743 0.4525316456 0.0232067511 0.0654008439
7 0.8433544304 0.4899789030 0.0242616034 0.0284810127
7 0.8649789030 0.4477848101 0.0210970464 0.0474683544
7 0.8475738397 0.4367088608 0.0263713080 0.0274261603
1 0.2948312236 0.5875527426 0.0664556962 0.0569620253
1 0.3707805907 0.5849156118 0.0601265823 0.0580168776
1 0.4351265823 0.5806962025 0.0601265823 0.0559071730
0 0.6355485232 0.5959915612 0.0474683544 0.1012658228
0 0.5965189873 0.5938818565 0.0432489451 0.0928270042
0 0.6940928270 0.5949367089 0.0675105485 0.0991561181
0 0.7510548523 0.5907172996 0.0485232068 0.0907172996
7 0.7937763713 0.5126582278 0.0411392405 0.0316455696
7 0.7969409283 0.5875527426 0.0537974684 0.0822784810
7 0.8523206751 0.5864978903 0.0611814346 0.0822784810
1 0.2916666667 0.6413502110 0.0706751055 0.0506329114
1 0.3660337553 0.6835443038 0.0759493671 0.0569620253
1 0.3644514768 0.6318565401 0.0706751055 0.0506329114
1 0.4319620253 0.6339662447 0.0559071730 0.0506329114
1 0.4388185654 0.6761603376 0.0632911392 0.0464135021
1 0.5453586498 0.6039029536 0.0590717300 0.1086497890
0 0.5922995781 0.6545358650 0.0369198312 0.0305907173
0 0.6962025316 0.6582278481 0.0611814346 0.0295358650
0 0.7489451477 0.6513713080 0.0421940928 0.0348101266
7 0.7964135021 0.6408227848 0.0548523207 0.0242616034
7 0.8539029536 0.6439873418 0.0601265823 0.0348101266
1 0.2832278481 0.7631856540 0.0537974684 0.0601265823
1 0.2974683544 0.6962025316 0.0654008439 0.0632911392
1 0.3433544304 0.7500000000 0.0622362869 0.0611814346
1 0.4103375527 0.7394514768 0.0485232068 0.0548523207
1 0.4651898734 0.7336497890 0.0675105485 0.0601265823
1 0.5321729958 0.7310126582 0.0706751055 0.0590717300
1 0.5896624473 0.7183544304 0.0485232068 0.0485232068
1 0.6508438819 0.7383966245 0.0654008439 0.1033755274
6 0.7658227848 0.7647679325 0.0569620253 0.0611814346
1 0.7104430380 0.7373417722 0.0580168776 0.1012658228
6 0.7631856540 0.7062236287 0.0495780591 0.0537974684
5 0.8106540084 0.6998945148 0.0369198312 0.0516877637
5 0.8132911392 0.7457805907 0.0421940928 0.0400843882
5 0.8143459916 0.7816455696 0.0379746835 0.0337552743
5 0.8470464135 0.7162447257 0.0295358650 0.0801687764
5 0.8818565401 0.7125527426 0.0316455696 0.0791139241
1 0.2790084388 0.8185654008 0.0559071730 0.0611814346
1 0.3396624473 0.8085443038 0.0611814346 0.0622362869
1 0.4008438819 0.8001054852 0.0632911392 0.0664556962
1 0.4646624473 0.7885021097 0.0643459916 0.0495780591
1 0.5685654008 0.8639240506 0.0590717300 0.0527426160
0 0.6867088608 0.8718354430 0.0464135021 0.0938818565
0 0.7336497890 0.8633966245 0.0516877637 0.0938818565
5 0.8074894515 0.8375527426 0.0390295359 0.0801687764
5 0.7737341772 0.8465189873 0.0327004219 0.0833333333
5 0.8570675105 0.8328059072 0.0369198312 0.0812236287
1 0.2742616034 0.9462025316 0.0611814346 0.1075949367
1 0.3359704641 0.9340717300 0.0643459916 0.1170886076
1 0.3950421941 0.9266877637 0.0601265823 0.1107594937
1 0.4530590717 0.9098101266 0.0559071730 0.1170886076
1 0.5696202532 0.9171940928 0.0611814346 0.0516877637
1 0.5094936709 0.9029535865 0.0569620253 0.1139240506
0 0.6323839662 0.8818565401 0.0643459916 0.1054852321
5 0.8001054852 0.8939873418 0.0580168776 0.0432489451
0 0.8306962025 0.9578059072 0.0622362869 0.0843881857
5 0.8644514768 0.8881856540 0.0685654008 0.0464135021
2 0.5052742616 0.9910337553 0.0928270042 0.0179324895
2 0.5944092827 0.9831223629 0.0959915612 0.0337552743
0 0.6703586498 0.9731012658 0.0559071730 0.0537974684
0 0.7283755274 0.9651898734 0.0601265823 0.0506329114
7 0.7325949367 0.9915611814 0.0559071730 0.0168776371
0 0.7816455696 0.9636075949 0.0485232068 0.0727848101
