0 0.0281214848 0.0118110236 0.0562429696 0.0236220472
0 0.1878515186 0.0269966254 0.0337457818 0.0539932508
0 0.1344206974 0.0129358830 0.0483689539 0.0258717660
0 0.3053993251 0.0174353206 0.0461192351 0.0348706412
7 0.4769403825 0.0112485939 0.0652418448 0.0202474691
7 0.4836895388 0.0416197975 0.0809898763 0.0404949381
4 0.6501687289 0.0140607424 0.0854893138 0.0281214848
0 0.0269966254 0.0556805399 0.0539932508 0.0528683915
5 0.0253093363 0.0989876265 0.0506186727 0.0359955006
0 0.1304836895 0.0449943757 0.0494938133 0.0404949381
0 0.1490438695 0.0911136108 0.0866141732 0.0697412823
0 0.3138357705 0.0984251969 0.0809898763 0.0461192351
0 0.3211473566 0.0545556805 0.0888638920 0.0438695163
0 0.3892013498 0.0545556805 0.0494938133 0.0416197975
7 0.4853768279 0.0871766029 0.0911136108 0.0528683915
4 0.6563554556 0.0500562430 0.0978627672 0.0506186727
4 0.6501687289 0.0928008999 0.0854893138 0.0416197975
5 0.0224971879 0.1344206974 0.0449943757 0.0393700787
5 0.0106861642 0.1771653543 0.0213723285 0.0461192351
0 0.1355455568 0.1355455568 0.0348706412 0.0258717660
5 0.2874015748 0.1777277840 0.0371203600 0.0404949381
5 0.3267716535 0.1771653543 0.0438695163 0.0438695163
5 0.2952755906 0.1372328459 0.0461192351 0.0382452193
5 0.3425196850 0.1377952756 0.0483689539 0.0393700787
5 0.3745781777 0.1766029246 0.0517435321 0.0472440945
5 0.4769403825 0.1709786277 0.0832395951 0.0359955006
5 0.4791901012 0.1321709786 0.0809898763 0.0416197975
4 0.6569178853 0.1321709786 0.0989876265 0.0438695163
7 0.7379077615 0.1698537683 0.0877390326 0.0359955006
5 0.0095613048 0.2260967379 0.0191226097 0.0517435321
5 0.1287964004 0.2570303712 0.0888638920 0.0573678290
5 0.1389201350 0.1996625422 0.0956130484 0.0573678290
5 0.2024746907 0.2570303712 0.0562429696 0.0573678290
5 0.2845894263 0.2210348706 0.0359955006 0.0438695163
5 0.3683914511 0.2182227222 0.0438695163 0.0472440945
5 0.3256467942 0.2204724409 0.0416197975 0.0472440945
5 0.4465691789 0.2170978628 0.0224971879 0.0517435321
5 0.4758155231 0.2165354331 0.0269966254 0.0528683915
5 0.5320584927 0.2221597300 0.0292463442 0.0506186727
5 0.5039370079 0.2170978628 0.0292463442 0.0539932508
7 0.6512935883 0.2463442070 0.0832395951 0.0382452193
7 0.6507311586 0.1917885264 0.0888638920 0.0753655793
7 0.7334083240 0.2367829021 0.0787401575 0.0731158605
5 0.0039370079 0.3239595051 0.0078740157 0.0517435321
5 0.0056242970 0.2744656918 0.0112485939 0.0472440945
5 0.1259842520 0.3166479190 0.0877390326 0.0596175478
5 0.1996625422 0.3177727784 0.0641169854 0.0596175478
5 0.2795275591 0.3110236220 0.0416197975 0.0438695163
5 0.2823397075 0.2677165354 0.0382452193 0.0449943757
5 0.3667041620 0.3312710911 0.0539932508 0.0776152981
5 0.3228346457 0.2665916760 0.0404949381 0.0449943757
5 0.3689538808 0.2671541057 0.0494938133 0.0483689539
5 0.3205849269 0.3115860517 0.0404949381 0.0449943757
5 0.4724409449 0.3082114736 0.0269966254 0.0269966254
5 0.4724409449 0.2677165354 0.0314960630 0.0494938133
5 0.4460067492 0.2677165354 0.0236220472 0.0472440945
5 0.4437570304 0.3329583802 0.0236220472 0.0269966254
5 0.4443194601 0.3042744657 0.0224971879 0.0258717660
5 0.5022497188 0.3082114736 0.0281214848 0.0269966254
5 0.5309336333 0.3104611924 0.0269966254 0.0247469066
5 0.5033745782 0.2699662542 0.0281214848 0.0494938133
7 0.6524184477 0.2851518560 0.0832395951 0.0348706412
7 0.6518560180 0.3211473566 0.0843644544 0.0348706412
7 0.7356580427 0.3059617548 0.0809898763 0.0652418448
5 0.1169853768 0.3773903262 0.0922384702 0.0618672666
5 0.1827896513 0.3807649044 0.0461192351 0.0708661417
5 0.2778402700 0.3554555681 0.0427446569 0.0449943757
5 0.2767154106 0.4026996625 0.0472440945 0.0472440945
5 0.3200224972 0.3565804274 0.0416197975 0.0472440945
5 0.3200224972 0.4010123735 0.0416197975 0.0483689539
5 0.4415073116 0.3875140607 0.0191226097 0.0236220472
5 0.4707536558 0.3616422947 0.0326209224 0.0281214848
5 0.4426321710 0.3627671541 0.0236220472 0.0258717660
5 0.4718785152 0.3340832396 0.0258717660 0.0247469066
5 0.4656917885 0.3886389201 0.0269966254 0.0236220472
5 0.5022497188 0.3633295838 0.0281214848 0.0269966254
5 0.5314960630 0.3357705287 0.0281214848 0.0258717660
5 0.4943757030 0.3886389201 0.0258717660 0.0236220472
5 0.5022497188 0.3346456693 0.0281214848 0.0258717660
5 0.5320584927 0.3650168729 0.0292463442 0.0303712036
2 0.6676040495 0.3627671541 0.1091113611 0.0483689539
2 0.7491563555 0.3644544432 0.0494938133 0.0494938133
1 0.0860517435 0.4336332958 0.0438695163 0.0528683915
1 0.1316085489 0.4347581552 0.0539932508 0.0528683915
1 0.1856017998 0.4403824522 0.0517435321 0.0551181102
1 0.2733408324 0.4550056243 0.0494938133 0.0573678290
1 0.3239595051 0.4555680540 0.0517435321 0.0562429696
1 0.4724409449 0.4161979753 0.0854893138 0.0337457818
1 0.4724409449 0.4499437570 0.0877390326 0.0359955006
1 0.6507311586 0.4206974128 0.0753655793 0.0697412823
1 0.7283464567 0.4235095613 0.0843644544 0.0708661417
1 0.0753655793 0.5359955006 0.0494938133 0.0528683915
1 0.0793025872 0.4853768279 0.0528683915 0.0551181102
1 0.1766029246 0.4881889764 0.0472440945 0.0517435321
1 0.1282339708 0.4881889764 0.0517435321 0.0539932508
1 0.1777277840 0.5444319460 0.0584926884 0.0539932508
1 0.1237345332 0.5404949381 0.0562429696 0.0551181102
1 0.2688413948 0.5140607424 0.0472440945 0.0607424072
1 0.3222722160 0.5151856018 0.0528683915 0.0607424072
1 0.4701912261 0.5269966254 0.0877390326 0.0371203600
1 0.4724409449 0.4870641170 0.0899887514 0.0404949381
1 0.6608548931 0.5000000000 0.0933633296 0.0933633296
1 0.7452193476 0.5157480315 0.0888638920 0.0911136108
1 0.0703037120 0.5911136108 0.0528683915 0.0618672666
1 0.1186726659 0.5956130484 0.0506186727 0.0551181102
1 0.1676040495 0.5967379078 0.0584926884 0.0551181102
1 0.2671541057 0.5770528684 0.0506186727 0.0629921260
1 0.3222722160 0.5804274466 0.0551181102 0.0629921260
1 0.4696287964 0.6034870641 0.0911136108 0.0416197975
1 0.4701912261 0.5646794151 0.0899887514 0.0382452193
1 0.6647919010 0.5911136108 0.0944881890 0.0978627672
1 0.7508436445 0.6046119235 0.0888638920 0.0933633296
1 0.0579302587 0.6563554556 0.0506186727 0.0686164229
1 0.1034870641 0.6524184477 0.0539932508 0.0629921260
1 0.1586051744 0.6541057368 0.0584926884 0.0618672666
1 0.2609673791 0.6389201350 0.0494938133 0.0629921260
1 0.3143982002 0.6422947132 0.0528683915 0.0607424072
1 0.4696287964 0.6850393701 0.0933633296 0.0494938133
1 0.4701912261 0.6439820022 0.0922384702 0.0461192351
1 0.6709786277 0.6867266592 0.1023622047 0.1023622047
1 0.0944881890 0.7210348706 0.0517435321 0.0697412823
1 0.0478065242 0.7232845894 0.0506186727 0.0697412823
1 0.1473565804 0.7204724409 0.0652418448 0.0686164229
1 0.2530933633 0.7575928009 0.0584926884 0.0641169854
1 0.2592800900 0.6985376828 0.0528683915 0.0562429696
1 0.3622047244 0.7092238470 0.0584926884 0.0618672666
1 0.3065241845 0.7637795276 0.0551181102 0.0697412823
1 0.3121484814 0.7064116985 0.0551181102 0.0562429696
1 0.4679415073 0.7272215973 0.0944881890 0.0506186727
1 0.7592800900 0.6979752531 0.0922384702 0.1023622047
1 0.0393700787 0.7947131609 0.0494938133 0.0776152981
1 0.0888638920 0.7919010124 0.0584926884 0.0787401575
1 0.1389201350 0.7930258718 0.0573678290 0.0787401575
1 0.2491563555 0.8211473566 0.0573678290 0.0719910011
1 0.3020247469 0.8262092238 0.0551181102 0.0798650169
1 0.3622047244 0.7688413948 0.0562429696 0.0686164229
1 0.3560179978 0.8340832396 0.0618672666 0.0753655793
3 0.4696287964 0.8155230596 0.0371203600 0.0382452193
1 0.4668166479 0.7722159730 0.0922384702 0.0528683915
3 0.4364454443 0.8143982002 0.0337457818 0.0427446569
3 0.5056242970 0.8177727784 0.0348706412 0.0382452193
1 0.6822272216 0.7890888639 0.1226096738 0.1091113611
1 0.7964004499 0.8008998875 0.1124859393 0.1124859393
1 0.0314960630 0.8689538808 0.0607424072 0.0753655793
1 0.0798650169 0.8706411699 0.0584926884 0.0832395951
1 0.1332958380 0.8728908886 0.0528683915 0.0809898763
3 0.4533183352 0.8554555681 0.0719910011 0.0438695163
3 0.5039370079 0.8577052868 0.0359955006 0.0438695163
2 0.6917885264 0.8965129359 0.1349831271 0.1214848144
2 0.8059617548 0.9077615298 0.0663667042 0.1102362205
