0 0.1836228288 0.0186104218 0.0570719603 0.0372208437
0 0.2462779156 0.0111662531 0.0707196030 0.0223325062
0 0.3145161290 0.0074441687 0.0657568238 0.0148883375
5 0.0862282878 0.0831265509 0.0806451613 0.0545905707
0 0.1259305211 0.0254342432 0.0732009926 0.0508684864
5 0.1619106700 0.0763027295 0.0682382134 0.0508684864
0 0.3591811414 0.0905707196 0.0756823821 0.1240694789
1 0.5037220844 0.0663771712 0.0669975186 0.1327543424
1 0.4330024814 0.0490074442 0.0719602978 0.0607940447
1 0.5700992556 0.0632754342 0.0657568238 0.1265508685
1 0.6383374690 0.0514888337 0.0707196030 0.1029776675
1 0.7078163772 0.0490074442 0.0756823821 0.0980148883
1 0.7803970223 0.0390818859 0.0719602978 0.0781637717
5 0.0949131514 0.1482630273 0.0434243176 0.0955334988
5 0.1929280397 0.1321339950 0.0384615385 0.0980148883
5 0.1532258065 0.1426799007 0.0459057072 0.0942928040
0 0.2400744417 0.1122828784 0.0607940447 0.1104218362
0 0.2952853598 0.1023573201 0.0545905707 0.1104218362
1 0.4342431762 0.1116625310 0.0694789082 0.0620347395
1 0.5564516129 0.2003722084 0.0756823821 0.0583126551
1 0.6315136476 0.1867245658 0.0744416873 0.0781637717
1 0.7034739454 0.1767990074 0.0719602978 0.0732009926
1 0.7748138958 0.1650124069 0.0657568238 0.0719602978
5 0.1073200993 0.2853598015 0.0334987593 0.0942928040
5 0.0657568238 0.2897022333 0.0372208437 0.0930521092
5 0.1451612903 0.2084367246 0.0446650124 0.0397022333
5 0.1464019851 0.2506203474 0.0496277916 0.0471464020
5 0.1495037221 0.3045905707 0.0434243176 0.0607940447
6 0.2053349876 0.2971464020 0.0583126551 0.0632754342
1 0.2673697270 0.2605459057 0.0682382134 0.1191066998
6 0.2022332506 0.2282878412 0.0669975186 0.0719602978
1 0.3374689826 0.2593052109 0.0769230769 0.1215880893
1 0.4094292804 0.2828784119 0.0570719603 0.0570719603
1 0.4770471464 0.2679900744 0.0831265509 0.0694789082
1 0.5558312655 0.2648883375 0.0794044665 0.0707196030
1 0.6203473945 0.2580645161 0.0570719603 0.0645161290
1 0.6991315136 0.2456575682 0.0732009926 0.0719602978
1 0.7537220844 0.3095533499 0.0781637717 0.0756823821
1 0.7698511166 0.2301488834 0.0632754342 0.0707196030
7 0.0986352357 0.3703473945 0.0707196030 0.0409429280
7 0.1662531017 0.3740694789 0.0645161290 0.0285359801
0 0.2220843672 0.3616625310 0.0496277916 0.0409429280
0 0.2841191067 0.3535980149 0.0719602978 0.0347394541
0 0.4063275434 0.3579404467 0.0434243176 0.0359801489
1 0.4615384615 0.4174937965 0.0694789082 0.1277915633
1 0.5868486352 0.3325062035 0.0744416873 0.0545905707
1 0.5949131514 0.3821339950 0.0657568238 0.0595533499
1 0.6743176179 0.3846153846 0.0831265509 0.0595533499
1 0.6724565757 0.3238213400 0.0893300248 0.0669975186
1 0.7599255583 0.3734491315 0.0831265509 0.0595533499
7 0.1004962779 0.4379652605 0.0719602978 0.0967741935
7 0.1656327543 0.4367245658 0.0632754342 0.0967741935
7 0.1693548387 0.5248138958 0.0483870968 0.0372208437
0 0.2196029777 0.4330024814 0.0570719603 0.1066997519
0 0.2866004963 0.4280397022 0.0794044665 0.1166253102
0 0.4013647643 0.4292803970 0.0508684864 0.1091811414
0 0.3554590571 0.4267990074 0.0558312655 0.1191066998
1 0.5911910670 0.4447890819 0.0707196030 0.0657568238
1 0.6668734491 0.4398263027 0.0707196030 0.0682382134
1 0.7562034739 0.4367245658 0.0781637717 0.0669975186
7 0.1060794045 0.6141439206 0.0310173697 0.0322580645
7 0.0856079404 0.6011166253 0.0248138958 0.0558312655
7 0.1110421836 0.5514888337 0.0285359801 0.0334987593
7 0.1811414392 0.5955334988 0.0272952854 0.0769230769
7 0.1557071960 0.5967741935 0.0285359801 0.0744416873
7 0.1333746898 0.6004962779 0.0210918114 0.0645161290
4 0.2425558313 0.5812655087 0.0583126551 0.1228287841
7 0.2040942928 0.5949131514 0.0235732010 0.0806451613
0 0.3120347395 0.5911910670 0.0856079404 0.1054590571
7 0.3995037221 0.6017369727 0.0918114144 0.0868486352
7 0.4652605459 0.5899503722 0.0471464020 0.1203473945
1 0.5601736973 0.5911910670 0.0483870968 0.1129032258
1 0.5130272953 0.5905707196 0.0434243176 0.1116625310
1 0.6538461538 0.5918114144 0.0521091811 0.1215880893
1 0.6066997519 0.5918114144 0.0496277916 0.1141439206
1 0.7109181141 0.5918114144 0.0595533499 0.1215880893
1 0.7692307692 0.5942928040 0.0595533499 0.1240694789
4 0.1004962779 0.7059553350 0.0446650124 0.1315136476
4 0.1321339950 0.7220843672 0.0409429280 0.1116625310
4 0.1681141439 0.7251861042 0.0359801489 0.1029776675
6 0.2450372208 0.6898263027 0.0682382134 0.0719602978
4 0.1978908189 0.7295285360 0.0359801489 0.1042183623
0 0.0874689826 0.8232009926 0.0583126551 0.0632754342
0 0.1383374690 0.8263027295 0.0558312655 0.0595533499
6 0.2431761787 0.7580645161 0.0645161290 0.0719602978
1 0.3207196030 0.7493796526 0.0905707196 0.1091811414
1 0.4193548387 0.7580645161 0.0992555831 0.1116625310
1 0.5142679901 0.7605459057 0.1054590571 0.1166253102
1 0.6234491315 0.7735732010 0.1153846154 0.1228287841
1 0.7388337469 0.7791563275 0.1153846154 0.1265508685
0 0.0856079404 0.8734491315 0.0521091811 0.0521091811
0 0.1253101737 0.9392059553 0.0471464020 0.0446650124
0 0.1867245658 0.8616625310 0.0533498759 0.1079404467
0 0.1333746898 0.8821339950 0.0533498759 0.0570719603
0 0.2450372208 0.8585607940 0.0632754342 0.1265508685
0 0.3033498759 0.8734491315 0.0682382134 0.1265508685
1 0.5037220844 0.9019851117 0.1066997519 0.1513647643
1 0.6184863524 0.9112903226 0.1129032258 0.1575682382
1 0.7109181141 0.9218362283 0.0669975186 0.1488833747
1 0.7772952854 0.9267990074 0.0707196030 0.1464019851
0 0.0471464020 0.9727047146 0.0942928040 0.0545905707
7 0.2078163772 0.9758064516 0.0583126551 0.0483870968
2 0.2959057072 0.9863523573 0.1302729529 0.0272952854
0 0.3641439206 0.9088089330 0.0607940447 0.0806451613
