1 0.0352323838 0.3823088456 0.0704647676 0.0899550225
1 0.0337331334 0.4542728636 0.0674662669 0.0869565217
1 0.1956521739 0.4317841079 0.1934032984 0.1619190405
1 0.3898050975 0.4160419790 0.0929535232 0.0974512744
1 0.4722638681 0.4190404798 0.0779610195 0.0914542729
1 0.6221889055 0.4175412294 0.1979010495 0.0824587706
8 0.9505247376 0.4902548726 0.0959520240 0.1469265367
8 0.8590704648 0.4760119940 0.0959520240 0.1454272864
1 0.0337331334 0.5322338831 0.0674662669 0.0899550225
1 0.2151424288 0.5899550225 0.1574212894 0.1604197901
1 0.3853073463 0.5074962519 0.0839580210 0.0914542729
1 0.4685157421 0.5082458771 0.0854572714 0.0869565217
1 0.6536731634 0.5787106447 0.1439280360 0.0929535232
1 0.6536731634 0.4970014993 0.1439280360 0.0914542729
1 0.0314842579 0.6056971514 0.0629685157 0.0899550225
1 0.0292353823 0.6769115442 0.0584707646 0.0824587706
1 0.3853073463 0.6041979010 0.0839580210 0.1019490255
1 0.4677661169 0.6064467766 0.0839580210 0.1034482759
1 0.6529235382 0.6694152924 0.1484257871 0.0974512744
2 0.8920539730 0.6094452774 0.2158920540 0.1214392804
1 0.0254872564 0.7496251874 0.0509745127 0.0809595202
1 0.2143928036 0.7511244378 0.1559220390 0.1649175412
1 0.4662668666 0.7158920540 0.0899550225 0.1124437781
1 0.3793103448 0.7061469265 0.0869565217 0.1109445277
1 0.6544227886 0.7691154423 0.1484257871 0.0989505247
2 0.9250374813 0.7518740630 0.1499250375 0.1664167916
1 0.0269865067 0.8215892054 0.0539730135 0.0869565217
1 0.2121439280 0.8673163418 0.1544227886 0.0734632684
1 0.4670164918 0.8230884558 0.0884557721 0.1049475262
1 0.3733133433 0.8148425787 0.0899550225 0.0974512744
3 0.6791604198 0.8425787106 0.1079460270 0.0569715142
3 0.6026986507 0.8523238381 0.0509745127 0.0614692654
2 0.7593703148 0.8785607196 0.0554722639 0.0929535232
2 0.9250374813 0.8785607196 0.1499250375 0.0929535232
1 0.0239880060 0.8988005997 0.0479760120 0.0824587706
3 0.4827586207 0.9017991004 0.0539730135 0.0584707646
3 0.6844077961 0.8965517241 0.0974512744 0.0539730135
