1 0.0874125874 0.0412587413 0.0825174825 0.0825174825
1 0.0223776224 0.0398601399 0.0447552448 0.0797202797
1 0.0902097902 0.1209790210 0.0853146853 0.0909090909
1 0.0244755245 0.1230769231 0.0489510490 0.0923076923
1 0.2034965035 0.1237762238 0.0853146853 0.0769230769
1 0.2895104895 0.1202797203 0.0811188811 0.0643356643
1 0.0916083916 0.2181818182 0.0853146853 0.0923076923
1 0.0237762238 0.2139860140 0.0475524476 0.0867132867
1 0.2048951049 0.2146853147 0.0825174825 0.0797202797
1 0.2888111888 0.2062937063 0.0881118881 0.0769230769
1 0.4286713287 0.2405594406 0.0825174825 0.0839160839
1 0.5139860140 0.2440559441 0.0853146853 0.0797202797
1 0.0923076923 0.3062937063 0.0867132867 0.0867132867
1 0.0230769231 0.3076923077 0.0461538462 0.0923076923
1 0.2097902098 0.3027972028 0.0867132867 0.0881118881
1 0.2972027972 0.3000000000 0.0937062937 0.0909090909
1 0.6209790210 0.2601398601 0.0475524476 0.0839160839
1 0.9048951049 0.3321678322 0.0979020979 0.1888111888
1 0.0958041958 0.4027972028 0.0909090909 0.0923076923
1 0.0258741259 0.4000000000 0.0517482517 0.0951048951
1 0.2167832168 0.3951048951 0.0895104895 0.0881118881
1 0.3055944056 0.3916083916 0.0937062937 0.0839160839
1 0.4321678322 0.3440559441 0.0839160839 0.1006993007
1 0.5181818182 0.3391608392 0.0881118881 0.1020979021
1 0.0251748252 0.4979020979 0.0503496503 0.0951048951
1 0.0958041958 0.5027972028 0.0937062937 0.0965034965
1 0.3118881119 0.4881118881 0.0979020979 0.0951048951
1 0.2195804196 0.4860139860 0.0895104895 0.0965034965
1 0.4412587413 0.4433566434 0.0881118881 0.1034965035
1 0.5279720280 0.4398601399 0.0853146853 0.1048951049
1 0.6524475524 0.5055944056 0.1020979021 0.1104895105
1 0.7552447552 0.5139860140 0.0895104895 0.1104895105
1 0.0244755245 0.5972027972 0.0489510490 0.0979020979
1 0.0951048951 0.5993006993 0.0923076923 0.0965034965
1 0.3167832168 0.5860139860 0.0993006993 0.0923076923
1 0.2251748252 0.5832167832 0.0923076923 0.1034965035
1 0.4349650350 0.5531468531 0.1034965035 0.1104895105
1 0.5363636364 0.5482517483 0.1020979021 0.1090909091
1 0.9349650350 0.5335664336 0.1300699301 0.2027972028
1 0.2265734266 0.6902097902 0.0979020979 0.1076923077
1 0.3230769231 0.6874125874 0.0979020979 0.1048951049
1 0.4559440559 0.6657342657 0.0923076923 0.1146853147
1 0.5524475524 0.6629370629 0.1006993007 0.1174825175
1 0.6678321678 0.6307692308 0.1188811189 0.1174825175
1 0.7748251748 0.6300699301 0.1034965035 0.1188811189
1 0.8923076923 0.6237762238 0.1090909091 0.1174825175
1 0.9699300699 0.6601398601 0.0601398601 0.0391608392
1 0.0209790210 0.7034965035 0.0419580420 0.1006993007
1 0.0923076923 0.6993006993 0.1006993007 0.1034965035
1 0.5608391608 0.7839160839 0.1006993007 0.1188811189
1 0.4580419580 0.7846153846 0.1076923077 0.1230769231
1 0.6762237762 0.7594405594 0.1020979021 0.1258741259
1 0.7846153846 0.7650349650 0.1118881119 0.1314685315
1 0.8713286713 0.7559440559 0.0811188811 0.1244755245
1 0.0209790210 0.8076923077 0.0419580420 0.1076923077
1 0.0923076923 0.8062937063 0.1006993007 0.1048951049
1 0.3286713287 0.7972027972 0.1034965035 0.1090909091
1 0.2307692308 0.7986013986 0.1006993007 0.1118881119
5 0.0846153846 0.9349650350 0.1300699301 0.0769230769
5 0.2370629371 0.9440559441 0.0993006993 0.1118881119
5 0.3307692308 0.9419580420 0.0937062937 0.1160839161
5 0.4755244755 0.9433566434 0.1006993007 0.1132867133
5 0.5755244755 0.9412587413 0.0853146853 0.1118881119
5 0.7797202797 0.9342657343 0.1048951049 0.1314685315
5 0.0104895105 0.9895104895 0.0209790210 0.0209790210
5 0.0559440559 0.9881118881 0.0643356643 0.0237762238
5 0.1209790210 0.9874125874 0.0545454545 0.0251748252
