1 0.2704517705 0.0689865690 0.0695970696 0.1379731380
1 0.3766788767 0.0689865690 0.1452991453 0.1379731380
1 0.5183150183 0.0677655678 0.1477411477 0.1355311355
1 0.6770451770 0.0665445665 0.1746031746 0.1330891331
1 0.3009768010 0.1984126984 0.1184371184 0.1208791209
1 0.3894993895 0.2075702076 0.0610500611 0.1416361416
1 0.4505494505 0.2063492063 0.0634920635 0.1391941392
1 0.5158730159 0.2032967033 0.0720390720 0.1379731380
1 0.5848595849 0.2045177045 0.0683760684 0.1404151404
1 0.6923076923 0.2032967033 0.1465201465 0.1379731380
1 0.2637362637 0.4047619048 0.0732600733 0.1794871795
1 0.3327228327 0.4047619048 0.0671550672 0.1770451770
1 0.3992673993 0.4047619048 0.0683760684 0.1721611722
1 0.4639804640 0.3974358974 0.0659340659 0.1672771673
1 0.5262515263 0.4004884005 0.0610500611 0.1758241758
1 0.5903540904 0.4145299145 0.0720390720 0.2039072039
1 0.6617826618 0.4145299145 0.0781440781 0.2112332112
1 0.7338217338 0.4145299145 0.0781440781 0.2063492063
1 0.5146520147 0.5744810745 0.1672771673 0.1013431013
1 0.6837606838 0.5641025641 0.1684981685 0.0854700855
1 0.3400488400 0.5811965812 0.1746031746 0.1050061050
1 0.5231990232 0.6758241758 0.1672771673 0.1013431013
1 0.6862026862 0.6501831502 0.1562881563 0.0891330891
1 0.3418803419 0.6831501832 0.1855921856 0.1062271062
1 0.2698412698 0.7967032967 0.0927960928 0.0915750916
1 0.2680097680 0.8833943834 0.0940170940 0.0891330891
1 0.3577533578 0.8797313797 0.0903540904 0.0769230769
1 0.3595848596 0.7918192918 0.0891330891 0.0818070818
1 0.4548229548 0.8876678877 0.1037851038 0.0781440781
1 0.4529914530 0.7899877900 0.0952380952 0.0952380952
1 0.5555555556 0.8797313797 0.0952380952 0.0818070818
1 0.5494505495 0.7967032967 0.0976800977 0.0866910867
1 0.6391941392 0.8009768010 0.0842490842 0.0805860806
1 0.6428571429 0.8809523810 0.0818070818 0.0818070818
1 0.7271062271 0.8809523810 0.0866910867 0.0818070818
1 0.7271062271 0.7991452991 0.0866910867 0.0818070818
3 0.2832722833 0.9902319902 0.1196581197 0.0195360195
3 0.3968253968 0.9902319902 0.1098901099 0.0195360195
1 0.4810744811 0.9914529915 0.0708180708 0.0170940171
1 0.5457875458 0.9896214896 0.0683760684 0.0207570208
1 0.6721611722 0.9938949939 0.0622710623 0.0122100122
1 0.6092796093 0.9926739927 0.0634920635 0.0146520147
1 0.7356532357 0.9938949939 0.0695970696 0.0122100122
