1 0.0996143959 0.2467866324 0.1066838046 0.0976863753
1 0.3129820051 0.2737789203 0.1015424165 0.0874035990
1 0.0854755784 0.3374035990 0.1066838046 0.0886889460
1 0.3084832905 0.3624678663 0.0976863753 0.0925449871
1 0.5025706941 0.3174807198 0.0899742931 0.0874035990
1 0.6446015424 0.3213367609 0.0732647815 0.0874035990
1 0.7120822622 0.3354755784 0.0668380463 0.0822622108
1 0.8476863753 0.3579691517 0.1066838046 0.0989717224
1 0.9697943445 0.3611825193 0.0604113111 0.0951156812
1 0.0719794344 0.4286632391 0.1156812339 0.0989717224
1 0.5006426735 0.4087403599 0.0938303342 0.0925449871
1 0.6458868895 0.4125964010 0.0732647815 0.0925449871
1 0.7152956298 0.4177377892 0.0758354756 0.0925449871
1 0.8553984576 0.4421593830 0.1041131105 0.0796915167
1 0.9787917738 0.4492287918 0.0424164524 0.0938303342
6 0.0597686375 0.5276349614 0.1195372751 0.1015424165
1 0.3059125964 0.4659383033 0.1028277635 0.0989717224
1 0.5006426735 0.5122107969 0.0989717224 0.1118251928
1 0.6478149100 0.5128534704 0.0899742931 0.1002570694
1 0.7255784062 0.5186375321 0.0758354756 0.0989717224
1 0.8682519280 0.5244215938 0.1169665810 0.0899742931
1 0.9865038560 0.5347043702 0.0269922879 0.0796915167
6 0.2455012853 0.5674807198 0.1979434447 0.0964010283
1 0.6542416452 0.6182519280 0.0976863753 0.1233933162
1 0.7339331620 0.6201799486 0.0745501285 0.1169665810
7 0.8804627249 0.6060411311 0.0899742931 0.0809768638
1 0.9910025707 0.6143958869 0.0179948586 0.0848329049
6 0.0533419023 0.6317480720 0.1066838046 0.1066838046
6 0.2390745501 0.6606683805 0.2030848329 0.0976863753
1 0.5032133676 0.6278920308 0.1015424165 0.1221079692
7 0.8894601542 0.6889460154 0.1028277635 0.0925449871
6 0.0469151671 0.7371465296 0.0938303342 0.1066838046
5 0.2866323907 0.7814910026 0.1028277635 0.1465295630
5 0.4665809769 0.7673521851 0.1773778920 0.1491002571
1 0.6561696658 0.7416452442 0.1041131105 0.1311053985
1 0.7397172237 0.7377892031 0.0835475578 0.1285347044
7 0.8958868895 0.7789203085 0.1105398458 0.0951156812
5 0.1889460154 0.7904884319 0.1285347044 0.1619537275
5 0.7082262211 0.8682519280 0.1722365039 0.1401028278
5 0.0411311054 0.8753213368 0.0822622108 0.1516709512
5 0.2795629820 0.9241645244 0.1066838046 0.1285347044
5 0.4710796915 0.8978149100 0.1760925450 0.1349614396
6 0.9003856041 0.8978149100 0.1195372751 0.1478149100
5 0.0379177378 0.9697943445 0.0758354756 0.0604113111
5 0.2731362468 0.9910025707 0.1118251928 0.0179948586
5 0.4697943445 0.9742930591 0.1838046272 0.0514138817
5 0.7152956298 0.9582262211 0.1735218509 0.0835475578
6 0.9222365039 0.9845758355 0.1118251928 0.0308483290
