4 0.0291450777 0.0803108808 0.0582901554 0.1606217617
4 0.0990932642 0.0848445596 0.0971502591 0.1696891192
4 0.1878238342 0.0880829016 0.0932642487 0.1761658031
1 0.3147668394 0.0161917098 0.1735751295 0.0323834197
1 0.3199481865 0.0997409326 0.1709844560 0.1813471503
3 0.1094559585 0.3691709845 0.0634715026 0.0647668394
1 0.2357512953 0.3847150259 0.0751295337 0.1632124352
3 0.0498704663 0.4255181347 0.0738341969 0.0634715026
3 0.1146373057 0.4300518135 0.0634715026 0.0595854922
1 0.6373056995 0.5485751295 0.0803108808 0.0816062176
5 0.0064766839 0.7648963731 0.0129533679 0.0919689119
5 0.0084196891 0.8516839378 0.0168393782 0.0867875648
5 0.0071243523 0.9695595855 0.0142487047 0.0608808290
1 0.5213730570 0.9922279793 0.0945595855 0.0155440415
3 0.0446891192 0.3652849741 0.0686528497 0.0647668394
3 0.1716321244 0.4028497409 0.0634715026 0.1217616580
1 0.4812176166 0.0200777202 0.1567357513 0.0401554404
1 0.4812176166 0.1146373057 0.1567357513 0.1748704663
1 0.6288860104 0.0304404145 0.1463730570 0.0608808290
1 0.6321243523 0.1301813472 0.1476683938 0.1722797927
1 0.7726683938 0.1444300518 0.1411917098 0.1619170984
1 0.7720207254 0.0349740933 0.1450777202 0.0699481865
1 0.3069948187 0.3866580311 0.0699481865 0.1619170984
1 0.3717616580 0.3898963731 0.0699481865 0.1554404145
1 0.4365284974 0.3931347150 0.0647668394 0.1541450777
8 0.5291450777 0.3834196891 0.1178756477 0.1787564767
8 0.6483160622 0.3737046632 0.1049222798 0.2007772021
1 0.7707253886 0.3847150259 0.1295336788 0.1813471503
1 0.1839378238 0.5388601036 0.0932642487 0.0906735751
1 0.2823834197 0.5433937824 0.0906735751 0.0945595855
1 0.3750000000 0.5453367876 0.0893782383 0.0932642487
1 0.4650259067 0.5498704663 0.0880829016 0.0867875648
1 0.5505181347 0.5459844560 0.0854922280 0.0841968912
1 0.7215025907 0.5498704663 0.0854922280 0.0816062176
1 0.8005181347 0.5466321244 0.0777202073 0.0803108808
1 0.7234455959 0.6288860104 0.0841968912 0.0790155440
1 0.7985751295 0.6262953368 0.0764248705 0.0764248705
1 0.6340673575 0.6301813472 0.0841968912 0.0790155440
1 0.5518134715 0.6308290155 0.0803108808 0.0803108808
1 0.4624352332 0.6340673575 0.0854922280 0.0841968912
1 0.3698186528 0.6340673575 0.0893782383 0.0867875648
1 0.2804404145 0.6334196891 0.0893782383 0.0854922280
1 0.1878238342 0.6308290155 0.0958549223 0.0932642487
1 0.0887305699 0.6308290155 0.0971502591 0.0932642487
1 0.0874352332 0.5362694301 0.0997409326 0.0958549223
1 0.0958549223 0.7590673575 0.1036269430 0.0932642487
1 0.1962435233 0.7551813472 0.0997409326 0.0906735751
1 0.2953367876 0.7538860104 0.0958549223 0.0854922280
1 0.3853626943 0.7487046632 0.0893782383 0.0829015544
1 0.4695595855 0.7461139896 0.0816062176 0.0829015544
1 0.6366580311 0.7351036269 0.0738341969 0.0764248705
1 0.7208549223 0.7338082902 0.0712435233 0.0790155440
1 0.7240932642 0.8134715026 0.0595854922 0.0751295337
1 0.6444300518 0.8128238342 0.0712435233 0.0816062176
1 0.5576424870 0.8205958549 0.0841968912 0.0867875648
1 0.5550518135 0.7396373057 0.0816062176 0.0803108808
1 0.4727979275 0.8283678756 0.0777202073 0.0867875648
1 0.3834196891 0.8341968912 0.0880829016 0.0906735751
1 0.2927461140 0.8387305699 0.0854922280 0.0919689119
1 0.1988341969 0.8445595855 0.0971502591 0.0906735751
1 0.0971502591 0.8497409326 0.1010362694 0.0958549223
1 0.1088082902 0.9598445596 0.1139896373 0.0803108808
1 0.2189119171 0.9624352332 0.1062176166 0.0751295337
1 0.3231865285 0.9481865285 0.1023316062 0.0958549223
1 0.4248704663 0.9540155440 0.0958549223 0.0816062176
1 0.5168393782 0.9455958549 0.0932642487 0.0777202073
1 0.6094559585 0.9909326425 0.0738341969 0.0181347150
1 0.6126943005 0.9423575130 0.0777202073 0.0764248705
