0 0.1236171236 0.0016835017 0.0817700818 0.0033670034
0 0.3410293410 0.0226070226 0.1693121693 0.0452140452
0 0.5473785474 0.0074555075 0.0673400673 0.0149110149
0 0.6159211159 0.0204425204 0.0687830688 0.0408850409
0 0.7734487734 0.0069745070 0.1202501203 0.0139490139
0 0.0430495430 0.0423280423 0.0860990861 0.0846560847
0 0.3475228475 0.0767195767 0.1486291486 0.1053391053
0 0.7732082732 0.0497835498 0.1265031265 0.0995670996
0 0.9879749880 0.0329485329 0.0240500241 0.0658970659
0 0.0416065416 0.1322751323 0.0832130832 0.0981240981
0 0.1257816258 0.1332371332 0.0937950938 0.0942760943
0 0.3475228475 0.1613756614 0.1553631554 0.0995670996
0 0.6139971140 0.0918710919 0.0649350649 0.1029341029
0 0.7696007696 0.1406926407 0.1202501203 0.0976430976
0 0.9906204906 0.1019721020 0.0187590188 0.0962000962
0 0.0423280423 0.2246272246 0.0846560847 0.0933140933
0 0.1286676287 0.2263107263 0.0937950938 0.0966810967
0 0.3215488215 0.2503607504 0.1024531025 0.1005291005
0 0.6096681097 0.1873496873 0.0668590669 0.0909090909
0 0.8083213083 0.2291967292 0.0533910534 0.0889850890
0 0.7518037518 0.2255892256 0.0692640693 0.0875420875
7 0.9923039923 0.2549302549 0.0153920154 0.0606060606
0 0.9903799904 0.1839826840 0.0192400192 0.0870610871
0 0.0464165464 0.3131313131 0.0928330928 0.0923520924
0 0.1346801347 0.3169793170 0.0875420875 0.0904280904
5 0.3540163540 0.3352573353 0.1500721501 0.0856180856
6 0.5832130832 0.2604617605 0.1245791246 0.0591630592
6 0.5815295815 0.3215488215 0.1231361231 0.0620490620
0 0.7412217412 0.3085618086 0.0731120731 0.0841750842
0 0.8015873016 0.3112073112 0.0591630592 0.0836940837
7 0.9297739298 0.2602212602 0.0836940837 0.0740740741
7 0.9268879269 0.3145743146 0.0808080808 0.0702260702
7 0.9906204906 0.3104858105 0.0187590188 0.0591630592
6 0.5805675806 0.3811928812 0.1231361231 0.0610870611
7 0.7727272727 0.3766233766 0.1139971140 0.0567580568
7 0.9237614238 0.3682058682 0.0784030784 0.0658970659
7 0.9882154882 0.4189514190 0.0235690236 0.0586820587
7 0.9898989899 0.3626743627 0.0202020202 0.0586820587
5 0.0978835979 0.4925444925 0.1592111592 0.0962000962
4 0.3561808562 0.4810004810 0.1467051467 0.0606060606
4 0.5841750842 0.4381914382 0.1139971140 0.0606060606
4 0.5784030784 0.5000000000 0.1255411255 0.0697450697
7 0.7722462722 0.4314574315 0.1111111111 0.0577200577
7 0.7708032708 0.4865319865 0.1063011063 0.0553150553
7 0.9211159211 0.4757094757 0.0808080808 0.0567580568
7 0.9220779221 0.4201539202 0.0788840789 0.0610870611
7 0.9879749880 0.4740259740 0.0240500241 0.0601250601
5 0.1002886003 0.5817700818 0.1572871573 0.0957190957
4 0.3564213564 0.5375180375 0.1452621453 0.0639730640
4 0.5755170755 0.5603655604 0.1168831169 0.0519480519
7 0.7705627706 0.5389610390 0.1096681097 0.0572390572
7 0.9194324194 0.5298220298 0.0793650794 0.0601250601
7 0.9179894180 0.5815295815 0.0755170755 0.0654160654
7 0.9877344877 0.5805675806 0.0245310245 0.0596440596
7 0.9870129870 0.5266955267 0.0259740260 0.0586820587
4 0.0894660895 0.6611351611 0.1789321789 0.0784030784
4 0.3566618567 0.6534391534 0.1428571429 0.0505050505
4 0.3554593555 0.5962000962 0.1491101491 0.0610870611
4 0.5784030784 0.6185666186 0.1216931217 0.0769600770
7 0.7667147667 0.6433381433 0.1106301106 0.0582010582
7 0.7667147667 0.5918710919 0.1087061087 0.0553150553
1 0.9874939875 0.6334776335 0.0250120250 0.0586820587
4 0.0940355940 0.7282347282 0.1803751804 0.0798460798
7 0.3583453583 0.7094757095 0.1394901395 0.0683020683
1 0.5882635883 0.7041847042 0.0933140933 0.1029341029
7 0.7652717653 0.6938431938 0.1087061087 0.0610870611
1 0.7652717653 0.7474747475 0.1048581049 0.0625300625
1 0.9870129870 0.6849446849 0.0259740260 0.0606060606
1 0.9860509861 0.7359307359 0.0278980279 0.0625300625
7 0.1036556037 0.7967772968 0.1553631554 0.0803270803
7 0.3578643579 0.7732082732 0.1356421356 0.0687830688
1 0.5755170755 0.7833092833 0.1168831169 0.0678210678
1 0.7647907648 0.8003848004 0.1010101010 0.0606060606
1 0.9826839827 0.7886002886 0.0346320346 0.0591630592
7 0.1055796056 0.8607503608 0.1572871573 0.0716690717
7 0.3571428571 0.8619528620 0.1428571429 0.1327561328
1 0.5757575758 0.8362193362 0.1183261183 0.0668590669
1 0.5745550746 0.8886483886 0.1178451178 0.0697450697
1 0.7647907648 0.9040404040 0.1010101010 0.0678210678
1 0.7643097643 0.8528138528 0.0981240981 0.0673400673
1 0.9785954786 0.8908128908 0.0428090428 0.0606060606
1 0.9831649832 0.8400673401 0.0336700337 0.0649350649
7 0.1091871092 0.9215969216 0.1443001443 0.0615680616
0 0.3472823473 0.9571909572 0.1548821549 0.0856180856
1 0.5747955748 0.9410774411 0.1173641174 0.0745550746
1 0.5752765753 0.9769119769 0.1183261183 0.0461760462
1 0.7633477633 0.9567099567 0.1087061087 0.0683020683
1 0.9781144781 0.9381914382 0.0437710438 0.0620490620
7 0.1164021164 0.9747474747 0.1491101491 0.0505050505
0 0.3489658490 0.9886964887 0.1582491582 0.0226070226
1 0.7643097643 0.9877344877 0.1087061087 0.0245310245
1 0.9778739779 0.9802789803 0.0442520443 0.0394420394
