1 0.6926229508 0.1926229508 0.1159250585 0.1159250585
1 0.8021077283 0.1838407494 0.1053864169 0.1077283372
1 0.9227166276 0.1774004684 0.1545667447 0.0854800937
1 0.0562060890 0.2236533958 0.1124121780 0.1405152225
1 0.2318501171 0.2230679157 0.1030444965 0.1299765808
1 0.3302107728 0.2201405152 0.1053864169 0.1334894614
1 0.4830210773 0.2154566745 0.1042154567 0.1334894614
1 0.5825526932 0.2113583138 0.1065573770 0.1299765808
1 0.9227166276 0.2675644028 0.1545667447 0.0854800937
1 0.2980093677 0.3413348946 0.2119437939 0.1206088993
1 0.4847775176 0.3378220141 0.1007025761 0.1323185012
1 0.5843091335 0.3331381733 0.1077283372 0.1252927400
1 0.6978922717 0.3015222482 0.1241217799 0.1182669789
1 0.8091334895 0.2944964871 0.1170960187 0.1182669789
1 0.9145199063 0.3366510539 0.1522248244 0.0667447307
1 0.0573770492 0.3600702576 0.1147540984 0.1370023419
1 0.6949648712 0.4104215457 0.1018735363 0.1042154567
1 0.7939110070 0.4022248244 0.0983606557 0.1042154567
1 0.9215456674 0.4022248244 0.1569086651 0.0854800937
1 0.0585480094 0.4935597190 0.1170960187 0.1370023419
1 0.2997658080 0.4519906323 0.2060889930 0.1147540984
1 0.4853629977 0.4613583138 0.0948477752 0.1264637002
1 0.5848946136 0.4560889930 0.1112412178 0.1252927400
1 0.7933255269 0.5029274005 0.1018735363 0.1042154567
1 0.9221311475 0.4765807963 0.1487119438 0.0819672131
1 0.3073770492 0.5567915691 0.2072599532 0.1112412178
1 0.6984777518 0.5099531616 0.0971896956 0.1112412178
1 0.9238875878 0.5579625293 0.1522248244 0.0831381733
1 0.0644028103 0.6211943794 0.1288056206 0.1416861827
1 0.4882903981 0.5854800937 0.0913348946 0.1264637002
1 0.5889929742 0.5802107728 0.1147540984 0.1323185012
1 0.7025761124 0.6100702576 0.1007025761 0.1077283372
1 0.8026932084 0.6053864169 0.1042154567 0.1077283372
1 0.9262295082 0.6305620609 0.1475409836 0.0831381733
1 0.3126463700 0.6621779859 0.2060889930 0.1088992974
1 0.4976580796 0.7096018735 0.1030444965 0.1381733021
1 0.6024590164 0.7084309133 0.1088992974 0.1405152225
1 0.7055035129 0.7148711944 0.0995316159 0.1088992974
1 0.8038641686 0.7107728337 0.1042154567 0.1100702576
1 0.9262295082 0.7037470726 0.1475409836 0.0843091335
1 0.0655737705 0.7441451991 0.1311475410 0.1370023419
5 0.0497658080 0.8723653396 0.0995316159 0.1007025761
5 0.1340749415 0.8752927400 0.0761124122 0.1042154567
5 0.3050351288 0.8758782201 0.1697892272 0.0585480094
5 0.5327868852 0.8266978923 0.1569086651 0.0725995316
6 0.7687353630 0.8354800937 0.2049180328 0.1159250585
6 0.9525761124 0.8782201405 0.0948477752 0.1311475410
5 0.3044496487 0.9385245902 0.1686182670 0.0690866511
5 0.5304449649 0.8987119438 0.1522248244 0.0667447307
6 0.7634660422 0.9361826698 0.1990632319 0.0995316159
5 0.0450819672 0.9549180328 0.0901639344 0.0901639344
5 0.1528103044 0.9549180328 0.0550351288 0.0573770492
5 0.1364168618 0.9888758782 0.0948477752 0.0222482436
5 0.3050351288 0.9906323185 0.1697892272 0.0187353630
5 0.5339578454 0.9701405152 0.1569086651 0.0597189696
6 0.7693208431 0.9959016393 0.2201405152 0.0081967213
