0 0.2532502709 0.0065005417 0.1153846154 0.0130010834
0 0.0460455038 0.0411700975 0.0920910076 0.0823401950
5 0.2898158180 0.0520043337 0.1690140845 0.0964247021
6 0.5460455038 0.0365655471 0.1386782232 0.0698808234
0 0.7258938245 0.0346695558 0.0823401950 0.0693391116
0 0.7938786566 0.0360238353 0.0666305525 0.0720476706
7 0.9382448537 0.0046045504 0.0942578548 0.0092091008
7 0.9349945829 0.0341278440 0.0910075840 0.0682556880
7 0.9981040087 0.0287107259 0.0037919827 0.0574214518
6 0.5449620802 0.1037378115 0.1386782232 0.0687973998
7 0.7613759480 0.0985915493 0.1283856988 0.0639219935
7 0.9314734561 0.0891115926 0.0882990249 0.0742145179
7 0.9953954496 0.1462621885 0.0092091008 0.0660888407
7 0.9972914410 0.0828819068 0.0054171181 0.0660888407
5 0.0455037920 0.2291440953 0.0910075840 0.1083423619
4 0.2922535211 0.2161430119 0.1652221018 0.0682556880
4 0.5490249187 0.1679306609 0.1283856988 0.0682556880
4 0.5425243770 0.2375406284 0.1413867822 0.0785482124
7 0.7608342362 0.1603466956 0.1251354280 0.0650054171
7 0.7592091008 0.2223726977 0.1197183099 0.0622968581
7 0.9284940412 0.2101841820 0.0910075840 0.0639219935
7 0.9295774648 0.1476164680 0.0888407367 0.0687973998
7 0.9951245937 0.2082881907 0.0097508126 0.0677139762
5 0.0463163597 0.3296316360 0.0926327194 0.1078006501
4 0.2925243770 0.2797941495 0.1635969664 0.0720476706
4 0.5392741062 0.3055254605 0.1316359697 0.0585048754
7 0.7589382449 0.2814192849 0.1235102925 0.0644637053
7 0.9265980498 0.2711267606 0.0893824485 0.0677139762
7 0.9249729144 0.3293607801 0.0850487541 0.0736728061
7 0.9948537378 0.3282773564 0.0102925244 0.0671722644
7 0.9940411701 0.2676056338 0.0119176598 0.0660888407
4 0.0463163597 0.4190140845 0.0926327194 0.0882990249
4 0.2927952329 0.4103466956 0.1608884074 0.0568797400
4 0.2914409534 0.3458829902 0.1679306609 0.0687973998
4 0.5425243770 0.3710725894 0.1370530878 0.0866738895
7 0.7546045504 0.3989707476 0.1245937161 0.0655471289
7 0.7546045504 0.3410075840 0.1224268689 0.0622968581
1 0.9945828819 0.3878656555 0.0108342362 0.0660888407
4 0.0492957746 0.4945828819 0.0985915493 0.0899241603
7 0.2946912243 0.4734561213 0.1570964247 0.0769230769
1 0.5536294691 0.4674972914 0.1050920910 0.1159263272
7 0.7529794150 0.4558504875 0.1224268689 0.0687973998
1 0.7529794150 0.5162513543 0.1180931744 0.0704225352
1 0.9940411701 0.4458288191 0.0119176598 0.0682556880
1 0.9929577465 0.5032502709 0.0140845070 0.0704225352
7 0.0476706392 0.5717768147 0.0953412784 0.0904658722
7 0.2941495125 0.5452329361 0.1527627302 0.0774647887
1 0.5392741062 0.5566088841 0.1316359697 0.0763813651
1 0.7524377031 0.5758396533 0.1137594800 0.0682556880
1 0.9891657638 0.5625677140 0.0216684724 0.0666305525
7 0.0492957746 0.6438244854 0.0985915493 0.0807150596
7 0.2933369447 0.6451787649 0.1608884074 0.1495124594
1 0.5395449621 0.6161971831 0.1332611051 0.0752979415
1 0.5381906826 0.6752437703 0.1327193933 0.0785482124
1 0.7524377031 0.6925785482 0.1137594800 0.0763813651
1 0.7518959913 0.6348862405 0.1105092091 0.0758396533
1 0.9845612134 0.6776814735 0.0308775731 0.0682556880
1 0.9897074756 0.6205308776 0.0205850488 0.0731310943
7 0.0476706392 0.7123510293 0.0953412784 0.0693391116
0 0.2822318527 0.7535211268 0.1744312026 0.0985915493
1 0.5384615385 0.7342903575 0.1321776815 0.0839653304
1 0.5390032503 0.7919826652 0.1332611051 0.0866738895
1 0.7508125677 0.7518959913 0.1224268689 0.0769230769
1 0.9840195016 0.7310400867 0.0319609967 0.0698808234
7 0.0530877573 0.8101300108 0.1061755146 0.1327193933
0 0.2841278440 0.8252979415 0.1782231853 0.1002166847
1 0.7518959913 0.8488624052 0.1224268689 0.1516793066
1 0.9837486457 0.8277356446 0.0325027086 0.1430119177
7 0.0520043337 0.9417659805 0.1040086674 0.1164680390
0 0.2827735645 0.9179306609 0.1798483207 0.1403033586
1 0.5349404117 0.9011375948 0.1316359697 0.1641386782
