7 0.2379679144 0.0113636364 0.0695187166 0.0227272727
7 0.5661764706 0.0340909091 0.1243315508 0.0681818182
7 0.6971925134 0.0340909091 0.1296791444 0.0681818182
7 0.0574866310 0.0508021390 0.1149732620 0.1016042781
7 0.3616310160 0.0267379679 0.1858288770 0.0534759358
7 0.0574866310 0.1604278075 0.1149732620 0.1470588235
7 0.1597593583 0.1076203209 0.0735294118 0.2018716578
7 0.2312834225 0.1223262032 0.0802139037 0.1991978610
7 0.3616310160 0.1443850267 0.1885026738 0.0828877005
7 0.3643048128 0.0755347594 0.1858288770 0.0842245989
7 0.3609625668 0.2105614973 0.1871657754 0.0842245989
7 0.5401069519 0.1624331551 0.1176470588 0.1644385027
7 0.6737967914 0.1784759358 0.1149732620 0.1510695187
1 0.0581550802 0.2967914439 0.1163101604 0.1256684492
1 0.6544117647 0.3201871658 0.1778074866 0.1002673797
1 0.8850267380 0.3121657754 0.1363636364 0.0842245989
1 0.0608288770 0.3990641711 0.1216577540 0.1002673797
1 0.2139037433 0.3709893048 0.0721925134 0.0975935829
1 0.2934491979 0.3696524064 0.0735294118 0.1002673797
1 0.3836898396 0.3836898396 0.0935828877 0.0989304813
1 0.4712566845 0.3856951872 0.0868983957 0.1002673797
1 0.6570855615 0.4097593583 0.1858288770 0.0868983957
1 0.9077540107 0.3877005348 0.1310160428 0.0855614973
1 0.0608288770 0.4966577540 0.1216577540 0.0975935829
1 0.2693850267 0.4719251337 0.1350267380 0.0855614973
1 0.3843582888 0.4839572193 0.0868983957 0.0989304813
1 0.4712566845 0.4779411765 0.0868983957 0.0895721925
1 0.6624331551 0.4973262032 0.1965240642 0.0909090909
2 0.8997326203 0.4699197861 0.1497326203 0.1082887701
1 0.2727272727 0.5681818182 0.1363636364 0.0935828877
1 0.3923796791 0.5748663102 0.0655080214 0.0802139037
1 0.4732620321 0.5695187166 0.0989304813 0.1016042781
1 0.6697860963 0.5802139037 0.2005347594 0.0935828877
2 0.9017379679 0.5741978610 0.1537433155 0.1056149733
1 0.0614973262 0.5915775401 0.1229946524 0.1056149733
1 0.2727272727 0.6724598930 0.1497326203 0.1149732620
1 0.3850267380 0.6577540107 0.0721925134 0.0882352941
1 0.4745989305 0.6684491979 0.1016042781 0.0989304813
1 0.6704545455 0.6711229947 0.1938502674 0.1016042781
1 0.0608288770 0.7500000000 0.1216577540 0.0855614973
1 0.0608288770 0.6771390374 0.1216577540 0.0815508021
1 0.6711229947 0.7586898396 0.1925133690 0.1189839572
2 0.8302139037 0.7118983957 0.0641711230 0.1724598930
2 0.9258021390 0.6978609626 0.1270053476 0.1604278075
1 0.0594919786 0.8208556150 0.1189839572 0.0909090909
1 0.2733957219 0.7760695187 0.1590909091 0.1163101604
1 0.3903743316 0.7600267380 0.0802139037 0.1082887701
1 0.4752673797 0.7653743316 0.0949197861 0.0949197861
