1 0.2263083451 0.0084865629 0.1018387553 0.0169731259
1 0.3069306931 0.0318246110 0.0792079208 0.0636492221
1 0.3804809052 0.0212164074 0.0848656294 0.0424328147
1 0.4497878359 0.0325318246 0.0876944837 0.0650636492
1 0.6676096181 0.0063649222 0.0622347949 0.0127298444
1 0.7376237624 0.0134370580 0.0777934936 0.0268741160
1 0.8620933522 0.0304101839 0.0608203678 0.0608203678
1 0.8026874116 0.0183875530 0.0608203678 0.0367751061
1 0.3359264498 0.1294200849 0.0834512023 0.0862800566
1 0.5657708628 0.0855728430 0.0509193777 0.0919377652
1 0.6584158416 0.0848656294 0.0664780764 0.0848656294
1 0.7715700141 0.1138613861 0.0664780764 0.0806223479
1 0.7164073550 0.0968882603 0.0551626591 0.0806223479
1 0.9745403112 0.0565770863 0.0509193777 0.0848656294
1 0.9186704385 0.0473833098 0.0636492221 0.0947666195
1 0.9087694484 0.1308345120 0.0466760962 0.0975954738
1 0.2404526167 0.1449787836 0.0820367751 0.0806223479
1 0.9561527581 0.1393210750 0.0480905233 0.0806223479
1 0.9858557284 0.1492220651 0.0282885431 0.0806223479
1 0.0311173975 0.3769448373 0.0622347949 0.2333804809
1 0.1046676096 0.3804809052 0.1272984441 0.2206506365
1 0.2022630835 0.3847241867 0.1131541726 0.2149929279
1 0.2991513437 0.3882602546 0.1060820368 0.2050919378
1 0.3882602546 0.3917963225 0.0891089109 0.1980198020
1 0.4632248939 0.3960396040 0.0862800566 0.1923620934
1 0.6025459689 0.4052333805 0.0509193777 0.1683168317
1 0.5586987270 0.4038189533 0.0537482320 0.1711456860
1 0.6555869873 0.4101838755 0.0551626591 0.1640735502
1 0.7050919378 0.4130127298 0.0523338048 0.1555869873
1 0.7956152758 0.4179632249 0.0495049505 0.1570014144
1 0.7510608204 0.4144271570 0.0424328147 0.1584158416
1 0.9250353607 0.4193776521 0.0367751061 0.1371994342
1 0.9625176803 0.4236209335 0.0381895332 0.1230551627
1 0.8995756719 0.4200848656 0.0141442716 0.1442715700
1 0.9893917963 0.4250353607 0.0212164074 0.1202263083
1 0.0233380481 0.6159830269 0.0466760962 0.2588401697
1 0.0898161245 0.6089108911 0.1258840170 0.2446958982
1 0.1951909477 0.6053748232 0.1216407355 0.2376237624
1 0.2878359264 0.5990099010 0.1032531825 0.2220650636
1 0.3790664781 0.5954738331 0.0933521924 0.2149929279
1 0.4589816124 0.5884016973 0.0777934936 0.2036775106
1 0.5502121641 0.5862800566 0.0509193777 0.1909476662
1 0.5968882603 0.5785007072 0.0480905233 0.1782178218
1 0.6471004243 0.5742574257 0.0636492221 0.1725601132
1 0.6987270156 0.5721357850 0.0480905233 0.1626591231
1 0.7899575672 0.5700141443 0.0523338048 0.1555869873
1 0.7376237624 0.5685997171 0.0381895332 0.1555869873
1 0.9271570014 0.5636492221 0.0438472419 0.1456859972
1 0.9660537482 0.5579915134 0.0367751061 0.1456859972
1 0.9031117397 0.5636492221 0.0212164074 0.1456859972
1 0.9908062235 0.5523338048 0.0183875530 0.1343705799
1 0.9702970297 0.7333804809 0.0594059406 0.1711456860
1 0.3140028289 0.8578500707 0.2178217822 0.2588401697
1 0.4936350778 0.8246110325 0.1753889675 0.2291371994
1 0.6435643564 0.8055162659 0.1386138614 0.2079207921
1 0.7722772277 0.7751060820 0.1272984441 0.1980198020
1 0.8840169731 0.7567185290 0.1216407355 0.1895332390
1 0.1152758133 0.8769448373 0.2305516266 0.2461103253
1 0.7751060820 0.9243281471 0.1216407355 0.1513437058
1 0.8910891089 0.9087694484 0.1131541726 0.1824611033
1 0.9717114569 0.8790664781 0.0565770863 0.1739745403
1 0.3005657709 0.9710042433 0.1994342291 0.0579915134
1 0.4816124470 0.9526166902 0.1937765205 0.0947666195
1 0.6428571429 0.9356435644 0.1626591231 0.1287128713
