3 0.1217510260 0.3321234120 0.0369357045 0.0526315789
3 0.1554687500 0.3582987552 0.0376562500 0.1010373444
1 0.2923437500 0.3468879668 0.0582812500 0.0773858921
1 0.2365625000 0.3454356846 0.0560937500 0.0790456432
1 0.5426562500 0.3421161826 0.1140625000 0.0612033195
1 0.7582812500 0.3477178423 0.0885937500 0.0580912863
2 0.9160156250 0.3568464730 0.1382812500 0.0788381743
3 0.1185937500 0.4300829876 0.0300000000 0.0443983402
3 0.1218750000 0.3823651452 0.0359375000 0.0508298755
1 0.2392187500 0.4217842324 0.0484375000 0.0757261411
1 0.2953125000 0.4234439834 0.0515625000 0.0746887967
1 0.3650000000 0.4082987552 0.0673437500 0.1570539419
1 0.4303125000 0.4064315353 0.0667187500 0.1475103734
1 0.5429687500 0.4006224066 0.1125000000 0.0560165975
1 0.6748437500 0.3734439834 0.0762500000 0.0987551867
3 0.1206250000 0.4761410788 0.0353125000 0.0454356846
3 0.1564062500 0.4545643154 0.0350000000 0.0923236515
1 0.5429687500 0.4568464730 0.1087500000 0.0576763485
1 0.6690625000 0.4487551867 0.0901562500 0.0508298755
1 0.7589062500 0.4377593361 0.0900000000 0.1234439834
2 0.9121093750 0.4621369295 0.1382812500 0.1379668050
1 0.1251562500 0.5265560166 0.0950000000 0.0595435685
1 0.2339261286 0.5045372051 0.0492476060 0.0871143376
1 0.2968536252 0.5027223230 0.0601915185 0.0798548094
1 0.3698437500 0.5622406639 0.0642187500 0.1408713693
1 0.4342187500 0.5547717842 0.0640625000 0.1410788382
1 0.5476562500 0.5122406639 0.1057812500 0.0547717842
1 0.5459375000 0.5649377593 0.1115625000 0.0504149378
1 0.6698437500 0.5008298755 0.0887500000 0.0524896266
1 0.6717187500 0.5560165975 0.0876562500 0.0605809129
1 0.7601562500 0.5578838174 0.0890625000 0.1240663900
1 0.1250000000 0.5814315353 0.1000000000 0.0570539419
1 0.2389062500 0.5896265560 0.0515625000 0.0798755187
1 0.2923437500 0.5842323651 0.0542187500 0.0817427386
1 0.5367187500 0.6192946058 0.1296875000 0.0601659751
1 0.6710937500 0.6147302905 0.0889062500 0.0576763485
1 0.9292968750 0.5881742739 0.1054687500 0.1161825726
1 0.1234375000 0.6354771784 0.0954687500 0.0526970954
1 0.1225000000 0.6885892116 0.0939062500 0.0514522822
1 0.2382812500 0.6636929461 0.0514062500 0.0688796680
1 0.2895312500 0.6605809129 0.0507812500 0.0709543568
1 0.4410937500 0.6985477178 0.0540625000 0.1423236515
1 0.5367187500 0.6798755187 0.1343750000 0.0649377593
1 0.7614062500 0.6927385892 0.0890625000 0.1468879668
2 0.8402343750 0.6441908714 0.0679687500 0.2240663900
1 0.1217510260 0.7422867514 0.0957592339 0.0580762250
1 0.2906250000 0.7352697095 0.0512500000 0.0721991701
1 0.2384375000 0.7352697095 0.0512500000 0.0730290456
1 0.3862500000 0.7008298755 0.0560937500 0.1321576763
1 0.5367187500 0.7417012448 0.1314062500 0.0653526971
1 0.6718750000 0.7060165975 0.0870312500 0.1240663900
1 0.9287500000 0.7018672199 0.1056250000 0.1217842324
