1 0.2577132486 0.1217510260 0.0580762250 0.0957592339
1 0.3645228216 0.1234375000 0.0526970954 0.0954687500
1 0.3114107884 0.1225000000 0.0514522822 0.0939062500
1 0.4185684647 0.1250000000 0.0570539419 0.1000000000
1 0.4734439834 0.1251562500 0.0595435685 0.0950000000
3 0.5238589212 0.1206250000 0.0454356846 0.0353125000
3 0.5454356846 0.1564062500 0.0923236515 0.0350000000
3 0.5699170124 0.1185937500 0.0443983402 0.0300000000
3 0.6176348548 0.1218750000 0.0508298755 0.0359375000
3 0.6678765880 0.1217510260 0.0526315789 0.0369357045
3 0.6417012448 0.1554687500 0.1010373444 0.0376562500
1 0.2647302905 0.2384375000 0.0730290456 0.0512500000
1 0.2647302905 0.2906250000 0.0721991701 0.0512500000
1 0.3394190871 0.2895312500 0.0709543568 0.0507812500
1 0.3363070539 0.2382812500 0.0688796680 0.0514062500
1 0.4157676349 0.2923437500 0.0817427386 0.0542187500
1 0.4103734440 0.2389062500 0.0798755187 0.0515625000
1 0.4972776770 0.2968536252 0.0798548094 0.0601915185
1 0.4954627949 0.2339261286 0.0871143376 0.0492476060
1 0.5765560166 0.2953125000 0.0746887967 0.0515625000
1 0.5782157676 0.2392187500 0.0757261411 0.0484375000
1 0.6531120332 0.2923437500 0.0773858921 0.0582812500
1 0.5917012448 0.3650000000 0.1570539419 0.0673437500
1 0.2991701245 0.3862500000 0.1321576763 0.0560937500
1 0.4377593361 0.3698437500 0.1408713693 0.0642187500
1 0.5935684647 0.4303125000 0.1475103734 0.0667187500
1 0.3014522822 0.4410937500 0.1423236515 0.0540625000
1 0.4452282158 0.4342187500 0.1410788382 0.0640625000
1 0.2582987552 0.5367187500 0.0653526971 0.1314062500
1 0.3201244813 0.5367187500 0.0649377593 0.1343750000
1 0.3807053942 0.5367187500 0.0601659751 0.1296875000
1 0.4877593361 0.5476562500 0.0547717842 0.1057812500
1 0.4350622407 0.5459375000 0.0504149378 0.1115625000
1 0.5431535270 0.5429687500 0.0576763485 0.1087500000
1 0.5993775934 0.5429687500 0.0560165975 0.1125000000
1 0.6578838174 0.5426562500 0.0612033195 0.1140625000
1 0.2939834025 0.6718750000 0.1240663900 0.0870312500
1 0.3852697095 0.6710937500 0.0576763485 0.0889062500
1 0.4991701245 0.6698437500 0.0524896266 0.0887500000
1 0.4439834025 0.6717187500 0.0605809129 0.0876562500
1 0.5512448133 0.6690625000 0.0508298755 0.0901562500
1 0.6265560166 0.6748437500 0.0987551867 0.0762500000
1 0.3072614108 0.7614062500 0.1468879668 0.0890625000
1 0.4421161826 0.7601562500 0.1240663900 0.0890625000
1 0.5622406639 0.7589062500 0.1234439834 0.0900000000
1 0.6522821577 0.7582812500 0.0580912863 0.0885937500
2 0.3558091286 0.8402343750 0.2240663900 0.0679687500
1 0.2981327801 0.9287500000 0.1217842324 0.1056250000
1 0.4118257261 0.9292968750 0.1161825726 0.1054687500
2 0.5378630705 0.9121093750 0.1379668050 0.1382812500
2 0.6431535270 0.9160156250 0.0788381743 0.1382812500
1 0.6545643154 0.2365625000 0.0790456432 0.0560937500
