2 0.3568464730 0.0839843750 0.0788381743 0.1382812500
2 0.4621369295 0.0878906250 0.1379668050 0.1382812500
1 0.5881742739 0.0707031250 0.1161825726 0.1054687500
1 0.7018672199 0.0712500000 0.1217842324 0.1056250000
2 0.6441908714 0.1597656250 0.2240663900 0.0679687500
1 0.3477178423 0.2417187500 0.0580912863 0.0885937500
1 0.4377593361 0.2410937500 0.1234439834 0.0900000000
1 0.5578838174 0.2398437500 0.1240663900 0.0890625000
1 0.6927385892 0.2385937500 0.1468879668 0.0890625000
1 0.3734439834 0.3251562500 0.0987551867 0.0762500000
1 0.4487551867 0.3309375000 0.0508298755 0.0901562500
1 0.5008298755 0.3301562500 0.0524896266 0.0887500000
1 0.5560165975 0.3282812500 0.0605809129 0.0876562500
1 0.6147302905 0.3289062500 0.0576763485 0.0889062500
1 0.7060165975 0.3281250000 0.1240663900 0.0870312500
1 0.3421161826 0.4573437500 0.0612033195 0.1140625000
1 0.4006224066 0.4570312500 0.0560165975 0.1125000000
1 0.4568464730 0.4570312500 0.0576763485 0.1087500000
1 0.5122406639 0.4523437500 0.0547717842 0.1057812500
1 0.5649377593 0.4540625000 0.0504149378 0.1115625000
1 0.6192946058 0.4632812500 0.0601659751 0.1296875000
1 0.6798755187 0.4632812500 0.0649377593 0.1343750000
1 0.7417012448 0.4632812500 0.0653526971 0.1314062500
1 0.5547717842 0.5657812500 0.1410788382 0.0640625000
1 0.6985477178 0.5589062500 0.1423236515 0.0540625000
1 0.4064315353 0.5696875000 0.1475103734 0.0667187500
1 0.5622406639 0.6301562500 0.1408713693 0.0642187500
1 0.7008298755 0.6137500000 0.1321576763 0.0560937500
1 0.4082987552 0.6350000000 0.1570539419 0.0673437500
1 0.3468879668 0.7076562500 0.0773858921 0.0582812500
1 0.3454356846 0.7634375000 0.0790456432 0.0560937500
1 0.4217842324 0.7607812500 0.0757261411 0.0484375000
1 0.4234439834 0.7046875000 0.0746887967 0.0515625000
1 0.5045372051 0.7660738714 0.0871143376 0.0492476060
1 0.5027223230 0.7031463748 0.0798548094 0.0601915185
1 0.5896265560 0.7610937500 0.0798755187 0.0515625000
1 0.5842323651 0.7076562500 0.0817427386 0.0542187500
1 0.6605809129 0.7104687500 0.0709543568 0.0507812500
1 0.6636929461 0.7617187500 0.0688796680 0.0514062500
1 0.7352697095 0.7615625000 0.0730290456 0.0512500000
1 0.7352697095 0.7093750000 0.0721991701 0.0512500000
3 0.3582987552 0.8445312500 0.1010373444 0.0376562500
3 0.3321234120 0.8782489740 0.0526315789 0.0369357045
3 0.3823651452 0.8781250000 0.0508298755 0.0359375000
3 0.4300829876 0.8814062500 0.0443983402 0.0300000000
3 0.4545643154 0.8435937500 0.0923236515 0.0350000000
3 0.4761410788 0.8793750000 0.0454356846 0.0353125000
1 0.5265560166 0.8748437500 0.0595435685 0.0950000000
1 0.5814315353 0.8750000000 0.0570539419 0.1000000000
1 0.6885892116 0.8775000000 0.0514522822 0.0939062500
1 0.6354771784 0.8765625000 0.0526970954 0.0954687500
1 0.7422867514 0.8782489740 0.0580762250 0.0957592339
