1 0.0923750000 0.1462015504 0.0941250000 0.0457364341
1 0.0997500000 0.2182945736 0.0958750000 0.0167441860
7 0.6795000000 0.1765891473 0.1097500000 0.0382945736
7 0.6625000000 0.2153488372 0.1005000000 0.0496124031
6 0.7506250000 0.2009302326 0.0525000000 0.0713178295
6 0.8046250000 0.2043410853 0.0566250000 0.0713178295
6 0.8630000000 0.2032558140 0.0550000000 0.0722480620
7 0.9242500000 0.2150387597 0.0606250000 0.0570542636
7 0.9722500000 0.2184496124 0.0295000000 0.0513178295
7 0.9932500000 0.2173643411 0.0135000000 0.0486821705
1 0.0137500000 0.2640310078 0.0272500000 0.0840310078
1 0.1201250000 0.2621705426 0.1028750000 0.0379844961
7 0.5853750000 0.2644961240 0.0428750000 0.0355038760
7 0.6606250000 0.2677519380 0.1043750000 0.0198449612
1 0.0838750000 0.3638759690 0.0750000000 0.0762790698
1 0.2850000000 0.3516279070 0.0376250000 0.0393798450
1 0.2483750000 0.3486821705 0.0370000000 0.0392248062
1 0.3208750000 0.3517829457 0.0355000000 0.0410852713
7 0.7436250000 0.3562790698 0.0727500000 0.0406201550
1 0.1653750000 0.3696124031 0.0581250000 0.0724031008
1 0.2094818082 0.3679890561 0.0396912900 0.0779753762
1 0.2823750000 0.3893023256 0.0371250000 0.0387596899
1 0.2472500000 0.3893023256 0.0360000000 0.0396899225
1 0.3188750000 0.3910077519 0.0368750000 0.0379844961
1 0.3561250000 0.3800000000 0.0363750000 0.0598449612
1 0.4193750000 0.3775193798 0.0300000000 0.0551937984
1 0.3888750000 0.3796899225 0.0348750000 0.0601550388
4 0.4740904079 0.3707250342 0.0551267916 0.0725034200
4 0.5282500000 0.3798449612 0.0548750000 0.0708527132
4 0.5851250000 0.3714728682 0.0556250000 0.0728682171
4 0.6401250000 0.3725581395 0.0540000000 0.0741085271
4 0.6950000000 0.3739534884 0.0538750000 0.0720930233
6 0.7466250000 0.3827906977 0.0507500000 0.0375193798
6 0.8227500000 0.3674418605 0.0456250000 0.0671317829
6 0.8857500000 0.3821705426 0.0295000000 0.0568992248
6 0.8580000000 0.3823255814 0.0266250000 0.0545736434
1 0.0325000000 0.4996899225 0.0352500000 0.0221705426
1 0.0070390625 0.4974728682 0.0140781250 0.0200310078
1 0.0593750000 0.4992248062 0.0198750000 0.0207751938
1 0.3620000000 0.4986046512 0.0397500000 0.0409302326
1 0.3170000000 0.4958139535 0.0430000000 0.0393798450
7 0.4785125000 0.4900697674 0.0458687500 0.0291627907
7 0.5297875000 0.4924883721 0.0434562500 0.0278604651
7 0.5720187500 0.4933953488 0.0451937500 0.0276511628
7 0.6132812500 0.4964263566 0.0406812500 0.0318914729
7 0.6521250000 0.4933333333 0.0380000000 0.0248062016
6 0.7701250000 0.4990697674 0.0337500000 0.0409302326
1 0.0067250000 0.5320232558 0.0134500000 0.0441860465
1 0.0322500000 0.5305426357 0.0345000000 0.0393798450
1 0.0657500000 0.5297674419 0.0338750000 0.0401550388
1 0.1376937500 0.5021782946 0.0326562500 0.0280697674
1 0.1432812500 0.5373333333 0.0202187500 0.0398372093
1 0.1013187500 0.5334418605 0.0397000000 0.0390077519
1 0.2118125000 0.5026124031 0.0224812500 0.0271007752
1 0.2072375000 0.5351705426 0.0349437500 0.0434496124
1 0.1696125000 0.5331860465 0.0378125000 0.0438139535
1 0.2410000000 0.5320930233 0.0345000000 0.0356589147
1 0.2763750000 0.5319379845 0.0323750000 0.0404651163
1 0.2411250000 0.5017054264 0.0351250000 0.0215503876
1 0.2690000000 0.5017054264 0.0202500000 0.0204651163
1 0.3598437500 0.5406434109 0.0423000000 0.0402093023
1 0.3153750000 0.5404651163 0.0425000000 0.0381395349
4 0.3930375000 0.5158217054 0.0227625000 0.0731627907
4 0.4162375000 0.5147054264 0.0241375000 0.0771240310
4 0.4414062500 0.5133875969 0.0270062500 0.0735813953
7 0.4792562500 0.5136434109 0.0508562500 0.0230775194
7 0.4802125000 0.5392480620 0.0525062500 0.0291937984
7 0.5288062500 0.5164108527 0.0416875000 0.0291085271
7 0.5690937500 0.5394263566 0.0477000000 0.0282713178
7 0.5700687500 0.5158062016 0.0466312500 0.0273875969
7 0.6139187500 0.5441007752 0.0401312500 0.0311085271
7 0.6550000000 0.5427906977 0.0382500000 0.0255813953
7 0.6518750000 0.5179844961 0.0387500000 0.0235658915
6 0.7067500000 0.5404651163 0.0655000000 0.0431007752
6 0.7078750000 0.5044961240 0.0670000000 0.0376744186
6 0.7610000000 0.5423255814 0.0325000000 0.0393798450
6 0.8027500000 0.5387596899 0.0376250000 0.0381395349
6 0.8058750000 0.5006201550 0.0346250000 0.0392248062
7 0.8927500000 0.5330232558 0.0260000000 0.0541085271
6 0.8488750000 0.5178294574 0.0516250000 0.0688372093
7 0.9192500000 0.5330232558 0.0272500000 0.0541085271
1 0.1445312500 0.6257286822 0.0445875000 0.0402713178
1 0.1877500000 0.6252713178 0.0422500000 0.0378294574
1 0.3735375000 0.6311782946 0.0400062500 0.0408062016
7 0.4863250000 0.6248217054 0.0482187500 0.0271782946
7 0.5346687500 0.6254263566 0.0504125000 0.0277441860
7 0.6264625000 0.6269379845 0.0399500000 0.0317751938
1 0.0240000000 0.6652713178 0.0392500000 0.0393798450
1 0.0605000000 0.6652713178 0.0401250000 0.0392248062
1 0.0983750000 0.6660465116 0.0345000000 0.0387596899
1 0.0920000000 0.6345736434 0.0222500000 0.0229457364
1 0.0627500000 0.6336434109 0.0368750000 0.0223255814
1 0.1432500000 0.6644961240 0.0458750000 0.0415503876
1 0.1887500000 0.6643410853 0.0431250000 0.0410852713
1 0.2725000000 0.6384496124 0.0257500000 0.0210852713
1 0.2733750000 0.6697674419 0.0293750000 0.0406201550
1 0.2338750000 0.6710077519 0.0393750000 0.0393798450
1 0.2392500000 0.6381395349 0.0333750000 0.0189147287
4 0.4280000000 0.6570232558 0.0219937500 0.0545581395
4 0.4037500000 0.6575193798 0.0232812500 0.0567674419
7 0.4861812500 0.6752635659 0.0472812500 0.0255271318
4 0.4516250000 0.6583100775 0.0245375000 0.0541085271
7 0.4824187500 0.6484341085 0.0524312500 0.0294883721
7 0.5324687500 0.6505581395 0.0502312500 0.0287674419
7 0.5332562500 0.6757751938 0.0458375000 0.0255658915
7 0.5783687500 0.6778914729 0.0457500000 0.0223953488
7 0.6233750000 0.6778294574 0.0450000000 0.0241860465
7 0.5788562500 0.6514651163 0.0466312500 0.0314186047
7 0.6254875000 0.6538914729 0.0427250000 0.0308139535
7 0.6821250000 0.6572093023 0.0231250000 0.0227906977
7 0.6584375000 0.6566511628 0.0238312500 0.0254883721
6 0.7516250000 0.6553488372 0.0433750000 0.0739534884
6 0.7089305402 0.6580027360 0.0396912900 0.0793433653
6 0.8056250000 0.6913178295 0.0251250000 0.0258914729
6 0.8036250000 0.6483720930 0.0291250000 0.0257364341
6 0.8728750000 0.6545736434 0.0327500000 0.0710077519
6 0.8341250000 0.6486821705 0.0277500000 0.0266666667
6 0.8347500000 0.6930232558 0.0277500000 0.0268217054
7 0.9442937500 0.6374573643 0.0528125000 0.0372093023
6 0.9050000000 0.6550387597 0.0318750000 0.0691472868
0 0.9827000000 0.6613100775 0.0346000000 0.0870000000
1 0.0286659316 0.7592339261 0.0297684675 0.0738714090
1 0.0887500000 0.7595348837 0.0336250000 0.0739534884
1 0.0590000000 0.7601550388 0.0306250000 0.0744186047
1 0.2357500000 0.7471317829 0.0372500000 0.0403100775
1 0.2768750000 0.7441860465 0.0387500000 0.0368992248
1 0.3536250000 0.7454263566 0.0362500000 0.0410852713
1 0.3171375000 0.7451162791 0.0373812500 0.0397984496
4 0.4081250000 0.7634108527 0.0256250000 0.0730232558
4 0.3825000000 0.7641860465 0.0281250000 0.0730232558
4 0.4325000000 0.7635658915 0.0251250000 0.0728682171
7 0.4641250000 0.7640310078 0.0375000000 0.0258914729
7 0.4642500000 0.7390697674 0.0380000000 0.0244961240
7 0.5040000000 0.7393798450 0.0388750000 0.0248062016
7 0.5033750000 0.7648062016 0.0385000000 0.0275968992
7 0.5446750000 0.7420077519 0.0410750000 0.0296589147
7 0.5416937500 0.7657906977 0.0418937500 0.0295736434
7 0.5836250000 0.7413953488 0.0402500000 0.0254263566
7 0.6236250000 0.7423255814 0.0391250000 0.0254263566
6 0.7248750000 0.7627906977 0.0718750000 0.0279069767
6 0.8150000000 0.7641860465 0.0312500000 0.0262015504
6 0.7798750000 0.7626356589 0.0332500000 0.0257364341
1 0.1220000000 0.7696124031 0.0220000000 0.0475968992
1 0.1460000000 0.7721627907 0.0296187500 0.0533565891
1 0.1738750000 0.7722480620 0.0291250000 0.0522480620
1 0.2028665932 0.7729138167 0.0297684675 0.0519835841
1 0.2758750000 0.7824806202 0.0386250000 0.0410852713
1 0.3497500000 0.7843410853 0.0363750000 0.0361240310
1 0.3127500000 0.7840310078 0.0346250000 0.0384496124
7 0.6238750000 0.7680620155 0.0400000000 0.0255813953
7 0.5835000000 0.7668217054 0.0405000000 0.0252713178
7 0.6761250000 0.7722480620 0.0202500000 0.0235658915
7 0.6558750000 0.7722480620 0.0201250000 0.0241860465
6 0.7130000000 0.7896124031 0.0593750000 0.0275968992
6 0.7813750000 0.7948837209 0.0208750000 0.0381395349
6 0.8168750000 0.7968992248 0.0327500000 0.0376744186
6 0.8856250000 0.7728682171 0.0315000000 0.0770542636
6 0.8551250000 0.7731782946 0.0350000000 0.0790697674
0 0.9528875000 0.7748992248 0.0306562500 0.0727829457
0 0.9843437500 0.7765968992 0.0313062500 0.0735891473
1 0.0797500000 0.8967441860 0.0302500000 0.0396899225
1 0.0790000000 0.8590697674 0.0322500000 0.0342635659
1 0.0381250000 0.8800000000 0.0440000000 0.0251162791
1 0.1400000000 0.8592248062 0.0263750000 0.0339534884
1 0.1105000000 0.8970542636 0.0311250000 0.0384496124
1 0.1413750000 0.8964341085 0.0298750000 0.0395348837
1 0.1110000000 0.8582945736 0.0318750000 0.0365891473
1 0.1781812500 0.8887674419 0.0291750000 0.0472945736
1 0.2817500000 0.8936434109 0.0268750000 0.0547286822
1 0.2550000000 0.8927131783 0.0275000000 0.0536434109
1 0.3443750000 0.8868217054 0.0257500000 0.0403100775
1 0.3085000000 0.8941085271 0.0272500000 0.0562790698
4 0.3942500000 0.8882170543 0.0291250000 0.0849612403
1 0.3700000000 0.8879069767 0.0205000000 0.0409302326
4 0.4240625000 0.8903100775 0.0293750000 0.0860465116
7 0.4872500000 0.8573643411 0.0345000000 0.0246511628
7 0.4873750000 0.8807751938 0.0346250000 0.0249612403
4 0.4550000000 0.8895348837 0.0300000000 0.0875968992
7 0.5220000000 0.8587596899 0.0338750000 0.0244961240
7 0.5565000000 0.8598449612 0.0346250000 0.0254263566
7 0.5565000000 0.8827906977 0.0351250000 0.0235658915
7 0.5216250000 0.8821705426 0.0342500000 0.0235658915
7 0.5912500000 0.8838759690 0.0346250000 0.0243410853
7 0.6176250000 0.8877519380 0.0181250000 0.0262015504
7 0.5912500000 0.8607751938 0.0348750000 0.0243410853
7 0.6177500000 0.8617209302 0.0177875000 0.0234263566
7 0.6518750000 0.8635658915 0.0163750000 0.0251162791
7 0.6356250000 0.8917829457 0.0182500000 0.0341085271
7 0.6352187500 0.8625038760 0.0185437500 0.0226046512
6 0.7197500000 0.8990697674 0.0505000000 0.0945736434
6 0.8303750000 0.8820155039 0.0201250000 0.0251162791
6 0.8577250000 0.8816744186 0.0300937500 0.0262558140
6 0.9302500000 0.8871317829 0.0295000000 0.0268217054
6 0.9043750000 0.8868217054 0.0226250000 0.0272868217
0 0.9835000000 0.8768992248 0.0330000000 0.0305426357
1 0.0821250000 0.9364341085 0.0325000000 0.0382945736
1 0.1140000000 0.9359689922 0.0303750000 0.0381395349
1 0.1446250000 0.9359689922 0.0310000000 0.0392248062
1 0.1817375000 0.9217364341 0.0250812500 0.0196434109
6 0.6686250000 0.9234108527 0.0350000000 0.0489922481
6 0.7635000000 0.9136434109 0.0431250000 0.0372093023
6 0.8463750000 0.9167441860 0.0332500000 0.0434108527
6 0.9037500000 0.9217054264 0.0311250000 0.0424806202
6 0.9346250000 0.9209302326 0.0311250000 0.0437209302
0 0.9840000000 0.9387596899 0.0320000000 0.0302325581
0 0.9827500000 0.9074418605 0.0313750000 0.0310077519
