0 0.0172500000 0.0925581395 0.0313750000 0.0310077519
0 0.0160000000 0.0612403101 0.0320000000 0.0302325581
6 0.0653750000 0.0790697674 0.0311250000 0.0437209302
6 0.0962500000 0.0782945736 0.0311250000 0.0424806202
6 0.1536250000 0.0832558140 0.0332500000 0.0434108527
6 0.2365000000 0.0863565891 0.0431250000 0.0372093023
6 0.3313750000 0.0765891473 0.0350000000 0.0489922481
1 0.8182625000 0.0782635659 0.0250812500 0.0196434109
1 0.8553750000 0.0640310078 0.0310000000 0.0392248062
1 0.8860000000 0.0640310078 0.0303750000 0.0381395349
1 0.9178750000 0.0635658915 0.0325000000 0.0382945736
0 0.0165000000 0.1231007752 0.0330000000 0.0305426357
6 0.0956250000 0.1131782946 0.0226250000 0.0272868217
6 0.0697500000 0.1128682171 0.0295000000 0.0268217054
6 0.1422750000 0.1183255814 0.0300937500 0.0262558140
6 0.1696250000 0.1179844961 0.0201250000 0.0251162791
6 0.2802500000 0.1009302326 0.0505000000 0.0945736434
7 0.3647812500 0.1374961240 0.0185437500 0.0226046512
7 0.3643750000 0.1082170543 0.0182500000 0.0341085271
7 0.3481250000 0.1364341085 0.0163750000 0.0251162791
7 0.3822500000 0.1382790698 0.0177875000 0.0234263566
7 0.3823750000 0.1122480620 0.0181250000 0.0262015504
7 0.4087500000 0.1161240310 0.0346250000 0.0243410853
7 0.4087500000 0.1392248062 0.0348750000 0.0243410853
7 0.4435000000 0.1401550388 0.0346250000 0.0254263566
7 0.4435000000 0.1172093023 0.0351250000 0.0235658915
7 0.4780000000 0.1412403101 0.0338750000 0.0244961240
7 0.4783750000 0.1178294574 0.0342500000 0.0235658915
4 0.5450000000 0.1104651163 0.0300000000 0.0875968992
7 0.5126250000 0.1192248062 0.0346250000 0.0249612403
7 0.5127500000 0.1426356589 0.0345000000 0.0246511628
4 0.5759375000 0.1096899225 0.0293750000 0.0860465116
4 0.6057500000 0.1117829457 0.0291250000 0.0849612403
1 0.6300000000 0.1120930233 0.0205000000 0.0409302326
1 0.6915000000 0.1058914729 0.0272500000 0.0562790698
1 0.6556250000 0.1131782946 0.0257500000 0.0403100775
1 0.7450000000 0.1072868217 0.0275000000 0.0536434109
1 0.7182500000 0.1063565891 0.0268750000 0.0547286822
1 0.8218187500 0.1112325581 0.0291750000 0.0472945736
1 0.8890000000 0.1417054264 0.0318750000 0.0365891473
1 0.8586250000 0.1035658915 0.0298750000 0.0395348837
1 0.8895000000 0.1029457364 0.0311250000 0.0384496124
1 0.9618750000 0.1200000000 0.0440000000 0.0251162791
1 0.9202500000 0.1032558140 0.0302500000 0.0396899225
1 0.9210000000 0.1409302326 0.0322500000 0.0342635659
0 0.0156562500 0.2234031008 0.0313062500 0.0735891473
0 0.0471125000 0.2251007752 0.0306562500 0.0727829457
6 0.1143750000 0.2271317829 0.0315000000 0.0770542636
6 0.1448750000 0.2268217054 0.0350000000 0.0790697674
6 0.2186250000 0.2051162791 0.0208750000 0.0381395349
6 0.1831250000 0.2031007752 0.0327500000 0.0376744186
6 0.2870000000 0.2103875969 0.0593750000 0.0275968992
7 0.3238750000 0.2277519380 0.0202500000 0.0235658915
7 0.3441250000 0.2277519380 0.0201250000 0.0241860465
7 0.3761250000 0.2319379845 0.0400000000 0.0255813953
7 0.4165000000 0.2331782946 0.0405000000 0.0252713178
1 0.6502500000 0.2156589147 0.0363750000 0.0361240310
1 0.6872500000 0.2159689922 0.0346250000 0.0384496124
1 0.7241250000 0.2175193798 0.0386250000 0.0410852713
1 0.7971334068 0.2270861833 0.0297684675 0.0519835841
1 0.8261250000 0.2277519380 0.0291250000 0.0522480620
1 0.8780000000 0.2303875969 0.0220000000 0.0475968992
1 0.8540000000 0.2278372093 0.0296187500 0.0533565891
6 0.1850000000 0.2358139535 0.0312500000 0.0262015504
6 0.2201250000 0.2373643411 0.0332500000 0.0257364341
6 0.2751250000 0.2372093023 0.0718750000 0.0279069767
7 0.4163750000 0.2586046512 0.0402500000 0.0254263566
7 0.3763750000 0.2576744186 0.0391250000 0.0254263566
7 0.4960000000 0.2606201550 0.0388750000 0.0248062016
7 0.4583062500 0.2342093023 0.0418937500 0.0295736434
7 0.4966250000 0.2351937984 0.0385000000 0.0275968992
7 0.4553250000 0.2579922481 0.0410750000 0.0296589147
7 0.5357500000 0.2609302326 0.0380000000 0.0244961240
7 0.5358750000 0.2359689922 0.0375000000 0.0258914729
4 0.5675000000 0.2364341085 0.0251250000 0.0728682171
4 0.6175000000 0.2358139535 0.0281250000 0.0730232558
4 0.5918750000 0.2365891473 0.0256250000 0.0730232558
1 0.6828625000 0.2548837209 0.0373812500 0.0397984496
1 0.6463750000 0.2545736434 0.0362500000 0.0410852713
1 0.7231250000 0.2558139535 0.0387500000 0.0368992248
1 0.7642500000 0.2528682171 0.0372500000 0.0403100775
1 0.9112500000 0.2404651163 0.0336250000 0.0739534884
1 0.9410000000 0.2398449612 0.0306250000 0.0744186047
1 0.9713340684 0.2407660739 0.0297684675 0.0738714090
0 0.0173000000 0.3386899225 0.0346000000 0.0870000000
6 0.0950000000 0.3449612403 0.0318750000 0.0691472868
7 0.0557062500 0.3625426357 0.0528125000 0.0372093023
6 0.1658750000 0.3513178295 0.0277500000 0.0266666667
6 0.1271250000 0.3454263566 0.0327500000 0.0710077519
6 0.1652500000 0.3069767442 0.0277500000 0.0268217054
6 0.1943750000 0.3086821705 0.0251250000 0.0258914729
6 0.1963750000 0.3516279070 0.0291250000 0.0257364341
6 0.2910694598 0.3419972640 0.0396912900 0.0793433653
6 0.2483750000 0.3446511628 0.0433750000 0.0739534884
7 0.3415625000 0.3433488372 0.0238312500 0.0254883721
7 0.3178750000 0.3427906977 0.0231250000 0.0227906977
7 0.3745125000 0.3461085271 0.0427250000 0.0308139535
7 0.4211437500 0.3485348837 0.0466312500 0.0314186047
7 0.3766250000 0.3221705426 0.0450000000 0.0241860465
7 0.4216312500 0.3221085271 0.0457500000 0.0223953488
7 0.4667437500 0.3242248062 0.0458375000 0.0255658915
7 0.4675312500 0.3494418605 0.0502312500 0.0287674419
7 0.5175812500 0.3515658915 0.0524312500 0.0294883721
7 0.5138187500 0.3247364341 0.0472812500 0.0255271318
4 0.5483750000 0.3416899225 0.0245375000 0.0541085271
4 0.5720000000 0.3429767442 0.0219937500 0.0545581395
4 0.5962500000 0.3424806202 0.0232812500 0.0567674419
1 0.7607500000 0.3618604651 0.0333750000 0.0189147287
1 0.7661250000 0.3289922481 0.0393750000 0.0393798450
1 0.7266250000 0.3302325581 0.0293750000 0.0406201550
1 0.7275000000 0.3615503876 0.0257500000 0.0210852713
1 0.8112500000 0.3356589147 0.0431250000 0.0410852713
1 0.8567500000 0.3355038760 0.0458750000 0.0415503876
1 0.9372500000 0.3663565891 0.0368750000 0.0223255814
1 0.9080000000 0.3654263566 0.0222500000 0.0229457364
1 0.9016250000 0.3339534884 0.0345000000 0.0387596899
1 0.9395000000 0.3347286822 0.0401250000 0.0392248062
1 0.9760000000 0.3347286822 0.0392500000 0.0393798450
7 0.3735375000 0.3730620155 0.0399500000 0.0317751938
7 0.4653312500 0.3745736434 0.0504125000 0.0277441860
7 0.5136750000 0.3751782946 0.0482187500 0.0271782946
1 0.6264625000 0.3688217054 0.0400062500 0.0408062016
1 0.8122500000 0.3747286822 0.0422500000 0.0378294574
1 0.8554687500 0.3742713178 0.0445875000 0.0402713178
7 0.0807500000 0.4669767442 0.0272500000 0.0541085271
6 0.1511250000 0.4821705426 0.0516250000 0.0688372093
7 0.1072500000 0.4669767442 0.0260000000 0.0541085271
6 0.1941250000 0.4993798450 0.0346250000 0.0392248062
6 0.1972500000 0.4612403101 0.0376250000 0.0381395349
6 0.2932500000 0.4595348837 0.0655000000 0.0431007752
6 0.2921250000 0.4955038760 0.0670000000 0.0376744186
6 0.2390000000 0.4576744186 0.0325000000 0.0393798450
7 0.3481250000 0.4820155039 0.0387500000 0.0235658915
7 0.3450000000 0.4572093023 0.0382500000 0.0255813953
7 0.3860812500 0.4558992248 0.0401312500 0.0311085271
7 0.4299312500 0.4841937984 0.0466312500 0.0273875969
7 0.4309062500 0.4605736434 0.0477000000 0.0282713178
7 0.4711937500 0.4835891473 0.0416875000 0.0291085271
7 0.5197875000 0.4607519380 0.0525062500 0.0291937984
7 0.5207437500 0.4863565891 0.0508562500 0.0230775194
4 0.5585937500 0.4866124031 0.0270062500 0.0735813953
4 0.5837625000 0.4852945736 0.0241375000 0.0771240310
4 0.6069625000 0.4841782946 0.0227625000 0.0731627907
1 0.6846250000 0.4595348837 0.0425000000 0.0381395349
1 0.6401562500 0.4593565891 0.0423000000 0.0402093023
1 0.7310000000 0.4982945736 0.0202500000 0.0204651163
1 0.7588750000 0.4982945736 0.0351250000 0.0215503876
1 0.7236250000 0.4680620155 0.0323750000 0.0404651163
1 0.7590000000 0.4679069767 0.0345000000 0.0356589147
1 0.8303875000 0.4668139535 0.0378125000 0.0438139535
1 0.7927625000 0.4648294574 0.0349437500 0.0434496124
1 0.7881875000 0.4973875969 0.0224812500 0.0271007752
1 0.8567187500 0.4626666667 0.0202187500 0.0398372093
1 0.8986812500 0.4665581395 0.0397000000 0.0390077519
1 0.8623062500 0.4978217054 0.0326562500 0.0280697674
1 0.9342500000 0.4702325581 0.0338750000 0.0401550388
1 0.9677500000 0.4694573643 0.0345000000 0.0393798450
1 0.9932750000 0.4679767442 0.0134500000 0.0441860465
6 0.2298750000 0.5009302326 0.0337500000 0.0409302326
7 0.3478750000 0.5066666667 0.0380000000 0.0248062016
7 0.3867187500 0.5035736434 0.0406812500 0.0318914729
7 0.4279812500 0.5066046512 0.0451937500 0.0276511628
7 0.4702125000 0.5075116279 0.0434562500 0.0278604651
7 0.5214875000 0.5099302326 0.0458687500 0.0291627907
1 0.6830000000 0.5041860465 0.0430000000 0.0393798450
1 0.6380000000 0.5013953488 0.0397500000 0.0409302326
1 0.9406250000 0.5007751938 0.0198750000 0.0207751938
1 0.9929609375 0.5025271318 0.0140781250 0.0200310078
1 0.9675000000 0.5003100775 0.0352500000 0.0221705426
6 0.1420000000 0.6176744186 0.0266250000 0.0545736434
6 0.1142500000 0.6178294574 0.0295000000 0.0568992248
6 0.1772500000 0.6325581395 0.0456250000 0.0671317829
6 0.2533750000 0.6172093023 0.0507500000 0.0375193798
4 0.3050000000 0.6260465116 0.0538750000 0.0720930233
4 0.3598750000 0.6274418605 0.0540000000 0.0741085271
4 0.4148750000 0.6285271318 0.0556250000 0.0728682171
4 0.4717500000 0.6201550388 0.0548750000 0.0708527132
4 0.5259095921 0.6292749658 0.0551267916 0.0725034200
1 0.6111250000 0.6203100775 0.0348750000 0.0601550388
1 0.5806250000 0.6224806202 0.0300000000 0.0551937984
1 0.6438750000 0.6200000000 0.0363750000 0.0598449612
1 0.6811250000 0.6089922481 0.0368750000 0.0379844961
1 0.7527500000 0.6106976744 0.0360000000 0.0396899225
1 0.7176250000 0.6106976744 0.0371250000 0.0387596899
1 0.7905181918 0.6320109439 0.0396912900 0.0779753762
1 0.8346250000 0.6303875969 0.0581250000 0.0724031008
7 0.2563750000 0.6437209302 0.0727500000 0.0406201550
1 0.6791250000 0.6482170543 0.0355000000 0.0410852713
1 0.7516250000 0.6513178295 0.0370000000 0.0392248062
1 0.7150000000 0.6483720930 0.0376250000 0.0393798450
1 0.9161250000 0.6361240310 0.0750000000 0.0762790698
7 0.3393750000 0.7322480620 0.1043750000 0.0198449612
7 0.4146250000 0.7355038760 0.0428750000 0.0355038760
1 0.8798750000 0.7378294574 0.1028750000 0.0379844961
1 0.9862500000 0.7359689922 0.0272500000 0.0840310078
7 0.0067500000 0.7826356589 0.0135000000 0.0486821705
7 0.0277500000 0.7815503876 0.0295000000 0.0513178295
7 0.0757500000 0.7849612403 0.0606250000 0.0570542636
6 0.1370000000 0.7967441860 0.0550000000 0.0722480620
6 0.1953750000 0.7956589147 0.0566250000 0.0713178295
6 0.2493750000 0.7990697674 0.0525000000 0.0713178295
7 0.3375000000 0.7846511628 0.1005000000 0.0496124031
7 0.3205000000 0.8234108527 0.1097500000 0.0382945736
1 0.9002500000 0.7817054264 0.0958750000 0.0167441860
1 0.9076250000 0.8537984496 0.0941250000 0.0457364341
1 0.8600000000 0.1407751938 0.0263750000 0.0339534884
