1 0.3238645833 0.2215312500 0.0669270833 0.0294921875
1 0.4045833333 0.2228125000 0.0381250000 0.0281250000
1 0.4397916667 0.2220312500 0.0333333333 0.0284375000
1 0.5229687500 0.2299218750 0.0566458333 0.0206640625
8 0.1169791667 0.2396250000 0.0660312500 0.0761093750
8 0.2161354167 0.2410000000 0.0797708333 0.0760781250
1 0.3238333333 0.2515312500 0.0700416667 0.0324453125
1 0.3243750000 0.2837500000 0.0700000000 0.0320312500
1 0.4085416667 0.2835937500 0.0329166667 0.0215625000
1 0.4052083333 0.2581250000 0.0335416667 0.0257812500
1 0.4395833333 0.2510937500 0.0343750000 0.0273437500
1 0.4408333333 0.2767187500 0.0327083333 0.0259375000
1 0.5263229167 0.2630468750 0.0601250000 0.0451640625
1 0.6135416667 0.2459375000 0.0777083333 0.0226562500
1 0.6130416667 0.2919687500 0.0755833333 0.0238593750
1 0.6152083333 0.2681250000 0.0762500000 0.0240625000
2 0.7093750000 0.2540625000 0.0733333333 0.0285937500
2 0.7991666667 0.2434375000 0.0702083333 0.0523437500
2 0.7995833333 0.2954687500 0.0695833333 0.0507812500
8 0.1191979167 0.3157812500 0.0660937500 0.0778750000
8 0.2184687500 0.3171953125 0.0761770833 0.0756328125
1 0.3242708333 0.3162109375 0.0732083333 0.0322109375
1 0.3423854167 0.3477421875 0.0369791667 0.0335312500
1 0.3064583333 0.3489062500 0.0354166667 0.0309375000
1 0.4085416667 0.3646875000 0.0370833333 0.0278125000
1 0.4072916667 0.3070312500 0.0306250000 0.0257812500
1 0.4060416667 0.3387500000 0.0318750000 0.0260937500
1 0.4402083333 0.3342187500 0.0360416667 0.0289062500
1 0.4377083333 0.3050000000 0.0272916667 0.0273437500
1 0.4417395833 0.3643906250 0.0337708333 0.0275390625
1 0.5258750000 0.3537968750 0.0581770833 0.0458906250
1 0.5253077975 0.3087179487 0.0547195622 0.0441025641
1 0.6136979167 0.3165000000 0.0757187500 0.0227734375
1 0.6110416667 0.3429687500 0.0779166667 0.0226562500
2 0.6843750000 0.3087500000 0.0387500000 0.0820312500
2 0.7246562500 0.3088593750 0.0434479167 0.0829687500
2 0.8014583333 0.3464062500 0.0695833333 0.0510937500
8 0.1189791667 0.3921796875 0.0665520833 0.0767343750
8 0.2188125000 0.3926875000 0.0768541667 0.0761875000
1 0.3033333333 0.4132812500 0.0391666667 0.0362500000
1 0.3072916667 0.3806250000 0.0352083333 0.0295312500
1 0.3442708333 0.3805078125 0.0340833333 0.0298515625
1 0.3423645833 0.4145156250 0.0379895833 0.0356015625
1 0.4297916667 0.3892187500 0.0597916667 0.0190625000
1 0.4261458333 0.4247968750 0.0510520833 0.0151093750
1 0.4235937500 0.4077031250 0.0459687500 0.0183125000
1 0.5253020833 0.3865000000 0.0552708333 0.0212812500
1 0.5261250000 0.4240781250 0.0597916667 0.0165390625
1 0.5267604167 0.4062500000 0.0606562500 0.0189531250
1 0.6045833333 0.4187500000 0.0306250000 0.0284375000
1 0.6095833333 0.3915625000 0.0766666667 0.0243750000
1 0.6106250000 0.3667187500 0.0762500000 0.0214062500
1 0.6356250000 0.4184375000 0.0314583333 0.0284375000
2 0.6854895833 0.3910703125 0.0392604167 0.0813671875
2 0.7252187500 0.3901093750 0.0415208333 0.0810703125
2 0.8002083333 0.3970312500 0.0670833333 0.0501562500
8 0.1543437500 0.4747578125 0.0471562500 0.0595468750
8 0.2013750000 0.4750468750 0.0420208333 0.0613671875
8 0.2427708333 0.4772109375 0.0381666667 0.0638046875
8 0.2986666667 0.4721171875 0.0464479167 0.0527500000
8 0.3405000000 0.4718359375 0.0417500000 0.0535468750
8 0.1058229167 0.5099375000 0.0486458333 0.0574375000
8 0.1536250000 0.5348906250 0.0484166667 0.0589296875
8 0.2000416667 0.5331250000 0.0416354167 0.0565234375
8 0.2411770833 0.5361093750 0.0401041667 0.0523906250
8 0.2972187500 0.5250000000 0.0423125000 0.0549140625
8 0.3426562500 0.5250625000 0.0455104167 0.0543593750
8 0.1458645833 0.5948984375 0.0960312500 0.0608437500
8 0.2272812500 0.5954687500 0.0721250000 0.0538515625
8 0.3132083333 0.5850703125 0.0400104167 0.0531875000
8 0.3491770833 0.5837500000 0.0327083333 0.0528515625
8 0.1570416667 0.6522343750 0.0631875000 0.0533203125
8 0.2282916667 0.6512187500 0.0684479167 0.0542421875
8 0.3393645833 0.6446484375 0.0522291667 0.0637656250
8 0.2246250000 0.7360937500 0.0732812500 0.0824609375
8 0.3236458333 0.7258906250 0.0876354167 0.0731171875
8 0.2198958333 0.8134218750 0.0844270833 0.0847421875
8 0.3300000000 0.8014062500 0.0820833333 0.0825000000
8 0.2206145833 0.8923593750 0.0841458333 0.0852343750
8 0.3275208333 0.8838281250 0.0799479167 0.0842734375
