5 0.1865937500 0.0303958333 0.0448906250 0.0607916666
5 0.4357031250 0.0307604167 0.0537421875 0.0615208333
5 0.4909921875 0.0291041667 0.0552187500 0.0581979167
5 0.6972500000 0.0141354167 0.0316484375 0.0282708333
4 0.9321171875 0.0210312500 0.1320546875 0.0416354167
5 0.2379531250 0.0334062500 0.0568203125 0.0617708333
5 0.2969062500 0.0361250000 0.0519140625 0.0722395833
5 0.3510468750 0.0347395833 0.0483046875 0.0694791667
5 0.5530078125 0.0480833333 0.0293906250 0.0867812500
5 0.6301015625 0.0444270833 0.0417890625 0.0877812500
5 0.5894296875 0.0484166667 0.0357734375 0.0848020833
5 0.7109765625 0.0511145833 0.0597890625 0.0511875000
5 0.7584765625 0.0698750000 0.0290468750 0.0829895833
4 0.9255546875 0.0761770833 0.1360937500 0.0815416667
5 0.1853437500 0.1180520833 0.0574921875 0.1060729167
5 0.2992968750 0.1174062500 0.0463125000 0.0824895833
5 0.3550000000 0.1142916667 0.0554609375 0.0868854167
5 0.4883046875 0.1095416667 0.0539609375 0.0938437500
5 0.4360703125 0.1125416667 0.0513203125 0.0926250000
5 0.5731640625 0.1218750000 0.0717031250 0.0556562500
5 0.7106250000 0.1037187500 0.0593906250 0.0472395833
4 0.9201718750 0.1517916667 0.1340781250 0.0809791667
1 0.4371875000 0.2245833333 0.0568750000 0.0797916667
1 0.4920312500 0.2231250000 0.0551562500 0.0825000000
1 0.6264062500 0.2166666667 0.0567187500 0.0797916667
1 0.5692187500 0.2179166667 0.0557812500 0.0768750000
3 0.6930000000 0.1862500000 0.0377500000 0.0586041667
3 0.7291381669 0.1824817518 0.0383036936 0.0547445255
4 0.9132812500 0.2261250000 0.1309609375 0.0769479167
1 0.1343750000 0.2550000000 0.0445312500 0.0916666667
1 0.1825000000 0.2485416667 0.0614062500 0.0966666667
1 0.2426562500 0.2527083333 0.0562500000 0.0931250000
1 0.3650000000 0.2341666667 0.0593750000 0.0904166667
1 0.3075000000 0.2345833333 0.0550000000 0.0875000000
1 0.5690625000 0.2970833333 0.0557812500 0.0762500000
1 0.6245312500 0.2943750000 0.0542187500 0.0745833333
3 0.6906015625 0.2385833333 0.0351953125 0.0497083333
3 0.7269453125 0.2342291667 0.0390078125 0.0499375000
3 0.7068750000 0.2841666667 0.0723437500 0.0502083333
4 0.9076484375 0.2975625000 0.1272421875 0.0742291667
1 0.0696875000 0.3266666667 0.0514062500 0.0275000000
1 0.1221875000 0.3539583333 0.0600000000 0.0862500000
1 0.1878125000 0.3489583333 0.0570312500 0.0875000000
1 0.2475000000 0.3481250000 0.0654687500 0.0862500000
1 0.3659375000 0.3225000000 0.0510937500 0.0845833333
1 0.3123437500 0.3243750000 0.0553125000 0.0860416667
1 0.4942187500 0.3041666667 0.0540625000 0.0797916667
1 0.4403125000 0.3064583333 0.0539062500 0.0775000000
1 0.7177500000 0.3355104167 0.0978046875 0.0593541667
1 0.0960937500 0.4212500000 0.0760937500 0.1502083333
1 0.3214062500 0.4097916667 0.0564062500 0.0810416667
1 0.3778125000 0.4064583333 0.0567187500 0.0806250000
1 0.4951562500 0.3841666667 0.0506250000 0.0762500000
1 0.4439062500 0.3816666667 0.0542187500 0.0679166667
1 0.5676562500 0.3718750000 0.0514062500 0.0708333333
1 0.6220312500 0.3735416667 0.0565625000 0.0725000000
1 0.7162500000 0.3929166667 0.0967187500 0.0547916667
1 0.8891093750 0.4035937500 0.1085078125 0.1358958333
1 0.9650781250 0.3994895833 0.0698437500 0.1388958333
1 0.1985937500 0.4358333333 0.0490625000 0.0812500000
1 0.2562500000 0.4416666667 0.0556250000 0.0820833333
1 0.3254687500 0.4908333333 0.0468750000 0.0766666667
1 0.3743750000 0.4877083333 0.0487500000 0.0760416667
1 0.4464062500 0.4547916667 0.0543750000 0.0693750000
1 0.4978125000 0.4558333333 0.0492187500 0.0708333333
1 0.5670312500 0.4435416667 0.0518750000 0.0708333333
1 0.6204687500 0.4477083333 0.0556250000 0.0702083333
1 0.7128125000 0.4977083333 0.0923437500 0.0508333333
1 0.7146875000 0.4454166667 0.0932812500 0.0545833333
1 0.3309765625 0.5656666667 0.0485546875 0.0745833333
1 0.3792187500 0.5618750000 0.0467187500 0.0745833333
1 0.4996875000 0.5239583333 0.0498437500 0.0639583333
1 0.4501562500 0.5266666667 0.0514062500 0.0614583333
1 0.5671875000 0.5181250000 0.0504687500 0.0670833333
1 0.6181250000 0.5200000000 0.0512500000 0.0702083333
1 0.8807812500 0.5333333333 0.1048437500 0.1256250000
1 0.9630859375 0.5331250000 0.0738281250 0.1254166667
1 0.1153125000 0.5710416667 0.0532812500 0.1393750000
1 0.2735937500 0.6243750000 0.0259375000 0.0606250000
1 0.4546875000 0.5945833333 0.0518750000 0.0666666667
1 0.5035937500 0.5929166667 0.0482812500 0.0645833333
1 0.6203125000 0.5889583333 0.0506250000 0.0677083333
1 0.5693750000 0.5904166667 0.0479687500 0.0637500000
8 0.7182812500 0.5718750000 0.1073437500 0.0931250000
1 0.3334375000 0.6364583333 0.0471875000 0.0583333333
1 0.3814062500 0.6391666667 0.0453125000 0.0610416667
1 0.4595312500 0.6645833333 0.0484375000 0.0556250000
1 0.5064062500 0.6581250000 0.0448437500 0.0589583333
1 0.6183906250 0.6588541667 0.0484296875 0.0636145833
1 0.5696875000 0.6558333333 0.0470312500 0.0668750000
8 0.7240625000 0.6677083333 0.1201562500 0.0839583333
1 0.8712500000 0.6550000000 0.1026562500 0.1179166667
1 0.9565625000 0.6520833333 0.0868750000 0.1160416667
1 0.4590625000 0.7285416667 0.0439062500 0.0460416667
1 0.5071875000 0.7262500000 0.0467187500 0.0560416667
1 0.5704687500 0.7277083333 0.0465625000 0.0666666667
1 0.6179687500 0.7264583333 0.0489062500 0.0677083333
1 0.7176562500 0.7662500000 0.1089062500 0.1031250000
1 0.6198437500 0.7900000000 0.0476562500 0.0608333333
1 0.5718750000 0.7883333333 0.0446875000 0.0610416667
1 0.8626562500 0.7677083333 0.0965625000 0.1129166667
1 0.9540625000 0.7672916667 0.0918750000 0.1150000000
