1 0.4155625000 0.0942109375 0.1182395833 0.1316093750
1 0.5343854167 0.0707753906 0.1413229167 0.1415507813
1 0.6678958333 0.0604609375 0.1458750000 0.1209140625
1 0.8263645833 0.0406250000 0.1821041667 0.0812500000
1 0.1600833333 0.1563593750 0.0663854167 0.0948906250
1 0.2325729167 0.1352187500 0.0820208333 0.1086796875
1 0.3182812500 0.1163125000 0.0890416667 0.1128906250
1 0.8150625000 0.1442656250 0.1904375000 0.1607031250
1 0.9418333333 0.1268046875 0.1138437500 0.1628984375
1 0.2375833333 0.2239218750 0.0886979167 0.1042265625
1 0.3205208333 0.2136562500 0.0932395833 0.1092421875
1 0.4155520833 0.1969609375 0.1010000000 0.1139843750
1 0.5257708333 0.1863671875 0.1278125000 0.1258984375
1 0.6578437500 0.1682031250 0.1602187500 0.1423984375
1 0.1552812500 0.2367734375 0.0807604167 0.0932031250
1 0.1281250000 0.3351562500 0.0235416667 0.0718750000
1 0.1531250000 0.3364062500 0.0254166667 0.0735937500
1 0.2239583333 0.3307812500 0.0147916667 0.0798437500
1 0.1775000000 0.3334375000 0.0262500000 0.0798437500
1 0.2064583333 0.3307812500 0.0310416667 0.0796875000
1 0.3458333333 0.3275000000 0.0272916667 0.0850000000
1 0.3070833333 0.3268750000 0.0377083333 0.0850000000
1 0.3743750000 0.3256250000 0.0352083333 0.0892187500
1 0.4122916667 0.3248437500 0.0456250000 0.0942187500
1 0.4495833333 0.3221875000 0.0352083333 0.0976562500
1 0.4838437500 0.3180312500 0.0374270833 0.1045546875
1 0.5510625000 0.3166250000 0.0554270833 0.1117343750
1 0.6101562500 0.3131171875 0.0673750000 0.1177187500
1 0.6770000000 0.3108437500 0.0741770833 0.1220468750
1 0.7454895833 0.3074453125 0.0879687500 0.1297578125
1 0.8231145833 0.3055312500 0.0914895833 0.1347343750
1 0.9082395833 0.3014453125 0.1062395833 0.1417812500
1 0.0941562500 0.4038125000 0.0350937500 0.0688671875
1 0.1245000000 0.4059218750 0.0320520833 0.0659062500
1 0.1553229167 0.4068437500 0.0255208333 0.0655859375
1 0.2266458333 0.4097968750 0.0096979167 0.0791640625
1 0.1799791667 0.4079140625 0.0272291667 0.0670468750
1 0.2080291971 0.4103967168 0.0255474453 0.0752393981
1 0.3360208333 0.4127421875 0.0295833333 0.0862343750
1 0.3030833333 0.4106484375 0.0354583333 0.0859218750
1 0.3696666667 0.4134843750 0.0380833333 0.0850625000
1 0.4061354167 0.4152187500 0.0402812500 0.0893750000
1 0.4778229167 0.4187968750 0.0387812500 0.0938046875
1 0.4451770833 0.4178359375 0.0357083333 0.0923125000
1 0.5476770833 0.4230546875 0.0623645833 0.1056406250
1 0.6034375000 0.4254218750 0.0647916667 0.1084453125
1 0.6691354167 0.4276562500 0.0768541667 0.1124531250
1 0.7400520833 0.4295312500 0.0817187500 0.1178984375
1 0.8121875000 0.4316796875 0.0927187500 0.1212187500
1 0.8970729167 0.4334609375 0.1059479167 0.1277109375
1 0.0997500000 0.5529375000 0.0414479167 0.0462265625
1 0.1498020833 0.5594531250 0.0460833333 0.0433437500
1 0.1852395833 0.5650859375 0.0341354167 0.0436015625
1 0.7118750000 0.5617187500 0.0587500000 0.0437500000
1 0.0864583333 0.5932812500 0.0527083333 0.0431250000
1 0.1337500000 0.6017187500 0.0439583333 0.0409375000
1 0.2194062500 0.5695468750 0.0330833333 0.0528125000
1 0.2125000000 0.6175000000 0.0447916667 0.0548437500
1 0.1706250000 0.6104687500 0.0381250000 0.0457812500
1 0.3209166667 0.5790000000 0.0479479167 0.0440156250
1 0.3612500000 0.5880703125 0.0397083333 0.0440546875
1 0.4040416667 0.5949218750 0.0479062500 0.0460078125
1 0.4723854167 0.5946015625 0.0362187500 0.0499218750
1 0.6416666667 0.5706250000 0.0595833333 0.0470312500
1 0.0816145833 0.6884921875 0.0366666667 0.0449218750
1 0.2979062500 0.6460078125 0.0435937500 0.0486250000
1 0.2543750000 0.6337500000 0.0443750000 0.0507812500
1 0.3460416667 0.6562500000 0.0560416667 0.0570312500
1 0.3975000000 0.6653125000 0.0456250000 0.0604687500
1 0.4533333333 0.6809375000 0.0697916667 0.0592187500
1 0.5581250000 0.6640625000 0.0639583333 0.1150000000
1 0.6085416667 0.6759375000 0.0616666667 0.1146875000
1 0.6629166667 0.6778125000 0.0564583333 0.1410937500
1 0.7220833333 0.6998437500 0.0741666667 0.1346875000
1 0.0821167883 0.7264021888 0.0401459854 0.0478796170
1 0.0832187500 0.7585156250 0.0393541667 0.0460781250
1 0.1240875912 0.7045143639 0.0510948905 0.0492476060
1 0.1261770833 0.7455468750 0.0513229167 0.0364296875
1 0.1678832117 0.7154582763 0.0364963504 0.0478796170
1 0.1687812500 0.7568593750 0.0367500000 0.0340625000
1 0.2058541667 0.7310156250 0.0450208333 0.0493593750
1 0.7997916667 0.7151562500 0.0825000000 0.1378125000
1 0.8783333333 0.7226562500 0.0741666667 0.1451562500
1 0.1245104167 0.7754218750 0.0469270833 0.0500390625
1 0.2112083333 0.7712031250 0.0454375000 0.0356875000
1 0.1683125000 0.7912578125 0.0400520833 0.0410625000
1 0.2836979167 0.8095781250 0.0512604167 0.0764453125
1 0.3337916667 0.8215468750 0.0498750000 0.0851953125
2 0.6016979167 0.8114609375 0.1435937500 0.0984843750
1 0.3831354167 0.8430234375 0.0532291667 0.0781171875
1 0.4452083333 0.8649921875 0.0687500000 0.1056640625
2 0.5720833333 0.9035937500 0.1402083333 0.1585937500
2 0.6989051095 0.9339945280 0.1478102190 0.1320109439
3 0.9539583333 0.9812500000 0.0920833333 0.0371875000
1 0.2098540146 0.8043775650 0.0456204380 0.0451436389
