4 0.0210312500 0.0678828125 0.0416354167 0.1320546875
4 0.0761770833 0.0744453125 0.0815416667 0.1360937500
4 0.1517916667 0.0798281250 0.0809791667 0.1340781250
4 0.2261250000 0.0867187500 0.0769479167 0.1309609375
4 0.2975625000 0.0923515625 0.0742291667 0.1272421875
1 0.3994895833 0.0349218750 0.1388958333 0.0698437500
1 0.4035937500 0.1108906250 0.1358958333 0.1085078125
5 0.0698750000 0.2415234375 0.0829895833 0.0290468750
5 0.0511145833 0.2890234375 0.0511875000 0.0597890625
5 0.1037187500 0.2893750000 0.0472395833 0.0593906250
3 0.2342291667 0.2730546875 0.0499375000 0.0390078125
1 0.3355104167 0.2822500000 0.0593541667 0.0978046875
5 0.0141354167 0.3027500000 0.0282708333 0.0316484375
3 0.1862500000 0.3070000000 0.0586041667 0.0377500000
3 0.2385833333 0.3093984375 0.0497083333 0.0351953125
5 0.0484166667 0.4105703125 0.0848020833 0.0357734375
5 0.0444270833 0.3698984375 0.0877812500 0.0417890625
5 0.1218750000 0.4268359375 0.0556562500 0.0717031250
1 0.6588541667 0.3816093750 0.0636145833 0.0484296875
5 0.0480833333 0.4469921875 0.0867812500 0.0293906250
5 0.0307604167 0.5642968750 0.0615208333 0.0537421875
5 0.0291041667 0.5090078125 0.0581979167 0.0552187500
5 0.1095416667 0.5116953125 0.0938437500 0.0539609375
5 0.1125416667 0.5639296875 0.0926250000 0.0513203125
5 0.0347395833 0.6489531250 0.0694791667 0.0483046875
5 0.1142916667 0.6450000000 0.0868854167 0.0554609375
1 0.5656666667 0.6690234375 0.0745833333 0.0485546875
5 0.0334062500 0.7620468750 0.0617708333 0.0568203125
5 0.0361250000 0.7030937500 0.0722395833 0.0519140625
5 0.1174062500 0.7007031250 0.0824895833 0.0463125000
5 0.0303958333 0.8134062500 0.0607916667 0.0448906250
5 0.1180520833 0.8146562500 0.1060729167 0.0574921875
3 0.1824817518 0.2708618331 0.0547445255 0.0383036936
3 0.2841666667 0.2931250000 0.0502083333 0.0723437500
1 0.6243750000 0.7264062500 0.0606250000 0.0259375000
1 0.5331250000 0.0369140625 0.1254166667 0.0738281250
1 0.5333333333 0.1192187500 0.1256250000 0.1048437500
1 0.6520833333 0.0434375000 0.1160416667 0.0868750000
1 0.6550000000 0.1287500000 0.1179166667 0.1026562500
1 0.7677083333 0.1373437500 0.1129166667 0.0965625000
1 0.7672916667 0.0459375000 0.1150000000 0.0918750000
1 0.3929166667 0.2837500000 0.0547916667 0.0967187500
1 0.4454166667 0.2853125000 0.0545833333 0.0932812500
1 0.4977083333 0.2871875000 0.0508333333 0.0923437500
8 0.5718750000 0.2817187500 0.0931250000 0.1073437500
8 0.6677083333 0.2759375000 0.0839583333 0.1201562500
1 0.7662500000 0.2823437500 0.1031250000 0.1089062500
1 0.2943750000 0.3754687500 0.0745833333 0.0542187500
1 0.3735416667 0.3779687500 0.0725000000 0.0565625000
1 0.4477083333 0.3795312500 0.0702083333 0.0556250000
1 0.5200000000 0.3818750000 0.0702083333 0.0512500000
1 0.5889583333 0.3796875000 0.0677083333 0.0506250000
1 0.7264583333 0.3820312500 0.0677083333 0.0489062500
1 0.7900000000 0.3801562500 0.0608333333 0.0476562500
1 0.7277083333 0.4295312500 0.0666666667 0.0465625000
1 0.7883333333 0.4281250000 0.0610416667 0.0446875000
1 0.6558333333 0.4303125000 0.0668750000 0.0470312500
1 0.5904166667 0.4306250000 0.0637500000 0.0479687500
1 0.5181250000 0.4328125000 0.0670833333 0.0504687500
1 0.4435416667 0.4329687500 0.0708333333 0.0518750000
1 0.3718750000 0.4323437500 0.0708333333 0.0514062500
1 0.2970833333 0.4309375000 0.0762500000 0.0557812500
1 0.2179166667 0.4307812500 0.0768750000 0.0557812500
1 0.2166666667 0.3735937500 0.0797916667 0.0567187500
1 0.2231250000 0.5079687500 0.0825000000 0.0551562500
1 0.3041666667 0.5057812500 0.0797916667 0.0540625000
1 0.3841666667 0.5048437500 0.0762500000 0.0506250000
1 0.4558333333 0.5021875000 0.0708333333 0.0492187500
1 0.5239583333 0.5003125000 0.0639583333 0.0498437500
1 0.6581250000 0.4935937500 0.0589583333 0.0448437500
1 0.7262500000 0.4928125000 0.0560416667 0.0467187500
1 0.7285416667 0.5409375000 0.0460416667 0.0439062500
1 0.6645833333 0.5404687500 0.0556250000 0.0484375000
1 0.5945833333 0.5453125000 0.0666666667 0.0518750000
1 0.5929166667 0.4964062500 0.0645833333 0.0482812500
1 0.5266666667 0.5498437500 0.0614583333 0.0514062500
1 0.4547916667 0.5535937500 0.0693750000 0.0543750000
1 0.3816666667 0.5560937500 0.0679166667 0.0542187500
1 0.3064583333 0.5596875000 0.0775000000 0.0539062500
1 0.2245833333 0.5628125000 0.0797916667 0.0568750000
1 0.2341666667 0.6350000000 0.0904166667 0.0593750000
1 0.2345833333 0.6925000000 0.0875000000 0.0550000000
1 0.3225000000 0.6340625000 0.0845833333 0.0510937500
1 0.3243750000 0.6876562500 0.0860416667 0.0553125000
1 0.4064583333 0.6221875000 0.0806250000 0.0567187500
1 0.4097916667 0.6785937500 0.0810416667 0.0564062500
1 0.4908333333 0.6745312500 0.0766666667 0.0468750000
1 0.4877083333 0.6256250000 0.0760416667 0.0487500000
1 0.5618750000 0.6207812500 0.0745833333 0.0467187500
1 0.6364583333 0.6665625000 0.0583333333 0.0471875000
1 0.6391666667 0.6185937500 0.0610416667 0.0453125000
1 0.2527083333 0.7573437500 0.0931250000 0.0562500000
1 0.3481250000 0.7525000000 0.0862500000 0.0654687500
1 0.4416666667 0.7437500000 0.0820833333 0.0556250000
1 0.2485416667 0.8175000000 0.0966666667 0.0614062500
1 0.3489583333 0.8121875000 0.0875000000 0.0570312500
1 0.4358333333 0.8014062500 0.0812500000 0.0490625000
1 0.3539583333 0.8778125000 0.0862500000 0.0600000000
1 0.2550000000 0.8656250000 0.0916666667 0.0445312500
1 0.4212500000 0.9039062500 0.1502083333 0.0760937500
1 0.5710416667 0.8846875000 0.1393750000 0.0532812500
1 0.3266666667 0.9303125000 0.0275000000 0.0514062500
