1 0.7864375000 0.2227291667 0.0765703125 0.1025625000
1 0.8599375000 0.2150625000 0.0691328125 0.0950312500
1 0.9444531250 0.2095416667 0.1110859375 0.0751458333
7 0.0127207031 0.2766250000 0.0254414062 0.1202604167
7 0.0385859375 0.2844270833 0.0366484375 0.1126041667
1 0.1187812500 0.2723125000 0.1385546875 0.1621666667
1 0.3241718750 0.2501875000 0.1506953125 0.1242083333
1 0.4791015625 0.2502708333 0.0681484375 0.1146562500
1 0.5449375000 0.2474062500 0.0691718750 0.1181458333
1 0.6468906250 0.2436041667 0.0689843750 0.1177916667
1 0.7134062500 0.2397083333 0.0704218750 0.1138229167
1 0.9445234375 0.2897708333 0.1109453125 0.0743645833
1 0.5231093750 0.3551666667 0.1405546875 0.1053854167
1 0.6481953125 0.3522395833 0.0659765625 0.1169270833
1 0.7146718750 0.3479479167 0.0707812500 0.1110312500
1 0.7902890625 0.3199062500 0.0818515625 0.1041666667
1 0.8646328125 0.3134479167 0.0775468750 0.1040937500
1 0.9346328125 0.3508437500 0.1007734375 0.0581458333
7 0.0162656250 0.4015833333 0.0325312500 0.1340000000
1 0.3236640625 0.3720729167 0.1545781250 0.1211250000
1 0.7884375000 0.4170312500 0.0674140625 0.0915312500
1 0.8543359375 0.4097604167 0.0652968750 0.0917500000
1 0.9436953125 0.4093541667 0.1126093750 0.0748750000
1 0.3258593750 0.4903750000 0.1536406250 0.1212604167
1 0.5247187500 0.4538125000 0.1370546875 0.1016770833
1 0.6485234375 0.4623958333 0.0626796875 0.1114166667
1 0.7149140625 0.4570833333 0.0733125000 0.1104166667
1 0.8540625000 0.4994270833 0.0671640625 0.0917187500
1 0.9398281250 0.4756458333 0.0988671875 0.0712604167
7 0.0279453125 0.5393750000 0.0377031250 0.1346041667
1 0.5295000000 0.5469479167 0.1372421875 0.0973958333
1 0.7905859375 0.5056145833 0.0641406250 0.0978645833
1 0.9410156250 0.5482083333 0.1010390625 0.0726250000
2 0.0827031250 0.6274270833 0.0895937500 0.1555937500
2 0.1711406250 0.6163645833 0.0885468750 0.1599166667
1 0.3361171875 0.6038229167 0.1481484375 0.1248437500
1 0.6503828125 0.5723229167 0.0608750000 0.1117500000
1 0.7175312500 0.5675520833 0.0756484375 0.1163125000
1 0.7932656250 0.5941666667 0.0668281250 0.0953020833
1 0.8600546875 0.5903125000 0.0687734375 0.0951041667
1 0.9434687500 0.6127291667 0.0998203125 0.0728333333
1 0.5331718750 0.6404895833 0.1371406250 0.0964166667
1 0.6569375000 0.6832604167 0.0679375000 0.1219791667
1 0.7262578125 0.6813541667 0.0718593750 0.1238020833
1 0.7952343750 0.6875625000 0.0654843750 0.0966354167
1 0.8608593750 0.6838750000 0.0688671875 0.0976354167
1 0.9426093750 0.6774479167 0.0979843750 0.0733437500
1 0.3358125000 0.7135312500 0.1518750000 0.1204375000
5 0.2731953125 0.8330312500 0.0758125000 0.0863333333
5 0.3527656250 0.8275520833 0.0751015625 0.0886458333
5 0.4138046875 0.8298125000 0.0500234375 0.0915000000
5 0.5281250000 0.8308333333 0.1121875000 0.0514583333
5 0.6801328125 0.7873020833 0.1033750000 0.0632395833
6 0.8376875000 0.7950208333 0.1357109375 0.1016875000
6 0.9644218750 0.8331041667 0.0711484375 0.1159479167
5 0.0788515625 0.8558333333 0.1507968750 0.1079791667
5 0.1990859375 0.8396875000 0.0740078125 0.0820729167
5 0.5279687500 0.8868750000 0.1117187500 0.0606250000
5 0.6786171875 0.8505416667 0.1003359375 0.0583750000
6 0.8342031250 0.8845729167 0.1317812500 0.0870625000
5 0.0762812500 0.9521770833 0.1525546875 0.0956458333
5 0.1909531250 0.9430416667 0.0700312500 0.1133958333
5 0.2873671875 0.9151354167 0.0381718750 0.0939062500
5 0.2554375000 0.9175208333 0.0289296875 0.0872291667
5 0.3500703125 0.9158125000 0.0691328125 0.1077916667
5 0.4264921875 0.9011458333 0.0361562500 0.0497708333
5 0.4153437500 0.9607187500 0.0626640625 0.0785625000
5 0.5284765625 0.9625625000 0.1125468750 0.0748750000
5 0.6807421875 0.9150000000 0.1033750000 0.0526979167
5 0.3488984375 0.9826354167 0.0673593750 0.0347291667
5 0.6801328125 0.9701354167 0.1033750000 0.0526979167
6 0.8380156250 0.9673333333 0.1461171875 0.0653229167
