3 0.0460416667 0.0187500000 0.0920833333 0.0371875000
2 0.3010948905 0.0660054720 0.1478102190 0.1320109439
2 0.4279166667 0.0964062500 0.1402083333 0.1585937500
1 0.5547916667 0.1350078125 0.0687500000 0.1056640625
1 0.6168645833 0.1569765625 0.0532291667 0.0781171875
2 0.3983020833 0.1885390625 0.1435937500 0.0984843750
1 0.6662083333 0.1784531250 0.0498750000 0.0851953125
1 0.7163020833 0.1904218750 0.0512604167 0.0764453125
1 0.7901459854 0.1956224350 0.0456204380 0.0451436389
1 0.8316875000 0.2087421875 0.0400520833 0.0410625000
1 0.7887916667 0.2287968750 0.0454375000 0.0356875000
1 0.8754895833 0.2245781250 0.0469270833 0.0500390625
1 0.1216666667 0.2773437500 0.0741666667 0.1451562500
1 0.2002083333 0.2848437500 0.0825000000 0.1378125000
1 0.7941458333 0.2689843750 0.0450208333 0.0493593750
1 0.8312187500 0.2431406250 0.0367500000 0.0340625000
1 0.8321167883 0.2845417237 0.0364963504 0.0478796170
1 0.8738229167 0.2544531250 0.0513229167 0.0364296875
1 0.8759124088 0.2954856361 0.0510948905 0.0492476060
1 0.9167812500 0.2414843750 0.0393541667 0.0460781250
1 0.9178832117 0.2735978112 0.0401459854 0.0478796170
1 0.2779166667 0.3001562500 0.0741666667 0.1346875000
1 0.3370833333 0.3221875000 0.0564583333 0.1410937500
1 0.3914583333 0.3240625000 0.0616666667 0.1146875000
1 0.4418750000 0.3359375000 0.0639583333 0.1150000000
1 0.5466666667 0.3190625000 0.0697916667 0.0592187500
1 0.6025000000 0.3346875000 0.0456250000 0.0604687500
1 0.6539583333 0.3437500000 0.0560416667 0.0570312500
1 0.7456250000 0.3662500000 0.0443750000 0.0507812500
1 0.7020937500 0.3539921875 0.0435937500 0.0486250000
1 0.9183854167 0.3115078125 0.0366666667 0.0449218750
1 0.3583333333 0.4293750000 0.0595833333 0.0470312500
1 0.5276145833 0.4053984375 0.0362187500 0.0499218750
1 0.5959583333 0.4050781250 0.0479062500 0.0460078125
1 0.6790833333 0.4210000000 0.0479479167 0.0440156250
1 0.6387500000 0.4119296875 0.0397083333 0.0440546875
1 0.8293750000 0.3895312500 0.0381250000 0.0457812500
1 0.7875000000 0.3825000000 0.0447916667 0.0548437500
1 0.7805937500 0.4304531250 0.0330833333 0.0528125000
1 0.8662500000 0.3982812500 0.0439583333 0.0409375000
1 0.9135416667 0.4067187500 0.0527083333 0.0431250000
1 0.2881250000 0.4382812500 0.0587500000 0.0437500000
1 0.8147604167 0.4349140625 0.0341354167 0.0436015625
1 0.8501979167 0.4405468750 0.0460833333 0.0433437500
1 0.9002500000 0.4470625000 0.0414479167 0.0462265625
1 0.1029270833 0.5665390625 0.1059479167 0.1277109375
1 0.1878125000 0.5683203125 0.0927187500 0.1212187500
1 0.2599479167 0.5704687500 0.0817187500 0.1178984375
1 0.3308645833 0.5723437500 0.0768541667 0.1124531250
1 0.3965625000 0.5745781250 0.0647916667 0.1084453125
1 0.4523229167 0.5769453125 0.0623645833 0.1056406250
1 0.5548229167 0.5821640625 0.0357083333 0.0923125000
1 0.5221770833 0.5812031250 0.0387812500 0.0938046875
1 0.5938645833 0.5847812500 0.0402812500 0.0893750000
1 0.6303333333 0.5865156250 0.0380833333 0.0850625000
1 0.6969166667 0.5893515625 0.0354583333 0.0859218750
1 0.6639791667 0.5872578125 0.0295833333 0.0862343750
1 0.7919708029 0.5896032832 0.0255474453 0.0752393981
1 0.8200208333 0.5920859375 0.0272291667 0.0670468750
1 0.7733541667 0.5902031250 0.0096979167 0.0791640625
1 0.8446770833 0.5931562500 0.0255208333 0.0655859375
1 0.8755000000 0.5940781250 0.0320520833 0.0659062500
1 0.9058437500 0.5961875000 0.0350937500 0.0688671875
1 0.0917604167 0.6985546875 0.1062395833 0.1417812500
1 0.1768854167 0.6944687500 0.0914895833 0.1347343750
1 0.2545104167 0.6925546875 0.0879687500 0.1297578125
1 0.3230000000 0.6891562500 0.0741770833 0.1220468750
1 0.3898437500 0.6868828125 0.0673750000 0.1177187500
1 0.4489375000 0.6833750000 0.0554270833 0.1117343750
1 0.5161562500 0.6819687500 0.0374270833 0.1045546875
1 0.5504166667 0.6778125000 0.0352083333 0.0976562500
1 0.5877083333 0.6751562500 0.0456250000 0.0942187500
1 0.6256250000 0.6743750000 0.0352083333 0.0892187500
1 0.6929166667 0.6731250000 0.0377083333 0.0850000000
1 0.6541666667 0.6725000000 0.0272916667 0.0850000000
1 0.7935416667 0.6692187500 0.0310416667 0.0796875000
1 0.8225000000 0.6665625000 0.0262500000 0.0798437500
1 0.7760416667 0.6692187500 0.0147916667 0.0798437500
1 0.8468750000 0.6635937500 0.0254166667 0.0735937500
1 0.8718750000 0.6648437500 0.0235416667 0.0718750000
1 0.8447187500 0.7632265625 0.0807604167 0.0932031250
1 0.3421562500 0.8317968750 0.1602187500 0.1423984375
1 0.4742291667 0.8136328125 0.1278125000 0.1258984375
1 0.5844479167 0.8030390625 0.1010000000 0.1139843750
1 0.6794791667 0.7863437500 0.0932395833 0.1092421875
1 0.7624166667 0.7760781250 0.0886979167 0.1042265625
1 0.0581666667 0.8731953125 0.1138437500 0.1628984375
1 0.1849375000 0.8557343750 0.1904375000 0.1607031250
1 0.6817187500 0.8836875000 0.0890416667 0.1128906250
1 0.7674270833 0.8647812500 0.0820208333 0.1086796875
1 0.8399166667 0.8436406250 0.0663854167 0.0948906250
1 0.1736354167 0.9593750000 0.1821041667 0.0812500000
1 0.3321041667 0.9395390625 0.1458750000 0.1209140625
1 0.4656145833 0.9292246094 0.1413229167 0.1415507813
1 0.5844375000 0.9057890625 0.1182395833 0.1316093750
