5 0.2895312500 0.0975000000 0.0335937500 0.0483333333
5 0.2634375000 0.0991666667 0.0234375000 0.0525000000
5 0.3815625000 0.0904166667 0.0550000000 0.0570833333
5 0.6448437500 0.0970833333 0.0232812500 0.0247916667
7 0.1140625000 0.1577083333 0.0195312500 0.0637500000
7 0.2410937500 0.1379166667 0.0318750000 0.0402083333
5 0.3764062500 0.1406250000 0.0498437500 0.0543750000
5 0.4791484375 0.1011979167 0.0813515625 0.0549687500
5 0.5896953125 0.1032604167 0.0451093750 0.0384895833
5 0.6240625000 0.1122916667 0.0232812500 0.0479166667
5 0.5913593750 0.1367708333 0.0451250000 0.0381354167
5 0.6457812500 0.1291666667 0.0217187500 0.0258333333
5 0.6339062500 0.1526770833 0.0405390625 0.0099166667
7 0.2192187500 0.1739583333 0.0256250000 0.0404166667
5 0.6253593750 0.1837083333 0.0217734375 0.0530312500
5 0.5834375000 0.1693750000 0.0209375000 0.0225000000
5 0.6669375000 0.1772500000 0.0226875000 0.0548750000
5 0.6454687500 0.1968750000 0.0185937500 0.0227083333
5 0.6450000000 0.1708333333 0.0212500000 0.0270833333
1 0.1051562500 0.4331250000 0.1126562500 0.0877083333
1 0.4946875000 0.4022916667 0.0854687500 0.0404166667
1 0.6356250000 0.4110416667 0.0951562500 0.1229166667
1 0.2165625000 0.4875000000 0.0443750000 0.0693750000
1 0.2526562500 0.4854166667 0.0514062500 0.0639583333
1 0.3460937500 0.4809166667 0.0541796875 0.0596250000
1 0.4206250000 0.4997916667 0.0393750000 0.0627083333
1 0.4932812500 0.4404166667 0.0851562500 0.0545833333
1 0.4928125000 0.4895833333 0.0867187500 0.0541666667
1 0.0804687500 0.5050000000 0.1146875000 0.0766666667
1 0.0753125000 0.5647916667 0.0887500000 0.0652083333
1 0.2314062500 0.5560416667 0.0920312500 0.0766666667
1 0.3434375000 0.5499583333 0.0571093750 0.0762395833
1 0.4931250000 0.5435416667 0.0887500000 0.0625000000
1 0.6400000000 0.5289583333 0.1004687500 0.1297916667
1 0.0667187500 0.6291666667 0.0776562500 0.0650000000
1 0.2271875000 0.6293750000 0.0845312500 0.0725000000
1 0.4145312500 0.5693750000 0.0484375000 0.0785416667
1 0.4746922025 0.6113138686 0.0533515732 0.0821167883
1 0.5340625000 0.6187500000 0.0529687500 0.0808333333
1 0.6450000000 0.6200000000 0.1035937500 0.0622916667
1 0.3405000000 0.6339687500 0.0586953125 0.0875000000
1 0.4096875000 0.6381250000 0.0356250000 0.0606250000
1 0.6492187500 0.6804166667 0.1067187500 0.0679166667
2 0.0710937500 0.7216666667 0.1123437500 0.1043750000
1 0.2245312500 0.7143750000 0.0937500000 0.0883333333
1 0.3400468750 0.7150208333 0.0598281250 0.0748958333
1 0.4021887825 0.7116788321 0.0492476060 0.0894160584
1 0.4715625000 0.7006250000 0.0495312500 0.0837500000
1 0.5253125000 0.7018750000 0.0528125000 0.0883333333
1 0.6546875000 0.7410416667 0.1090625000 0.0656250000
2 0.0515625000 0.8118750000 0.0979687500 0.0847916667
1 0.2117187500 0.8058333333 0.0926562500 0.1016666667
1 0.3868046875 0.8009479167 0.0234687500 0.0839270833
1 0.4198437500 0.8050000000 0.0412500000 0.0789583333
3 0.4682812500 0.7939583333 0.0390625000 0.1039583333
3 0.5428125000 0.8235416667 0.0359375000 0.0562500000
3 0.5037500000 0.7941666667 0.0404687500 0.1050000000
3 0.5407812500 0.7710416667 0.0345312500 0.0500000000
1 0.6603125000 0.8118750000 0.1103125000 0.0747916667
