1 0.2728229167 0.1995781250 0.0726979167 0.1220625000
1 0.3381979167 0.2037500000 0.0697812500 0.1173437500
1 0.4030104167 0.2060156250 0.0736145833 0.1185468750
1 0.4673750000 0.2118750000 0.0684895833 0.1177031250
1 0.5306458333 0.2140546875 0.0648437500 0.1121171875
1 0.5892604167 0.2175546875 0.0599270833 0.1099921875
1 0.6781250000 0.2204687500 0.1222916667 0.1062500000
1 0.4656875000 0.3455546875 0.0616770833 0.0480937500
1 0.5926041667 0.3478203125 0.0489479167 0.0513984375
1 0.6507291667 0.3512265625 0.0467604167 0.0440625000
1 0.2890416667 0.3759218750 0.0686979167 0.1120703125
1 0.3532708333 0.3767656250 0.0626770833 0.1085078125
1 0.4094270833 0.3823906250 0.0530104167 0.1036093750
1 0.4727604167 0.4057109375 0.0818541667 0.0620468750
1 0.5525625000 0.4016875000 0.0742916667 0.0603437500
1 0.6244375000 0.4064218750 0.0744687500 0.0564453125
1 0.6989375000 0.4035781250 0.0713333333 0.0586250000
1 0.3167291667 0.4946250000 0.0812708333 0.0476796875
1 0.4055625000 0.4976406250 0.0876145833 0.0542500000
1 0.4986250000 0.4939687500 0.0898020833 0.0643515625
1 0.6750000000 0.4920312500 0.0810416667 0.0487500000
1 0.3194166667 0.5564921875 0.1050104167 0.0612343750
1 0.4158437500 0.5552421875 0.0850937500 0.0606484375
1 0.4994166667 0.5516640625 0.0904583333 0.0549218750
1 0.5917500000 0.5541406250 0.0828750000 0.0506640625
1 0.5931354167 0.5004765625 0.0840312500 0.0603671875
1 0.6763541667 0.5407968750 0.0842500000 0.0477187500
1 0.4155520833 0.6887031250 0.0872083333 0.1098437500
1 0.5080208333 0.6813046875 0.0800000000 0.1033281250
1 0.5840000000 0.6696406250 0.0698541667 0.1018671875
1 0.6595312500 0.6632890625 0.0681770833 0.0919531250
1 0.3177812500 0.7001328125 0.1061041667 0.1014062500
8 0.6763125000 0.8236875000 0.0651562500 0.0908359375
1 0.4011250000 0.8654687500 0.0886250000 0.1165703125
1 0.4825000000 0.8530078125 0.0796250000 0.1201328125
8 0.5800104167 0.8424609375 0.1229166667 0.1096015625
8 0.6423333333 0.9693750000 0.1265729167 0.0612500000
1 0.3191666667 0.8781250000 0.1100000000 0.1312500000
