7 0.3187031250 0.0219479167 0.0837265625 0.0438958333
7 0.2360859375 0.0660000000 0.0854218750 0.1320000000
7 0.3192812500 0.0527395833 0.0820937500 0.0587187500
7 0.3920625000 0.0427604167 0.0420390625 0.0749895833
7 0.4324296875 0.0517083333 0.0391328125 0.0774166667
7 0.5970390625 0.0748854167 0.1041484375 0.0743333333
7 0.3188750000 0.1570520833 0.0811093750 0.1577708333
7 0.4321406250 0.1174895833 0.0401015625 0.0720937500
7 0.3909218750 0.1088333333 0.0403984375 0.0712187500
7 0.5264296875 0.1166666667 0.0395859375 0.1500312500
7 0.5994687500 0.1281145833 0.1055546875 0.0710833333
7 0.7180859375 0.1504687500 0.0717890625 0.1525833333
7 0.7946796875 0.1637500000 0.0749921875 0.1273958333
7 0.2333359375 0.1806562500 0.0888593750 0.1315416667
7 0.4140546875 0.1974791667 0.0798125000 0.1113645833
7 0.5983828125 0.1815416667 0.1073671875 0.0691875000
7 0.3142031250 0.2923333333 0.0827031250 0.1185729167
7 0.4135078125 0.2991770833 0.0804921875 0.1138645833
7 0.4806171875 0.2580729167 0.0418437500 0.1560625000
7 0.5220703125 0.2699062500 0.0457343750 0.1542187500
7 0.5984921875 0.2870208333 0.1087343750 0.0632395833
7 0.6000156250 0.2334479167 0.1073437500 0.0644270833
7 0.5981953125 0.3388645833 0.1085859375 0.0649687500
7 0.7027421875 0.3011458333 0.0677734375 0.1266562500
7 0.7810703125 0.3137395833 0.0666640625 0.1162916667
1 0.2591015625 0.3675833333 0.1010703125 0.0565312500
1 0.4032500000 0.4054583333 0.1031562500 0.0971666667
1 0.7694140625 0.4242812500 0.1032812500 0.0766979167
1 0.9040625000 0.4175000000 0.0785937500 0.0643750000
1 0.1558515625 0.4635729167 0.1011562500 0.1295625000
1 0.2591015625 0.4598020833 0.1036406250 0.1324791667
1 0.4078984375 0.4851979167 0.0998359375 0.0771250000
1 0.5122109375 0.4635208333 0.0419687500 0.0759479167
1 0.5584687500 0.4626562500 0.0419687500 0.0765208333
1 0.6111796875 0.4736666667 0.0540859375 0.0763958333
1 0.6622578125 0.4749375000 0.0497109375 0.0772604167
1 0.7713750000 0.4934062500 0.1078984375 0.0668229167
1 0.9176562500 0.4768750000 0.0759375000 0.0656250000
1 0.1800000000 0.5609583333 0.0477109375 0.1037708333
1 0.4068671875 0.5612395833 0.1020703125 0.0753645833
1 0.5444596443 0.5419708029 0.0779753762 0.0656934307
1 0.6115078125 0.5517604167 0.0498203125 0.0762187500
1 0.6623906250 0.5470104167 0.0497734375 0.0683854167
1 0.7742343750 0.5619895833 0.1139843750 0.0698645833
2 0.9128125000 0.5406250000 0.0871875000 0.0827083333
1 0.1354531250 0.5868437500 0.0434453125 0.1173333333
1 0.2539296875 0.5954895833 0.1062812500 0.1366041667
1 0.5464765625 0.6168437500 0.0796562500 0.0719479167
1 0.6165000000 0.6219791667 0.0372578125 0.0616666667
1 0.6635546875 0.6181770833 0.0568515625 0.0788750000
1 0.7784765625 0.6264479167 0.1165312500 0.0713645833
2 0.9139062500 0.6220833333 0.0890625000 0.0812500000
1 0.1768906250 0.6556354167 0.0463515625 0.0809583333
1 0.4063203125 0.6354375000 0.1050312500 0.0813437500
1 0.5462578125 0.6982083333 0.0869375000 0.0885104167
1 0.6118671875 0.6873437500 0.0416875000 0.0680000000
1 0.6643906250 0.6949583333 0.0585078125 0.0757291667
1 0.7791484375 0.6975729167 0.1125859375 0.0776041667
1 0.1329296875 0.7075416667 0.0451640625 0.1197187500
1 0.1729453125 0.7609062500 0.0498359375 0.1315104167
1 0.2503419973 0.7317518248 0.1080711354 0.1386861314
1 0.4108750000 0.7588229167 0.0939375000 0.0665000000
1 0.4104140625 0.7021041667 0.0951406250 0.0623020833
1 0.7793750000 0.7656145833 0.1117578125 0.0908229167
2 0.8719609375 0.7292395833 0.0368281250 0.1326562500
2 0.9283750000 0.7181562500 0.0735546875 0.1239687500
1 0.2460390625 0.8329687500 0.1040703125 0.0690937500
1 0.4068359375 0.8143437500 0.0985312500 0.0696770833
1 0.5468593750 0.7793229167 0.0915625000 0.0895937500
1 0.6152187500 0.7668229167 0.0454531250 0.0831562500
1 0.6649140625 0.7709062500 0.0543593750 0.0735000000
