0 0.2106406250 0.0976666667 0.0493046875 0.1032291667
2 0.1657812500 0.1054166667 0.0632812500 0.1616666667
0 0.2809687500 0.1420416667 0.0323750000 0.0419791667
0 0.3125078125 0.1437916667 0.0386796875 0.0473020833
4 0.3864218750 0.1545104167 0.0819218750 0.0362187500
7 0.4441093750 0.1592187500 0.0200859375 0.0243645833
7 0.4523125000 0.1425520833 0.0344218750 0.0196458333
7 0.4837187500 0.1638645833 0.0208046875 0.0227812500
7 0.5553125000 0.1546458333 0.0600234375 0.0590729167
7 0.5976953125 0.1533229167 0.0248593750 0.0586979167
5 0.6485625000 0.1256458333 0.0581328125 0.0307812500
5 0.6513593750 0.1601458333 0.0585078125 0.0275833333
5 0.7374453125 0.1497187500 0.0598593750 0.0356250000
5 0.7787265625 0.1429583333 0.0336171875 0.0665729167
0 0.2393980848 0.1751824818 0.0273597811 0.0383211679
0 0.2754843750 0.1821145833 0.0356562500 0.0432500000
0 0.2882500000 0.2268645833 0.0676250000 0.0435416667
0 0.3102968750 0.1864062500 0.0364843750 0.0450208333
4 0.3742890625 0.2117083333 0.0641640625 0.0288437500
4 0.3763671875 0.1809375000 0.0698906250 0.0331041667
7 0.4558125000 0.2223229167 0.0476015625 0.0211770833
7 0.4550625000 0.2013125000 0.0467031250 0.0227083333
7 0.4525703125 0.1821250000 0.0401796875 0.0162708333
7 0.5003437500 0.2124375000 0.0220468750 0.0392916667
7 0.5560312500 0.2091875000 0.0605078125 0.0524062500
7 0.5951406250 0.2095729167 0.0170781250 0.0535104167
5 0.6389765625 0.1956250000 0.0374843750 0.0354583333
5 0.6732187500 0.1928958333 0.0291015625 0.0407812500
5 0.6998203125 0.1922291667 0.0241875000 0.0366041667
5 0.7407265625 0.1992812500 0.0586796875 0.0375729167
5 0.7479453125 0.2322708333 0.0609218750 0.0321145833
5 0.7830390625 0.2062500000 0.0312109375 0.0558437500
0 0.8314140625 0.1755833333 0.0649921875 0.0604895833
0 0.8426953125 0.2246770833 0.0702187500 0.0463229167
8 0.9174843750 0.2107708333 0.0582578125 0.0441041667
8 0.9059609375 0.1674375000 0.0608203125 0.0448437500
1 0.1690625000 0.2635416667 0.0317187500 0.0868750000
7 0.2126406250 0.2450833333 0.0364921875 0.0479687500
0 0.2902265625 0.2760416667 0.0791015625 0.0514583333
6 0.3532734375 0.2746875000 0.0442656250 0.0528645833
4 0.3712421875 0.2361875000 0.0647109375 0.0293750000
6 0.3964843750 0.2758645833 0.0444062500 0.0566354167
7 0.4564609375 0.2416875000 0.0501484375 0.0184895833
4 0.4651162791 0.2737226277 0.0766073871 0.0474452555
0 0.5581015625 0.2544270833 0.0658828125 0.0472604167
0 0.6033046875 0.2564687500 0.0249062500 0.0406041667
6 0.6870000000 0.2398750000 0.0448593750 0.0553125000
1 0.6668359375 0.2947083333 0.0747343750 0.0561041667
6 0.6435546875 0.2427395833 0.0387968750 0.0485625000
0 0.7600859375 0.2718854167 0.0690781250 0.0490520833
0 0.8356093750 0.2771875000 0.0369296875 0.0575937500
7 0.8714062500 0.2729166667 0.0446875000 0.0543750000
1 0.9284609375 0.2619479167 0.0761875000 0.0680729167
1 0.1604687500 0.3204166667 0.0365625000 0.0933333333
2 0.1954062500 0.3188437500 0.0452968750 0.1075937500
0 0.2805781250 0.3249270833 0.0787968750 0.0565729167
1 0.3589765625 0.3396458333 0.0674843750 0.0756562500
0 0.4582763338 0.3321167883 0.0656634747 0.0711678832
0 0.5611796875 0.3105937500 0.0729531250 0.0656875000
0 0.6080234375 0.3084062500 0.0210234375 0.0594375000
1 0.6676093750 0.3534583333 0.0762812500 0.0629895833
0 0.7662343750 0.3182187500 0.0690781250 0.0452604167
0 0.8593906250 0.3345937500 0.0745859375 0.0544895833
1 0.9446718750 0.3326875000 0.0761953125 0.0725416667
7 0.1314062500 0.3954166667 0.0509375000 0.1397916667
0 0.2585499316 0.3759124088 0.0506155951 0.0492700730
1 0.3535859375 0.4224062500 0.0699453125 0.0820833333
7 0.4519375000 0.4055625000 0.0535625000 0.0764270833
0 0.5603671875 0.4069062500 0.0677734375 0.0418333333
0 0.5620234375 0.3690520833 0.0745937500 0.0454166667
0 0.6053984375 0.4116041667 0.0218437500 0.0351875000
1 0.6528281250 0.4143125000 0.0351796875 0.0473437500
0 0.7739296875 0.3719166667 0.0770625000 0.0632187500
2 0.8828906250 0.4093750000 0.0919140625 0.0939583333
1 0.9602890625 0.4076770833 0.0737187500 0.0795312500
1 0.0753125000 0.4795833333 0.0842187500 0.1006250000
1 0.1340625000 0.4722916667 0.0465625000 0.0404166667
1 0.2629687500 0.4935416667 0.0946875000 0.0887500000
7 0.4594140625 0.4608958333 0.0745078125 0.0393541667
1 0.5681015625 0.4578333333 0.0801328125 0.0568125000
1 0.6621250000 0.4709791667 0.0428593750 0.0684791667
1 0.7604687500 0.4351145833 0.0377031250 0.0578750000
1 0.7894296875 0.4933333333 0.0840781250 0.0556666667
1 0.7998593750 0.4340625000 0.0377968750 0.0595833333
2 0.8997890625 0.4973020833 0.1027968750 0.0905520833
1 0.9704765625 0.4844895833 0.0590468750 0.0873750000
1 0.0493750000 0.5341666667 0.0879687500 0.1054166667
1 0.1302890625 0.5222500000 0.0610390625 0.0509375000
1 0.3518671875 0.5018958333 0.0727890625 0.0876979167
1 0.4585937500 0.5404166667 0.0707812500 0.0393750000
1 0.4589062500 0.5010416667 0.0690625000 0.0360416667
1 0.5509453125 0.5666041667 0.0409296875 0.0590416667
1 0.6213359375 0.5628645833 0.0336406250 0.0616562500
1 0.6640546875 0.5371875000 0.0435781250 0.0654791667
1 0.7049375000 0.5373333333 0.0358046875 0.0628125000
1 0.7946953125 0.5492916667 0.0861093750 0.0544270833
7 0.0304687500 0.6293750000 0.0598437500 0.0768750000
7 0.0364062500 0.5808333333 0.0559375000 0.0783333333
1 0.1098437500 0.6195833333 0.0628125000 0.0500000000
1 0.1156250000 0.5708333333 0.0718750000 0.0489583333
1 0.2568750000 0.5897916667 0.0985937500 0.0933333333
1 0.3435156250 0.5939583333 0.0768515625 0.0961562500
1 0.4581250000 0.5797916667 0.0715625000 0.0406250000
1 0.4582812500 0.6193750000 0.0754687500 0.0427083333
1 0.5540625000 0.6302083333 0.0421875000 0.0585416667
1 0.5900156250 0.5698437500 0.0367656250 0.0549166667
1 0.6684765625 0.5913437500 0.0403046875 0.0473437500
1 0.7131953125 0.6005208333 0.0481953125 0.0624062500
1 0.8066562500 0.6060416667 0.0812734375 0.0588750000
2 0.9239062500 0.5713958333 0.1042031250 0.0722708333
1 0.0670312500 0.6460416667 0.0350000000 0.1102083333
1 0.1045312500 0.6735416667 0.0704687500 0.0518750000
1 0.2504687500 0.6670833333 0.0935937500 0.0554166667
1 0.3401406250 0.6907500000 0.0792890625 0.0953020833
1 0.4582812500 0.6672916667 0.0759375000 0.0489583333
1 0.5884453125 0.6363958333 0.0366484375 0.0693020833
1 0.6267656250 0.6346145833 0.0412031250 0.0741875000
1 0.6760937500 0.6575000000 0.0446875000 0.0606250000
1 0.7195390625 0.6607500000 0.0451562500 0.0596562500
1 0.8125000000 0.6647916667 0.0856250000 0.0620833333
1 0.9232421875 0.6391666667 0.0933593750 0.0704062500
1 0.0232343750 0.7126354167 0.0464687500 0.1416979167
1 0.0440625000 0.7564583333 0.0417187500 0.1179166667
1 0.0953125000 0.7266666667 0.0759375000 0.0452083333
1 0.2460937500 0.7229166667 0.0939062500 0.0581250000
1 0.4567187500 0.7162500000 0.0779687500 0.0483333333
1 0.5557187500 0.7051041667 0.0411562500 0.0651041667
1 0.5954453125 0.7084895833 0.0366875000 0.0690312500
1 0.6360937500 0.7027083333 0.0464062500 0.0643750000
1 0.6857812500 0.7166666667 0.0435937500 0.0516666667
1 0.7268437500 0.7206770833 0.0442343750 0.0536041667
1 0.8231250000 0.7256250000 0.0823437500 0.0587500000
1 0.9365078125 0.7078437500 0.1036328125 0.0729270833
