8 0.3477656250 0.1570416667 0.0533203125 0.0631875000
8 0.4051015625 0.1458645833 0.0608437500 0.0960312500
8 0.4651093750 0.1536250000 0.0589296875 0.0484166667
8 0.4900625000 0.1058229167 0.0574375000 0.0486458333
8 0.5252421875 0.1543437500 0.0595468750 0.0471562500
8 0.6078203125 0.1189791667 0.0767343750 0.0665520833
8 0.6842187500 0.1191979167 0.0778750000 0.0660937500
8 0.7603750000 0.1169791667 0.0761093750 0.0660312500
8 0.1076406250 0.2206145833 0.0852343750 0.0841458333
8 0.1865781250 0.2198958333 0.0847421875 0.0844270833
8 0.2639062500 0.2246250000 0.0824609375 0.0732812500
8 0.3487812500 0.2282916667 0.0542421875 0.0684479167
8 0.4045312500 0.2272812500 0.0538515625 0.0721250000
8 0.4668750000 0.2000416667 0.0565234375 0.0416354167
8 0.5249531250 0.2013750000 0.0613671875 0.0420208333
8 0.6073125000 0.2188125000 0.0761875000 0.0768541667
8 0.6828046875 0.2184687500 0.0756328125 0.0761770833
8 0.7590000000 0.2161354167 0.0760781250 0.0797708333
8 0.4750000000 0.2972187500 0.0549140625 0.0423125000
8 0.4638906250 0.2411770833 0.0523906250 0.0401041667
8 0.5227890625 0.2427708333 0.0638046875 0.0381666667
8 0.5278828125 0.2986666667 0.0527500000 0.0464479167
8 0.1161718750 0.3275208333 0.0842734375 0.0799479167
8 0.1985937500 0.3300000000 0.0825000000 0.0820833333
8 0.2741093750 0.3236458333 0.0731171875 0.0876354167
8 0.3553515625 0.3393645833 0.0637656250 0.0522291667
8 0.4162500000 0.3491770833 0.0528515625 0.0327083333
8 0.4149296875 0.3132083333 0.0531875000 0.0400104167
8 0.4749375000 0.3426562500 0.0543593750 0.0455104167
8 0.5281640625 0.3405000000 0.0535468750 0.0417500000
1 0.5867187500 0.3033333333 0.0362500000 0.0391666667
1 0.5854843750 0.3423645833 0.0356015625 0.0379895833
1 0.6193750000 0.3072916667 0.0295312500 0.0352083333
1 0.6194921875 0.3442708333 0.0298515625 0.0340833333
1 0.6522578125 0.3423854167 0.0335312500 0.0369791667
1 0.6837890625 0.3242708333 0.0322109375 0.0732083333
1 0.6510937500 0.3064583333 0.0309375000 0.0354166667
1 0.7162500000 0.3243750000 0.0320312500 0.0700000000
1 0.7484687500 0.3238333333 0.0324453125 0.0700416667
1 0.7784687500 0.3238645833 0.0294921875 0.0669270833
1 0.6107812500 0.4297916667 0.0190625000 0.0597916667
1 0.5922968750 0.4235937500 0.0183125000 0.0459687500
1 0.5752031250 0.4261458333 0.0151093750 0.0510520833
1 0.6353125000 0.4085416667 0.0278125000 0.0370833333
1 0.6929687500 0.4072916667 0.0257812500 0.0306250000
1 0.6612500000 0.4060416667 0.0260937500 0.0318750000
1 0.7164062500 0.4085416667 0.0215625000 0.0329166667
1 0.7418750000 0.4052083333 0.0257812500 0.0335416667
1 0.7771875000 0.4045833333 0.0281250000 0.0381250000
1 0.6356093750 0.4417395833 0.0275390625 0.0337708333
1 0.5937500000 0.5267604167 0.0189531250 0.0606562500
1 0.5759218750 0.5261250000 0.0165390625 0.0597916667
1 0.6135000000 0.5253020833 0.0212812500 0.0552708333
1 0.6912820513 0.5253077975 0.0441025641 0.0547195622
1 0.6462031250 0.5258750000 0.0458906250 0.0581770833
1 0.7369531250 0.5263229167 0.0451640625 0.0601250000
1 0.7700781250 0.5229687500 0.0206640625 0.0566458333
1 0.5812500000 0.6045833333 0.0284375000 0.0306250000
1 0.6332812500 0.6106250000 0.0214062500 0.0762500000
1 0.6084375000 0.6095833333 0.0243750000 0.0766666667
1 0.6835000000 0.6136979167 0.0227734375 0.0757187500
1 0.6570312500 0.6110416667 0.0226562500 0.0779166667
1 0.7318750000 0.6152083333 0.0240625000 0.0762500000
1 0.7540625000 0.6135416667 0.0226562500 0.0777083333
1 0.7080312500 0.6130416667 0.0238593750 0.0755833333
1 0.5815625000 0.6356250000 0.0284375000 0.0314583333
2 0.6089296875 0.6854895833 0.0813671875 0.0392604167
2 0.6912500000 0.6843750000 0.0820312500 0.0387500000
2 0.6098906250 0.7252187500 0.0810703125 0.0415208333
2 0.6911406250 0.7246562500 0.0829687500 0.0434479167
2 0.7459375000 0.7093750000 0.0285937500 0.0733333333
2 0.6029687500 0.8002083333 0.0501562500 0.0670833333
2 0.6535937500 0.8014583333 0.0510937500 0.0695833333
2 0.7045312500 0.7995833333 0.0507812500 0.0695833333
2 0.7565625000 0.7991666667 0.0523437500 0.0702083333
1 0.7232812500 0.4408333333 0.0259375000 0.0327083333
1 0.6657812500 0.4402083333 0.0289062500 0.0360416667
1 0.6950000000 0.4377083333 0.0273437500 0.0272916667
1 0.7779687500 0.4397916667 0.0284375000 0.0333333333
1 0.7489062500 0.4395833333 0.0273437500 0.0343750000
