1 0.5046523438 0.0893007812 0.0943359375 0.1179921875
0 0.6864609375 0.0773398438 0.1294023438 0.1009687500
7 0.8792890625 0.0508984375 0.1275195312 0.1017929687
1 0.1551992187 0.1422968750 0.0749960938 0.1027304688
1 0.3482734375 0.1271679688 0.0877578125 0.1091601563
0 0.6856015625 0.1441210937 0.1281718750 0.0715742188
7 0.8743789063 0.1550742187 0.1205351562 0.0951953125
1 0.1543750000 0.2121875000 0.0759414062 0.0501367187
1 0.3490546875 0.1972421875 0.0876835938 0.0550585937
1 0.5022070312 0.2097617187 0.0950703125 0.0598710937
1 0.5018281250 0.1681171875 0.0958281250 0.0620429687
0 0.6869335937 0.1958906250 0.1251328125 0.0706523438
7 0.8803750000 0.2255585937 0.1167539062 0.0496445313
1 0.1441406250 0.2917265625 0.0793554687 0.0522460938
1 0.1535156250 0.2506992188 0.0760273438 0.0489296875
1 0.3483359375 0.2814609375 0.0794062500 0.0542031250
1 0.3478476563 0.2398476562 0.0812695313 0.0546445313
1 0.5024218750 0.2524375000 0.0953398437 0.0564375000
1 0.5014414062 0.2950078125 0.0958554687 0.0537617188
7 0.6788867188 0.2740937500 0.1156210937 0.1076484375
7 0.8831015625 0.2749765625 0.1273671875 0.0579843750
1 0.1428359375 0.3335273438 0.0838593750 0.0476875000
1 0.3477656250 0.3239765625 0.0816914063 0.0490976562
1 0.5013828125 0.3379882813 0.0945468750 0.0548671875
7 0.6782226562 0.3460820313 0.1099492187 0.0556328125
7 0.8847929688 0.3269726562 0.1257070312 0.0648632812
1 0.1393203125 0.3764765625 0.0801953125 0.0505312500
1 0.1380859375 0.4177812500 0.0793710938 0.0489257813
7 0.3474882812 0.4103945312 0.0882148438 0.0492617187
1 0.3475468750 0.3668632813 0.0846757813 0.0502578125
1 0.4911080711 0.4021887825 0.0752393981 0.0834473324
7 0.6780039063 0.3977226562 0.1127343750 0.0551523437
4 0.8924843750 0.3825625000 0.1461718750 0.0643046875
1 0.1366718750 0.4595664063 0.0808828125 0.0470781250
7 0.3461992188 0.4933281250 0.0880976562 0.0444257812
7 0.3462500000 0.4516367187 0.0896992188 0.0469218750
4 0.4993007812 0.4718125000 0.0983476563 0.0622343750
4 0.6791132813 0.4433906250 0.1156289062 0.0408789063
4 0.6804179688 0.4898242188 0.1207695313 0.0491718750
4 0.9107265625 0.4372187500 0.1738085938 0.0633203125
7 0.1351054687 0.5462890625 0.0851523437 0.0471250000
7 0.1352734375 0.5023867187 0.0828203125 0.0481210938
7 0.2235000000 0.5018359375 0.0610468750 0.0526796875
7 0.2222304688 0.5437226563 0.0640703125 0.0484843750
7 0.3430898437 0.5362226562 0.0884921875 0.0459218750
4 0.5015664062 0.5189609375 0.0948789063 0.0416640625
4 0.6795468750 0.5374531250 0.1175898438 0.0514843750
5 0.8875273437 0.5015859375 0.1275546875 0.0770000000
7 0.1332890625 0.5890664062 0.0857460938 0.0481914062
7 0.2209570312 0.5877539063 0.0649843750 0.0458281250
7 0.2200273437 0.6329179687 0.0636640625 0.0492851563
7 0.3418906250 0.6235117187 0.0900117188 0.0464179687
7 0.3429062500 0.5789296875 0.0861562500 0.0448125000
4 0.4946171875 0.6181835937 0.0922617188 0.0485507812
4 0.4991640625 0.5680078125 0.1016367188 0.0563437500
4 0.6796718750 0.5832968750 0.1186289062 0.0489023438
5 0.8893750000 0.5740781250 0.1290585938 0.0780156250
7 0.1287226563 0.6793789062 0.0883125000 0.0473515625
7 0.1312421875 0.6337695313 0.0887148438 0.0472968750
7 0.2188281250 0.6750312500 0.0630664062 0.0529453125
7 0.3415195313 0.6680273438 0.0923437500 0.0457265625
6 0.4974921875 0.6645234375 0.0998867188 0.0491562500
7 0.1271093750 0.7218554688 0.0894101563 0.0473671875
7 0.2160703125 0.7185468750 0.0653242188 0.0564257812
7 0.2139843750 0.7625703125 0.0674492187 0.0598593750
0 0.3178828125 0.7212578125 0.0476250000 0.0675156250
0 0.3670546875 0.7234570312 0.0589960938 0.0677656250
6 0.4966796875 0.7128125000 0.0992617188 0.0499687500
6 0.4953671875 0.7626367187 0.1005898437 0.0476484375
5 0.6814335938 0.7016796875 0.1215937500 0.0693281250
0 0.8596328125 0.7165156250 0.0706757813 0.0731953125
0 0.9330078125 0.7196367188 0.0784140625 0.0746210938
0 0.1271093750 0.8246054687 0.0901875000 0.0702460938
7 0.1270390625 0.7668789062 0.0842890625 0.0488398437
0 0.3125859375 0.7877851563 0.0427773438 0.0719531250
0 0.3583593750 0.7909609375 0.0557578125 0.0706835938
0 0.4739101562 0.8218320312 0.0541289063 0.0731757813
0 0.7078203125 0.7706875000 0.0829570312 0.0811171875
0 0.8643398438 0.7902460937 0.0758437500 0.0781640625
0 0.9388789063 0.7916132812 0.0768398437 0.0750234375
0 0.1278867187 0.8912890625 0.0876718750 0.0778125000
0 0.3438554687 0.8598515625 0.0974375000 0.0790429688
0 0.4701875000 0.8994804687 0.0523789062 0.0830546875
0 0.6867421875 0.8429843750 0.1258359375 0.0805781250
0 0.8668085937 0.8658593750 0.0759101563 0.0764257812
0 0.9416718750 0.8665351562 0.0799882812 0.0793710938
0 0.1281210937 0.9596015625 0.0962617188 0.0776914063
0 0.3410703125 0.9335273438 0.1022734375 0.0806250000
0 0.6867500000 0.9116171875 0.1203867187 0.0850312500
0 0.9346250000 0.9414257813 0.0705703125 0.0722929688
0 0.3408125000 0.9814687500 0.0969609375 0.0370585938
0 0.4687187500 0.9704335937 0.0552617187 0.0591289063
0 0.5245507812 0.9810585938 0.0543164063 0.0378828124
0 0.6920703125 0.9686591797 0.1372578125 0.0626816406
0 0.8684531250 0.9857851563 0.0661328125 0.0284257812
0 0.9345664063 0.9877421875 0.0744765625 0.0245117187
