5 0.1421796875 0.0205625000 0.0265937500 0.0411145833
5 0.1914062500 0.0186770833 0.0701640625 0.0373437500
5 0.4494296875 0.0330104167 0.0248984375 0.0622395833
5 0.5401562500 0.0267187500 0.0376562500 0.0534375000
5 0.5789062500 0.0285937500 0.0389062500 0.0571875000
4 0.9316005472 0.0291970803 0.1121751026 0.0547445255
5 0.0629687500 0.0345833333 0.0348437500 0.0570833333
5 0.0966250000 0.0347083333 0.0322500000 0.0611145833
5 0.1434453125 0.0799687500 0.0234843750 0.0724270833
5 0.1938125000 0.0771458333 0.0698828125 0.0735520833
5 0.2788281250 0.0658229167 0.0775234375 0.0811041667
5 0.3584375000 0.0662500000 0.0262500000 0.0787500000
5 0.3912890625 0.0622395833 0.0410234375 0.0822395833
5 0.4487265625 0.0961979167 0.0263125000 0.0648854167
5 0.4823437500 0.0345833333 0.0354687500 0.0625000000
5 0.4829687500 0.0983333333 0.0342187500 0.0593750000
5 0.5396875000 0.0852083333 0.0373437500 0.0631250000
5 0.6521484375 0.0667708333 0.0257421875 0.0558333333
5 0.6862343750 0.0650729167 0.0373437500 0.0546979167
5 0.7418750000 0.0552083333 0.0295312500 0.0822916667
5 0.7987500000 0.0491666667 0.0314062500 0.0827083333
5 0.7706250000 0.0504166667 0.0304687500 0.0827083333
4 0.9285546875 0.0886562500 0.1086015625 0.0594479167
5 0.1614062500 0.1556250000 0.0145312500 0.0704166667
5 0.1018593750 0.1012916667 0.0263125000 0.0592291667
5 0.1043750000 0.1639583333 0.0275000000 0.0662500000
5 0.1979140625 0.1527812500 0.0667734375 0.0724270833
5 0.2816562500 0.1456145833 0.0741250000 0.0777083333
5 0.3596875000 0.1437500000 0.0271875000 0.0735416667
5 0.3927031250 0.1458020833 0.0387578125 0.0750729167
5 0.4784375000 0.1604166667 0.0351562500 0.0641666667
5 0.4410859375 0.1618333333 0.0359296875 0.0618645833
5 0.5393750000 0.1525000000 0.0382812500 0.0700000000
5 0.5798437500 0.1506250000 0.0426562500 0.0725000000
5 0.6503046875 0.1229791667 0.0243281250 0.0513020833
5 0.6839765625 0.1199583333 0.0401718750 0.0520625000
5 0.7395312500 0.1316666667 0.0275000000 0.0702083333
5 0.7679687500 0.1281250000 0.0289062500 0.0712500000
5 0.7957812500 0.1262500000 0.0295312500 0.0708333333
4 0.9247421875 0.1486145833 0.1040312500 0.0553854167
4 0.9885937500 0.1472916667 0.0228125000 0.0587500000
5 0.1039062500 0.2283333333 0.0259375000 0.0637500000
5 0.1628125000 0.2239583333 0.0126562500 0.0685416667
5 0.2013046875 0.2236979167 0.0650703125 0.0679062500
5 0.2839218750 0.2223750000 0.0729921875 0.0705416667
5 0.3596015625 0.2187916667 0.0223515625 0.0701666667
5 0.4745312500 0.2245833333 0.0325000000 0.0618750000
5 0.4388203125 0.2257708333 0.0370625000 0.0607291667
5 0.5381250000 0.2210416667 0.0400000000 0.0670833333
5 0.5785937500 0.2206250000 0.0451562500 0.0704166667
5 0.6873671875 0.1786145833 0.0316875000 0.0607291667
5 0.6457812500 0.2323750000 0.0577187500 0.0392291667
5 0.6561093750 0.1790000000 0.0280078125 0.0599791667
5 0.7492187500 0.2212500000 0.0518750000 0.0375000000
5 0.7515625000 0.1839583333 0.0490625000 0.0366666667
5 0.7882812500 0.1997916667 0.0254687500 0.0604166667
4 0.9207421875 0.2083125000 0.1028828125 0.0548750000
4 0.9854296875 0.2054166667 0.0291406250 0.0589583333
3 0.7645312500 0.2831250000 0.0307812500 0.0420833333
3 0.7353125000 0.2843750000 0.0307812500 0.0425000000
4 0.9171171875 0.2659791667 0.1017421875 0.0533437500
4 0.9829687500 0.2634270833 0.0340546875 0.0582083333
1 0.2478125000 0.3085416667 0.0231250000 0.0552083333
1 0.3478671875 0.3149791667 0.0369140625 0.0520520833
1 0.3912890625 0.3233020833 0.0408984375 0.0637395833
1 0.4387500000 0.3104166667 0.0390625000 0.0633333333
1 0.4809375000 0.3102083333 0.0410937500 0.0637500000
1 0.5328125000 0.3660416667 0.0409375000 0.0581250000
1 0.5340625000 0.3060416667 0.0410937500 0.0616666667
1 0.5759375000 0.3054166667 0.0418750000 0.0616666667
1 0.6368281250 0.3046458333 0.0479687500 0.0599583333
1 0.6345312500 0.3645833333 0.0467187500 0.0587500000
1 0.6801562500 0.3629166667 0.0464062500 0.0620833333
3 0.7331250000 0.3245833333 0.0290625000 0.0383333333
3 0.7473437500 0.3600000000 0.0589062500 0.0354166667
3 0.7625000000 0.3229166667 0.0303125000 0.0383333333
4 0.9138828125 0.3195833333 0.1021250000 0.0548750000
4 0.9817812500 0.3205312500 0.0364375000 0.0576354167
1 0.3888984375 0.3921770833 0.0435546875 0.0598437500
1 0.4754687500 0.3760416667 0.0385937500 0.0635416667
1 0.4371875000 0.3766666667 0.0384375000 0.0654166667
1 0.5323281250 0.4256979167 0.0402578125 0.0576770833
1 0.5745312500 0.3670833333 0.0418750000 0.0591666667
1 0.6310937500 0.4229166667 0.0415625000 0.0579166667
1 0.5740625000 0.4270833333 0.0415625000 0.0570833333
1 0.6757812500 0.4245833333 0.0451562500 0.0587500000
1 0.7551562500 0.3954166667 0.0796875000 0.0447916667
4 0.9119062500 0.3744895833 0.1042656250 0.0527604167
4 0.9798027344 0.3757812500 0.0403945313 0.0531562500
1 0.3922187500 0.4608645833 0.0385078125 0.0598437500
1 0.4812500000 0.4410416667 0.0423437500 0.0637500000
1 0.4395312500 0.4400000000 0.0395312500 0.0614583333
1 0.5312500000 0.4831250000 0.0396875000 0.0583333333
1 0.6285937500 0.4820833333 0.0409375000 0.0597916667
1 0.5728125000 0.4866666667 0.0412500000 0.0583333333
1 0.6739062500 0.4883333333 0.0473437500 0.0616666667
1 0.7545312500 0.4395833333 0.0820312500 0.0437500000
1 0.7523437500 0.4833333333 0.0790625000 0.0452083333
1 0.8951562500 0.4633333333 0.0871875000 0.1091666667
1 0.9700214844 0.4619583333 0.0599570312 0.1096354167
1 0.4366093750 0.5641770833 0.0355468750 0.0616666667
1 0.4745312500 0.5641666667 0.0384375000 0.0620833333
1 0.4360937500 0.5047916667 0.0340625000 0.0616666667
1 0.4737500000 0.5043750000 0.0376562500 0.0587500000
1 0.5318750000 0.5412500000 0.0384375000 0.0491666667
1 0.6282578125 0.5424791667 0.0402578125 0.0571041667
1 0.5732812500 0.5433333333 0.0420312500 0.0543750000
1 0.6706562500 0.5467604167 0.0462500000 0.0565312500
1 0.7495312500 0.5262500000 0.0785937500 0.0435416667
1 0.4725000000 0.6160416667 0.0353125000 0.0397916667
1 0.4354687500 0.6137500000 0.0329687500 0.0341666667
1 0.5357812500 0.5977083333 0.0429687500 0.0541666667
1 0.6279687500 0.6002083333 0.0412500000 0.0575000000
1 0.6691562500 0.6038645833 0.0432578125 0.0553854167
8 0.7550000000 0.5985416667 0.0875000000 0.0714583333
1 0.8931250000 0.5720833333 0.0900000000 0.1127083333
1 0.9664062500 0.5735416667 0.0671875000 0.1087500000
1 0.5301875000 0.6549687500 0.0359765625 0.0571041667
1 0.5689062500 0.6608333333 0.0381250000 0.0600000000
1 0.6260937500 0.6566666667 0.0398437500 0.0627083333
1 0.6664062500 0.6627083333 0.0403125000 0.0618750000
8 0.7582812500 0.6845833333 0.1006250000 0.0829166667
1 0.8873671875 0.6763854167 0.0822265625 0.1010729167
1 0.9618750000 0.6837500000 0.0757812500 0.1095833333
1 0.5328125000 0.7139583333 0.0301562500 0.0420833333
1 0.6240625000 0.7204166667 0.0396875000 0.0629166667
1 0.5714062500 0.7141666667 0.0396875000 0.0556250000
1 0.6651562500 0.7220833333 0.0418750000 0.0652083333
1 0.6246875000 0.7752083333 0.0384375000 0.0568750000
1 0.6646875000 0.7820833333 0.0428125000 0.0550000000
1 0.7523437500 0.7704166667 0.0925000000 0.1010416667
1 0.8818750000 0.7833333333 0.0829687500 0.1072916667
1 0.9623046875 0.7889583333 0.0753906250 0.1122916667
