0 0.0403984375 0.1281210937 0.0776914063 0.0962617188
0 0.1087109375 0.1278867187 0.0778125000 0.0876718750
7 0.2331210937 0.1270390625 0.0488398437 0.0842890625
0 0.1753945312 0.1271093750 0.0702460938 0.0901875000
7 0.2781445312 0.1271093750 0.0473671875 0.0894101563
7 0.3206210937 0.1287226563 0.0473515625 0.0883125000
7 0.3662304687 0.1312421875 0.0472968750 0.0887148438
7 0.4109335937 0.1332890625 0.0481914062 0.0857460938
7 0.4537109375 0.1351054687 0.0471250000 0.0851523437
7 0.4976132812 0.1352734375 0.0481210938 0.0828203125
1 0.5404335937 0.1366718750 0.0470781250 0.0808828125
1 0.5822187500 0.1380859375 0.0489257813 0.0793710938
1 0.6235234375 0.1393203125 0.0505312500 0.0801953125
1 0.6664726562 0.1428359375 0.0476875000 0.0838593750
1 0.7493007812 0.1535156250 0.0489296875 0.0760273438
1 0.7082734375 0.1441406250 0.0522460938 0.0793554687
1 0.7878125000 0.1543750000 0.0501367187 0.0759414062
1 0.8577031250 0.1551992187 0.1027304688 0.0749960938
7 0.2814531250 0.2160703125 0.0564257812 0.0653242188
7 0.2374296875 0.2139843750 0.0598593750 0.0674492187
7 0.3249687500 0.2188281250 0.0529453125 0.0630664062
7 0.4122460937 0.2209570312 0.0458281250 0.0649843750
7 0.3670820313 0.2200273437 0.0492851563 0.0636640625
7 0.4562773437 0.2222304688 0.0484843750 0.0640703125
7 0.4981640625 0.2235000000 0.0526796875 0.0610468750
0 0.0185312500 0.3408125000 0.0370585938 0.0969609375
0 0.0664726562 0.3410703125 0.0806250000 0.1022734375
0 0.1401484375 0.3438554688 0.0790429688 0.0974375000
0 0.2090390625 0.3583593750 0.0706835938 0.0557578125
0 0.2122148437 0.3125859375 0.0719531250 0.0427773438
0 0.2787421875 0.3178828125 0.0675156250 0.0476250000
7 0.3319726562 0.3415195313 0.0457265625 0.0923437500
7 0.3764882813 0.3418906250 0.0464179687 0.0900117188
7 0.4210703125 0.3429062500 0.0448125000 0.0861562500
7 0.4637773438 0.3430898437 0.0459218750 0.0884921875
7 0.5066718750 0.3461992188 0.0444257812 0.0880976562
7 0.5483632813 0.3462500000 0.0469218750 0.0896992188
7 0.5896054687 0.3474882812 0.0492617187 0.0882148438
1 0.6331367187 0.3475468750 0.0502578125 0.0846757813
1 0.6760234375 0.3477656250 0.0490976562 0.0816914063
1 0.7601523437 0.3478476563 0.0546445313 0.0812695313
1 0.7185390625 0.3483359375 0.0542031250 0.0794062500
1 0.8027578125 0.3490546875 0.0550585937 0.0876835938
1 0.8728320312 0.3482734375 0.1091601563 0.0877578125
0 0.2765429688 0.3670546875 0.0677656250 0.0589960938
0 0.0295664063 0.4687187500 0.0591289063 0.0552617187
0 0.1005195313 0.4701875000 0.0830546875 0.0523789062
0 0.1781679688 0.4739101563 0.0731757813 0.0541289063
6 0.2871875000 0.4966796875 0.0499687500 0.0992617188
6 0.2373632813 0.4953671875 0.0476484375 0.1005898437
6 0.3354765625 0.4974921875 0.0491562500 0.0998867188
4 0.3818164063 0.4946171875 0.0485507812 0.0922617188
4 0.4319921875 0.4991640625 0.0563437500 0.1016367188
4 0.5281875000 0.4993007812 0.0622343750 0.0983476563
1 0.5978112175 0.4911080711 0.0834473324 0.0752393981
0 0.0189414062 0.5245507813 0.0378828124 0.0543164063
4 0.4810390625 0.5015664062 0.0416640625 0.0948789063
1 0.6620117187 0.5013828125 0.0548671875 0.0945468750
1 0.7049921875 0.5014414062 0.0537617188 0.0958554687
1 0.7475625000 0.5024218750 0.0564375000 0.0953398437
1 0.7902382812 0.5022070312 0.0598710937 0.0950703125
1 0.8318828125 0.5018281250 0.0620429687 0.0958281250
1 0.9106992188 0.5046523438 0.1179921875 0.0943359375
0 0.0313408203 0.6920703125 0.0626816406 0.1372578125
0 0.0883828125 0.6867500000 0.0850312500 0.1203867187
0 0.1570156250 0.6867421875 0.0805781250 0.1258359375
5 0.2983203125 0.6814335938 0.0693281250 0.1215937500
4 0.4167031250 0.6796718750 0.0489023438 0.1186289062
4 0.4625468750 0.6795468750 0.0514843750 0.1175898438
4 0.5566093750 0.6791132813 0.0408789063 0.1156289062
4 0.5101757812 0.6804179688 0.0491718750 0.1207695313
7 0.6022773438 0.6780039063 0.0551523437 0.1127343750
7 0.6539179687 0.6782226562 0.0556328125 0.1099492187
7 0.7259062500 0.6788867187 0.1076484375 0.1156210937
0 0.8041093750 0.6869335937 0.0706523438 0.1251328125
0 0.8558789063 0.6856015625 0.0715742188 0.1281718750
0 0.9226601562 0.6864609375 0.1009687500 0.1294023438
0 0.2293125000 0.7078203125 0.0811171875 0.0829570312
0 0.0142148437 0.8684531250 0.0284257812 0.0661328125
0 0.1341406250 0.8668085938 0.0764257812 0.0759101563
0 0.2097539063 0.8643398438 0.0781640625 0.0758437500
0 0.2834843750 0.8596328125 0.0731953125 0.0706757813
5 0.4259218750 0.8893750000 0.0780156250 0.1290585938
5 0.4984140625 0.8875273437 0.0770000000 0.1275546875
4 0.6174375000 0.8924843750 0.0643046875 0.1461718750
7 0.6730273438 0.8847929688 0.0648632812 0.1257070312
7 0.7250234375 0.8831015625 0.0579843750 0.1273671875
7 0.7744414063 0.8803750000 0.0496445313 0.1167539062
7 0.8449257813 0.8743789063 0.0951953125 0.1205351562
7 0.9491015625 0.8792890625 0.1017929687 0.1275195312
0 0.0122578125 0.9345664063 0.0245117187 0.0744765625
0 0.0585742187 0.9346250000 0.0722929688 0.0705703125
0 0.1334648438 0.9416718750 0.0793710938 0.0799882812
0 0.2083867188 0.9388789063 0.0750234375 0.0768398437
0 0.2803632813 0.9330078125 0.0746210938 0.0784140625
4 0.5627812500 0.9107265625 0.0633203125 0.1738085938
