2 0.1414687500 0.1045539419 0.0452812500 0.1005809129
2 0.2207656250 0.1142946058 0.0923828125 0.1110684647
3 0.3508437500 0.1504668050 0.0241484375 0.0401556017
3 0.3861953125 0.1523029046 0.0487109375 0.0390248963
1 0.6085937500 0.1365145228 0.0360937500 0.0732365145
1 0.6793828125 0.1400207469 0.0409296875 0.0679564315
1 0.6457187500 0.1384128631 0.0398281250 0.0750311203
1 0.7796875000 0.1424585062 0.0725546875 0.0645435685
2 0.8958750000 0.1562136929 0.1269453125 0.0777593361
1 0.1482578125 0.2028215768 0.0770937500 0.1027489627
1 0.2273125000 0.2140560166 0.0848046875 0.0997406639
3 0.3501093750 0.1872510373 0.0235312500 0.0344605809
3 0.3980156250 0.1906639004 0.0224140625 0.0380082988
1 0.3769921875 0.2288381743 0.0629218750 0.0478630705
3 0.3748671875 0.1892531120 0.0246640625 0.0349066390
1 0.4496562500 0.2323132780 0.0388750000 0.0613381743
1 0.4538984375 0.1719294606 0.0417578125 0.0681327801
1 0.4913593750 0.1795954357 0.0377968750 0.0725414938
1 0.5284843750 0.1843672199 0.0390781250 0.0655082988
1 0.6048437500 0.2099585062 0.0393750000 0.0711618257
1 0.6736484375 0.2081016598 0.0337031250 0.0704253112
1 0.6397656250 0.2108713693 0.0396875000 0.0713070539
1 0.7757578125 0.2058091286 0.0725546875 0.0593257261
1 0.1740781250 0.2980082988 0.0630234375 0.0929253112
1 0.3758906250 0.2705290456 0.0648828125 0.0451659751
1 0.4884140625 0.2372614108 0.0379843750 0.0632987552
1 0.4498281250 0.2870331950 0.0399531250 0.0557053942
1 0.4842681259 0.2903811252 0.0369357045 0.0508166969
1 0.5256328125 0.2424896266 0.0397578125 0.0582468880
1 0.5211562500 0.2969605809 0.0361406250 0.0512759336
1 0.5989218750 0.2768153527 0.0446093750 0.0618360996
1 0.6680546875 0.2744813278 0.0339218750 0.0634336100
1 0.6355625000 0.2765871369 0.0354765625 0.0629045643
1 0.7703906250 0.2629979253 0.0646875000 0.0493568465
1 0.9039218750 0.2374377593 0.0746796875 0.0875622407
1 0.2352421875 0.3084647303 0.0699453125 0.0934647303
1 0.3752500000 0.3094087137 0.0639140625 0.0442116183
1 0.3746171875 0.3475207469 0.0633593750 0.0417427386
1 0.4828906250 0.3489419087 0.0361406250 0.0555082988
1 0.5200937500 0.3524688797 0.0340078125 0.0569190871
1 0.5910937500 0.3385892116 0.0404687500 0.0558091286
1 0.6293750000 0.3392116183 0.0362500000 0.0570539419
1 0.6607656250 0.3363796680 0.0347734375 0.0625207469
1 0.7571718750 0.3643153527 0.0618281250 0.0460373444
1 0.7619921875 0.3151970954 0.0657656250 0.0512551867
1 0.8838593750 0.3059854772 0.0995468750 0.0546784232
1 0.8769218750 0.3580082988 0.1000468750 0.0567012448
1 0.1795078125 0.3837655602 0.0612656250 0.0855290456
1 0.2393671875 0.3961514523 0.0653515625 0.0888485477
1 0.3745546875 0.4202385892 0.0620781250 0.0343464730
1 0.3750859375 0.3849377593 0.0628359375 0.0378008299
1 0.4773984375 0.4065663900 0.0379062500 0.0569190871
1 0.5154843750 0.4093879668 0.0347187500 0.0569190871
1 0.6190625000 0.3921161826 0.0343750000 0.0506224066
1 0.5846875000 0.3910788382 0.0396875000 0.0502074689
1 0.6525000000 0.3962655602 0.0354687500 0.0556016598
1 0.7505546875 0.4131950207 0.0636171875 0.0488796680
1 0.8691093750 0.4086307054 0.0970703125 0.0476763485
1 0.1834375000 0.4655601660 0.0610937500 0.0825726141
1 0.2421718750 0.4799792531 0.0637578125 0.0848029046
1 0.3732578125 0.4921887967 0.0615625000 0.0353734440
1 0.3742968750 0.4554460581 0.0600078125 0.0333195021
1 0.4773984375 0.4663070539 0.0357812500 0.0550414938
1 0.5146015625 0.4677178423 0.0322421875 0.0550414938
1 0.5775000000 0.4394190871 0.0396875000 0.0493775934
1 0.5787500000 0.4910788382 0.0323437500 0.0468879668
1 0.6124062500 0.4909958506 0.0352968750 0.0482261411
1 0.6150000000 0.4427385892 0.0384375000 0.0493775934
1 0.6489062500 0.4468879668 0.0335937500 0.0481327801
1 0.6459687500 0.4940456432 0.0355781250 0.0493672199
1 0.7439453125 0.4575726141 0.0668359375 0.0389107884
1 0.8643281250 0.4562759336 0.0921328125 0.0477904564
1 0.1953125000 0.5510373444 0.0576562500 0.0645228216
1 0.2492187500 0.5533195021 0.0521875000 0.0632780083
1 0.3728671875 0.5572821577 0.0582031250 0.0302282158
1 0.3728671875 0.5261929461 0.0602734375 0.0326244813
1 0.4761562500 0.5211099585 0.0347187500 0.0508091286
1 0.5110546875 0.5218153527 0.0336562500 0.0522199170
1 0.6095312500 0.5406950207 0.0364531250 0.0473858921
1 0.5721875000 0.5354771784 0.0354687500 0.0491701245
1 0.6415156250 0.5416078838 0.0292500000 0.0483817427
1 0.7420312500 0.5470954357 0.0534375000 0.0518672199
1 0.7378671875 0.5002800830 0.0654062500 0.0398651452
7 0.8520312500 0.5647302905 0.0831250000 0.0311203320
2 0.8630703125 0.5065975104 0.0774375000 0.0557365145
2 0.1804765625 0.6055290456 0.0335937500 0.0440871369
2 0.2375156250 0.6073443983 0.0750078125 0.0435684647
5 0.3316796875 0.6050000000 0.0189531250 0.0269917012
5 0.3521484375 0.6062759336 0.0186796875 0.0237033195
5 0.3322343750 0.6319917012 0.0184062500 0.0226141079
5 0.3576406250 0.5829356846 0.0175781250 0.0200622407
5 0.3524218750 0.6325414938 0.0186796875 0.0229771784
5 0.3937656250 0.6071887967 0.0156562500 0.0226141079
5 0.3734375000 0.6330809129 0.0178515625 0.0218879668
5 0.3742578125 0.6079149378 0.0217031250 0.0248029046
5 0.3947265625 0.5838485477 0.0126328125 0.0211514523
5 0.3776953125 0.5831120332 0.0175781250 0.0204253112
5 0.4787734375 0.6124792531 0.0280156250 0.0419398340
5 0.4789062500 0.5719709544 0.0277421875 0.0436929461
5 0.5081718750 0.6132053942 0.0285703125 0.0404875519
5 0.5091328125 0.5701659751 0.0315859375 0.0426763485
5 0.6201015625 0.5931431535 0.0629062500 0.0565352697
5 0.5740937500 0.5903526971 0.0313125000 0.0640663900
5 0.7310781250 0.5949688797 0.0634531250 0.0477800830
7 0.1902890625 0.6587344398 0.0548984375 0.0591493776
7 0.2482343750 0.6451141079 0.0580390625 0.0314107884
7 0.2477734375 0.6783713693 0.0571171875 0.0316597510
5 0.3514609375 0.6927178423 0.0189531250 0.0448651452
5 0.3322343750 0.6551452282 0.0178515625 0.0215145228
5 0.3522812500 0.6567946058 0.0189531250 0.0240767635
5 0.3929375000 0.6343568465 0.0151093750 0.0244398340
5 0.3727500000 0.6573340249 0.0181328125 0.0237033195
5 0.3731640625 0.6947199170 0.0206015625 0.0444917012
5 0.3912890625 0.6945435685 0.0151093750 0.0426763485
5 0.3927968750 0.6609854772 0.0148359375 0.0222510373
5 0.4449296875 0.6948651452 0.0329609375 0.0438381743
5 0.4767187500 0.6952697095 0.0271953125 0.0404875519
5 0.4465000000 0.6358195021 0.0370859375 0.0711203320
5 0.4785000000 0.6538692946 0.0274687500 0.0408506224
5 0.5070703125 0.6544190871 0.0280156250 0.0390248963
5 0.5625546875 0.6480394191 0.0433984375 0.0539834025
5 0.5048750000 0.6947199170 0.0258203125 0.0408506224
5 0.6139218750 0.6491286307 0.0598828125 0.0539834025
5 0.7222890625 0.6883402490 0.0563125000 0.0426763485
5 0.7233828125 0.6425622407 0.0541093750 0.0466804979
7 0.1919531250 0.7229149378 0.0541562500 0.0657780083
7 0.2487031250 0.7139522822 0.0571171875 0.0346058091
7 0.2489765625 0.7645643154 0.0606562500 0.0689834025
5 0.3316796875 0.7362966805 0.0189531250 0.0459543568
5 0.3514609375 0.7408609959 0.0195000000 0.0485062241
5 0.3708281250 0.7415871369 0.0181328125 0.0470539419
5 0.3908750000 0.7412240664 0.0148359375 0.0463174274
5 0.4752031250 0.7377593361 0.0280156250 0.0423132780
5 0.4452656250 0.7404979253 0.0291171875 0.0426763485
5 0.5036328125 0.7375829876 0.0244453125 0.0390248963
5 0.5607734375 0.7043879668 0.0381796875 0.0521576763
5 0.6047187500 0.7570954357 0.0656484375 0.0517946058
5 0.6114531250 0.7040248963 0.0609765625 0.0521576763
5 0.7180312500 0.7328319502 0.0587812500 0.0463174274
7 0.7989062500 0.7448132780 0.0260937500 0.0269709544
7 0.8104687500 0.7107883817 0.0335937500 0.0367219917
7 0.8550000000 0.7304979253 0.0345312500 0.0417012448
7 0.1884375000 0.7844398340 0.0600000000 0.0319502075
4 0.2449531250 0.8195539419 0.0685781250 0.0391908714
5 0.3684921875 0.8192738589 0.0557578125 0.0375622407
5 0.3701406250 0.7837136929 0.0568593750 0.0320954357
5 0.4629843750 0.8143568465 0.0326875000 0.0350103734
5 0.4410234375 0.7783402490 0.0348593750 0.0427697095
5 0.4959453125 0.8143568465 0.0315859375 0.0342842324
5 0.4739453125 0.7781431535 0.0298906250 0.0388589212
5 0.5015781250 0.7771473029 0.0252734375 0.0364730290
0 0.6068750000 0.8163900415 0.0232812500 0.0224066390
5 0.7141796875 0.7776970954 0.0543906250 0.0412136929
5 0.7010000000 0.8170850622 0.0615312500 0.0353734440
7 0.8021875000 0.7989626556 0.0314062500 0.0410788382
7 0.8492187500 0.7740663900 0.0290625000 0.0408713693
7 0.8425000000 0.8153526971 0.0329687500 0.0441908714
4 0.2452890625 0.8950933610 0.0672968750 0.0451556017
4 0.2493750000 0.8558091286 0.0585937500 0.0375518672
7 0.3638984375 0.8608298755 0.0621171875 0.0472821577
0 0.4307343750 0.8910995851 0.0336796875 0.0376763485
0 0.4781406250 0.8911514523 0.0606796875 0.0390041494
0 0.4829218750 0.8507261411 0.0552656250 0.0408817427
0 0.6104531250 0.8999792531 0.0336796875 0.0358402490
0 0.5978125000 0.8570539419 0.0598437500 0.0632780083
5 0.6964687500 0.8500933610 0.0596093750 0.0328215768
0 0.6946875000 0.8900414938 0.0609375000 0.0475103734
7 0.8044296875 0.8550933610 0.0362265625 0.0404356846
7 0.8070312500 0.8993775934 0.0784375000 0.0450207469
7 0.8384375000 0.8549792531 0.0273437500 0.0431535270
4 0.2498515625 0.9296887967 0.0587968750 0.0282053942
4 0.2504062500 0.9562033195 0.0586640625 0.0282468880
7 0.3358750000 0.9524481328 0.0352031250 0.0198858921
7 0.3652187500 0.9030082988 0.0550390625 0.0370746888
7 0.3701718750 0.9313589212 0.0447187500 0.0174585062
7 0.3736171875 0.9510995851 0.0370312500 0.0188070539
0 0.4892187500 0.9315352697 0.0311484375 0.0431950207
0 0.5707812500 0.9246887967 0.0221875000 0.0643153527
0 0.6077968750 0.9387344398 0.0334531250 0.0416597510
0 0.6910937500 0.9435684647 0.0578125000 0.0475103734
7 0.2307578125 0.9793672199 0.0195859375 0.0218464730
7 0.2490390625 0.9824896266 0.0195859375 0.0253215768
7 0.2741171875 0.9849481328 0.0086953125 0.0301037344
7 0.3655234375 0.9766286307 0.0532109375 0.0295539419
0 0.4393750000 0.9711099585 0.0243750000 0.0577800830
0 0.4882968750 0.9777904564 0.0316093750 0.0444190871
0 0.6064062500 0.9790456432 0.0306250000 0.0406639004
0 0.6861953125 0.9828941909 0.0575234375 0.0340560166
