7 0.2799479167 0.0470234375 0.0927812500 0.0768984375
7 0.4136250000 0.0757734375 0.0772708333 0.0773984375
7 0.5424270833 0.0579687500 0.1927916667 0.1143750000
7 0.3919583333 0.1311796875 0.0711875000 0.0471796875
1 0.1589583333 0.2610937500 0.1127083333 0.1104687500
1 0.2593750000 0.2585937500 0.0987500000 0.1179687500
1 0.3589583333 0.2610937500 0.0985416667 0.1148437500
1 0.4595833333 0.2612500000 0.0958333333 0.1089062500
1 0.5550000000 0.2540625000 0.0947916667 0.1079687500
1 0.6429166667 0.2626562500 0.0822916667 0.1123437500
1 0.7287500000 0.2637500000 0.0904166667 0.1042187500
1 0.1552083333 0.4178125000 0.0914583333 0.0551562500
1 0.2512500000 0.4167187500 0.0862500000 0.0590625000
1 0.3454166667 0.4193750000 0.0902083333 0.0493750000
1 0.4360416667 0.4223437500 0.0852083333 0.0506250000
1 0.5191250000 0.4218515625 0.0818854167 0.0522031250
1 0.6048750000 0.4227031250 0.0832500000 0.0539062500
1 0.6906250000 0.4204843750 0.0837083333 0.0569765625
1 0.8007500000 0.3874375000 0.0976979167 0.1180078125
1 0.1207291667 0.4900312500 0.0387604167 0.0683203125
1 0.1799479167 0.4896015625 0.0900104167 0.0665703125
6 0.7241666667 0.4998437500 0.2062500000 0.0925000000
6 0.3225000000 0.5003125000 0.2025000000 0.0906250000
6 0.5205208333 0.5012421875 0.1942291667 0.0908437500
6 0.8672916667 0.5220312500 0.1008333333 0.1250000000
7 0.3580729167 0.6132187500 0.1084895833 0.0532812500
7 0.4677604167 0.6143281250 0.1077291667 0.0554609375
7 0.5964895833 0.6202343750 0.1360000000 0.0573203125
1 0.8312604167 0.6226796875 0.1212708333 0.0649140625
7 0.1518750000 0.6578125000 0.0939583333 0.1357812500
7 0.2393750000 0.6585937500 0.0833333333 0.1368750000
7 0.3489687500 0.6694765625 0.1129166667 0.0634062500
7 0.4670208333 0.6742734375 0.1196354167 0.0701093750
7 0.5962083333 0.6845078125 0.1343125000 0.0636484375
7 0.7215208333 0.6551953125 0.1265104167 0.1357031250
1 0.8451979167 0.6925234375 0.1206562500 0.0760312500
7 0.9091666667 0.7662500000 0.1410416667 0.0453125000
0 0.0559583333 0.8103046875 0.1119166666 0.1448281250
0 0.1621041667 0.8107265625 0.1148020833 0.1380468750
0 0.2703854167 0.8192343750 0.1134791667 0.1514062500
0 0.3739583333 0.8174531250 0.0989583333 0.1515000000
0 0.4722916667 0.8115625000 0.0904166667 0.1393750000
7 0.5662500000 0.8181250000 0.1064583333 0.1490625000
7 0.6722916667 0.8003125000 0.1133333333 0.1156250000
3 0.7772916667 0.7670312500 0.1300000000 0.0460937500
3 0.7831250000 0.8132812500 0.1345833333 0.0468750000
7 0.9154166667 0.8114062500 0.1427083333 0.0445312500
