1 0.3309843750 0.2938645833 0.1198125000 0.0899166667
1 0.5634609375 0.2616562500 0.0975859375 0.0563437500
1 0.6873515625 0.2973125000 0.0976250000 0.0504062500
0 0.8213750000 0.2563750000 0.1147656250 0.0935625000
0 0.9392500000 0.2832916667 0.0720156250 0.0462812500
8 0.1108593750 0.3333958333 0.0741406250 0.1382916667
1 0.1946875000 0.3122916667 0.0923437500 0.0450000000
1 0.4593750000 0.3029062500 0.1105859375 0.1118437500
1 0.5662265625 0.3144479167 0.0966484375 0.0526770833
1 0.5680156250 0.3627187500 0.0937421875 0.0501979167
0 0.8138593750 0.3416458333 0.1111406250 0.0817604167
0 0.9422187500 0.3451770833 0.1155625000 0.0673020833
1 0.2092421875 0.3753437500 0.1106875000 0.0713541667
1 0.3489296875 0.3738333333 0.1171250000 0.0733333333
1 0.4912734375 0.3879062500 0.0523984375 0.0645729167
1 0.4392656250 0.3883854167 0.0517812500 0.0674583333
1 0.5677578125 0.4193125000 0.0802812500 0.0524687500
1 0.6874687500 0.4028229167 0.0996484375 0.1087291667
0 0.9386484375 0.4139062500 0.1173828125 0.0690416667
8 0.1466171875 0.4342083333 0.0484531250 0.0960208333
1 0.2345312500 0.4650000000 0.1271875000 0.0933333333
1 0.3608203125 0.4431770833 0.1038750000 0.0732604167
1 0.4459644323 0.4507299270 0.0519835841 0.0583941606
1 0.4959843750 0.4510833333 0.0556796875 0.0599479167
1 0.5688437500 0.4679375000 0.0856406250 0.0433645833
0 0.8037968750 0.4507916667 0.1165937500 0.1013229167
0 0.9181718750 0.4723125000 0.1144375000 0.0682916667
4 0.2501562500 0.5429583333 0.0994765625 0.0573333333
1 0.3771484375 0.5057187500 0.0989609375 0.0625833333
1 0.3847500000 0.5546770833 0.0950000000 0.0410104167
1 0.4976015625 0.5103125000 0.0525234375 0.0596041667
1 0.5706250000 0.5195833333 0.0825000000 0.0397916667
1 0.5721484375 0.5545833333 0.0819375000 0.0378020833
1 0.6792343750 0.5060208333 0.0935859375 0.1003437500
0 0.7908359375 0.5350312500 0.0997500000 0.0733333333
0 0.9020546875 0.5337812500 0.1028125000 0.0583437500
4 0.2753906250 0.6205312500 0.0822500000 0.0364895833
4 0.2669921875 0.5885416667 0.0922890625 0.0379270833
1 0.3934062500 0.5897083333 0.0870078125 0.0401875000
1 0.4653125000 0.6254166667 0.0496875000 0.0510416667
1 0.4573437500 0.5672916667 0.0470312500 0.0595833333
1 0.5089062500 0.6231250000 0.0509375000 0.0481250000
1 0.5025000000 0.5691666667 0.0468750000 0.0606250000
1 0.5764843750 0.5927083333 0.0785156250 0.0391562500
1 0.5791171875 0.6234375000 0.0725859375 0.0312604167
1 0.6682812500 0.5910416667 0.0687500000 0.0650000000
0 0.7794765625 0.6227916667 0.0942343750 0.0504583333
0 0.8961328125 0.5871875000 0.1072343750 0.0559583333
4 0.2931562500 0.6953333333 0.0733671875 0.0342708333
4 0.2866093750 0.6611354167 0.0773671875 0.0413541667
7 0.3816953125 0.6418854167 0.0438046875 0.0200208333
7 0.4140234375 0.6892291667 0.0344375000 0.0233020833
7 0.4154921875 0.6396145833 0.0263593750 0.0111875000
7 0.4010234375 0.6648541667 0.0192968750 0.0299479167
1 0.4719562244 0.6697080292 0.0369357045 0.0419708029
1 0.5117187500 0.6743750000 0.0417187500 0.0350000000
1 0.5782187500 0.6847708333 0.0721875000 0.0335937500
1 0.5801406250 0.6557604167 0.0736875000 0.0315625000
7 0.6685937500 0.6464583333 0.0745312500 0.0491666667
0 0.8972265625 0.6923958333 0.0504453125 0.0473750000
0 0.8523828125 0.6893541667 0.0526484375 0.0501250000
4 0.2982734375 0.7224791667 0.0733359375 0.0312708333
1 0.4757500000 0.7115000000 0.0388437500 0.0415416667
1 0.5154687500 0.7125000000 0.0381250000 0.0327083333
1 0.5806015625 0.7164791667 0.0694140625 0.0294166667
7 0.6690625000 0.7297916667 0.0745312500 0.0618750000
7 0.7613046875 0.7355416667 0.0812734375 0.0633229167
0 0.8410859375 0.7355520833 0.0517734375 0.0434479167
0 0.8831093750 0.7365416667 0.0493671875 0.0345416667
