0 0.2073789062 0.0284453125 0.0343281250 0.0568906250
5 0.2751054687 0.0237460937 0.0513593750 0.0474921875
5 0.3260859375 0.0225820313 0.0536445313 0.0451601562
0 0.4040468750 0.0168320312 0.0386210938 0.0336601563
0 0.4494609375 0.0123398438 0.0505195312 0.0246757813
5 0.6135976562 0.0308632812 0.0508242187 0.0561406250
5 0.7173359375 0.0187539063 0.0517539062 0.0375078125
5 0.7696992187 0.0114687500 0.0540390625 0.0229375000
2 0.1403320313 0.0935078125 0.1342187500 0.0821796875
0 0.1116484375 0.0355156250 0.0807421875 0.0708085938
5 0.2759687500 0.0829140625 0.0479882813 0.0778320312
5 0.3250039062 0.0794257812 0.0519492187 0.0733281250
5 0.4146484375 0.0609375000 0.0496093750 0.0703125000
5 0.4662109375 0.0603847656 0.0496093750 0.0701117187
5 0.5633906250 0.0345820313 0.0456250000 0.0561562500
5 0.5588828125 0.0830039062 0.0559804687 0.0475585937
5 0.6138945313 0.0794531250 0.0521875000 0.0518554687
6 0.7209804687 0.0653085937 0.0601250000 0.0637500000
6 0.7839062500 0.0479687500 0.0657031250 0.0700000000
6 0.9267070312 0.0498085938 0.1189765625 0.0637304688
2 0.1442070313 0.1654140625 0.1368828125 0.0801640625
6 0.2845703125 0.1537109375 0.0519531250 0.0730468750
6 0.3357421875 0.1521484375 0.0511718750 0.0785156250
5 0.4167968750 0.1272820312 0.0492187500 0.0726562500
5 0.4688871094 0.1307222656 0.0570312500 0.0804687500
6 0.5664062500 0.1345078125 0.0598359375 0.0651679687
6 0.7219062500 0.1202890625 0.0596445313 0.0611289062
6 0.7840664063 0.1054296875 0.0647148438 0.0653789063
6 0.7850195313 0.1636562500 0.0619062500 0.0642070312
6 0.9294570313 0.1087187500 0.1172929687 0.0675039062
6 0.2922304687 0.2244517578 0.0639921875 0.0788652344
6 0.3451171875 0.2300781250 0.0378906250 0.0523437500
5 0.4203125000 0.1943359375 0.0585937500 0.0699218750
5 0.4781250000 0.2013671875 0.0570312500 0.0621093750
6 0.5662382812 0.1935976563 0.0582617187 0.0641132812
6 0.7247187500 0.1732773437 0.0635703125 0.0577656250
1 0.7198398437 0.2330312500 0.0537460938 0.0636875000
1 0.7707695313 0.2304140625 0.0566093750 0.0686484375
6 0.9296718750 0.1695312500 0.1212851562 0.0655820313
8 0.1180664062 0.2790000000 0.0704218750 0.1456796875
8 0.2127851563 0.2746406250 0.0393671875 0.1434687500
6 0.2925781250 0.2943359375 0.0484375000 0.0730468750
6 0.3410156250 0.2906250000 0.0531250000 0.0703125000
6 0.4435546875 0.2524753906 0.1011718750 0.0652343750
6 0.5660625000 0.2535664062 0.0540859375 0.0664765625
1 0.7204140625 0.2992539063 0.0485156250 0.0687460937
1 0.9605468750 0.2419296875 0.0623437500 0.0645742187
1 0.9005937500 0.2412968750 0.0569921875 0.0653906250
1 0.3126992187 0.3492539063 0.0941953125 0.0489453125
6 0.4470703125 0.3648437500 0.0949218750 0.0617187500
6 0.4467433594 0.3106785156 0.1003906250 0.0613281250
1 0.5575000000 0.3638281250 0.0383593750 0.0545312500
1 0.5882578125 0.3066718750 0.0990742187 0.0609531250
1 0.7718164063 0.3006406250 0.0561835937 0.0742265625
1 0.8966914062 0.3057031250 0.0570507813 0.0669921875
1 0.9574726562 0.3643007812 0.0614726563 0.0621210937
1 0.9581328125 0.3024687500 0.0623828125 0.0615039063
1 0.9931600547 0.3666210670 0.0136798906 0.0574555404
1 0.1382187500 0.3808164063 0.1102070313 0.0503710938
1 0.3100625000 0.3959921875 0.0901210938 0.0452382812
1 0.4245312500 0.4278906250 0.0521875000 0.0660937500
1 0.4707031250 0.4259375000 0.0493750000 0.0669531250
1 0.5668164062 0.4187578125 0.0481132813 0.0537968750
1 0.6155950752 0.4186046512 0.0465116279 0.0588235294
1 0.7215156250 0.3687226563 0.0475468750 0.0689570312
1 0.7732578125 0.3716992188 0.0594765625 0.0737421875
1 0.9041406250 0.4293945312 0.0641406250 0.0624726562
1 0.9003203125 0.3690507813 0.0479140625 0.0615625000
1 0.9623632813 0.4247929687 0.0567070312 0.0606562500
1 0.1443750000 0.4840312500 0.1176250000 0.0486679687
1 0.1411093750 0.4349140625 0.1120976563 0.0528750000
1 0.2902851563 0.4884296875 0.0422851562 0.0601328125
1 0.3370312500 0.4842968750 0.0484375000 0.0598437500
1 0.3147304687 0.4384062500 0.0880273438 0.0435703125
1 0.4268750000 0.4910156250 0.0478906250 0.0666406250
1 0.4774281806 0.4965800274 0.0451436389 0.0642954856
1 0.5685937500 0.4730468750 0.0447656250 0.0537500000
1 0.6175625000 0.4738828125 0.0527617188 0.0536562500
1 0.7233867188 0.4367695313 0.0492265625 0.0719609375
1 0.7234179687 0.4375976563 0.0477460938 0.0749921875
1 0.7759218750 0.4393867187 0.0579765625 0.0618398437
1 0.9064921875 0.4926835937 0.0653554688 0.0634921875
1 0.9670625000 0.4853671875 0.0595234375 0.0620195313
1 0.1473984375 0.5333046875 0.1122421875 0.0488671875
1 0.2951171875 0.5459218750 0.0423828125 0.0592421875
1 0.3388281250 0.5403906250 0.0469531250 0.0560937500
1 0.4285156250 0.5621875000 0.0471093750 0.0683593750
1 0.4810937500 0.5608593750 0.0415625000 0.0642968750
1 0.6188398438 0.5290195313 0.0528945312 0.0543828125
1 0.5691484375 0.5282382812 0.0441953125 0.0540781250
1 0.7315234375 0.5090742188 0.0592460938 0.0660546875
1 0.7850195313 0.5093007813 0.0509179687 0.0628945312
1 0.9596328125 0.5527812500 0.0605664063 0.0615625000
1 0.9032343750 0.5537890625 0.0528085937 0.0573906250
1 0.1439101562 0.6007187500 0.0995468750 0.0857304688
1 0.2915078125 0.5996328125 0.0365507813 0.0521367187
1 0.3303671875 0.5957539063 0.0443320312 0.0551718750
1 0.4545312500 0.6278125000 0.0964062500 0.0630468750
1 0.6194843750 0.5803632813 0.0511054687 0.0527382812
1 0.5697148438 0.5816640625 0.0438476562 0.0522773437
1 0.7316875000 0.5693867188 0.0536054687 0.0570390625
5 0.7402343750 0.6310156250 0.0681250000 0.0317968750
1 0.7852070313 0.5713046875 0.0553437500 0.0604531250
1 0.9083867187 0.6128125000 0.0578320312 0.0624921875
1 0.9636328125 0.6108398438 0.0567460938 0.0606367188
7 0.1545585938 0.6726210938 0.1071406250 0.0504062500
7 0.2963515625 0.6990703125 0.0434335937 0.0543203125
1 0.2931250000 0.6494531250 0.0355468750 0.0511718750
1 0.3319843750 0.6473945313 0.0467539062 0.0511601562
7 0.4309140625 0.6853046875 0.0447539062 0.0551445313
7 0.4771953125 0.6862812500 0.0484140625 0.0563789062
1 0.5719375000 0.6372539063 0.0496015625 0.0585351563
1 0.5757695313 0.6974726562 0.0559453125 0.0621210938
1 0.6318359375 0.6971171875 0.0567343750 0.0618632812
1 0.6312304687 0.6375156250 0.0552578125 0.0527617188
5 0.7330273438 0.6627460938 0.0570507812 0.0308007812
5 0.7226992187 0.6944179688 0.0342656250 0.0352617187
7 0.1556132812 0.7241757813 0.1082187500 0.0468984375
7 0.2999023438 0.7495937500 0.0432890625 0.0543984375
7 0.3380585938 0.7531015625 0.0363242187 0.0485039062
7 0.3361328125 0.7003671875 0.0397382813 0.0533750000
7 0.3739218750 0.7549648438 0.0326523437 0.0544296875
7 0.4320273437 0.7426640625 0.0455078125 0.0561093750
7 0.3674843750 0.7009179688 0.0306445313 0.0529414062
7 0.4782148438 0.7441328125 0.0489804687 0.0580039062
7 0.5747695313 0.7600546875 0.0463281250 0.0661953125
7 0.6216406250 0.7597031250 0.0484609375 0.0634882812
7 0.6623984375 0.7621132812 0.0366523438 0.0601132813
5 0.7515312500 0.7660507812 0.0308945312 0.0268007812
5 0.7562656250 0.7257109375 0.0315507812 0.0221171875
5 0.7236523437 0.7569843750 0.0273320313 0.0300429687
5 0.7238750000 0.7273710937 0.0313085938 0.0324414063
5 0.7828203125 0.7625781250 0.0294609375 0.0260117187
7 0.8979218750 0.7261367188 0.0368164062 0.0362968750
7 0.8991484375 0.7622851563 0.0351289063 0.0408476562
7 0.9338437500 0.7612812500 0.0393710938 0.0420703125
7 0.9313710937 0.7207187500 0.0393242188 0.0394296875
7 0.9600000000 0.7403671875 0.0208710937 0.0369648438
7 0.9507187500 0.7037226562 0.0312539063 0.0324609375
7 0.1656250000 0.7691289062 0.1193984375 0.0471914063
7 0.1638359375 0.8156953125 0.1160468750 0.0492226562
7 0.3025312500 0.8045664062 0.0375156250 0.0604140625
7 0.3411953125 0.8096250000 0.0402031250 0.0535898437
7 0.3726523438 0.8130781250 0.0292500000 0.0539570312
7 0.4795664063 0.8035000000 0.0475273437 0.0588085938
7 0.4355078125 0.8020000000 0.0444531250 0.0593945312
7 0.5771445312 0.8205312500 0.0465234375 0.0644023438
7 0.6228320313 0.8233007813 0.0499062500 0.0654960937
7 0.6647890625 0.8236484375 0.0369257813 0.0611328125
7 0.7478476563 0.7954921875 0.0763710937 0.0351171875
7 0.7488164063 0.8279531250 0.0726210938 0.0326992187
7 0.8989570312 0.7971992187 0.0355898437 0.0316914062
7 0.9129062500 0.8266328125 0.0600000000 0.0339570312
7 0.9344531250 0.7949335937 0.0391679688 0.0317187500
7 0.1788945312 0.8754843750 0.1510429688 0.0516523438
7 0.3404531250 0.8658710938 0.0365156250 0.0519648437
7 0.3044726562 0.8616210937 0.0332148437 0.0525820313
7 0.3765156250 0.8751601562 0.0384023438 0.0561679688
7 0.4372343750 0.8596054688 0.0445078125 0.0557382813
7 0.4792304687 0.8623046875 0.0429335937 0.0581992188
7 0.5773867188 0.8839804687 0.0503671875 0.0638242187
7 0.6261171875 0.8854257813 0.0444570313 0.0667304688
7 0.6669531250 0.8899140625 0.0387812500 0.0628515625
7 0.7543125000 0.8569296875 0.0833828125 0.0385234375
3 0.7523437500 0.8916406250 0.0746875000 0.0396093750
7 0.9191484375 0.8590585938 0.0698632812 0.0395429687
7 0.9190273438 0.8906171875 0.0686406250 0.0377187500
7 0.1849218750 0.9334804688 0.1500234375 0.0604179687
7 0.3091953125 0.9315000000 0.0362851562 0.0531875000
7 0.3442539062 0.9318398438 0.0388945312 0.0534375000
7 0.4851328125 0.9228867188 0.0449375000 0.0610664062
7 0.4389765625 0.9167539062 0.0435781250 0.0613750000
7 0.6287812500 0.9483476562 0.0491171875 0.0610468750
7 0.5811484375 0.9457343750 0.0496328125 0.0613437500
3 0.7339843750 0.9579687500 0.0322656250 0.0364843750
3 0.7535937500 0.9258593750 0.0753125000 0.0414843750
3 0.7681250000 0.9614062500 0.0367968750 0.0362500000
7 0.9232031250 0.9203906250 0.0735156250 0.0290625000
7 0.9262500000 0.9459375000 0.0782812500 0.0219531250
3 0.7346875000 0.9879492187 0.0309375000 0.0241015625
3 0.7675781250 0.9886132813 0.0346093750 0.0227734374
7 0.9320312500 0.9867187500 0.0865625000 0.0263281250
