1 0.0385416667 0.0268750000 0.0764583333 0.0409375000
1 0.1733437500 0.0297890625 0.0473125000 0.0595703125
1 0.2099583333 0.0205000000 0.0427083333 0.0410000000
0 0.7518958333 0.0304628906 0.1021250000 0.0609257813
1 0.1387500000 0.0398437500 0.0531250000 0.0759375000
1 0.1027083333 0.0543750000 0.0481250000 0.0900000000
6 0.3934687500 0.0792890625 0.0908020833 0.0931484375
0 0.4865104167 0.0675390625 0.0998125000 0.1227578125
0 0.5784375000 0.0538359375 0.1020520833 0.1076640625
0 0.6623229167 0.0361484375 0.0831875000 0.0722968750
1 0.2869791667 0.1476562500 0.1218750000 0.1390625000
1 0.4183333333 0.1471875000 0.0797916667 0.0273437500
6 0.6064895833 0.1592656250 0.1192291667 0.0894218750
4 0.6985833333 0.1605546875 0.0836562500 0.1282343750
4 0.7583437500 0.1447656250 0.0939270833 0.1341718750
4 0.8284479167 0.1352109375 0.0971041667 0.1512578125
4 0.9110208333 0.1298515625 0.1050729167 0.1857734375
1 0.1526041667 0.1960937500 0.0552083333 0.0968750000
1 0.1151041667 0.2121093750 0.0572916667 0.1007812500
1 0.2026041667 0.1781250000 0.0927083333 0.1171875000
1 0.3850937500 0.2314296875 0.1142708333 0.1166640625
1 0.4918229167 0.2031640625 0.1326250000 0.1308437500
1 0.1463750000 0.2970859375 0.0910833333 0.0916640625
1 0.2114583333 0.2802578125 0.0875729167 0.1024453125
1 0.2992700730 0.2558139535 0.1131386861 0.1094391245
7 0.8782291667 0.2602187500 0.0520208333 0.0463046875
7 0.8340104167 0.2900156250 0.0627083333 0.0797421875
7 0.9479375000 0.2675546875 0.0608645833 0.0756250000
7 0.4286145833 0.3579062500 0.0905000000 0.0739765625
0 0.5188437500 0.3520156250 0.1161458333 0.1056953125
4 0.6036458333 0.3455234375 0.1003333333 0.1270625000
7 0.6794583333 0.3241562500 0.0623333333 0.0983593750
7 0.7283854167 0.3102578125 0.0603020833 0.0910937500
7 0.7786770833 0.3022265625 0.0637291667 0.0917890625
7 0.8991041667 0.3412734375 0.0626354167 0.0446640625
7 0.9536979167 0.3250937500 0.0517500000 0.0432031250
1 0.1437812500 0.4135234375 0.0446041667 0.0729375000
1 0.2120312500 0.4018125000 0.0546666667 0.0797656250
1 0.1764895833 0.4091250000 0.0535104167 0.0741093750
1 0.2894270833 0.3928593750 0.0535104167 0.0795859375
1 0.2570416667 0.3974218750 0.0520520833 0.0767812500
1 0.3629479167 0.3797500000 0.0561250000 0.0866796875
1 0.3245625000 0.3859765625 0.0523437500 0.0821640625
7 0.7979791667 0.3853437500 0.1058125000 0.0450078125
1 0.2384375000 0.4973125000 0.0569062500 0.0362500000
1 0.2890520833 0.4989218750 0.0472500000 0.0395390625
0 0.4720000000 0.4809531250 0.0609166667 0.0441015625
0 0.5139791667 0.4811875000 0.0365937500 0.0513593750
0 0.6702083333 0.4895312500 0.1039583333 0.1121875000
7 0.7841979167 0.4859375000 0.1475104167 0.1146171875
7 0.9259062500 0.4772656250 0.1481875000 0.1236171875
1 0.1943750000 0.5440625000 0.0483333333 0.0306250000
1 0.1858333333 0.5092187500 0.0577083333 0.0400000000
1 0.2562500000 0.5375000000 0.0604166667 0.0332812500
1 0.3006458333 0.5392500000 0.0456666667 0.0316562500
1 0.3590520833 0.5195312500 0.0765000000 0.0864843750
0 0.4830833333 0.5208359375 0.0420520833 0.0393359375
0 0.5191666667 0.5290625000 0.0304166667 0.0409375000
0 0.5716666667 0.5018750000 0.0887500000 0.1060937500
7 0.7867916667 0.5549453125 0.1374687500 0.0296562500
7 0.9243541667 0.5618359375 0.1503125000 0.0467578125
1 0.2040625000 0.6202890625 0.0381041667 0.0400937500
1 0.2047916667 0.5775000000 0.0558333333 0.0350000000
1 0.2610416667 0.5725000000 0.0562500000 0.0353125000
1 0.2996666667 0.6191171875 0.0419166667 0.0386953125
1 0.2518248175 0.6183310534 0.0529197080 0.0383036936
1 0.3457812500 0.6189531250 0.0606979167 0.0455546875
1 0.3079895833 0.5741328125 0.0516354167 0.0308125000
1 0.4134375000 0.6175078125 0.0707083333 0.0487031250
1 0.4823020833 0.6239531250 0.0608020833 0.0528671875
1 0.5507916667 0.6194687500 0.0726979167 0.0552343750
1 0.6244375000 0.6251953125 0.1073958333 0.0561250000
6 0.7293750000 0.6311796875 0.1084791667 0.0645859375
5 0.8243020833 0.6306953125 0.0837083333 0.0630390625
1 0.2159791667 0.6578125000 0.0422916667 0.0354140625
1 0.2618645833 0.6587968750 0.0499687500 0.0395390625
1 0.3612708333 0.6641171875 0.0552395833 0.0435703125
1 0.3070000000 0.6595546875 0.0520625000 0.0461796875
1 0.4209687500 0.6649218750 0.0667500000 0.0485234375
1 0.4870312500 0.6701171875 0.0711562500 0.0526875000
1 0.5568229167 0.6720546875 0.0718958333 0.0465234375
1 0.6322395833 0.6776015625 0.0893437500 0.0559375000
6 0.7307291667 0.6935234375 0.1096458333 0.0772500000
5 0.8295416667 0.6867890625 0.0977291667 0.0562421875
5 0.9659895833 0.6621640625 0.0680208333 0.1142343750
5 0.9035729167 0.6581328125 0.0825937500 0.1207734375
1 0.2785833333 0.7216406250 0.0407916667 0.0335546875
1 0.2349166667 0.7227343750 0.0451041667 0.0381250000
1 0.2914583333 0.7593750000 0.0437500000 0.0335937500
1 0.2483333333 0.7596875000 0.0470833333 0.0365625000
1 0.3229583333 0.7266328125 0.0453750000 0.0339921875
1 0.3318541667 0.7651171875 0.0412916667 0.0371171875
1 0.3722291667 0.7300156250 0.0578229167 0.0430468750
1 0.4296562500 0.7396640625 0.0602083333 0.0461562500
1 0.4847812500 0.7416640625 0.0573645833 0.0438984375
5 0.8404375000 0.7326640625 0.0892500000 0.0438437500
1 0.2825000000 0.8257812500 0.0460416667 0.0385937500
1 0.3781041667 0.7693125000 0.0510416667 0.0343984375
1 0.4917083333 0.7833125000 0.0538750000 0.0384140625
1 0.4355729167 0.7810546875 0.0615000000 0.0372578125
0 0.5607708333 0.7794453125 0.0996770833 0.0990546875
0 0.6333437500 0.7852890625 0.0923541667 0.1037031250
0 0.7091458333 0.7957578125 0.1079270833 0.1035312500
5 0.7955000000 0.7898671875 0.0839062500 0.0943281250
5 0.8840104167 0.7959453125 0.0930937500 0.0842109375
5 0.9624687500 0.8109531250 0.0750625000 0.1057734375
1 0.2908333333 0.8628125000 0.0500000000 0.0368750000
1 0.3275000000 0.8482812500 0.0485416667 0.0745312500
2 0.3766562500 0.8690859375 0.0786145833 0.0988828125
2 0.4585729167 0.8767578125 0.1181250000 0.1019140625
2 0.5661354167 0.8926562500 0.1385625000 0.1090937500
0 0.7590208333 0.8981640625 0.0891562500 0.0555781250
5 0.8990729167 0.8650937500 0.1030729167 0.0556484375
5 0.9783020833 0.8939375000 0.0433958333 0.0658984375
1 0.3568958333 0.9282500000 0.0860104167 0.0799921875
1 0.4367916667 0.9487500000 0.0792708333 0.0682187500
1 0.5118645833 0.9617187500 0.0910104167 0.0765625000
0 0.6722500000 0.9037656250 0.0910312500 0.0837578125
7 0.7646666667 0.9498359375 0.1040312500 0.0668671875
0 0.8656770833 0.9404218750 0.1177708333 0.0951093750
0 0.9614791667 0.9594921875 0.0770208333 0.0806015625
1 0.6028229167 0.9709531250 0.0970104167 0.0580937500
