5 0.3885694444 0.0225937500 0.0555277778 0.0451875000
5 0.4436666667 0.0204843750 0.0531388889 0.0393750000
5 0.4053472222 0.0615703125 0.0818055556 0.0398515625
7 0.3849027778 0.0914921875 0.0298750000 0.0192656250
7 0.4167916667 0.0907187500 0.0348750000 0.0178515625
3 0.4265175719 0.1663669065 0.0303514377 0.0188848921
7 0.4097638889 0.1437812500 0.0638194444 0.0128125000
7 0.4053750000 0.1290468750 0.0558333333 0.0204531250
7 0.3989305556 0.1097890625 0.0489305556 0.0209531250
7 0.4470555556 0.1267421875 0.0311250000 0.0207656250
7 0.5463055556 0.1569531250 0.0689027778 0.0311406250
1 0.4294861111 0.2238359375 0.0859722222 0.0227968750
3 0.3961661342 0.1672661871 0.0303514377 0.0197841727
3 0.4137380192 0.1861510791 0.0623003195 0.0188848921
3 0.4185303514 0.2041366906 0.0686900958 0.0179856115
7 0.5503611111 0.1904453125 0.0777500000 0.0324218750
7 0.5549444444 0.2199687500 0.0855000000 0.0270781250
2 0.3099583333 0.2344296875 0.1222777778 0.0472343750
2 0.3063055556 0.2753750000 0.1089722222 0.0404296875
1 0.4297361111 0.2691406250 0.0816111111 0.0229609375
1 0.4331111111 0.2902656250 0.0821944444 0.0192812500
1 0.4288055556 0.2473515625 0.0798333333 0.0233593750
7 0.5531944444 0.2449609375 0.0790000000 0.0266250000
7 0.5519305556 0.2706250000 0.0760277778 0.0242890625
2 0.3111111111 0.3198437500 0.0994444444 0.0525000000
2 0.3166666667 0.3587500000 0.0925000000 0.0245312500
1 0.4392916667 0.3408671875 0.0786111111 0.0426171875
1 0.4348888889 0.3095390625 0.0799305556 0.0193828125
7 0.3094444444 0.3889062500 0.0683333333 0.0368750000
7 0.3219444444 0.4175000000 0.0800000000 0.0262500000
1 0.4254027778 0.4296015625 0.0370694444 0.0161250000
1 0.4395000000 0.3829140625 0.0807638889 0.0417421875
1 0.4677361111 0.4296640625 0.0466666667 0.0171171875
1 0.4419861111 0.4128906250 0.0780694444 0.0184375000
8 0.2055000000 0.4890000000 0.0751944444 0.0552343750
8 0.3429027778 0.4888281250 0.0907500000 0.0471093750
7 0.3244444444 0.4415625000 0.0791666667 0.0226562500
1 0.4292222222 0.4778984375 0.0423750000 0.0225156250
1 0.4275972222 0.4543984375 0.0410277778 0.0245937500
1 0.4706944444 0.4547187500 0.0435416667 0.0250234375
1 0.4704305556 0.4779453125 0.0437777778 0.0216250000
8 0.2156111111 0.5411015625 0.0566111111 0.0461406250
8 0.2608611111 0.5408984375 0.0425833333 0.0379453125
8 0.3451111111 0.5386875000 0.0895972222 0.0564531250
1 0.4296111111 0.5260625000 0.0428750000 0.0222890625
1 0.4294722222 0.5009140625 0.0441250000 0.0249921875
1 0.4552638889 0.5634453125 0.0747222222 0.0218515625
1 0.4524027778 0.5445000000 0.0773611111 0.0181640625
1 0.4693194444 0.5257500000 0.0410694444 0.0209218750
1 0.4714027778 0.5006796875 0.0440138889 0.0226406250
8 0.2321250000 0.6203359375 0.0652638889 0.0400781250
8 0.2284305556 0.5817031250 0.0682638889 0.0393750000
8 0.2809166667 0.6175390625 0.0530138889 0.0387265625
8 0.3506666667 0.5870703125 0.0890555556 0.0423671875
8 0.3553611111 0.6271093750 0.0836944444 0.0416953125
1 0.4561111111 0.5820234375 0.0743611111 0.0209218750
1 0.4593333333 0.6212812500 0.0728750000 0.0202656250
1 0.4575555556 0.6033046875 0.0740555556 0.0185468750
1 0.4739722222 0.6643750000 0.0239583333 0.0237343750
1 0.4438888889 0.6607812500 0.0341666667 0.0212500000
1 0.4456944444 0.6834609375 0.0319166667 0.0234218750
1 0.4629027778 0.6413359375 0.0740416667 0.0224843750
1 0.4718472222 0.7279453125 0.0730277778 0.0162890625
1 0.4688194444 0.7130468750 0.0746805556 0.0132500000
1 0.4787083333 0.7579453125 0.0822500000 0.0206562500
1 0.4710833333 0.7406718750 0.0726250000 0.0174296875
1 0.4692222222 0.7007812500 0.0741250000 0.0130859375
1 0.4794027778 0.7738515625 0.0853750000 0.0183437500
1 0.4804444444 0.7902187500 0.0860416667 0.0225156250
8 0.9224166667 0.8569375000 0.1092361111 0.0965703125
