0 0.1896953125 0.0559583333 0.1448281250 0.1119166666
0 0.1892734375 0.1621041667 0.1380468750 0.1148020833
7 0.3421875000 0.1518750000 0.1357812500 0.0939583333
1 0.5099687500 0.1207291667 0.0683203125 0.0387604167
1 0.5821875000 0.1552083333 0.0551562500 0.0914583333
1 0.7389062500 0.1589583333 0.1104687500 0.1127083333
1 0.5103984375 0.1799479167 0.0665703125 0.0900104167
0 0.1807656250 0.2703854167 0.1514062500 0.1134791667
7 0.3414062500 0.2393750000 0.1368750000 0.0833333333
1 0.5832812500 0.2512500000 0.0590625000 0.0862500000
1 0.7414062500 0.2593750000 0.1179687500 0.0987500000
7 0.9529765625 0.2799479167 0.0768984375 0.0927812500
7 0.3305234375 0.3489687500 0.0634062500 0.1129166667
7 0.3867812500 0.3580729167 0.0532812500 0.1084895833
6 0.4996875000 0.3225000000 0.0906250000 0.2025000000
1 0.5806250000 0.3454166667 0.0493750000 0.0902083333
1 0.7389062500 0.3589583333 0.1148437500 0.0985416667
0 0.1825468750 0.3739583333 0.1515000000 0.0989583333
7 0.8688203125 0.3919583333 0.0471796875 0.0711875000
7 0.9242265625 0.4136250000 0.0773984375 0.0772708333
0 0.1884375000 0.4722916667 0.1393750000 0.0904166667
7 0.3257265625 0.4670208333 0.0701093750 0.1196354167
7 0.3856718750 0.4677604167 0.0554609375 0.1077291667
1 0.5776562500 0.4360416667 0.0506250000 0.0852083333
1 0.7387500000 0.4595833333 0.1089062500 0.0958333333
7 0.1818750000 0.5662500000 0.1490625000 0.1064583333
6 0.4987578125 0.5205208333 0.0908437500 0.1942291667
1 0.5781484375 0.5191250000 0.0522031250 0.0818854167
1 0.7459375000 0.5550000000 0.1079687500 0.0947916667
7 0.9420312500 0.5424270833 0.1143750000 0.1927916667
7 0.3154921875 0.5962083333 0.0636484375 0.1343125000
7 0.3797656250 0.5964895833 0.0573203125 0.1360000000
1 0.5772968750 0.6048750000 0.0539062500 0.0832500000
7 0.1996875000 0.6722916667 0.1156250000 0.1133333333
1 0.5795156250 0.6906250000 0.0569765625 0.0837083333
1 0.7373437500 0.6429166667 0.1123437500 0.0822916667
7 0.3448046875 0.7215208333 0.1357031250 0.1265104167
6 0.5001562500 0.7241666667 0.0925000000 0.2062500000
1 0.7362500000 0.7287500000 0.1042187500 0.0904166667
3 0.1867187500 0.7831250000 0.0468750000 0.1345833333
3 0.2329687500 0.7772916667 0.0460937500 0.1300000000
1 0.3773203125 0.8312604167 0.0649140625 0.1212708333
1 0.6125625000 0.8007500000 0.1180078125 0.0976979167
1 0.3074765625 0.8451979167 0.0760312500 0.1206562500
6 0.4779687500 0.8672916667 0.1250000000 0.1008333333
7 0.1885937500 0.9154166667 0.0445312500 0.1427083333
7 0.2337500000 0.9091666667 0.0453125000 0.1410416667
