7 0.9144375000 0.1608541667 0.0608281250 0.0908229167
7 0.9809296875 0.1410625000 0.0381406250 0.0999479167
0 0.2419921875 0.2096979167 0.1036953125 0.0883125000
7 0.9789511719 0.2268958333 0.0420976562 0.0910312500
0 0.2440234375 0.2993854167 0.1057656250 0.0926145833
7 0.3593828125 0.2773645833 0.1042109375 0.0742291667
1 0.4879531250 0.2964062500 0.0544843750 0.0679895833
1 0.4854687500 0.2475000000 0.0585937500 0.0304166667
1 0.5444843750 0.2731770833 0.0465078125 0.0730520833
1 0.6718125000 0.2615416667 0.0928828125 0.0798333333
7 0.9085703125 0.2410104167 0.0515468750 0.0894479167
7 0.3594453125 0.3536666667 0.1034843750 0.0666458333
1 0.5586250000 0.3478958333 0.0227656250 0.0713854167
1 0.6762734375 0.3506979167 0.0996953125 0.0810104167
7 0.8473750000 0.3536041667 0.0437656250 0.0679375000
7 0.9768906250 0.3036666667 0.0429687500 0.0755000000
0 0.2395390625 0.3831666667 0.1152031250 0.0850625000
6 0.4817812500 0.4068437500 0.0762343750 0.1556770833
1 0.6752031250 0.4314583333 0.0956171875 0.0827395833
7 0.9341484375 0.4289166667 0.1181718750 0.1664375000
0 0.2415937500 0.4631250000 0.1155703125 0.0749687500
7 0.3518515625 0.4348750000 0.0487187500 0.0889479167
7 0.3949296875 0.4377395833 0.0411093750 0.0869479167
1 0.5448281250 0.4891562500 0.0422968750 0.0652291667
7 0.8314062500 0.4674687500 0.0532187500 0.0568229167
0 0.2470000000 0.5339687500 0.1052343750 0.0677500000
7 0.3503046875 0.5238437500 0.0446406250 0.0748437500
7 0.3934687500 0.5227708333 0.0363515625 0.0769791667
6 0.4845625000 0.5617812500 0.0777656250 0.1526458333
1 0.5474218750 0.5556979167 0.0455000000 0.0669479167
1 0.6714062500 0.5127916667 0.0864765625 0.0764895833
0 0.2424531250 0.6067187500 0.1127890625 0.0807916667
7 0.3422734375 0.6214687500 0.0517656250 0.1067604167
7 0.3918046875 0.6198437500 0.0497500000 0.1088229167
1 0.5500078125 0.6230208333 0.0479531250 0.0684895833
1 0.6862656250 0.5882291667 0.0914765625 0.0767708333
7 0.8512968750 0.5676250000 0.1040312500 0.1518958333
7 0.2553906250 0.6856041667 0.0869062500 0.0811666667
1 0.5523437500 0.6927083333 0.0470312500 0.0681250000
1 0.6781953125 0.6570312500 0.0949609375 0.0698750000
3 0.2828125000 0.7643854167 0.0321406250 0.0969583333
7 0.3657812500 0.7213437500 0.1008203125 0.0913541667
6 0.4879765625 0.7194895833 0.0783906250 0.1612291667
1 0.6826328125 0.7429895833 0.0897890625 0.0708854167
3 0.2481640625 0.7704791667 0.0323359375 0.0969479167
1 0.3370312500 0.8210416667 0.0525000000 0.0881250000
1 0.3940625000 0.8083333333 0.0493750000 0.0893750000
1 0.5825000000 0.7827083333 0.0959375000 0.0806250000
7 0.2856171875 0.8677708333 0.0312734375 0.1033541667
7 0.2520703125 0.8715208333 0.0294062500 0.1051354167
6 0.4745781250 0.8354687500 0.1033750000 0.0793020833
