1 0.2870625000 0.2991875000 0.0561562500 0.0933593750
1 0.3413854167 0.3023750000 0.0592083333 0.0943281250
1 0.3908854167 0.3010468750 0.0554270833 0.0932734375
1 0.4416458333 0.3046328125 0.0565312500 0.0932265625
1 0.4912291667 0.3075546875 0.0620833333 0.0924843750
1 0.5420625000 0.3098828125 0.0614895833 0.0926406250
1 0.3093750000 0.4319921875 0.0506875000 0.0799843750
1 0.3898854167 0.4331796875 0.1135104167 0.0807734375
3 0.3268020833 0.6753125000 0.0390729167 0.0550390625
2 0.3016250000 0.7172968750 0.0629791667 0.0286250000
1 0.3175000000 0.2115625000 0.0952083333 0.0857812500
1 0.4268750000 0.2120312500 0.1185416667 0.0984375000
1 0.6464583333 0.3135937500 0.0622916667 0.0881250000
1 0.5962500000 0.3112500000 0.0600000000 0.0900000000
2 0.4885416667 0.7868750000 0.0841666667 0.1121875000
2 0.3897916667 0.8045312500 0.1145833333 0.0792187500
2 0.3018750000 0.8048437500 0.0633333333 0.0795312500
8 0.5710416667 0.8170312500 0.1008333333 0.0493750000
8 0.5812500000 0.7689062500 0.0995833333 0.0490625000
1 0.6218750000 0.6456250000 0.0570833333 0.1018750000
1 0.5664583333 0.6621875000 0.0620833333 0.0740625000
1 0.5097916667 0.6620312500 0.0629166667 0.0737500000
1 0.4468750000 0.6615625000 0.0662500000 0.0760937500
3 0.2891666667 0.6781250000 0.0362500000 0.0503125000
3 0.3200000000 0.6354687500 0.0420833333 0.0257812500
1 0.3779166667 0.6625000000 0.0677083333 0.0768750000
1 0.4925000000 0.5225000000 0.0697916667 0.0431250000
1 0.4212500000 0.5193750000 0.0754166667 0.0443750000
1 0.5591666667 0.5223437500 0.0629166667 0.0425000000
1 0.3458333333 0.5160937500 0.0672916667 0.0460937500
3 0.2850000000 0.5731250000 0.0395833333 0.0273437500
1 0.3402083333 0.5646875000 0.0725000000 0.0453125000
1 0.4147916667 0.5642187500 0.0772916667 0.0457812500
1 0.4906250000 0.5654687500 0.0706250000 0.0431250000
1 0.5585416667 0.5657812500 0.0595833333 0.0440625000
1 0.6204166667 0.5676562500 0.0622916667 0.0393750000
1 0.6229166667 0.5248437500 0.0672916667 0.0475000000
1 0.5025000000 0.4335937500 0.1104166667 0.0815625000
1 0.6120833333 0.4232812500 0.1116666667 0.0996875000
