0 0.9600781250 0.2306757812 0.0609804688 0.0306640625
7 0.1521093750 0.2743750000 0.0367968750 0.0338281250
7 0.2246914063 0.2971054687 0.0497539063 0.0896796875
7 0.1850195313 0.2993593750 0.0474843750 0.0874453125
7 0.2636171875 0.2995625000 0.0550390625 0.0834921875
1 0.3419972640 0.2954856361 0.0396716826 0.0902872777
1 0.3048867187 0.2957500000 0.0430351562 0.0912968750
1 0.3951523437 0.2789765625 0.0778593750 0.0676992188
1 0.4505507813 0.2755000000 0.0462773437 0.0719335938
1 0.4893750000 0.2770078125 0.0403085938 0.0722851562
1 0.5280468750 0.2759960938 0.0406250000 0.0634414062
1 0.6182460937 0.2731328125 0.0464570313 0.0714804687
1 0.5723437500 0.2750312500 0.0454453125 0.0701093750
0 0.6684375000 0.2690625000 0.0549218750 0.0710937500
0 0.7238125000 0.2669257812 0.0552500000 0.0753164063
0 0.7789882812 0.2437734375 0.0560742188 0.0334218750
0 0.7801914062 0.2838984375 0.0538398438 0.0492265625
0 0.8968476562 0.2687421875 0.0644453125 0.0445507812
0 0.8958164063 0.2341406250 0.0641953125 0.0261953125
0 0.8363593750 0.2838789063 0.0571328125 0.0514648438
0 0.8348320312 0.2415781250 0.0536562500 0.0396562500
0 0.9623281250 0.2672031250 0.0643984375 0.0440585937
7 0.1482148437 0.3064140625 0.0299804688 0.0372890625
7 0.1515781250 0.3384960938 0.0241718750 0.0325039063
7 0.1381668947 0.3994528044 0.0410396717 0.0519835841
7 0.1960156250 0.4202187500 0.0388359375 0.0353007812
7 0.2015937500 0.3886367188 0.0350000000 0.0297304687
7 0.1736210937 0.3898867187 0.0306406250 0.0376562500
1 0.2406367188 0.4113437500 0.0542187500 0.0742890625
1 0.2824960938 0.4084414062 0.0573515625 0.0698867188
1 0.3276835938 0.4122890625 0.0559531250 0.0690781250
1 0.3740937500 0.4114375000 0.0531054687 0.0813398437
1 0.4225000000 0.4083593750 0.0489062500 0.0735078125
1 0.4663320313 0.4064921875 0.0488906250 0.0780312500
1 0.5116279070 0.4076607387 0.0492476060 0.0766073871
1 0.5613828125 0.4061445313 0.0528398438 0.0803242187
0 0.6114062500 0.4010117187 0.0523554687 0.0268242188
0 0.6670273438 0.3887578125 0.0595312500 0.0266601562
0 0.6664570312 0.4272421875 0.0623046875 0.0502109375
0 0.7318476563 0.4116289063 0.0687656250 0.0768554688
0 0.7978046875 0.4058242188 0.0669375000 0.0665781250
0 0.8555585937 0.3840585938 0.0632265625 0.0289882812
0 0.9037226563 0.4090781250 0.0671953125 0.0755078125
0 0.9745849609 0.4181992187 0.0508300781 0.0505390625
0 0.9719570312 0.3802226562 0.0560820312 0.0248242188
7 0.1376601562 0.4511914063 0.0437968750 0.0509882812
7 0.1805820312 0.4514453125 0.0402539063 0.0271562500
7 0.0963671875 0.5318085938 0.0419921875 0.0734648438
4 0.1562656250 0.5465312500 0.0376757812 0.0966171875
4 0.1291601562 0.5313437500 0.0434726563 0.0703437500
1 0.2272617188 0.5153984375 0.0509570313 0.0360390625
7 0.1840781250 0.5317070312 0.0325664062 0.0709140625
1 0.2209335937 0.5535351563 0.0501210938 0.0390898438
1 0.2706093750 0.5535898438 0.0472343750 0.0392148437
1 0.2768789063 0.5209140625 0.0473007812 0.0301289062
1 0.3644687500 0.5644218750 0.0468359375 0.0478437500
1 0.3187539062 0.5551953125 0.0500976562 0.0375312500
1 0.3240195313 0.5204960938 0.0480351563 0.0326367187
1 0.3692500000 0.5212148438 0.0413554687 0.0384804687
1 0.4172366621 0.5266757866 0.0533515732 0.0451436389
1 0.4706796875 0.5279765625 0.0542929688 0.0403789062
1 0.5225664063 0.5233242188 0.0489492187 0.0378437500
1 0.5198476562 0.5658593750 0.0505781250 0.0478320313
1 0.5738085938 0.5262812500 0.0522539063 0.0410078125
0 0.6243007812 0.5501445312 0.0546132812 0.0887343750
0 0.6806640625 0.5258828125 0.0573125000 0.0401523437
0 0.7422851563 0.5473710937 0.0649531250 0.0816015625
0 0.8038671875 0.5497343750 0.0655507812 0.0823671875
0 0.8696875000 0.5273437500 0.0718750000 0.0437500000
0 0.9373046875 0.5600742187 0.0737187500 0.0849921875
0 0.9832031250 0.5311718750 0.0335937500 0.0445312500
1 0.2664453125 0.5910703125 0.0538046875 0.0412929687
1 0.3160937500 0.5933085938 0.0522226563 0.0400273437
1 0.4140937500 0.5714140625 0.0543945313 0.0479296875
1 0.4679101562 0.5705000000 0.0527031250 0.0446250000
1 0.5706953125 0.5710585938 0.0522304688 0.0484140625
0 0.6822343750 0.5738242188 0.0578398437 0.0540625000
0 0.7405664063 0.6104765625 0.0558828125 0.0421250000
0 0.8698476562 0.5755898437 0.0698906250 0.0540078125
0 0.9353593750 0.6271445312 0.0649648438 0.0526914063
0 0.9836210938 0.6280000000 0.0327539063 0.0505039063
0 0.9852148438 0.5774218750 0.0295703124 0.0506250000
7 0.0959257813 0.6530625000 0.0313125000 0.0708007812
4 0.1445078125 0.6586250000 0.0356992188 0.0732226563
4 0.1203906250 0.6555976563 0.0321367187 0.0737890625
4 0.2050820313 0.6647851563 0.0370429688 0.0746640625
4 0.1732890625 0.6618945313 0.0347500000 0.0716328125
4 0.2367031250 0.6754570313 0.0408320312 0.0808867187
4 0.2728476562 0.6794179688 0.0436250000 0.0835625000
1 0.3488085938 0.6862617188 0.0389531250 0.0695546875
4 0.3131132812 0.6830898438 0.0457460938 0.0812890625
1 0.4173593750 0.6905781250 0.0371953125 0.0698710938
1 0.3849023437 0.6872851563 0.0328242188 0.0669140625
1 0.4866054687 0.6909101562 0.0376171875 0.0827656250
1 0.4540351563 0.6880117188 0.0367695313 0.0814843750
1 0.5610937500 0.6964062500 0.0377343750 0.0843750000
1 0.5227343750 0.6947656250 0.0396875000 0.0813281250
7 0.0974062500 0.7478515625 0.0272773438 0.0472500000
7 0.0758789063 0.7505820313 0.0266367188 0.0532382812
7 0.0597148437 0.7410820313 0.0155703125 0.0419570313
7 0.1409028728 0.7633378933 0.0287277702 0.0588235294
7 0.1612460938 0.7609140625 0.0249335937 0.0592539062
7 0.1195742188 0.7466757813 0.0265273437 0.0422226562
7 0.1844687500 0.7642617188 0.0282656250 0.0594453125
7 0.2067656250 0.7639257812 0.0274335938 0.0526210938
7 0.3267343750 0.7650585937 0.0293554687 0.0258750000
1 0.5978906250 0.7007031250 0.0382031250 0.0810937500
7 0.6402188782 0.7099863201 0.0465116279 0.0861833105
7 0.7071054688 0.7151523437 0.0900156250 0.0911679687
7 0.7876679687 0.7148984375 0.0775664063 0.0863359375
7 0.8834218750 0.7321367187 0.0967265625 0.0929648438
7 0.9650976562 0.7376523437 0.0698007812 0.0853515625
7 0.0981484375 0.7947539063 0.0290468750 0.0541835937
7 0.1171210938 0.7879492188 0.0319609375 0.0482343750
7 0.2276054688 0.7739921875 0.0283164063 0.0730117188
7 0.2763984375 0.7732421875 0.0276757812 0.0579687500
7 0.2518710937 0.7757773438 0.0273867188 0.0616523437
7 0.2830664063 0.8206250000 0.0222070313 0.0474335938
1 0.3569531250 0.7870507813 0.0271757812 0.0637343750
7 0.3005429688 0.8184882813 0.0262656250 0.0539726562
7 0.3259023437 0.7911757812 0.0267265625 0.0313515625
7 0.3015703125 0.7722382812 0.0253945312 0.0458242187
7 0.3263945312 0.8186718750 0.0310234375 0.0252695312
1 0.4101171875 0.8123750000 0.0874062500 0.0793242188
1 0.4941171875 0.8211796875 0.0905742188 0.0771679688
7 0.2481523438 0.8373632813 0.0257578125 0.0623203125
1 0.5837500000 0.8463281250 0.0920312500 0.1214062500
7 0.6595703125 0.8492773437 0.0443554687 0.0795585938
7 0.7079531250 0.8580312500 0.0488046875 0.0841640625
7 0.7773203125 0.8674296875 0.0948789063 0.1035625000
7 0.8721875000 0.8754335937 0.0973164062 0.0995156250
7 0.9583554687 0.8854843750 0.0832890625 0.0924296875
