8 0.5697916667 0.0196875000 0.0966666667 0.0389062500
8 0.4841666667 0.0360937500 0.1239583333 0.0648437500
1 0.6206041667 0.0862812500 0.0597187500 0.1222187500
1 0.4385625000 0.1509296875 0.1082500000 0.1503125000
1 0.5421250000 0.1087734375 0.0720104167 0.1493359375
4 0.1836145833 0.2283750000 0.0342291667 0.0838593750
4 0.2232604167 0.2153828125 0.0473750000 0.0832890625
4 0.2592916667 0.2054843750 0.0298854167 0.0891328125
4 0.3000625000 0.1943750000 0.0425937500 0.1135859375
4 0.3526666667 0.1701015625 0.0731145833 0.1174843750
4 0.1539270833 0.2371796875 0.0305625000 0.0811562500
1 0.5456250000 0.2820703125 0.0927916667 0.1517421875
1 0.6448229167 0.2632656250 0.1120625000 0.1658671875
7 0.2147708333 0.3550859375 0.0384687500 0.0229687500
7 0.2395729167 0.3311328125 0.0191666667 0.0492031250
1 0.2968229167 0.3439921875 0.0432604167 0.1073906250
1 0.3345833333 0.3330234375 0.0431666667 0.1148125000
1 0.3941770833 0.3233984375 0.0725312500 0.1319843750
1 0.4642187500 0.3060312500 0.0817708333 0.1336093750
7 0.1873750000 0.3721718750 0.0277187500 0.0453437500
1 0.2558020833 0.4310781250 0.0598437500 0.0547109375
7 0.2432708333 0.3720234375 0.0115000000 0.0313750000
1 0.3222187500 0.4225703125 0.0741250000 0.0560234375
1 0.3878541667 0.4181718750 0.0623020833 0.0550703125
1 0.4547708333 0.4090937500 0.0707395833 0.0590156250
1 0.5283437500 0.3957578125 0.0800729167 0.0647421875
1 0.6281145833 0.4176796875 0.1191145833 0.1309609375
1 0.1610416667 0.4460937500 0.0385416667 0.0454687500
1 0.1587500000 0.4939062500 0.0427083333 0.0500000000
1 0.2056250000 0.4407812500 0.0408333333 0.0450000000
1 0.2014583333 0.4885937500 0.0404166667 0.0537500000
1 0.2581250000 0.4862500000 0.0495833333 0.0579687500
1 0.3202812500 0.4770625000 0.0703958333 0.0644765625
1 0.3855520833 0.4725156250 0.0679166667 0.0618437500
1 0.4544895833 0.4661015625 0.0691250000 0.0633515625
1 0.5273750000 0.4588515625 0.0762291667 0.0606484375
1 0.1843333333 0.5664453125 0.0378020833 0.0889296875
1 0.2864791667 0.5644921875 0.0450625000 0.0975312500
1 0.2501666667 0.5654843750 0.0368854167 0.0936093750
1 0.3300937500 0.5616562500 0.0396354167 0.0976484375
1 0.3729375000 0.5602578125 0.0481041667 0.1042578125
1 0.4336250000 0.5582656250 0.0537291667 0.1049062500
1 0.4902916667 0.5555234375 0.0647916667 0.1012187500
1 0.5524583333 0.5572812500 0.0579270833 0.1143203125
1 0.6166041667 0.5555781250 0.0641354167 0.1196562500
1 0.6784687500 0.5535937500 0.0697812500 0.1211015625
1 0.1497604167 0.5689062500 0.0342291667 0.0839687500
1 0.2175312500 0.5668671875 0.0361562500 0.0911171875
7 0.1374270833 0.6755468750 0.0753958333 0.0867500000
7 0.2293333333 0.6760312500 0.0535833333 0.0885546875
1 0.2924895833 0.6777656250 0.0718020833 0.0859140625
1 0.3844791667 0.6952734375 0.1120937500 0.1152890625
1 0.4987916667 0.7055703125 0.1321354167 0.1309453125
1 0.6390625000 0.7137187500 0.1500729167 0.1385312500
7 0.1294270833 0.7842968750 0.0692083333 0.1002343750
0 0.2465625000 0.8133437500 0.0643541667 0.1195312500
0 0.1203437500 0.8795937500 0.0493645833 0.0660625000
0 0.3387083333 0.8347343750 0.0878958333 0.1267109375
0 0.4371354167 0.8578828125 0.1273958333 0.1475859375
0 0.5688437500 0.8766093750 0.0969895833 0.1443750000
0 0.6703437500 0.8934062500 0.1148333333 0.1678671875
0 0.1160416667 0.9347734375 0.0474375000 0.0556875000
0 0.1629270833 0.9529453125 0.0588125000 0.0580781250
0 0.1710312500 0.9013203125 0.0555520833 0.0636953125
0 0.2825520833 0.9478437500 0.0664791667 0.1043046875
0 0.3448750000 0.9544375000 0.0622916667 0.0911250000
0 0.4139895833 0.9656308594 0.0747395833 0.0687382812
0 0.4861145833 0.9714921875 0.0678020833 0.0570156250
