1 0.2419444444 0.1575546875 0.2357638889 0.1497890625
1 0.8350000000 0.1046875000 0.1888888889 0.0523437500
1 0.4550416667 0.1791484375 0.1914861111 0.1156328125
1 0.5958333333 0.1832812500 0.0872222222 0.1134375000
1 0.6766666667 0.1820312500 0.0816666667 0.1059375000
1 0.7527777778 0.1853125000 0.0844444444 0.1076562500
1 0.8294444444 0.1854687500 0.0863888889 0.1075000000
1 0.1951944444 0.3640937500 0.1210555556 0.0610546875
1 0.3106111111 0.3648125000 0.1166388889 0.0643359375
1 0.5388194444 0.3634921875 0.1240277778 0.0528984375
1 0.2040555556 0.4212890625 0.1195138889 0.0566796875
1 0.3163472222 0.4226484375 0.1150972222 0.0547500000
1 0.4245000000 0.4251328125 0.1026250000 0.0513125000
1 0.4231111111 0.3673671875 0.1095972222 0.0606953125
1 0.5362916667 0.4178515625 0.1242916667 0.0583593750
1 0.6564583333 0.4199062500 0.1212500000 0.0554453125
1 0.3955555556 0.5609375000 0.0911111111 0.1314062500
1 0.4839305556 0.5591406250 0.0831250000 0.1290312500
1 0.5907777778 0.5525078125 0.1108472222 0.0466406250
1 0.7111527778 0.5521015625 0.1074027778 0.0499218750
1 0.2150000000 0.5731250000 0.0944444444 0.1065625000
1 0.3100000000 0.5710937500 0.0891666667 0.1089062500
1 0.5897222222 0.5979687500 0.1111111111 0.0428125000
1 0.7080555556 0.5992187500 0.1008333333 0.0403125000
1 0.8094861111 0.5670546875 0.1015277778 0.0957265625
2 0.4311666667 0.8403437500 0.1083333333 0.1057578125
2 0.4904722222 0.8633593750 0.1045138889 0.1151484375
2 0.5943888889 0.8503046875 0.1280000000 0.1337187500
1 0.3116666667 0.3028125000 0.1125000000 0.0645312500
1 0.1869444444 0.3015625000 0.1211111111 0.0650000000
1 0.4308333333 0.3056250000 0.1133333333 0.0671875000
1 0.5422222222 0.3056250000 0.1205555556 0.0684375000
1 0.6627777778 0.3639062500 0.1272222222 0.0573437500
1 0.6627777778 0.3057812500 0.1211111111 0.0610937500
1 0.7936111111 0.3010937500 0.1372222222 0.0601562500
1 0.7900000000 0.3878125000 0.1438888889 0.1114062500
1 0.5938888889 0.5017187500 0.1063888889 0.0512500000
1 0.7080555556 0.4975000000 0.1050000000 0.0515625000
