7 0.1410625000 0.0190703125 0.0999479167 0.0381406250
7 0.2268958333 0.0210488281 0.0910312500 0.0420976563
7 0.3036666667 0.0231093750 0.0755000000 0.0429687500
7 0.1608541667 0.0855625000 0.0908229167 0.0608281250
7 0.2410104167 0.0914296875 0.0894479167 0.0515468750
7 0.4289166667 0.0658515625 0.1664375000 0.1181718750
7 0.3536041667 0.1526250000 0.0679375000 0.0437656250
7 0.5676250000 0.1487031250 0.1518958333 0.1040312500
7 0.4674687500 0.1685937500 0.0568229167 0.0532187500
1 0.2615416667 0.3281875000 0.0798333333 0.0928828125
1 0.3506979167 0.3237265625 0.0810104167 0.0996953125
1 0.4314583333 0.3247968750 0.0827395833 0.0956171875
1 0.5127916667 0.3285937500 0.0764895833 0.0864765625
1 0.5882291667 0.3137343750 0.0767708333 0.0914765625
1 0.6570312500 0.3218046875 0.0698750000 0.0949609375
1 0.7429895833 0.3173671875 0.0708854167 0.0897890625
1 0.7827083333 0.4175000000 0.0806250000 0.0959375000
1 0.2731770833 0.4555156250 0.0730520833 0.0465078125
1 0.3478958333 0.4413750000 0.0713854167 0.0227656250
1 0.4891562500 0.4551718750 0.0652291667 0.0422968750
1 0.5556979167 0.4525781250 0.0669479167 0.0455000000
1 0.6230208333 0.4499921875 0.0684895833 0.0479531250
1 0.6927083333 0.4476562500 0.0681250000 0.0470312500
1 0.2964062500 0.5120468750 0.0679895833 0.0544843750
1 0.2475000000 0.5145312500 0.0304166667 0.0585937500
6 0.4068437500 0.5182187500 0.1556770833 0.0762343750
6 0.5617812500 0.5154375000 0.1526458333 0.0777656250
6 0.7194895833 0.5120234375 0.1612291667 0.0783906250
6 0.8354687500 0.5254218750 0.0793020833 0.1033750000
7 0.4377395833 0.6050703125 0.0869479167 0.0411093750
7 0.5227708333 0.6065312500 0.0769791667 0.0363515625
7 0.6198437500 0.6081953125 0.1088229167 0.0497500000
1 0.8083333333 0.6059375000 0.0893750000 0.0493750000
7 0.2773645833 0.6406171875 0.0742291667 0.1042109375
7 0.3536666667 0.6405546875 0.0666458333 0.1034843750
7 0.4348750000 0.6481484375 0.0889479167 0.0487187500
7 0.5238437500 0.6496953125 0.0748437500 0.0446406250
7 0.6214687500 0.6577265625 0.1067604167 0.0517656250
7 0.7213437500 0.6342187500 0.0913541667 0.1008203125
1 0.8210416667 0.6629687500 0.0881250000 0.0525000000
0 0.2096979167 0.7580078125 0.0883125000 0.1036953125
0 0.2993854167 0.7559765625 0.0926145833 0.1057656250
0 0.3831666667 0.7604609375 0.0850625000 0.1152031250
0 0.4631250000 0.7584062500 0.0749687500 0.1155703125
0 0.5339687500 0.7530000000 0.0677500000 0.1052343750
0 0.6067187500 0.7575468750 0.0807916667 0.1127890625
7 0.6856041667 0.7446093750 0.0811666667 0.0869062500
3 0.7643854167 0.7171875000 0.0969583333 0.0321406250
3 0.7704791667 0.7518359375 0.0969479167 0.0323359375
7 0.8677708333 0.7143828125 0.1033541667 0.0312734375
7 0.8715208333 0.7479296875 0.1051354167 0.0294062500
