5 0.0718645833 0.0105937500 0.0916354167 0.0211796875
5 0.1492291667 0.0117656250 0.0653750000 0.0235234375
5 0.2891666667 0.0118906250 0.0802812500 0.0237812500
0 0.5193750000 0.0226562500 0.0714583333 0.0318750000
0 0.6663854167 0.0243125000 0.0555312500 0.0400234375
0 0.7292812500 0.0322656250 0.0653229167 0.0645234375
5 0.0164895833 0.0724296875 0.0329791667 0.0971406250
5 0.0705625000 0.0389375000 0.0804583333 0.0370078125
5 0.0729687500 0.0824921875 0.0866041667 0.0621171875
5 0.1419166667 0.0752343750 0.0699583333 0.0944453125
5 0.2931770833 0.0834843750 0.0812291667 0.1142890625
0 0.4488333333 0.0629687500 0.0762708333 0.1177578125
0 0.6016145833 0.0673046875 0.0764062500 0.0676250000
0 0.6590312500 0.0862656250 0.0745729167 0.0814453125
5 0.2994895833 0.1504609375 0.0600625000 0.0193046875
3 0.4233576642 0.1395348837 0.0784671533 0.0300957592
7 0.5064270833 0.1462734375 0.0912083333 0.0236015625
7 0.5955833333 0.1581250000 0.0890625000 0.0254687500
7 0.6877187500 0.1467187500 0.0981770833 0.0399140625
5 0.0117083333 0.1868750000 0.0234062500 0.1054765625
5 0.0603958333 0.1906640625 0.0737604167 0.1003828125
5 0.1347916667 0.1915078125 0.0851770833 0.0960078125
5 0.2210000000 0.1926562500 0.0893958333 0.1004062500
5 0.2978958333 0.2102265625 0.0746562500 0.1030625000
7 0.5095104167 0.1732500000 0.0915520833 0.0262421875
7 0.6020000000 0.1816562500 0.0793437500 0.0308437500
7 0.6839166667 0.1866484375 0.0791770833 0.0331796875
5 0.0473541667 0.2763906250 0.0947083333 0.0527656250
5 0.1357812500 0.2942031250 0.0893229167 0.1047734375
5 0.2289895833 0.2775937500 0.0917708333 0.0578984375
5 0.3015000000 0.2861953125 0.0582604167 0.0485546875
1 0.6941666667 0.2820312500 0.0825000000 0.1118750000
5 0.0467708333 0.3290156250 0.0935416666 0.0539140625
5 0.2413854167 0.3500156250 0.0698958333 0.0267265625
5 0.2413958333 0.3264062500 0.0654895833 0.0217343750
5 0.3071354167 0.3437812500 0.0588645833 0.0608203125
5 0.0219270833 0.4332031250 0.0438541666 0.0464453125
5 0.0250625000 0.3832812500 0.0501250000 0.0459609375
5 0.0907187500 0.4326953125 0.0858125000 0.0502578125
5 0.0912083333 0.3843203125 0.0790833333 0.0474218750
5 0.1603437500 0.3904218750 0.0739583333 0.0465312500
5 0.2356875000 0.3895234375 0.0737291667 0.0484453125
5 0.3046250000 0.3989765625 0.0571979167 0.0522812500
1 0.3863750000 0.3836250000 0.0744895833 0.0991406250
1 0.4650520833 0.3891875000 0.0814791667 0.0982500000
1 0.5469687500 0.3851015625 0.0792395833 0.0959609375
1 0.6304583333 0.3849062500 0.0791041667 0.1027578125
1 0.7068229167 0.3880078125 0.0813854167 0.0977421875
5 0.1741979167 0.4365468750 0.0764270833 0.0455546875
5 0.2934375000 0.4387500000 0.0639270833 0.0355859375
5 0.2390312500 0.4515703125 0.0393333333 0.0240078125
1 0.7075000000 0.4962500000 0.0662500000 0.0459375000
5 0.0084791667 0.5170156250 0.0169583333 0.0840078125
5 0.0523750000 0.5198984375 0.0612708333 0.0851718750
5 0.1148750000 0.5215625000 0.0650000000 0.0844921875
5 0.1811041667 0.5223671875 0.0727187500 0.0844531250
5 0.2623333333 0.5227578125 0.0836875000 0.0851250000
1 0.4262500000 0.5296875000 0.0716666667 0.1017187500
1 0.4970833333 0.5275000000 0.0685416667 0.0976562500
1 0.5662500000 0.5271875000 0.0662500000 0.0940625000
1 0.6377083333 0.5256250000 0.0731250000 0.0989062500
1 0.7131041667 0.5442031250 0.0691458333 0.0463515625
5 0.0321067708 0.6080078125 0.0642135416 0.0267031250
5 0.1051041667 0.6075937500 0.0810937500 0.0285000000
5 0.1668958333 0.6320156250 0.0376250000 0.0789531250
1 0.3860625000 0.6204921875 0.0856562500 0.0495078125
1 0.4693020833 0.6190156250 0.0794479167 0.0473828125
1 0.5505000000 0.6184296875 0.0771354167 0.0460234375
1 0.6331250000 0.6187265625 0.0748958333 0.0476718750
1 0.7070208333 0.6180234375 0.0771354167 0.0471015625
5 0.0296041667 0.6660000000 0.0587083333 0.0246250000
5 0.0307005208 0.6369843750 0.0614010417 0.0295468750
5 0.1042916667 0.6355546875 0.0816041667 0.0277578125
5 0.1054062500 0.6642968750 0.0746458333 0.0285078125
5 0.2105625000 0.6368437500 0.0506562500 0.0850234375
5 0.2596458333 0.6344609375 0.0473541667 0.0814296875
5 0.3061562500 0.6367031250 0.0495520833 0.0838125000
1 0.3865208333 0.6738125000 0.0879375000 0.0510859375
1 0.4691562500 0.6705390625 0.0806875000 0.0453906250
1 0.5510729167 0.6665468750 0.0762812500 0.0511875000
1 0.6319687500 0.6691562500 0.0745625000 0.0453515625
1 0.7088229167 0.6656015625 0.0740729167 0.0472421875
6 0.0433750000 0.7602031250 0.0728958333 0.1138359375
6 0.2178645833 0.7610156250 0.0714687500 0.1075859375
6 0.2880416667 0.7638828125 0.0714583333 0.1109140625
1 0.3796250000 0.7280703125 0.0696250000 0.0485859375
1 0.4464166667 0.7258515625 0.0689895833 0.0513828125
1 0.5153645833 0.7233671875 0.0678229167 0.0458359375
1 0.5817916667 0.7230937500 0.0635833333 0.0455078125
1 0.6514895833 0.7264062500 0.0746875000 0.0522421875
1 0.7236458333 0.7261093750 0.0683125000 0.0464843750
6 0.1198645833 0.7673750000 0.0981979167 0.1074062500
1 0.3798020833 0.7793750000 0.0719791667 0.0498906250
1 0.4484687500 0.7780234375 0.0675104167 0.0538671875
1 0.5174687500 0.7744296875 0.0681770833 0.0505781250
1 0.5826666667 0.7725312500 0.0652708333 0.0491796875
1 0.6578333333 0.7808281250 0.0755104167 0.0576796875
1 0.7273854167 0.7768984375 0.0667083333 0.0522890625
1 0.4268854167 0.8466328125 0.0499687500 0.0796953125
1 0.3744791667 0.8450000000 0.0512812500 0.0780078125
1 0.4753437500 0.8435234375 0.0493854167 0.0775625000
1 0.5290208333 0.8407734375 0.0495312500 0.0793203125
1 0.6225000000 0.8365937500 0.0392916667 0.0771484375
1 0.5806354167 0.8453750000 0.0505625000 0.0892187500
1 0.6704375000 0.8498281250 0.0512604167 0.0764140625
1 0.7265937500 0.8422812500 0.0496354167 0.0817500000
6 0.2369479167 0.9068437500 0.1135833333 0.1347578125
1 0.3985208333 0.9319687500 0.0907708333 0.0855625000
1 0.4671458333 0.9426093750 0.0463541667 0.0891718750
1 0.5155833333 0.9392578125 0.0476666667 0.0883437500
1 0.5718229167 0.9481640625 0.0535729167 0.0855625000
1 0.6258020833 0.9435625000 0.0521666667 0.0816640625
1 0.6678832117 0.9220246238 0.0346715328 0.0465116279
1 0.7243854167 0.9395078125 0.0511979167 0.0838281250
6 0.1499375000 0.9849921875 0.0432812500 0.0300156250
