7 0.0845833333 0.1885937500 0.1427083333 0.0445312500
3 0.2168750000 0.1867187500 0.1345833333 0.0468750000
3 0.2227083333 0.2329687500 0.1300000000 0.0460937500
7 0.3277083333 0.1996875000 0.1133333333 0.1156250000
7 0.4337500000 0.1818750000 0.1064583333 0.1490625000
0 0.5277083333 0.1884375000 0.0904166667 0.1393750000
0 0.6260416667 0.1825468750 0.0989583333 0.1515000000
0 0.7296145833 0.1807656250 0.1134791667 0.1514062500
0 0.8378958333 0.1892734375 0.1148020833 0.1380468750
0 0.9440416667 0.1896953125 0.1119166667 0.1448281250
7 0.0908333333 0.2337500000 0.1410416667 0.0453125000
1 0.1548020833 0.3074765625 0.1206562500 0.0760312500
7 0.2784791667 0.3448046875 0.1265104167 0.1357031250
7 0.4037916667 0.3154921875 0.1343125000 0.0636484375
7 0.5329791667 0.3257265625 0.1196354167 0.0701093750
7 0.6510312500 0.3305234375 0.1129166667 0.0634062500
7 0.7606250000 0.3414062500 0.0833333333 0.1368750000
7 0.8481250000 0.3421875000 0.0939583333 0.1357812500
1 0.1687395833 0.3773203125 0.1212708333 0.0649140625
7 0.4035104167 0.3797656250 0.1360000000 0.0573203125
7 0.5322395833 0.3856718750 0.1077291667 0.0554609375
7 0.6419270833 0.3867812500 0.1084895833 0.0532812500
6 0.1327083333 0.4779687500 0.1008333333 0.1250000000
6 0.4794791667 0.4987578125 0.1942291667 0.0908437500
6 0.6775000000 0.4996875000 0.2025000000 0.0906250000
6 0.2758333333 0.5001562500 0.2062500000 0.0925000000
1 0.8200520833 0.5103984375 0.0900104167 0.0665703125
1 0.8792708333 0.5099687500 0.0387604167 0.0683203125
1 0.1992500000 0.6125625000 0.0976979167 0.1180078125
1 0.3093750000 0.5795156250 0.0837083333 0.0569765625
1 0.3951250000 0.5772968750 0.0832500000 0.0539062500
1 0.4808750000 0.5781484375 0.0818854167 0.0522031250
1 0.5639583333 0.5776562500 0.0852083333 0.0506250000
1 0.6545833333 0.5806250000 0.0902083333 0.0493750000
1 0.7487500000 0.5832812500 0.0862500000 0.0590625000
1 0.8447916667 0.5821875000 0.0914583333 0.0551562500
1 0.2712500000 0.7362500000 0.0904166667 0.1042187500
1 0.3570833333 0.7373437500 0.0822916667 0.1123437500
1 0.5404166667 0.7387500000 0.0958333333 0.1089062500
1 0.6410416667 0.7389062500 0.0985416667 0.1148437500
1 0.7406250000 0.7414062500 0.0987500000 0.1179687500
1 0.8410416667 0.7389062500 0.1127083333 0.1104687500
7 0.6080416667 0.8688203125 0.0711875000 0.0471796875
7 0.4575729167 0.9420312500 0.1927916667 0.1143750000
7 0.5863750000 0.9242265625 0.0772708333 0.0773984375
7 0.7200520833 0.9529765625 0.0927812500 0.0768984375
1 0.4450000000 0.7459375000 0.0947916667 0.1079687500
