1 0.2195859375 0.3260833333 0.0639609375 0.0781875000
1 0.3495078125 0.3484062500 0.0609062500 0.0690000000
1 0.2109453125 0.3999062500 0.0645859375 0.0700625000
1 0.3467578125 0.4200208333 0.0585000000 0.0735208333
1 0.4644843750 0.3836354167 0.0532265625 0.0696770833
1 0.5506328125 0.3872291667 0.0435703125 0.0699375000
1 0.5918046875 0.3984375000 0.0402343750 0.0649062500
1 0.6742109375 0.4170208333 0.0644531250 0.0789062500
1 0.7627500000 0.4194479167 0.0638906250 0.0755208333
7 0.8811718750 0.4265625000 0.0378828125 0.0665416667
1 0.2028437500 0.4741875000 0.0694609375 0.0790937500
1 0.4632343750 0.4578541667 0.0562578125 0.0736145833
1 0.5512968750 0.4613958333 0.0438281250 0.0739375000
1 0.5938671875 0.4649895833 0.0457500000 0.0733750000
1 0.6788593750 0.4849583333 0.0631875000 0.0637812500
1 0.7713046875 0.4910208333 0.0592265625 0.0747604167
6 0.1918984375 0.5540625000 0.0788984375 0.0813437500
1 0.3449765625 0.5040208333 0.0611250000 0.0787604167
1 0.4633828125 0.5416145833 0.0598828125 0.0892916667
1 0.5526250000 0.5423958333 0.0535937500 0.0806770833
1 0.5996484375 0.5463645833 0.0453046875 0.0791562500
1 0.6867968750 0.5515312500 0.0705546875 0.0713020833
1 0.7801796875 0.5596458333 0.0593906250 0.0640416667
7 0.8960390625 0.5010729167 0.0406484375 0.0688958333
6 0.3082031250 0.5868333333 0.1195703125 0.0769479167
1 0.5568984375 0.6276666667 0.0588437500 0.0981458333
1 0.6050078125 0.6293125000 0.0442656250 0.0932916667
7 0.6941562500 0.6174687500 0.0536640625 0.0648750000
1 0.7864062500 0.6241562500 0.0599375000 0.0674375000
1 0.9034687500 0.6015729167 0.0465703125 0.1247916667
6 0.1237031250 0.6397187500 0.0699687500 0.0862291667
6 0.1888437500 0.6383958333 0.0697812500 0.0859062500
6 0.3041406250 0.6619687500 0.1229296875 0.0781875000
1 0.4645625000 0.6352812500 0.0610078125 0.0978854167
7 0.6997421875 0.6847187500 0.0617031250 0.0736979167
7 0.7938828125 0.6900729167 0.0518281250 0.0511666667
1 0.8969140625 0.6961250000 0.0768906250 0.0721770833
6 0.1168750000 0.7265104167 0.0711093750 0.0867812500
6 0.1816718750 0.7239791667 0.0679296875 0.0853645833
5 0.3330859375 0.7599166667 0.0617343750 0.1186145833
5 0.4427265625 0.7484687500 0.1065859375 0.1202812500
1 0.5579843750 0.7273333333 0.0626406250 0.1056354167
1 0.6088906250 0.7248750000 0.0499765625 0.1029479167
7 0.7038437500 0.7579687500 0.0663359375 0.0753541667
7 0.8148125000 0.7573125000 0.0458515625 0.0654895833
5 0.2738125000 0.7670937500 0.0767734375 0.1298437500
5 0.5896796875 0.8300833333 0.1036328125 0.1122187500
1 0.9050000000 0.7709687500 0.0723046875 0.0792500000
5 0.1044375000 0.8339062500 0.0786875000 0.1183229167
5 0.1695390625 0.8357395833 0.0774453125 0.1219687500
5 0.3287343750 0.8756666667 0.0636953125 0.1033229167
5 0.4452031250 0.8538854167 0.1067109375 0.1085625000
6 0.7063828125 0.8540416667 0.0716250000 0.1194687500
7 0.8267500000 0.8344062500 0.0382500000 0.0740208333
1 0.9155625000 0.8501562500 0.0654531250 0.0767604167
5 0.1637187500 0.9440312500 0.0817109375 0.1119375000
5 0.3249843750 0.9614583333 0.0677734375 0.0770729167
5 0.4446406250 0.9479062500 0.1107656250 0.1041875000
5 0.5937890625 0.9220416667 0.1052031250 0.1039791667
6 0.7197656250 0.9558645833 0.0673125000 0.0874270833
7 0.8211875000 0.9161250000 0.0581640625 0.0854583333
1 0.9181875000 0.9214375000 0.0630703125 0.0700208333
6 0.5591093750 0.9838333333 0.0551171875 0.0323333333
6 0.6148046875 0.9809479167 0.0691015625 0.0380937500
7 0.8336250000 0.9786458333 0.0403515625 0.0426979167
1 0.9286171875 0.9762187500 0.0686015625 0.0475625000
