1 0.6240781250 0.2890416667 0.1120703125 0.0686979167
1 0.8004218750 0.2728229167 0.1220625000 0.0726979167
1 0.1218750000 0.3191666667 0.1312500000 0.1100000000
1 0.2998671875 0.3177812500 0.1014062500 0.1061041667
1 0.4435078125 0.3194166667 0.0612343750 0.1050104167
1 0.5053750000 0.3167291667 0.0476796875 0.0812708333
1 0.6232343750 0.3532708333 0.1085078125 0.0626770833
1 0.7962500000 0.3381979167 0.1173437500 0.0697812500
1 0.1345312500 0.4011250000 0.1165703125 0.0886250000
1 0.3112968750 0.4155520833 0.1098437500 0.0872083333
1 0.4447578125 0.4158437500 0.0606484375 0.0850937500
1 0.5023593750 0.4055625000 0.0542500000 0.0876145833
1 0.6176093750 0.4094270833 0.1036093750 0.0530104167
1 0.7939843750 0.4030104167 0.1185468750 0.0736145833
1 0.1469921875 0.4825000000 0.1201328125 0.0796250000
1 0.4483359375 0.4994166667 0.0549218750 0.0904583333
1 0.5060312500 0.4986250000 0.0643515625 0.0898020833
1 0.5942890625 0.4727604167 0.0620468750 0.0818541667
1 0.6544453125 0.4656875000 0.0480937500 0.0616770833
1 0.7881250000 0.4673750000 0.1177031250 0.0684895833
1 0.3186953125 0.5080208333 0.1033281250 0.0800000000
1 0.5983125000 0.5525625000 0.0603437500 0.0742916667
1 0.7859453125 0.5306458333 0.1121171875 0.0648437500
8 0.1575390625 0.5800104167 0.1096015625 0.1229166667
1 0.3303593750 0.5840000000 0.1018671875 0.0698541667
1 0.4458593750 0.5917500000 0.0506640625 0.0828750000
1 0.4995234375 0.5931354167 0.0603671875 0.0840312500
1 0.5935781250 0.6244375000 0.0564453125 0.0744687500
1 0.6521796875 0.5926041667 0.0513984375 0.0489479167
1 0.7824453125 0.5892604167 0.1099921875 0.0599270833
8 0.0306250000 0.6423333333 0.0612500000 0.1265729167
8 0.1763125000 0.6763125000 0.0908359375 0.0651562500
1 0.3367109375 0.6595312500 0.0919531250 0.0681770833
1 0.4592031250 0.6763541667 0.0477187500 0.0842500000
1 0.5079687500 0.6750000000 0.0487500000 0.0810416667
1 0.5964218750 0.6989375000 0.0586250000 0.0713333333
1 0.6487734375 0.6507291667 0.0440625000 0.0467604167
1 0.7795312500 0.6781250000 0.1062500000 0.1222916667
