0 0.5138854167 0.0285078125 0.0678020833 0.0570156250
0 0.5860104167 0.0343691406 0.0747395833 0.0687382813
0 0.6551250000 0.0455625000 0.0622916667 0.0911250000
0 0.7174479167 0.0521562500 0.0664791667 0.1043046875
0 0.8289687500 0.0986796875 0.0555520833 0.0636953125
0 0.8370729167 0.0470546875 0.0588125000 0.0580781250
0 0.8839583333 0.0652265625 0.0474375000 0.0556875000
0 0.3296562500 0.1065937500 0.1148333333 0.1678671875
0 0.4311562500 0.1233906250 0.0969895833 0.1443750000
0 0.5628645833 0.1421171875 0.1273958333 0.1475859375
0 0.6612916667 0.1652656250 0.0878958333 0.1267109375
0 0.8796562500 0.1204062500 0.0493645833 0.0660625000
0 0.7534375000 0.1866562500 0.0643541667 0.1195312500
7 0.8705729167 0.2157031250 0.0692083333 0.1002343750
1 0.3609375000 0.2862812500 0.1500729167 0.1385312500
1 0.5012083333 0.2944296875 0.1321354167 0.1309453125
1 0.6155208333 0.3047265625 0.1120937500 0.1152890625
1 0.7075104167 0.3222343750 0.0718020833 0.0859140625
7 0.7706666667 0.3239687500 0.0535833333 0.0885546875
7 0.8625729167 0.3244531250 0.0753958333 0.0867500000
1 0.7824687500 0.4331328125 0.0361562500 0.0911171875
1 0.8502395833 0.4310937500 0.0342291667 0.0839687500
1 0.3215312500 0.4464062500 0.0697812500 0.1211015625
1 0.3833958333 0.4444218750 0.0641354167 0.1196562500
1 0.4475416667 0.4427187500 0.0579270833 0.1143203125
1 0.5097083333 0.4444765625 0.0647916667 0.1012187500
1 0.5663750000 0.4417343750 0.0537291667 0.1049062500
1 0.6270625000 0.4397421875 0.0481041667 0.1042578125
1 0.6699062500 0.4383437500 0.0396354167 0.0976484375
1 0.7498333333 0.4345156250 0.0368854167 0.0936093750
1 0.7135208333 0.4355078125 0.0450625000 0.0975312500
1 0.8156666667 0.4335546875 0.0378020833 0.0889296875
1 0.4726250000 0.5411484375 0.0762291667 0.0606484375
1 0.5455104167 0.5338984375 0.0691250000 0.0633515625
1 0.6144479167 0.5274843750 0.0679166667 0.0618437500
1 0.6797187500 0.5229375000 0.0703958333 0.0644765625
1 0.3718854167 0.5823203125 0.1191145833 0.1309609375
1 0.4716562500 0.6042421875 0.0800729167 0.0647421875
1 0.5452291667 0.5909062500 0.0707395833 0.0590156250
1 0.6121458333 0.5818281250 0.0623020833 0.0550703125
1 0.6777812500 0.5774296875 0.0741250000 0.0560234375
1 0.7441979167 0.5689218750 0.0598437500 0.0547109375
7 0.7567291667 0.6279765625 0.0115000000 0.0313750000
7 0.8126250000 0.6278281250 0.0277187500 0.0453437500
1 0.5357812500 0.6939687500 0.0817708333 0.1336093750
1 0.6058229167 0.6766015625 0.0725312500 0.1319843750
1 0.6654166667 0.6669765625 0.0431666667 0.1148125000
1 0.7031770833 0.6560078125 0.0432604167 0.1073906250
7 0.7604270833 0.6688671875 0.0191666667 0.0492031250
7 0.7852291667 0.6449140625 0.0384687500 0.0229687500
1 0.3551770833 0.7367343750 0.1120625000 0.1658671875
1 0.4543750000 0.7179296875 0.0927916667 0.1517421875
4 0.8460729167 0.7628203125 0.0305625000 0.0811562500
4 0.6999375000 0.8056250000 0.0425937500 0.1135859375
4 0.6473333333 0.8298984375 0.0731145833 0.1174843750
4 0.7407083333 0.7945156250 0.0298854167 0.0891328125
4 0.8163854167 0.7716250000 0.0342291667 0.0838593750
4 0.7767395833 0.7846171875 0.0473750000 0.0832890625
1 0.4578750000 0.8912265625 0.0720104167 0.1493359375
1 0.5614375000 0.8490703125 0.1082500000 0.1503125000
1 0.3793958333 0.9137187500 0.0597187500 0.1222187500
1 0.7418750000 0.5137500000 0.0495833333 0.0579687500
1 0.7985416667 0.5114062500 0.0404166667 0.0537500000
1 0.8412500000 0.5060937500 0.0427083333 0.0500000000
1 0.8389583333 0.5539062500 0.0385416667 0.0454687500
1 0.7943750000 0.5592187500 0.0408333333 0.0450000000
8 0.5158333333 0.9639062500 0.1239583333 0.0648437500
8 0.4302083333 0.9803125000 0.0966666667 0.0389062500
