5 0.0559687500 0.1637187500 0.1119375000 0.0817109375
5 0.1660937500 0.1044375000 0.1183229167 0.0786875000
6 0.2734895833 0.1168750000 0.0867812500 0.0711093750
6 0.3602812500 0.1237031250 0.0862291667 0.0699687500
5 0.1642604167 0.1695390625 0.1219687500 0.0774453125
6 0.2760208333 0.1816718750 0.0853645833 0.0679296875
6 0.3616041667 0.1888437500 0.0859062500 0.0697812500
6 0.4459375000 0.1918984375 0.0813437500 0.0788984375
1 0.5258125000 0.2028437500 0.0790937500 0.0694609375
1 0.6000937500 0.2109453125 0.0700625000 0.0645859375
1 0.6739166667 0.2195859375 0.0781875000 0.0639609375
5 0.2329062500 0.2738125000 0.1298437500 0.0767734375
5 0.0385416667 0.3249843750 0.0770729167 0.0677734375
5 0.1243333333 0.3287343750 0.1033229167 0.0636953125
5 0.2400833333 0.3330859375 0.1186145833 0.0617343750
6 0.3380312500 0.3041406250 0.0781875000 0.1229296875
6 0.4131666667 0.3082031250 0.0769479167 0.1195703125
1 0.4959791667 0.3449765625 0.0787604167 0.0611250000
1 0.5799791667 0.3467578125 0.0735208333 0.0585000000
1 0.6515937500 0.3495078125 0.0690000000 0.0609062500
5 0.0520937500 0.4446406250 0.1041875000 0.1107656250
5 0.1461145833 0.4452031250 0.1085625000 0.1067109375
5 0.2515312500 0.4427265625 0.1202812500 0.1065859375
1 0.3647187500 0.4645625000 0.0978854167 0.0610078125
1 0.4583854167 0.4633828125 0.0892916667 0.0598828125
1 0.5421458333 0.4632343750 0.0736145833 0.0562578125
1 0.6163645833 0.4644843750 0.0696770833 0.0532265625
6 0.0161666667 0.5591093750 0.0323333333 0.0551171875
1 0.2726666667 0.5579843750 0.1056354167 0.0626406250
1 0.3723333333 0.5568984375 0.0981458333 0.0588437500
1 0.4576041667 0.5526250000 0.0806770833 0.0535937500
1 0.5386041667 0.5512968750 0.0739375000 0.0438281250
1 0.6127708333 0.5506328125 0.0699375000 0.0435703125
6 0.0190520833 0.6148046875 0.0380937500 0.0691015625
5 0.0779583333 0.5937890625 0.1039791667 0.1052031250
5 0.1699166667 0.5896796875 0.1122187500 0.1036328125
1 0.2751250000 0.6088906250 0.1029479167 0.0499765625
1 0.3706875000 0.6050078125 0.0932916667 0.0442656250
1 0.4536354167 0.5996484375 0.0791562500 0.0453046875
1 0.5350104167 0.5938671875 0.0733750000 0.0457500000
1 0.6015625000 0.5918046875 0.0649062500 0.0402343750
7 0.3152812500 0.6997421875 0.0736979167 0.0617031250
7 0.3825312500 0.6941562500 0.0648750000 0.0536640625
1 0.4484687500 0.6867968750 0.0713020833 0.0705546875
1 0.5150416667 0.6788593750 0.0637812500 0.0631875000
1 0.5829791667 0.6742109375 0.0789062500 0.0644531250
6 0.0441354167 0.7197656250 0.0874270833 0.0673125000
6 0.1459583333 0.7063828125 0.1194687500 0.0716250000
7 0.2420312500 0.7038437500 0.0753541667 0.0663359375
1 0.5805520833 0.7627500000 0.0755208333 0.0638906250
7 0.0838750000 0.8211875000 0.0854583333 0.0581640625
7 0.1655937500 0.8267500000 0.0740208333 0.0382500000
7 0.2426875000 0.8148125000 0.0654895833 0.0458515625
7 0.3099270833 0.7938828125 0.0511666667 0.0518281250
1 0.3758437500 0.7864062500 0.0674375000 0.0599375000
1 0.4403541667 0.7801796875 0.0640416667 0.0593906250
1 0.5089791667 0.7713046875 0.0747604167 0.0592265625
7 0.0213541667 0.8336250000 0.0426979167 0.0403515625
1 0.3038750000 0.8969140625 0.0721770833 0.0768906250
7 0.4989270833 0.8960390625 0.0688958333 0.0406484375
7 0.5734375000 0.8811718750 0.0665416667 0.0378828125
1 0.0237812500 0.9286171875 0.0475625000 0.0686015625
1 0.0785625000 0.9181875000 0.0700208333 0.0630703125
1 0.1498437500 0.9155625000 0.0767604167 0.0654531250
1 0.2290312500 0.9050000000 0.0792500000 0.0723046875
1 0.3984270833 0.9034687500 0.1247916667 0.0465703125
