0 0.6462500000 0.0205546875 0.0935312500 0.0411093750
7 0.2118046875 0.0745000000 0.0434296875 0.0913020833
7 0.2520078125 0.0673645833 0.0395937500 0.1032604167
0 0.3558984375 0.0443645833 0.1173359375 0.0756145833
7 0.5142187500 0.0951666667 0.0989296875 0.1903229167
7 0.6447109375 0.0933958333 0.0842265625 0.1267291667
0 0.7594531250 0.0349062500 0.0654140625 0.0698125000
7 0.9583046875 0.0528229167 0.0495625000 0.0703437500
0 0.3554609375 0.1165208333 0.1155000000 0.0770416667
7 0.7532812500 0.1225312500 0.0654687500 0.1190104167
7 0.8546875000 0.1346458333 0.0617500000 0.0595312500
0 0.9585390625 0.1119270833 0.0524609375 0.0666041667
7 0.2179218750 0.1825208333 0.0381328125 0.1213125000
7 0.2542578125 0.1843229167 0.0339375000 0.1273020833
0 0.3564218750 0.1848333333 0.1143437500 0.0683437500
7 0.5136875000 0.2166979167 0.0985625000 0.0655729167
5 0.6426328125 0.2090312500 0.0864609375 0.1216666667
7 0.7495859375 0.2305208333 0.0705156250 0.1116250000
7 0.8510937500 0.1875833333 0.0622187500 0.0613020833
0 0.9553750000 0.1758333333 0.0550625000 0.0738229167
4 0.3543593750 0.2465625000 0.1143437500 0.0709687500
4 0.5073437500 0.2756250000 0.0918750000 0.0600000000
7 0.8402734375 0.2748645833 0.0659843750 0.0707500000
7 0.9435937500 0.2375000000 0.0530000000 0.0654583333
7 0.2223750000 0.3068541667 0.0449062500 0.1191562500
7 0.2570859375 0.3068229167 0.0405312500 0.1165729167
4 0.3564453125 0.3176666667 0.1138437500 0.0663645833
4 0.5067187500 0.3277083333 0.0915625000 0.0558333333
7 0.6398828125 0.3180937500 0.0845468750 0.1143229167
7 0.7439765625 0.3352812500 0.0681015625 0.1089270833
7 0.8345390625 0.3612395833 0.0581015625 0.0974166667
7 0.2356953125 0.3885520833 0.0865078125 0.0508854167
4 0.3557421875 0.3789479167 0.1110000000 0.0644895833
4 0.5057812500 0.3852083333 0.0923437500 0.0697916667
1 0.6325468750 0.4326770833 0.0808906250 0.1154479167
7 0.2415859375 0.4374270833 0.0723203125 0.0475937500
7 0.2499062500 0.4811458333 0.0587421875 0.0461354167
4 0.3565468750 0.4546666667 0.1123203125 0.0826562500
4 0.5034199726 0.4543795620 0.0916552668 0.0675182482
6 0.7391562500 0.4390312500 0.0731718750 0.1030104167
7 0.8300156250 0.4500937500 0.0592265625 0.0825000000
7 0.2435468750 0.5246354167 0.0700937500 0.0471041667
1 0.5042421875 0.5487812500 0.0900937500 0.1233437500
1 0.6301796875 0.5154583333 0.0826718750 0.0480208333
1 0.6265468750 0.5658854167 0.0831328125 0.0474895833
6 0.7131250000 0.5610416667 0.0289062500 0.1331250000
6 0.7401562500 0.5631250000 0.0410937500 0.1237500000
7 0.8245312500 0.5273958333 0.0509921875 0.0533125000
7 0.2388359375 0.6184583333 0.0808671875 0.0490208333
7 0.2381171875 0.5719270833 0.0809453125 0.0488229167
1 0.3633515625 0.5815208333 0.0990546875 0.0519895833
1 0.6242812500 0.6129375000 0.0815937500 0.0477291667
2 0.8266250000 0.6220416667 0.0525468750 0.1324479167
7 0.2359687500 0.6654687500 0.0907031250 0.0501666667
1 0.3617734375 0.6885000000 0.0916718750 0.0500000000
1 0.3616562500 0.6369166667 0.0932812500 0.0521875000
1 0.5025625000 0.6696770833 0.0903593750 0.1205312500
1 0.6218671875 0.6599791667 0.0807734375 0.0474270833
5 0.7241406250 0.6525000000 0.0593828125 0.0593437500
3 0.2385546875 0.7113229167 0.0874843750 0.0566145833
3 0.2429765625 0.7561770833 0.0747578125 0.0405520833
1 0.3621562500 0.7397187500 0.0931562500 0.0590208333
5 0.5051015625 0.7525104167 0.0809921875 0.0520937500
1 0.6267187500 0.7259166667 0.0680000000 0.0881041667
5 0.7212500000 0.7102083333 0.0576562500 0.0604166667
3 0.2284541724 0.8010948905 0.0369357045 0.0437956204
3 0.2671093750 0.7995312500 0.0328984375 0.0433333333
5 0.3805156250 0.8328020833 0.0616328125 0.0392083333
5 0.3766796875 0.7937708333 0.0672734375 0.0416875000
5 0.5028203125 0.7998541667 0.0801875000 0.0461145833
5 0.6193046875 0.7899479167 0.0768906250 0.0490312500
5 0.7192187500 0.7733333333 0.0578125000 0.0675000000
2 0.8025312500 0.8080416667 0.0403046875 0.1094583333
2 0.9076562500 0.7755625000 0.0763125000 0.1273437500
5 0.2692656250 0.8418645833 0.0320937500 0.0386562500
5 0.2365625000 0.8443750000 0.0318750000 0.0333333333
5 0.2506250000 0.8893750000 0.0660937500 0.0537500000
5 0.3804375000 0.8758645833 0.0626406250 0.0465729167
5 0.5008437500 0.8491666667 0.0849609375 0.0527708333
5 0.5000312500 0.8943541667 0.0832578125 0.0544479167
5 0.6183359375 0.8343645833 0.0774531250 0.0505104167
5 0.7179687500 0.8377083333 0.0603125000 0.0612500000
5 0.2581250000 0.9287500000 0.0542187500 0.0375000000
5 0.3665156250 0.9148229167 0.0276328125 0.0361041667
5 0.3964531250 0.9125937500 0.0276875000 0.0371979167
