1 0.0812734375 0.1542219917 0.0948437500 0.0674585062
1 0.2200625000 0.1656639004 0.0921171875 0.0639522822
1 0.0808593750 0.2167946058 0.0986718750 0.0658195021
1 0.2198984375 0.2179875519 0.0915859375 0.0611203320
1 0.3456171875 0.1906327801 0.1000000000 0.0870020747
1 0.4674296875 0.2042738589 0.0916953125 0.0886410788
1 0.5769062500 0.2108195021 0.0736015625 0.0630394191
1 0.6858984375 0.2282468880 0.0939218750 0.0566493776
7 0.8003437500 0.2256224066 0.0773906250 0.0520954357
1 0.0808359375 0.2742427386 0.0943203125 0.0620539419
1 0.2180156250 0.2690352697 0.0912656250 0.0601452282
1 0.3407500000 0.2708713693 0.1011562500 0.0889522822
1 0.4663515625 0.2815456432 0.0915078125 0.0890041494
1 0.5744375000 0.2698962656 0.0719062500 0.0638796680
1 0.6835781250 0.2895020747 0.0919375000 0.0588381743
7 0.7976484375 0.2701867220 0.0776328125 0.0501244813
1 0.0835390625 0.3548340249 0.0842656250 0.0982365145
1 0.2163984375 0.3213174274 0.0916484375 0.0584854772
1 0.3401640625 0.3508921162 0.1023203125 0.0779253112
1 0.4652812500 0.3564107884 0.0902265625 0.0753941909
1 0.5728828125 0.3282053942 0.0724218750 0.0668153527
1 0.6815937500 0.3494398340 0.0912734375 0.0575207469
7 0.7942890625 0.3456639004 0.0786250000 0.1123547718
7 0.9155859375 0.3486410788 0.1066015625 0.0716182573
1 0.2136250000 0.4262136929 0.0923515625 0.0571784232
1 0.2150546875 0.3736929461 0.0927968750 0.0589211618
1 0.3409375000 0.4190352697 0.0979921875 0.0756431535
1 0.4642578125 0.4231431535 0.0870546875 0.0728734440
1 0.5714687500 0.3913485477 0.0719843750 0.0590975104
1 0.6794453125 0.4076244813 0.0909453125 0.0526970954
7 0.9142421875 0.4084232365 0.1107187500 0.0643568465
1 0.0813515625 0.4559439834 0.0846015625 0.0972199170
1 0.2125312500 0.4773443983 0.0939921875 0.0565871369
1 0.3628437500 0.4898132780 0.0482031250 0.0696265560
1 0.4594609375 0.4934232365 0.0895000000 0.0686099585
1 0.5690234375 0.4507676349 0.0716562500 0.0561618257
1 0.6779609375 0.4668672199 0.0919375000 0.0580186722
7 0.7909765625 0.4511203320 0.0804218750 0.1090975104
7 0.9133437500 0.4718153527 0.1126250000 0.0715975104
1 0.0742968750 0.5650518672 0.0976250000 0.1195435685
1 0.2118125000 0.5295539419 0.0933281250 0.0546058091
1 0.3597500000 0.5625622407 0.0511406250 0.0704460581
1 0.4815703125 0.5644917012 0.0452734375 0.0648755187
1 0.4340156250 0.5623236515 0.0465781250 0.0657365145
1 0.5453828125 0.5216701245 0.0316562500 0.0795746888
1 0.5834531250 0.5218257261 0.0408437500 0.0801452282
1 0.6759765625 0.5277282158 0.0886328125 0.0557676349
3 0.8120078125 0.5263278008 0.0276250000 0.0424896266
3 0.7833203125 0.5639107884 0.0284687500 0.0391286307
3 0.8113515625 0.5650414938 0.0259921875 0.0365145228
3 0.7859140625 0.5238485477 0.0273750000 0.0427074689
7 0.9087265625 0.5658195021 0.1132031250 0.1210477178
1 0.2102187500 0.5809543568 0.0940156250 0.0524066390
1 0.2093281250 0.6329875519 0.0939765625 0.0504979253
1 0.3566796875 0.6332780083 0.0514140625 0.0717427386
1 0.4325468750 0.6293568465 0.0462500000 0.0666078838
1 0.5436171875 0.6023340249 0.0299687500 0.0765456432
1 0.5809765625 0.6057365145 0.0399531250 0.0808921162
1 0.6758125000 0.6089626556 0.0882968750 0.1014315353
3 0.7933828125 0.6001659751 0.0597500000 0.0406950207
1 0.2062109375 0.6869917012 0.0946328125 0.0549170124
1 0.4315625000 0.6982468880 0.0474218750 0.0720435685
1 0.4809218750 0.6356327801 0.0426718750 0.0627074689
1 0.5412500000 0.6856120332 0.0311953125 0.0734439834
1 0.5785781250 0.6866390041 0.0427890625 0.0747717842
2 0.9167031250 0.6595124481 0.0950390625 0.0677074689
1 0.2051562500 0.7394813278 0.0947109375 0.0524066390
1 0.3533984375 0.7054771784 0.0553750000 0.0709232365
1 0.4786406250 0.7026659751 0.0452734375 0.0644398340
1 0.5405234375 0.7601867220 0.0342031250 0.0713589212
1 0.5778828125 0.7634647303 0.0415625000 0.0749896266
1 0.6718437500 0.7152282158 0.0869765625 0.1040663900
8 0.7835546875 0.7048132780 0.0750000000 0.1654979253
2 0.9122031250 0.7212033195 0.0919687500 0.0709647303
1 0.2032265625 0.7924896266 0.0958359375 0.0555809129
1 0.3532421875 0.7757572614 0.0517890625 0.0687655602
1 0.4277968750 0.7722925311 0.0453281250 0.0713589212
1 0.4757109375 0.7709958506 0.0446250000 0.0730912863
1 0.6657265625 0.8201763485 0.0879687500 0.1040663900
8 0.7796250000 0.8311825726 0.0742812500 0.0844087137
2 0.9107500000 0.8167323651 0.0922656250 0.1261203320
1 0.2019062500 0.8440248963 0.0955546875 0.0583298755
1 0.3494921875 0.8458195021 0.0521171875 0.0679045643
1 0.4249140625 0.8457468880 0.0465390625 0.0697614108
1 0.4734296875 0.8438589212 0.0446328125 0.0649170124
1 0.5384609375 0.8378215768 0.0365000000 0.0767842324
1 0.5748671875 0.8366182573 0.0393203125 0.0751037344
