1 0.2632656250 0.3551770833 0.1658671875 0.1120625000
1 0.5535937500 0.3215312500 0.1211015625 0.0697812500
1 0.7137187500 0.3609375000 0.1385312500 0.1500729167
0 0.8934062500 0.3296562500 0.1678671875 0.1148333333
8 0.0196875000 0.4302083333 0.0389062500 0.0966666667
1 0.0862812500 0.3793958333 0.1222187500 0.0597187500
1 0.4176796875 0.3718854167 0.1309609375 0.1191145833
1 0.5555781250 0.3833958333 0.1196562500 0.0641354167
0 0.8766093750 0.4311562500 0.1443750000 0.0969895833
1 0.1087734375 0.4578750000 0.1493359375 0.0720104167
1 0.2820703125 0.4543750000 0.1517421875 0.0927916667
1 0.3957578125 0.4716562500 0.0647421875 0.0800729167
1 0.4588515625 0.4726250000 0.0606484375 0.0762291667
1 0.5572812500 0.4475416667 0.1143203125 0.0579270833
8 0.0360937500 0.5158333333 0.0648437500 0.1239583333
1 0.1509296875 0.5614375000 0.1503125000 0.1082500000
1 0.3060312500 0.5357812500 0.1336093750 0.0817708333
1 0.4090937500 0.5452291667 0.0590156250 0.0707395833
1 0.4661015625 0.5455104167 0.0633515625 0.0691250000
1 0.5555234375 0.5097083333 0.1012187500 0.0647916667
1 0.5582656250 0.5663750000 0.1049062500 0.0537291667
1 0.7055703125 0.5012083333 0.1309453125 0.1321354167
0 0.8578828125 0.5628645833 0.1475859375 0.1273958333
0 0.9714921875 0.5138854167 0.0570156250 0.0678020833
1 0.3233984375 0.6058229167 0.1319843750 0.0725312500
1 0.4181718750 0.6121458333 0.0550703125 0.0623020833
1 0.4725156250 0.6144479167 0.0618437500 0.0679166667
1 0.5602578125 0.6270625000 0.1042578125 0.0481041667
1 0.6952734375 0.6155208333 0.1152890625 0.1120937500
0 0.9656308594 0.5860104167 0.0687382812 0.0747395833
4 0.1943750000 0.6999375000 0.1135859375 0.0425937500
4 0.1701015625 0.6473333333 0.1174843750 0.0731145833
1 0.3330234375 0.6654166667 0.1148125000 0.0431666667
1 0.4225703125 0.6777812500 0.0560234375 0.0741250000
1 0.4770625000 0.6797187500 0.0644765625 0.0703958333
1 0.5616562500 0.6699062500 0.0976484375 0.0396354167
0 0.8347343750 0.6612916667 0.1267109375 0.0878958333
0 0.9544375000 0.6551250000 0.0911250000 0.0622916667
4 0.2054843750 0.7407083333 0.0891328125 0.0298854167
7 0.3311328125 0.7604270833 0.0492031250 0.0191666667
1 0.3439921875 0.7031770833 0.1073906250 0.0432604167
1 0.4310781250 0.7441979167 0.0547109375 0.0598437500
7 0.3720234375 0.7567291667 0.0313750000 0.0115000000
1 0.4862500000 0.7418750000 0.0579687500 0.0495833333
1 0.5654843750 0.7498333333 0.0936093750 0.0368854167
1 0.5644921875 0.7135208333 0.0975312500 0.0450625000
1 0.6777656250 0.7075104167 0.0859140625 0.0718020833
0 0.8133437500 0.7534375000 0.1195312500 0.0643541667
0 0.9478437500 0.7174479167 0.1043046875 0.0664791667
4 0.2283750000 0.8163854167 0.0838593750 0.0342291667
4 0.2153828125 0.7767395833 0.0832890625 0.0473750000
7 0.3550859375 0.7852291667 0.0229687500 0.0384687500
7 0.3721718750 0.8126250000 0.0453437500 0.0277187500
1 0.4885937500 0.7985416667 0.0537500000 0.0404166667
1 0.4407812500 0.7943750000 0.0450000000 0.0408333333
1 0.5664453125 0.8156666667 0.0889296875 0.0378020833
1 0.5668671875 0.7824687500 0.0911171875 0.0361562500
7 0.6760312500 0.7706666667 0.0885546875 0.0535833333
0 0.9013203125 0.8289687500 0.0636953125 0.0555520833
4 0.2371796875 0.8460729167 0.0811562500 0.0305625000
1 0.4939062500 0.8412500000 0.0500000000 0.0427083333
1 0.4460937500 0.8389583333 0.0454687500 0.0385416667
1 0.5689062500 0.8502395833 0.0839687500 0.0342291667
7 0.6755468750 0.8625729167 0.0867500000 0.0753958333
7 0.7842968750 0.8705729167 0.1002343750 0.0692083333
0 0.8795937500 0.8796562500 0.0660625000 0.0493645833
0 0.9347734375 0.8839583333 0.0556875000 0.0474375000
0 0.9529453125 0.8370729167 0.0580781250 0.0588125000
