8 0.4289583333 0.1829687500 0.1008333333 0.0493750000
8 0.4187500000 0.2310937500 0.0995833333 0.0490625000
2 0.5114583333 0.2131250000 0.0841666667 0.1121875000
2 0.6102083333 0.1954687500 0.1145833333 0.0792187500
2 0.6981250000 0.1951562500 0.0633333333 0.0795312500
2 0.6983750000 0.2827031250 0.0629791667 0.0286250000
1 0.3781250000 0.3543750000 0.0570833333 0.1018750000
1 0.4335416667 0.3378125000 0.0620833333 0.0740625000
1 0.4902083333 0.3379687500 0.0629166667 0.0737500000
1 0.5531250000 0.3384375000 0.0662500000 0.0760937500
1 0.6220833333 0.3375000000 0.0677083333 0.0768750000
3 0.6800000000 0.3645312500 0.0420833333 0.0257812500
3 0.6731979167 0.3246875000 0.0390729167 0.0550390625
3 0.7108333333 0.3218750000 0.0362500000 0.0503125000
1 0.3795833333 0.4323437500 0.0622916667 0.0393750000
3 0.7150000000 0.4268750000 0.0395833333 0.0273437500
1 0.3770833333 0.4751562500 0.0672916667 0.0475000000
1 0.4408333333 0.4776562500 0.0629166667 0.0425000000
1 0.4414583333 0.4342187500 0.0595833333 0.0440625000
1 0.5075000000 0.4775000000 0.0697916667 0.0431250000
1 0.5093750000 0.4345312500 0.0706250000 0.0431250000
1 0.5787500000 0.4806250000 0.0754166667 0.0443750000
1 0.5852083333 0.4357812500 0.0772916667 0.0457812500
1 0.6541666667 0.4839062500 0.0672916667 0.0460937500
1 0.6597916667 0.4353125000 0.0725000000 0.0453125000
1 0.4975000000 0.5664062500 0.1104166667 0.0815625000
1 0.3879166667 0.5767187500 0.1116666667 0.0996875000
1 0.6101145833 0.5668203125 0.1135104167 0.0807734375
1 0.6906250000 0.5680078125 0.0506875000 0.0799843750
1 0.3535416667 0.6864062500 0.0622916667 0.0881250000
1 0.4037500000 0.6887500000 0.0600000000 0.0900000000
1 0.4579375000 0.6901171875 0.0614895833 0.0926406250
1 0.5087708333 0.6924453125 0.0620833333 0.0924843750
1 0.5583541667 0.6953671875 0.0565312500 0.0932265625
1 0.6091145833 0.6989531250 0.0554270833 0.0932734375
1 0.6586145833 0.6976250000 0.0592083333 0.0943281250
1 0.7129375000 0.7008125000 0.0561562500 0.0933593750
1 0.5731250000 0.7879687500 0.1185416667 0.0984375000
1 0.6825000000 0.7884375000 0.0952083333 0.0857812500
