0 0.0199375000 0.3560625000 0.0398750000 0.0426250000
2 0.4826666667 0.3644765625 0.1770520833 0.1656093750
2 0.6485312500 0.3342031250 0.1961875000 0.1713203125
2 0.8076875000 0.3172500000 0.1275312500 0.1511796875
0 0.0188463542 0.3915390625 0.0376927083 0.0383359375
0 0.0906770833 0.4189140625 0.0420625000 0.0402265625
0 0.0543125000 0.4027343750 0.0370208333 0.0416562500
0 0.0601458333 0.3698828125 0.0450208333 0.0401640625
2 0.1906250000 0.4244843750 0.1331979167 0.1363281250
2 0.3274895833 0.4000078125 0.1575104167 0.1449765625
0 0.0131770833 0.4608281250 0.0263541667 0.0559375000
0 0.0791562500 0.4803671875 0.0369583333 0.0595156250
0 0.0415937500 0.4685937500 0.0380312500 0.0647343750
0 0.1149791667 0.4882421875 0.0302500000 0.0545468750
2 0.5888229167 0.4967421875 0.1188958333 0.1667500000
2 0.7560416667 0.4732187500 0.2459791667 0.1853984375
0 0.0310729167 0.5443906250 0.0478541667 0.0645546875
0 0.0722916667 0.5536875000 0.0436770833 0.0649843750
2 0.1797187500 0.5487031250 0.0818437500 0.1379765625
2 0.2454062500 0.5415000000 0.0762812500 0.1431562500
2 0.3244375000 0.5319921875 0.0831458333 0.1456406250
2 0.4113020833 0.5211796875 0.0851354167 0.1466484375
2 0.5001250000 0.5110937500 0.0988020833 0.1530000000
0 0.0093750000 0.6251015625 0.0187500000 0.0717187500
0 0.0732083333 0.6317890625 0.0438333333 0.0649609375
0 0.0343437500 0.6275703125 0.0409062500 0.0687968750
4 0.4257395833 0.6291562500 0.0299270833 0.0538671875
4 0.3937187500 0.6321640625 0.0312291667 0.0534531250
4 0.4589166667 0.6265156250 0.0345833333 0.0557812500
4 0.4931250000 0.6246796875 0.0340937500 0.0525625000
4 0.5286458333 0.6219609375 0.0383437500 0.0516796875
2 0.7527708333 0.6015156250 0.2508541667 0.1053359375
0 0.1115625000 0.6347578125 0.0366458333 0.0642656250
0 0.1489062500 0.6399296875 0.0406041667 0.0576718750
4 0.2137916667 0.6497500000 0.0280520833 0.0462109375
4 0.2709166667 0.6430703125 0.0295833333 0.0457578125
4 0.2418750000 0.6465859375 0.0271041667 0.0447343750
4 0.3002708333 0.6410468750 0.0292812500 0.0477109375
4 0.3629166667 0.6347421875 0.0318333333 0.0525546875
4 0.3315625000 0.6365703125 0.0294583333 0.0518671875
6 0.5868958333 0.6877265625 0.0362500000 0.0324140625
0 0.0290833333 0.7163515625 0.0508750000 0.0764218750
0 0.0665104167 0.7181171875 0.0444895833 0.0732968750
0 0.0996979167 0.7184375000 0.0423229167 0.0689296875
0 0.1335833333 0.7161171875 0.0356250000 0.0650625000
0 0.1687083333 0.7150937500 0.0423020833 0.0600859375
4 0.2071979167 0.7121718750 0.0261250000 0.0543359375
4 0.2362395833 0.7106640625 0.0323750000 0.0545468750
4 0.2693229167 0.7095859375 0.0355729167 0.0562187500
7 0.3648854167 0.7650781250 0.0508125000 0.0183359375
4 0.3373750000 0.7054843750 0.0350833333 0.0562734375
4 0.3033020833 0.7069375000 0.0345937500 0.0543750000
4 0.4047604167 0.7050859375 0.0360000000 0.0668984375
7 0.4128437500 0.7636796875 0.0454687500 0.0174609375
4 0.3711666667 0.7075781250 0.0340416667 0.0620937500
4 0.4393645833 0.7031093750 0.0352291667 0.0652187500
7 0.4729270833 0.7623671875 0.0253750000 0.0157578125
4 0.4734687500 0.7010078125 0.0352812500 0.0661406250
7 0.4965104167 0.7611562500 0.0241875000 0.0148671875
7 0.4481979167 0.7624843750 0.0242916667 0.0160625000
4 0.5440625000 0.7019375000 0.0351562500 0.0669296875
7 0.5213020833 0.7568828125 0.0248958333 0.0239609375
4 0.5069375000 0.7019296875 0.0364270833 0.0673515625
7 0.5456458333 0.7567812500 0.0259479167 0.0247265625
6 0.6342604167 0.7215000000 0.0417708333 0.0627421875
7 0.0318958333 0.7994687500 0.0637812500 0.0760156250
7 0.0914791667 0.7922343750 0.0582916667 0.0668515625
7 0.1447916667 0.7878203125 0.0620625000 0.0691093750
7 0.2100312500 0.7700156250 0.0514375000 0.0152890625
7 0.2723229167 0.7854062500 0.0426458333 0.0224375000
7 0.2334270833 0.7851875000 0.0366666667 0.0173750000
7 0.2634895833 0.7680078125 0.0563229167 0.0151718750
7 0.3176145833 0.7841406250 0.0489479167 0.0211250000
7 0.3159062500 0.7667578125 0.0505520833 0.0159765625
7 0.3663333333 0.7827421875 0.0513125000 0.0228125000
7 0.4155000000 0.7825781250 0.0453645833 0.0212656250
7 0.3968645833 0.8026093750 0.0461250000 0.0210078125
7 0.4894479167 0.7806953125 0.0384791667 0.0202109375
7 0.5229166667 0.7796171875 0.0283125000 0.0217421875
7 0.0715312500 0.8914687500 0.0606145833 0.0705781250
7 0.1261145833 0.8799843750 0.0533645833 0.0634687500
4 0.2261354167 0.8737265625 0.0359895833 0.0639687500
4 0.2576458333 0.8749140625 0.0334270833 0.0620312500
4 0.2914479167 0.8746406250 0.0347812500 0.0630468750
4 0.3246354167 0.8749765625 0.0324375000 0.0627265625
4 0.3579270833 0.8756250000 0.0340208333 0.0631093750
4 0.3925520833 0.8751718750 0.0352604167 0.0656406250
4 0.4272187500 0.8765078125 0.0357187500 0.0658828125
7 0.4617500000 0.8755625000 0.0346562500 0.0654687500
4 0.5390312500 0.8749765625 0.0398333333 0.0743671875
4 0.5020520833 0.8776875000 0.0388750000 0.0666718750
4 0.6186875000 0.8767109375 0.0474583333 0.0788203125
4 0.5783541667 0.8753750000 0.0444583333 0.0770000000
4 0.6569895833 0.8789843750 0.0443645833 0.0837265625
7 0.0218229167 0.9035859375 0.0436354167 0.0709921875
7 0.0875833333 0.9860703125 0.0690416667 0.0278359375
7 0.1497916667 0.9750000000 0.0529687500 0.0500000000
