1 0.6026562500 0.0941666667 0.0390625000 0.0550000000
1 0.6423125000 0.0940937500 0.0400546875 0.0521562500
1 0.7064609375 0.0741562500 0.0717265625 0.0487500000
1 0.7769921875 0.0726770833 0.0697812500 0.0467708333
8 0.2478593750 0.1551250000 0.0491328125 0.0415625000
1 0.2996562500 0.1172500000 0.0294140625 0.0483958333
1 0.3616171875 0.1191250000 0.0306640625 0.0463125000
1 0.3037656250 0.1646354167 0.0383593750 0.0437291667
1 0.3307890625 0.1174583333 0.0278515625 0.0471458333
1 0.3415859375 0.1658541667 0.0337968750 0.0404687500
1 0.4475390625 0.1123645833 0.0499843750 0.0594895833
1 0.5228750000 0.1359270833 0.0430000000 0.0523854167
1 0.5600156250 0.1103645833 0.0306640625 0.0596666667
1 0.6006718750 0.1475104167 0.0392109375 0.0510312500
1 0.6376562500 0.1433333333 0.0343750000 0.0435416667
1 0.7039843750 0.1551562500 0.0695781250 0.0465416667
1 0.7058515625 0.1143750000 0.0709062500 0.0480312500
1 0.7761328125 0.1129375000 0.0719531250 0.0468958333
8 0.2483203125 0.2221875000 0.0482265625 0.0438854167
1 0.3178828125 0.2261145833 0.0702421875 0.0806666667
1 0.3760078125 0.1729479167 0.0337968750 0.0479791667
1 0.3724140625 0.2267708333 0.0391171875 0.0571666667
1 0.4453593750 0.2226666667 0.0469140625 0.0556458333
1 0.4464140625 0.1667916667 0.0489531250 0.0593229167
1 0.5581406250 0.1716979167 0.0306640625 0.0580000000
1 0.5211562500 0.1875416667 0.0420468750 0.0471250000
1 0.6004609375 0.1971770833 0.0365390625 0.0522395833
1 0.6373046875 0.1951666667 0.0377578125 0.0603437500
1 0.7041015625 0.1968854167 0.0697109375 0.0482291667
1 0.7738359375 0.1798958333 0.0727656250 0.0993229167
8 0.2485312500 0.2969687500 0.0462187500 0.0491770833
2 0.3379296875 0.2920104167 0.1046250000 0.0637708333
1 0.4451875000 0.2741562500 0.0475937500 0.0491041667
1 0.5227578125 0.2361041667 0.0476015625 0.0482812500
1 0.5140468750 0.2843958333 0.0707968750 0.0504166667
1 0.6114911081 0.2536496350 0.0164158687 0.0583941606
1 0.6364921875 0.2553437500 0.0337109375 0.0594583333
1 0.7028281250 0.2398750000 0.0705859375 0.0462187500
1 0.7716171875 0.2719166667 0.0725703125 0.0935729167
2 0.3171953125 0.3476145833 0.0713750000 0.0491250000
1 0.3715781250 0.3479062500 0.0391718750 0.0501666667
1 0.4339921875 0.3222187500 0.0678984375 0.0506979167
1 0.4954140625 0.3400625000 0.0406484375 0.0608541667
1 0.5323125000 0.3402708333 0.0356640625 0.0618125000
3 0.6139687500 0.3553958333 0.0226484375 0.0235729167
3 0.5902500000 0.3555312500 0.0228437500 0.0265937500
1 0.6112109375 0.3129479167 0.0175078125 0.0598229167
1 0.6370000000 0.3154375000 0.0356718750 0.0575833333
3 0.6372890625 0.3555104167 0.0243750000 0.0212083333
1 0.7006250000 0.3049687500 0.0700078125 0.0924062500
1 0.7697187500 0.3423333333 0.0729687500 0.0378229167
7 0.2740546875 0.8317916667 0.0224843750 0.0450833333
7 0.2552968750 0.8855520833 0.0228359375 0.0477916667
7 0.2565703125 0.9226354167 0.0196953125 0.0220000000
