2 0.1881250000 0.0515625000 0.0847916667 0.0979687500
2 0.2783333333 0.0710937500 0.1043750000 0.1123437500
1 0.3708333333 0.0667187500 0.0650000000 0.0776562500
1 0.4352083333 0.0753125000 0.0652083333 0.0887500000
1 0.4950000000 0.0804687500 0.0766666667 0.1146875000
1 0.5668750000 0.1051562500 0.0877083333 0.1126562500
7 0.8422916667 0.1140625000 0.0637500000 0.0195312500
1 0.1941666667 0.2117187500 0.1016666667 0.0926562500
1 0.2856250000 0.2245312500 0.0883333333 0.0937500000
1 0.3706250000 0.2271875000 0.0725000000 0.0845312500
1 0.4439583333 0.2314062500 0.0766666667 0.0920312500
1 0.5125000000 0.2165625000 0.0693750000 0.0443750000
7 0.8260416667 0.2192187500 0.0404166667 0.0256250000
1 0.5145833333 0.2526562500 0.0639583333 0.0514062500
7 0.8620833333 0.2410937500 0.0402083333 0.0318750000
5 0.9008333333 0.2634375000 0.0525000000 0.0234375000
5 0.9025000000 0.2895312500 0.0483333333 0.0335937500
1 0.2849791667 0.3400468750 0.0748958333 0.0598281250
1 0.3660312500 0.3405000000 0.0875000000 0.0586953125
1 0.4500416667 0.3434375000 0.0762395833 0.0571093750
1 0.5190833333 0.3460937500 0.0596250000 0.0541796875
1 0.1990520833 0.3868046875 0.0839270833 0.0234687500
1 0.1950000000 0.4198437500 0.0789583333 0.0412500000
1 0.2883211679 0.4021887825 0.0894160584 0.0492476060
1 0.3618750000 0.4096875000 0.0606250000 0.0356250000
1 0.4306250000 0.4145312500 0.0785416667 0.0484375000
1 0.5002083333 0.4206250000 0.0627083333 0.0393750000
5 0.8593750000 0.3764062500 0.0543750000 0.0498437500
5 0.9095833333 0.3815625000 0.0570833333 0.0550000000
3 0.2060416667 0.4682812500 0.1039583333 0.0390625000
1 0.2993750000 0.4715625000 0.0837500000 0.0495312500
1 0.3886861314 0.4746922025 0.0821167883 0.0533515732
1 0.4564583333 0.4931250000 0.0625000000 0.0887500000
1 0.5595833333 0.4932812500 0.0545833333 0.0851562500
1 0.5104166667 0.4928125000 0.0541666667 0.0867187500
1 0.5977083333 0.4946875000 0.0404166667 0.0854687500
5 0.8988020833 0.4791484375 0.0549687500 0.0813515625
3 0.1764583333 0.5428125000 0.0562500000 0.0359375000
3 0.2058333333 0.5037500000 0.1050000000 0.0404687500
3 0.2289583333 0.5407812500 0.0500000000 0.0345312500
1 0.2981250000 0.5253125000 0.0883333333 0.0528125000
1 0.3812500000 0.5340625000 0.0808333333 0.0529687500
5 0.8162916667 0.6253593750 0.0530312500 0.0217734375
5 0.8306250000 0.5834375000 0.0225000000 0.0209375000
5 0.8877083333 0.6240625000 0.0479166667 0.0232812500
5 0.8967395833 0.5896953125 0.0384895833 0.0451093750
5 0.8632291667 0.5913593750 0.0381354167 0.0451250000
1 0.1881250000 0.6603125000 0.0747916667 0.1103125000
1 0.2589583333 0.6546875000 0.0656250000 0.1090625000
1 0.3195833333 0.6492187500 0.0679166667 0.1067187500
1 0.3800000000 0.6450000000 0.0622916667 0.1035937500
1 0.4710416667 0.6400000000 0.1297916667 0.1004687500
1 0.5889583333 0.6356250000 0.1229166667 0.0951562500
5 0.8227500000 0.6669375000 0.0548750000 0.0226875000
5 0.8031250000 0.6454687500 0.0227083333 0.0185937500
5 0.8291666667 0.6450000000 0.0270833333 0.0212500000
5 0.8708333333 0.6457812500 0.0258333333 0.0217187500
5 0.8473229167 0.6339062500 0.0099166667 0.0405390625
5 0.9029166667 0.6448437500 0.0247916667 0.0232812500
