1 0.2374377593 0.0960781250 0.0875622407 0.0746796875
2 0.1562136929 0.1041250000 0.0777593361 0.1269453125
1 0.3059854772 0.1161406250 0.0546784232 0.0995468750
1 0.3580082988 0.1230781250 0.0567012448 0.1000468750
1 0.4086307054 0.1308906250 0.0476763485 0.0970703125
1 0.4562759336 0.1356718750 0.0477904564 0.0921328125
7 0.5647302905 0.1479687500 0.0311203320 0.0831250000
2 0.5065975104 0.1369296875 0.0557365145 0.0774375000
7 0.7304979253 0.1450000000 0.0417012448 0.0345312500
7 0.7740663900 0.1507812500 0.0408713693 0.0290625000
7 0.8153526971 0.1575000000 0.0441908714 0.0329687500
7 0.8549792531 0.1615625000 0.0431535270 0.0273437500
1 0.1424585062 0.2203125000 0.0645435685 0.0725546875
1 0.2058091286 0.2242421875 0.0593257261 0.0725546875
1 0.2629979253 0.2296093750 0.0493568465 0.0646875000
7 0.7107883817 0.1895312500 0.0367219917 0.0335937500
7 0.7448132780 0.2010937500 0.0269709544 0.0260937500
7 0.7989626556 0.1978125000 0.0410788382 0.0314062500
7 0.8993775934 0.1929687500 0.0450207469 0.0784375000
7 0.8550933610 0.1955703125 0.0404356846 0.0362265625
1 0.3151970954 0.2380078125 0.0512551867 0.0657656250
1 0.3643153527 0.2428281250 0.0460373444 0.0618281250
1 0.4131950207 0.2494453125 0.0488796680 0.0636171875
1 0.4575726141 0.2560546875 0.0389107884 0.0668359375
1 0.5470954357 0.2579687500 0.0518672199 0.0534375000
1 0.5002800830 0.2621328125 0.0398651452 0.0654062500
5 0.5949688797 0.2689218750 0.0477800830 0.0634531250
5 0.6425622407 0.2766171875 0.0466804979 0.0541093750
5 0.6883402490 0.2777109375 0.0426763485 0.0563125000
5 0.7328319502 0.2819687500 0.0463174274 0.0587812500
5 0.7776970954 0.2858203125 0.0412136929 0.0543906250
5 0.8170850622 0.2990000000 0.0353734440 0.0615312500
1 0.1400207469 0.3206171875 0.0679564315 0.0409296875
1 0.1384128631 0.3542812500 0.0750311203 0.0398281250
1 0.2108713693 0.3602343750 0.0713070539 0.0396875000
1 0.2081016598 0.3263515625 0.0704253112 0.0337031250
1 0.2765871369 0.3644375000 0.0629045643 0.0354765625
1 0.2744813278 0.3319453125 0.0634336100 0.0339218750
1 0.3363796680 0.3392343750 0.0625207469 0.0347734375
1 0.3962655602 0.3475000000 0.0556016598 0.0354687500
1 0.4940456432 0.3540312500 0.0493672199 0.0355781250
1 0.4468879668 0.3510937500 0.0481327801 0.0335937500
1 0.5416078838 0.3584843750 0.0483817427 0.0292500000
5 0.8500933610 0.3035312500 0.0328215768 0.0596093750
0 0.8900414938 0.3053125000 0.0475103734 0.0609375000
0 0.9435684647 0.3089062500 0.0475103734 0.0578125000
0 0.9828941909 0.3138046875 0.0340560166 0.0575234375
1 0.1365145228 0.3914062500 0.0732365145 0.0360937500
1 0.2099585062 0.3951562500 0.0711618257 0.0393750000
1 0.2768153527 0.4010781250 0.0618360996 0.0446093750
1 0.3392116183 0.3706250000 0.0570539419 0.0362500000
1 0.3385892116 0.4089062500 0.0558091286 0.0404687500
1 0.3910788382 0.4153125000 0.0502074689 0.0396875000
1 0.3921161826 0.3809375000 0.0506224066 0.0343750000
1 0.4910788382 0.4212500000 0.0468879668 0.0323437500
1 0.4909958506 0.3875937500 0.0482261411 0.0352968750
1 0.4394190871 0.4225000000 0.0493775934 0.0396875000
1 0.4427385892 0.3850000000 0.0493775934 0.0384375000
1 0.5406950207 0.3904687500 0.0473858921 0.0364531250
1 0.5354771784 0.4278125000 0.0491701245 0.0354687500
5 0.5903526971 0.4259062500 0.0640663900 0.0313125000
5 0.5931431535 0.3798984375 0.0565352697 0.0629062500
5 0.6491286307 0.3860781250 0.0539834025 0.0598828125
5 0.7040248963 0.3885468750 0.0521576763 0.0609765625
5 0.7570954357 0.3952812500 0.0517946058 0.0656484375
0 0.8163900415 0.3931250000 0.0224066390 0.0232812500
0 0.8570539419 0.4021875000 0.0632780083 0.0598437500
0 0.8999792531 0.3895468750 0.0358402490 0.0336796875
0 0.9387344398 0.3922031250 0.0416597510 0.0334531250
0 0.9246887967 0.4292187500 0.0643153527 0.0221875000
0 0.9790456432 0.3935937500 0.0406639004 0.0306250000
1 0.1843672199 0.4715156250 0.0655082988 0.0390781250
1 0.2969605809 0.4788437500 0.0512759336 0.0361406250
1 0.2424896266 0.4743671875 0.0582468880 0.0397578125
1 0.3524688797 0.4799062500 0.0569190871 0.0340078125
1 0.4093879668 0.4845156250 0.0569190871 0.0347187500
1 0.4677178423 0.4853984375 0.0550414938 0.0322421875
1 0.5218153527 0.4889453125 0.0522199170 0.0336562500
5 0.6132053942 0.4918281250 0.0404875519 0.0285703125
5 0.5701659751 0.4908671875 0.0426763485 0.0315859375
5 0.6480394191 0.4374453125 0.0539834025 0.0433984375
5 0.6947199170 0.4951250000 0.0408506224 0.0258203125
5 0.6544190871 0.4929296875 0.0390248963 0.0280156250
5 0.7375829876 0.4963671875 0.0390248963 0.0244453125
5 0.7043879668 0.4392265625 0.0521576763 0.0381796875
5 0.7771473029 0.4984218750 0.0364730290 0.0252734375
1 0.1795954357 0.5086406250 0.0725414938 0.0377968750
1 0.1719294606 0.5461015625 0.0681327801 0.0417578125
1 0.2323132780 0.5503437500 0.0613381743 0.0388750000
1 0.2372614108 0.5115859375 0.0632987552 0.0379843750
1 0.2870331950 0.5501718750 0.0557053942 0.0399531250
1 0.2903811252 0.5157318741 0.0508166969 0.0369357045
1 0.3489419087 0.5171093750 0.0555082988 0.0361406250
1 0.4065663900 0.5226015625 0.0569190871 0.0379062500
1 0.4663070539 0.5226015625 0.0550414938 0.0357812500
1 0.5211099585 0.5238437500 0.0508091286 0.0347187500
5 0.5719709544 0.5210937500 0.0436929461 0.0277421875
5 0.6124792531 0.5212265625 0.0419398340 0.0280156250
5 0.6538692946 0.5215000000 0.0408506224 0.0274687500
5 0.6358195021 0.5535000000 0.0711203320 0.0370859375
5 0.6952697095 0.5232812500 0.0404875519 0.0271953125
5 0.6948651452 0.5550703125 0.0438381743 0.0329609375
5 0.7404979253 0.5547343750 0.0426763485 0.0291171875
5 0.7377593361 0.5247968750 0.0423132780 0.0280156250
5 0.7783402490 0.5589765625 0.0427697095 0.0348593750
5 0.7781431535 0.5260546875 0.0388589212 0.0298906250
5 0.8143568465 0.5040546875 0.0342842324 0.0315859375
5 0.8143568465 0.5370156250 0.0350103734 0.0326875000
0 0.8507261411 0.5170781250 0.0408817427 0.0552656250
0 0.8911514523 0.5218593750 0.0390041494 0.0606796875
0 0.9315352697 0.5107812500 0.0431950207 0.0311484375
0 0.9777904564 0.5117031250 0.0444190871 0.0316093750
0 0.9711099585 0.5606250000 0.0577800830 0.0243750000
3 0.1523029046 0.6138046875 0.0390248963 0.0487109375
3 0.1906639004 0.6019843750 0.0380082988 0.0224140625
1 0.2288381743 0.6230078125 0.0478630705 0.0629218750
3 0.1892531120 0.6251328125 0.0349066390 0.0246640625
1 0.2705290456 0.6241093750 0.0451659751 0.0648828125
1 0.3094087137 0.6247500000 0.0442116183 0.0639140625
1 0.3475207469 0.6253828125 0.0417427386 0.0633593750
1 0.4202385892 0.6254453125 0.0343464730 0.0620781250
1 0.3849377593 0.6249140625 0.0378008299 0.0628359375
1 0.4921887967 0.6267421875 0.0353734440 0.0615625000
1 0.4554460581 0.6257031250 0.0333195021 0.0600078125
1 0.5261929461 0.6271328125 0.0326244813 0.0602734375
1 0.5572821577 0.6271328125 0.0302282158 0.0582031250
5 0.6071887967 0.6062343750 0.0226141079 0.0156562500
5 0.5831120332 0.6223046875 0.0204253112 0.0175781250
5 0.5838485477 0.6052734375 0.0211514523 0.0126328125
5 0.6079149378 0.6257421875 0.0248029046 0.0217031250
5 0.6330809129 0.6265625000 0.0218879668 0.0178515625
5 0.6609854772 0.6072031250 0.0222510373 0.0148359375
5 0.6945435685 0.6087109375 0.0426763485 0.0151093750
5 0.6947199170 0.6268359375 0.0444917012 0.0206015625
5 0.6573340249 0.6272500000 0.0237033195 0.0181328125
5 0.6343568465 0.6070625000 0.0244398340 0.0151093750
5 0.7412240664 0.6091250000 0.0463174274 0.0148359375
5 0.7415871369 0.6291718750 0.0470539419 0.0181328125
5 0.7837136929 0.6298593750 0.0320954357 0.0568593750
5 0.8192738589 0.6315078125 0.0375622407 0.0557578125
0 0.8910995851 0.5692656250 0.0376763485 0.0336796875
7 0.9510995851 0.6263828125 0.0188070539 0.0370312500
7 0.9313589212 0.6298281250 0.0174585062 0.0447187500
3 0.1504668050 0.6491562500 0.0401556017 0.0241484375
3 0.1872510373 0.6498906250 0.0344605809 0.0235312500
5 0.6325414938 0.6475781250 0.0229771784 0.0186796875
5 0.5829356846 0.6423593750 0.0200622407 0.0175781250
5 0.6319917012 0.6677656250 0.0226141079 0.0184062500
5 0.6062759336 0.6478515625 0.0237033195 0.0186796875
5 0.6050000000 0.6683203125 0.0269917012 0.0189531250
5 0.6927178423 0.6485390625 0.0448651452 0.0189531250
5 0.6551452282 0.6677656250 0.0215145228 0.0178515625
5 0.6567946058 0.6477187500 0.0240767635 0.0189531250
5 0.7408609959 0.6485390625 0.0485062241 0.0195000000
5 0.7362966805 0.6683203125 0.0459543568 0.0189531250
7 0.8608298755 0.6361015625 0.0472821577 0.0621171875
7 0.9524481328 0.6641250000 0.0198858921 0.0352031250
7 0.9030082988 0.6347812500 0.0370746888 0.0550390625
7 0.9766286307 0.6344765625 0.0295539419 0.0532109375
1 0.3084647303 0.7647578125 0.0934647303 0.0699453125
1 0.3961514523 0.7606328125 0.0888485477 0.0653515625
1 0.4799792531 0.7578281250 0.0848029046 0.0637578125
1 0.5533195021 0.7507812500 0.0632780083 0.0521875000
2 0.6073443983 0.7624843750 0.0435684647 0.0750078125
7 0.6783713693 0.7522265625 0.0316597510 0.0571171875
7 0.6451141079 0.7517656250 0.0314107884 0.0580390625
7 0.7645643154 0.7510234375 0.0689834025 0.0606562500
7 0.7139522822 0.7512968750 0.0346058091 0.0571171875
4 0.8195539419 0.7550468750 0.0391908714 0.0685781250
4 0.8950933610 0.7547109375 0.0451556017 0.0672968750
4 0.8558091286 0.7506250000 0.0375518672 0.0585937500
4 0.9562033195 0.7495937500 0.0282468880 0.0586640625
4 0.9296887967 0.7501484375 0.0282053942 0.0587968750
7 0.9849481328 0.7258828125 0.0301037344 0.0086953125
7 0.9824896266 0.7509609375 0.0253215768 0.0195859375
2 0.1142946058 0.7792343750 0.1110684647 0.0923828125
1 0.2140560166 0.7726875000 0.0997406639 0.0848046875
1 0.2980082988 0.8259218750 0.0929253112 0.0630234375
1 0.3837655602 0.8204921875 0.0855290456 0.0612656250
1 0.4655601660 0.8165625000 0.0825726141 0.0610937500
1 0.5510373444 0.8046875000 0.0645228216 0.0576562500
2 0.6055290456 0.8195234375 0.0440871369 0.0335937500
7 0.6587344398 0.8097109375 0.0591493776 0.0548984375
7 0.7229149378 0.8080468750 0.0657780083 0.0541562500
7 0.7844398340 0.8115625000 0.0319502075 0.0600000000
7 0.9793672199 0.7692421875 0.0218464730 0.0195859375
2 0.1045539419 0.8585312500 0.1005809129 0.0452812500
1 0.2028215768 0.8517421875 0.1027489627 0.0770937500
