1 0.0459375000 0.2327083333 0.0918750000 0.1150000000
1 0.1373437500 0.2322916667 0.0965625000 0.1129166667
1 0.4281250000 0.2116666667 0.0446875000 0.0610416667
1 0.3801562500 0.2100000000 0.0476562500 0.0608333333
1 0.2823437500 0.2337500000 0.1089062500 0.1031250000
1 0.4295312500 0.2722916667 0.0465625000 0.0666666667
1 0.3820312500 0.2735416667 0.0489062500 0.0677083333
1 0.4928125000 0.2737500000 0.0467187500 0.0560416667
1 0.5409375000 0.2714583333 0.0439062500 0.0460416667
1 0.0434375000 0.3479166667 0.0868750000 0.1160416667
1 0.1287500000 0.3450000000 0.1026562500 0.1179166667
8 0.2759375000 0.3322916667 0.1201562500 0.0839583333
1 0.4303125000 0.3441666667 0.0470312500 0.0668750000
1 0.3816093750 0.3411458333 0.0484296875 0.0636145833
1 0.4935937500 0.3418750000 0.0448437500 0.0589583333
1 0.5404687500 0.3354166667 0.0484375000 0.0556250000
1 0.6185937500 0.3608333333 0.0453125000 0.0610416667
1 0.6665625000 0.3635416667 0.0471875000 0.0583333333
8 0.2817187500 0.4281250000 0.1073437500 0.0931250000
1 0.4306250000 0.4095833333 0.0479687500 0.0637500000
1 0.3796875000 0.4110416667 0.0506250000 0.0677083333
1 0.4964062500 0.4070833333 0.0482812500 0.0645833333
1 0.5453125000 0.4054166667 0.0518750000 0.0666666667
1 0.7264062500 0.3756250000 0.0259375000 0.0606250000
1 0.8846875000 0.4289583333 0.0532812500 0.1393750000
1 0.0369140625 0.4668750000 0.0738281250 0.1254166667
1 0.1192187500 0.4666666667 0.1048437500 0.1256250000
1 0.4328125000 0.4818750000 0.0504687500 0.0670833333
1 0.3818750000 0.4800000000 0.0512500000 0.0702083333
1 0.5003125000 0.4760416667 0.0498437500 0.0639583333
1 0.5498437500 0.4733333333 0.0514062500 0.0614583333
1 0.6207812500 0.4381250000 0.0467187500 0.0745833333
1 0.6690234375 0.4343333333 0.0485546875 0.0745833333
1 0.2853125000 0.5545833333 0.0932812500 0.0545833333
1 0.2871875000 0.5022916667 0.0923437500 0.0508333333
1 0.3795312500 0.5522916667 0.0556250000 0.0702083333
1 0.4329687500 0.5564583333 0.0518750000 0.0708333333
1 0.5535937500 0.5452083333 0.0543750000 0.0693750000
1 0.5021875000 0.5441666667 0.0492187500 0.0708333333
1 0.6256250000 0.5122916667 0.0487500000 0.0760416667
1 0.6745312500 0.5091666667 0.0468750000 0.0766666667
1 0.7437500000 0.5583333333 0.0556250000 0.0820833333
1 0.8014062500 0.5641666667 0.0490625000 0.0812500000
1 0.0349218750 0.6005104167 0.0698437500 0.1388958333
1 0.1108906250 0.5964062500 0.1085078125 0.1358958333
1 0.2837500000 0.6070833333 0.0967187500 0.0547916667
1 0.3779687500 0.6264583333 0.0565625000 0.0725000000
1 0.4323437500 0.6281250000 0.0514062500 0.0708333333
1 0.5560937500 0.6183333333 0.0542187500 0.0679166667
1 0.5048437500 0.6158333333 0.0506250000 0.0762500000
1 0.6221875000 0.5935416667 0.0567187500 0.0806250000
1 0.6785937500 0.5902083333 0.0564062500 0.0810416667
1 0.9039062500 0.5787500000 0.0760937500 0.1502083333
1 0.2822500000 0.6644895833 0.0978046875 0.0593541667
1 0.5057812500 0.6958333333 0.0540625000 0.0797916667
1 0.5596875000 0.6935416667 0.0539062500 0.0775000000
1 0.6340625000 0.6775000000 0.0510937500 0.0845833333
1 0.6876562500 0.6756250000 0.0553125000 0.0860416667
1 0.7525000000 0.6518750000 0.0654687500 0.0862500000
1 0.8121875000 0.6510416667 0.0570312500 0.0875000000
1 0.8778125000 0.6460416667 0.0600000000 0.0862500000
1 0.9303125000 0.6733333333 0.0514062500 0.0275000000
4 0.0923515625 0.7024375000 0.1272421875 0.0742291667
3 0.2931250000 0.7158333333 0.0723437500 0.0502083333
3 0.2730546875 0.7657708333 0.0390078125 0.0499375000
3 0.3093984375 0.7614166667 0.0351953125 0.0497083333
1 0.3754687500 0.7056250000 0.0542187500 0.0745833333
1 0.4309375000 0.7029166667 0.0557812500 0.0762500000
1 0.6925000000 0.7654166667 0.0550000000 0.0875000000
1 0.6350000000 0.7658333333 0.0593750000 0.0904166667
1 0.7573437500 0.7472916667 0.0562500000 0.0931250000
1 0.8175000000 0.7514583333 0.0614062500 0.0966666667
1 0.8656250000 0.7450000000 0.0445312500 0.0916666667
4 0.0867187500 0.7738750000 0.1309609375 0.0769479167
3 0.2708618331 0.8175182482 0.0383036936 0.0547445255
3 0.3070000000 0.8137500000 0.0377500000 0.0586041667
1 0.3735937500 0.7833333333 0.0567187500 0.0797916667
1 0.4307812500 0.7820833333 0.0557812500 0.0768750000
1 0.5628125000 0.7754166667 0.0568750000 0.0797916667
1 0.5079687500 0.7768750000 0.0551562500 0.0825000000
4 0.0798281250 0.8482083333 0.1340781250 0.0809791667
5 0.2893750000 0.8962812500 0.0593906250 0.0472395833
5 0.4268359375 0.8781250000 0.0717031250 0.0556562500
5 0.5116953125 0.8904583333 0.0539609375 0.0938437500
5 0.5639296875 0.8874583333 0.0513203125 0.0926250000
5 0.6450000000 0.8857083333 0.0554609375 0.0868854167
5 0.7007031250 0.8825937500 0.0463125000 0.0824895833
5 0.8146562500 0.8819479167 0.0574921875 0.1060729167
4 0.0744453125 0.9238229167 0.1360937500 0.0815416667
5 0.2415234375 0.9301250000 0.0290468750 0.0829895833
5 0.2890234375 0.9488854167 0.0597890625 0.0511875000
5 0.3698984375 0.9555729167 0.0417890625 0.0877812500
5 0.4105703125 0.9515833333 0.0357734375 0.0848020833
5 0.4469921875 0.9519166667 0.0293906250 0.0867812500
5 0.6489531250 0.9652604167 0.0483046875 0.0694791667
5 0.7030937500 0.9638750000 0.0519140625 0.0722395833
5 0.7620468750 0.9665937500 0.0568203125 0.0617708333
4 0.0678828125 0.9789687500 0.1320546875 0.0416354167
5 0.3027500000 0.9858645833 0.0316484375 0.0282708333
5 0.5090078125 0.9708958333 0.0552187500 0.0581979167
5 0.5642968750 0.9692395833 0.0537421875 0.0615208333
5 0.8134062500 0.9696041667 0.0448906250 0.0607916666
