0 0.3802226562 0.0280429688 0.0248242188 0.0560820312
0 0.4181992187 0.0254150391 0.0505390625 0.0508300781
0 0.5311718750 0.0167968750 0.0445312500 0.0335937500
0 0.6280000000 0.0163789062 0.0505039063 0.0327539063
0 0.5774218750 0.0147851562 0.0506250000 0.0295703125
0 0.2306757812 0.0399218750 0.0306640625 0.0609804688
0 0.2672031250 0.0376718750 0.0440585937 0.0643984375
0 0.4090781250 0.0962773437 0.0755078125 0.0671953125
0 0.5600742187 0.0626953125 0.0849921875 0.0737187500
0 0.6271445313 0.0646406250 0.0526914063 0.0649648438
7 0.7376523437 0.0349023438 0.0853515625 0.0698007812
7 0.8854843750 0.0416445313 0.0924296875 0.0832890625
0 0.2415781250 0.1651679688 0.0396562500 0.0536562500
0 0.2838789063 0.1636406250 0.0514648438 0.0571328125
0 0.2341406250 0.1041835937 0.0261953125 0.0641953125
0 0.2687421875 0.1031523437 0.0445507812 0.0644453125
0 0.3840585938 0.1444414063 0.0289882812 0.0632265625
0 0.5273437500 0.1303125000 0.0437500000 0.0718750000
0 0.5755898437 0.1301523438 0.0540078125 0.0698906250
7 0.7321367187 0.1165781250 0.0929648438 0.0967265625
7 0.8754335937 0.1278125000 0.0995156250 0.0973164062
0 0.2437734375 0.2210117187 0.0334218750 0.0560742188
0 0.2838984375 0.2198085938 0.0492265625 0.0538398438
0 0.4058242188 0.2021953125 0.0665781250 0.0669375000
0 0.5497343750 0.1961328125 0.0823671875 0.0655507812
7 0.7148984375 0.2123320313 0.0863359375 0.0775664063
7 0.8674296875 0.2226796875 0.1035625000 0.0948789063
0 0.2669257812 0.2761875000 0.0753164063 0.0552500000
0 0.4116289063 0.2681523438 0.0768554688 0.0687656250
0 0.5473710937 0.2577148437 0.0816015625 0.0649531250
0 0.6104765625 0.2594335937 0.0421250000 0.0558828125
7 0.7151523438 0.2928945312 0.0911679687 0.0900156250
7 0.8580312500 0.2920468750 0.0841640625 0.0488046875
0 0.2690625000 0.3315625000 0.0710937500 0.0549218750
0 0.3887578125 0.3329726562 0.0266601562 0.0595312500
0 0.4272421875 0.3335429688 0.0502109375 0.0623046875
0 0.5258828125 0.3193359375 0.0401523437 0.0573125000
0 0.5738242188 0.3177656250 0.0540625000 0.0578398437
7 0.7099863201 0.3597811218 0.0861833105 0.0465116279
7 0.8492773437 0.3404296875 0.0795585938 0.0443554687
1 0.2750312500 0.4276562500 0.0701093750 0.0454453125
1 0.2731328125 0.3817539062 0.0714804687 0.0464570313
0 0.4010117187 0.3885937500 0.0268242188 0.0523554687
1 0.5262812500 0.4261914062 0.0410078125 0.0522539063
0 0.5501445312 0.3756992188 0.0887343750 0.0546132812
1 0.5710585938 0.4293046875 0.0484140625 0.0522304688
1 0.7007031250 0.4021093750 0.0810937500 0.0382031250
1 0.8463281250 0.4162500000 0.1214062500 0.0920312500
1 0.2759960938 0.4719531250 0.0634414062 0.0406250000
1 0.4076607387 0.4883720930 0.0766073871 0.0492476060
1 0.4061445313 0.4386171875 0.0803242187 0.0528398438
1 0.5233242188 0.4774335937 0.0378437500 0.0489492187
1 0.5658593750 0.4801523438 0.0478320313 0.0505781250
1 0.6964062500 0.4389062500 0.0843750000 0.0377343750
1 0.6947656250 0.4772656250 0.0813281250 0.0396875000
1 0.2770078125 0.5106250000 0.0722851562 0.0403085938
1 0.2755000000 0.5494492187 0.0719335938 0.0462773437
1 0.4064921875 0.5336679687 0.0780312500 0.0488906250
1 0.5279765625 0.5293203125 0.0403789062 0.0542929688
1 0.5705000000 0.5320898438 0.0446250000 0.0527031250
1 0.6880117188 0.5459648437 0.0814843750 0.0367695313
1 0.6909101562 0.5133945313 0.0827656250 0.0376171875
1 0.8211796875 0.5058828125 0.0771679688 0.0905742188
1 0.2789765625 0.6048476563 0.0676992188 0.0778593750
1 0.4083593750 0.5775000000 0.0735078125 0.0489062500
1 0.4114375000 0.6259062500 0.0813398437 0.0531054687
1 0.5212148438 0.6307500000 0.0384804687 0.0413554687
1 0.5266757866 0.5827633379 0.0451436389 0.0533515732
1 0.5714140625 0.5859062500 0.0479296875 0.0543945313
1 0.6872851562 0.6150976563 0.0669140625 0.0328242188
1 0.6905781250 0.5826406250 0.0698710938 0.0371953125
1 0.8123750000 0.5898828125 0.0793242188 0.0874062500
1 0.2957500000 0.6951132813 0.0912968750 0.0430351562
1 0.2954856361 0.6580027360 0.0902872777 0.0396716826
1 0.4122890625 0.6723164062 0.0690781250 0.0559531250
1 0.5204960938 0.6759804687 0.0326367187 0.0480351563
1 0.5551953125 0.6812460938 0.0375312500 0.0500976562
1 0.5644218750 0.6355312500 0.0478437500 0.0468359375
1 0.5933085938 0.6839062500 0.0400273437 0.0522226563
1 0.6862617187 0.6511914062 0.0695546875 0.0389531250
4 0.6830898438 0.6868867188 0.0812890625 0.0457460938
7 0.7650585937 0.6732656250 0.0258750000 0.0293554687
7 0.7911757812 0.6740976563 0.0313515625 0.0267265625
1 0.7870507813 0.6430468750 0.0637343750 0.0271757812
7 0.8184882813 0.6994570312 0.0539726562 0.0262656250
7 0.7722382812 0.6984296875 0.0458242187 0.0253945312
7 0.8186718750 0.6736054688 0.0252695312 0.0310234375
7 0.2995625000 0.7363828125 0.0834921875 0.0550390625
1 0.4113437500 0.7593632812 0.0742890625 0.0542187500
1 0.4084414062 0.7175039062 0.0698867188 0.0573515625
1 0.5209140625 0.7231210937 0.0301289062 0.0473007812
1 0.5535898438 0.7293906250 0.0392148437 0.0472343750
1 0.5910703125 0.7335546875 0.0412929687 0.0538046875
4 0.6794179688 0.7271523438 0.0835625000 0.0436250000
4 0.6754570313 0.7632968750 0.0808867187 0.0408320312
7 0.8206250000 0.7169335937 0.0474335938 0.0222070313
7 0.7757773437 0.7481289063 0.0616523437 0.0273867188
7 0.7732421875 0.7236015625 0.0579687500 0.0276757812
7 0.8373632813 0.7518476563 0.0623203125 0.0257578125
7 0.2993593750 0.8149804687 0.0874453125 0.0474843750
7 0.2971054687 0.7753085937 0.0896796875 0.0497539063
7 0.3886367188 0.7984062500 0.0297304687 0.0350000000
7 0.4202187500 0.8039843750 0.0353007812 0.0388359375
7 0.3898867187 0.8263789063 0.0376562500 0.0306406250
7 0.4514453125 0.8194179688 0.0271562500 0.0402539063
1 0.5535351563 0.7790664063 0.0390898438 0.0501210938
7 0.5317070312 0.8159218750 0.0709140625 0.0325664062
1 0.5153984375 0.7727382812 0.0360390625 0.0509570313
4 0.6618945313 0.8267109375 0.0716328125 0.0347500000
4 0.6647851563 0.7949179687 0.0746640625 0.0370429688
7 0.7642617188 0.8155312500 0.0594453125 0.0282656250
7 0.7639257812 0.7932343750 0.0526210938 0.0274335938
7 0.7739921875 0.7723945313 0.0730117188 0.0283164063
7 0.2743750000 0.8478906250 0.0338281250 0.0367968750
7 0.3384960938 0.8484218750 0.0325039063 0.0241718750
7 0.3064140625 0.8517851563 0.0372890625 0.0299804688
7 0.3994528044 0.8618331053 0.0519835841 0.0410396717
7 0.4511914062 0.8623398438 0.0509882812 0.0437968750
4 0.5465312500 0.8437343750 0.0966171875 0.0376757812
4 0.5313437500 0.8708398438 0.0703437500 0.0434726563
4 0.6555976562 0.8796093750 0.0737890625 0.0321367187
4 0.6586250000 0.8554921875 0.0732226563 0.0356992188
7 0.7466757813 0.8804257812 0.0422226562 0.0265273437
7 0.7609140625 0.8387539063 0.0592539062 0.0249335937
7 0.7633378933 0.8590971272 0.0588235294 0.0287277702
7 0.7879492188 0.8828789062 0.0482343750 0.0319609375
7 0.5318085938 0.9036328125 0.0734648438 0.0419921875
7 0.6530625000 0.9040742187 0.0708007812 0.0313125000
7 0.7505820313 0.9241210937 0.0532382812 0.0266367188
7 0.7410820313 0.9402851563 0.0419570313 0.0155703125
7 0.7478515625 0.9025937500 0.0472500000 0.0272773438
7 0.7947539062 0.9018515625 0.0541835937 0.0290468750
