2 0.3172500000 0.1923125000 0.1511796875 0.1275312500
2 0.4732187500 0.2439583333 0.1853984375 0.2459791667
2 0.6015156250 0.2472291667 0.1053359375 0.2508541667
2 0.3342031250 0.3514687500 0.1713203125 0.1961875000
6 0.7215000000 0.3657395833 0.0627421875 0.0417708333
4 0.8789843750 0.3430104167 0.0837265625 0.0443645833
2 0.4967421875 0.4111770833 0.1667500000 0.1188958333
6 0.6877265625 0.4131041667 0.0324140625 0.0362500000
4 0.8767109375 0.3813125000 0.0788203125 0.0474583333
4 0.8753750000 0.4216458333 0.0770000000 0.0444583333
2 0.5110937500 0.4998750000 0.1530000000 0.0988020833
4 0.6219609375 0.4713541667 0.0516796875 0.0383437500
7 0.7568828125 0.4786979167 0.0239609375 0.0248958333
4 0.7019375000 0.4559375000 0.0669296875 0.0351562500
7 0.7567812500 0.4543541667 0.0247265625 0.0259479167
4 0.7019296875 0.4930625000 0.0673515625 0.0364270833
7 0.7796171875 0.4770833333 0.0217421875 0.0283125000
4 0.8776875000 0.4979479167 0.0666718750 0.0388750000
4 0.8749765625 0.4609687500 0.0743671875 0.0398333333
2 0.3644765625 0.5173333333 0.1656093750 0.1770520833
4 0.6246796875 0.5068750000 0.0525625000 0.0340937500
4 0.6265156250 0.5410833333 0.0557812500 0.0345833333
4 0.7010078125 0.5265312500 0.0661406250 0.0352812500
7 0.7611562500 0.5034895833 0.0148671875 0.0241875000
7 0.7624843750 0.5518020833 0.0160625000 0.0242916667
7 0.7623671875 0.5270729167 0.0157578125 0.0253750000
4 0.7031093750 0.5606354167 0.0652187500 0.0352291667
7 0.7806953125 0.5105520833 0.0202109375 0.0384791667
7 0.8755625000 0.5382500000 0.0654687500 0.0346562500
2 0.5211796875 0.5886979167 0.1466484375 0.0851354167
4 0.6291562500 0.5742604167 0.0538671875 0.0299270833
4 0.6321640625 0.6062812500 0.0534531250 0.0312291667
4 0.7050859375 0.5952395833 0.0668984375 0.0360000000
7 0.7636796875 0.5871562500 0.0174609375 0.0454687500
4 0.7075781250 0.6288333333 0.0620937500 0.0340416667
7 0.7825781250 0.5845000000 0.0212656250 0.0453645833
7 0.8026093750 0.6031354167 0.0210078125 0.0461250000
4 0.8751718750 0.6074479167 0.0656406250 0.0352604167
4 0.8765078125 0.5727812500 0.0658828125 0.0357187500
2 0.4000078125 0.6725104167 0.1449765625 0.1575104167
2 0.5319921875 0.6755625000 0.1456406250 0.0831458333
4 0.6365703125 0.6684375000 0.0518671875 0.0294583333
4 0.6347421875 0.6370833333 0.0525546875 0.0318333333
4 0.6410468750 0.6997291667 0.0477109375 0.0292812500
4 0.7069375000 0.6966979167 0.0543750000 0.0345937500
4 0.7054843750 0.6626250000 0.0562734375 0.0350833333
7 0.7650781250 0.6351145833 0.0183359375 0.0508125000
7 0.7667578125 0.6840937500 0.0159765625 0.0505520833
7 0.7827421875 0.6336666667 0.0228125000 0.0513125000
7 0.7841406250 0.6823854167 0.0211250000 0.0489479167
4 0.8749765625 0.6753645833 0.0627265625 0.0324375000
4 0.8756250000 0.6420729167 0.0631093750 0.0340208333
2 0.5415000000 0.7545937500 0.1431562500 0.0762812500
4 0.6465859375 0.7581250000 0.0447343750 0.0271041667
4 0.6430703125 0.7290833333 0.0457578125 0.0295833333
4 0.7095859375 0.7306770833 0.0562187500 0.0355729167
4 0.7106640625 0.7637604167 0.0545468750 0.0323750000
7 0.7851875000 0.7665729167 0.0173750000 0.0366666667
7 0.7680078125 0.7365104167 0.0151718750 0.0563229167
7 0.7854062500 0.7276770833 0.0224375000 0.0426458333
4 0.8746406250 0.7085520833 0.0630468750 0.0347812500
4 0.8749140625 0.7423541667 0.0620312500 0.0334270833
2 0.4244843750 0.8093750000 0.1363281250 0.1331979167
2 0.5487031250 0.8202812500 0.1379765625 0.0818437500
4 0.6497500000 0.7862083333 0.0462109375 0.0280520833
0 0.7150937500 0.8312916667 0.0600859375 0.0423020833
4 0.7121718750 0.7928020833 0.0543359375 0.0261250000
7 0.7700156250 0.7899687500 0.0152890625 0.0514375000
4 0.8737265625 0.7738645833 0.0639687500 0.0359895833
0 0.4882421875 0.8850208333 0.0545468750 0.0302500000
0 0.6347578125 0.8884375000 0.0642656250 0.0366458333
0 0.6399296875 0.8510937500 0.0576718750 0.0406041667
0 0.7161171875 0.8664166667 0.0650625000 0.0356250000
7 0.7878203125 0.8552083333 0.0691093750 0.0620625000
7 0.8799843750 0.8738854167 0.0634687500 0.0533645833
7 0.9750000000 0.8502083333 0.0500000000 0.0529687500
0 0.4189140625 0.9093229167 0.0402265625 0.0420625000
0 0.3698828125 0.9398541667 0.0401640625 0.0450208333
0 0.4027343750 0.9456875000 0.0416562500 0.0370208333
0 0.4803671875 0.9208437500 0.0595156250 0.0369583333
0 0.4685937500 0.9584062500 0.0647343750 0.0380312500
0 0.5536875000 0.9277083333 0.0649843750 0.0436770833
0 0.6317890625 0.9267916667 0.0649609375 0.0438333333
0 0.6275703125 0.9656562500 0.0687968750 0.0409062500
0 0.7181171875 0.9334895833 0.0732968750 0.0444895833
0 0.7184375000 0.9003020833 0.0689296875 0.0423229167
7 0.7922343750 0.9085208333 0.0668515625 0.0582916667
7 0.8914687500 0.9284687500 0.0705781250 0.0606145833
7 0.9860703125 0.9124166667 0.0278359375 0.0690416667
0 0.3560625000 0.9800625000 0.0426250000 0.0398750000
0 0.3915390625 0.9811536458 0.0383359375 0.0376927083
0 0.4608281250 0.9868229167 0.0559375000 0.0263541667
0 0.5443906250 0.9689270833 0.0645546875 0.0478541667
0 0.6251015625 0.9906250000 0.0717187500 0.0187500000
0 0.7163515625 0.9709166667 0.0764218750 0.0508750000
7 0.7994687500 0.9681041667 0.0760156250 0.0637812500
7 0.9035859375 0.9781770833 0.0709921875 0.0436354167
