6 0.1619843750 0.0326666667 0.1461171875 0.0653229167
5 0.3198671875 0.0298645833 0.1033750000 0.0526979167
5 0.6511015625 0.0173645833 0.0673593750 0.0347291667
5 0.3192578125 0.0850000000 0.1033750000 0.0526979167
5 0.4715234375 0.0374375000 0.1125468750 0.0748750000
5 0.5846562500 0.0392812500 0.0626640625 0.0785625000
5 0.5735078125 0.0988541667 0.0361562500 0.0497708333
5 0.6499296875 0.0841875000 0.0691328125 0.1077916667
5 0.7445625000 0.0824791667 0.0289296875 0.0872291667
5 0.7126328125 0.0848645833 0.0381718750 0.0939062500
5 0.8090468750 0.0569583333 0.0700312500 0.1133958333
5 0.9237187500 0.0478229167 0.1525546875 0.0956458333
6 0.1657968750 0.1154270833 0.1317812500 0.0870625000
5 0.3213828125 0.1494583333 0.1003359375 0.0583750000
5 0.4720312500 0.1131250000 0.1117187500 0.0606250000
5 0.8009140625 0.1603125000 0.0740078125 0.0820729167
5 0.9211484375 0.1441666667 0.1507968750 0.1079791667
6 0.0355781250 0.1668958333 0.0711484375 0.1159479167
6 0.1623125000 0.2049791667 0.1357109375 0.1016875000
5 0.3198671875 0.2126979167 0.1033750000 0.0632395833
5 0.4718750000 0.1691666667 0.1121875000 0.0514583333
5 0.5861953125 0.1701875000 0.0500234375 0.0915000000
5 0.6472343750 0.1724479167 0.0751015625 0.0886458333
5 0.7268046875 0.1669687500 0.0758125000 0.0863333333
1 0.6641875000 0.2864687500 0.1518750000 0.1204375000
1 0.0573906250 0.3225520833 0.0979843750 0.0733437500
1 0.1391406250 0.3161250000 0.0688671875 0.0976354167
1 0.2047656250 0.3124375000 0.0654843750 0.0966354167
1 0.2737421875 0.3186458333 0.0718593750 0.1238020833
1 0.3430625000 0.3167395833 0.0679375000 0.1219791667
1 0.4668281250 0.3595104167 0.1371406250 0.0964166667
1 0.0565312500 0.3872708333 0.0998203125 0.0728333333
1 0.1399453125 0.4096875000 0.0687734375 0.0951041667
1 0.2067343750 0.4058333333 0.0668281250 0.0953020833
1 0.2824687500 0.4324479167 0.0756484375 0.1163125000
1 0.3496171875 0.4276770833 0.0608750000 0.1117500000
1 0.6638828125 0.3961770833 0.1481484375 0.1248437500
2 0.8288593750 0.3836354167 0.0885468750 0.1599166667
2 0.9172968750 0.3725729167 0.0895937500 0.1555937500
1 0.0589843750 0.4517916667 0.1010390625 0.0726250000
1 0.2094140625 0.4943854167 0.0641406250 0.0978645833
1 0.4705000000 0.4530520833 0.1372421875 0.0973958333
7 0.9720546875 0.4606250000 0.0377031250 0.1346041667
1 0.0601718750 0.5243541667 0.0988671875 0.0712604167
1 0.1459375000 0.5005729167 0.0671640625 0.0917187500
1 0.2850859375 0.5429166667 0.0733125000 0.1104166667
1 0.3514765625 0.5376041667 0.0626796875 0.1114166667
1 0.4752812500 0.5461875000 0.1370546875 0.1016770833
1 0.6741406250 0.5096250000 0.1536406250 0.1212604167
1 0.0563046875 0.5906458333 0.1126093750 0.0748750000
1 0.1456640625 0.5902395833 0.0652968750 0.0917500000
1 0.2115625000 0.5829687500 0.0674140625 0.0915312500
1 0.6763359375 0.6279270833 0.1545781250 0.1211250000
7 0.9837343750 0.5984166667 0.0325312500 0.1340000000
1 0.0653671875 0.6491562500 0.1007734375 0.0581458333
1 0.1353671875 0.6865520833 0.0775468750 0.1040937500
1 0.2097109375 0.6800937500 0.0818515625 0.1041666667
1 0.2853281250 0.6520520833 0.0707812500 0.1110312500
1 0.3518046875 0.6477604167 0.0659765625 0.1169270833
1 0.4768906250 0.6448333333 0.1405546875 0.1053854167
1 0.0554765625 0.7102291667 0.1109453125 0.0743645833
1 0.2865937500 0.7602916667 0.0704218750 0.1138229167
1 0.3531093750 0.7563958333 0.0689843750 0.1177916667
1 0.4550625000 0.7525937500 0.0691718750 0.1181458333
1 0.5208984375 0.7497291667 0.0681484375 0.1146562500
1 0.6758281250 0.7498125000 0.1506953125 0.1242083333
1 0.8812187500 0.7276875000 0.1385546875 0.1621666667
7 0.9614140625 0.7155729167 0.0366484375 0.1126041667
7 0.9872792969 0.7233750000 0.0254414062 0.1202604167
1 0.0555468750 0.7904583333 0.1110859375 0.0751458333
1 0.1400625000 0.7849375000 0.0691328125 0.0950312500
1 0.2135625000 0.7772708333 0.0765703125 0.1025625000
