3 0.0406250000 0.2786111111 0.0410937500 0.0416666667
2 0.0929453125 0.2683333333 0.0927187500 0.1505416667
1 0.2514062500 0.2555555556 0.0437500000 0.0794444444
1 0.2925000000 0.2597222222 0.0468750000 0.0836111111
1 0.3335937500 0.2647222222 0.0456250000 0.0819444444
1 0.3803125000 0.2691666667 0.0532812500 0.0780555556
1 0.4285937500 0.2736111111 0.0476562500 0.0783333333
7 0.0664062500 0.3586805556 0.0440546875 0.0512777778
7 0.0457812500 0.3161111111 0.0418750000 0.0405555556
2 0.1554375000 0.3021388889 0.0905546875 0.1058055556
1 0.2998437500 0.3344444444 0.0456250000 0.0766666667
1 0.2589062500 0.3308333333 0.0437500000 0.0725000000
1 0.3406250000 0.3375000000 0.0479687500 0.0697222222
1 0.3873437500 0.3436111111 0.0518750000 0.0736111111
1 0.4318750000 0.3488888889 0.0445312500 0.0730555556
1 0.4905781250 0.3312916667 0.0344765625 0.1407083333
1 0.5538515625 0.3293611111 0.0357187500 0.1244722222
1 0.5228906250 0.3333611111 0.0334453125 0.1373194444
1 0.6221953125 0.3312083333 0.0375390625 0.1110000000
1 0.5872265625 0.3294444444 0.0332109375 0.1201527778
1 0.6579609375 0.3374722222 0.0407734375 0.1139305556
1 0.6960546875 0.3347777778 0.0419218750 0.1105277778
1 0.7315937500 0.3555972222 0.0453437500 0.1549722222
1 0.7731484375 0.3589305556 0.0537421875 0.1576111111
7 0.0621875000 0.4238194444 0.0538906250 0.1011527778
7 0.0970781250 0.3669722222 0.0267343750 0.0414027778
7 0.1415312500 0.3728194444 0.0259218750 0.0454305556
7 0.1179140625 0.3702083333 0.0242578125 0.0427638889
7 0.1673984375 0.3764444444 0.0311250000 0.0526666667
7 0.1967421875 0.3773333333 0.0308515625 0.0509861111
7 0.1486015625 0.4425972222 0.0473984375 0.0965555556
7 0.1087812500 0.4394166667 0.0434531250 0.1001666667
7 0.1935859375 0.4474583333 0.0528828125 0.0974722222
1 0.2987031250 0.4613472222 0.0395468750 0.1217500000
1 0.2642109375 0.4537361111 0.0391406250 0.1190972222
1 0.3644062500 0.4467083333 0.0374765625 0.0707777778
1 0.3287421875 0.4616388889 0.0384218750 0.1180694444
1 0.3313437500 0.4961111111 0.0341328125 0.0641805556
1 0.3968828125 0.4493055556 0.0374375000 0.0672083333
1 0.4374062500 0.4520972222 0.0415000000 0.0631805556
7 0.0720390625 0.5417638889 0.0300703125 0.1016944444
7 0.0882812500 0.5467777778 0.0307890625 0.0967638889
7 0.1229218750 0.5504722222 0.0290468750 0.1141111111
7 0.1417578125 0.5626666667 0.0293359375 0.1102777778
7 0.1035312500 0.5533194444 0.0276406250 0.1048611111
1 0.2688203125 0.5630138889 0.0441171875 0.0723750000
1 0.3990156250 0.5139861111 0.0330625000 0.0714305556
1 0.3676015625 0.5071805556 0.0379218750 0.0665000000
1 0.4388671875 0.5188194444 0.0466484375 0.0736250000
1 0.5656250000 0.5175000000 0.0348437500 0.1252777778
1 0.5132812500 0.5069444444 0.0687500000 0.1252777778
1 0.5976562500 0.5194444444 0.0360937500 0.1202777778
1 0.6535937500 0.5297222222 0.0840625000 0.1386111111
1 0.7367187500 0.5505555556 0.0925000000 0.1463888889
7 0.1599609375 0.5666666667 0.0274218750 0.1099583333
7 0.1794609375 0.5709444444 0.0286875000 0.1218055556
7 0.2226328125 0.5808333333 0.0317343750 0.1104444444
7 0.1980703125 0.5722777778 0.0312343750 0.1084861111
1 0.2709062500 0.6219583333 0.0387421875 0.0607777778
1 0.3089375000 0.5774722222 0.0453984375 0.0605972222
1 0.3506093750 0.6105694444 0.0472656250 0.1063750000
1 0.3098125000 0.6327638889 0.0473359375 0.0600972222
1 0.3960937500 0.5980555556 0.0470312500 0.0636111111
1 0.4395312500 0.6052777778 0.0432812500 0.0633333333
1 0.5218750000 0.6238888889 0.0418750000 0.0730555556
7 0.1019687500 0.6667638889 0.0437890625 0.0895972222
7 0.1427890625 0.6731805556 0.0448515625 0.1080972222
7 0.1825859375 0.6910972222 0.0473125000 0.1068611111
1 0.3991796875 0.6573055556 0.0466875000 0.0622222222
1 0.4418750000 0.6647222222 0.0409375000 0.0638888889
1 0.5620503597 0.6357827476 0.0395683453 0.0623003195
1 0.5209375000 0.6858333333 0.0423437500 0.0672222222
1 0.5606250000 0.6961111111 0.0373437500 0.0688888889
1 0.6020312500 0.6500000000 0.0432812500 0.0677777778
1 0.6934375000 0.6686111111 0.0498437500 0.0747222222
1 0.6478125000 0.6602777778 0.0476562500 0.0672222222
1 0.7428125000 0.6688888889 0.0531250000 0.0861111111
7 0.2255078125 0.7010833333 0.0478515625 0.1109861111
1 0.2936718750 0.7164583333 0.0312968750 0.1287083333
1 0.2672968750 0.7113194444 0.0304375000 0.1358194444
1 0.6004687500 0.7094444444 0.0418750000 0.0727777778
1 0.6896796875 0.7410555556 0.0528515625 0.0777083333
1 0.6452265625 0.7213194444 0.0490000000 0.0672638889
1 0.7390703125 0.7442361111 0.0531250000 0.0824583333
1 0.5389218750 0.8024166667 0.0395625000 0.1235833333
1 0.5011484375 0.7886944444 0.0403984375 0.1304027778
1 0.6122890625 0.8282361111 0.0420234375 0.1262777778
1 0.5718046875 0.8192777778 0.0435156250 0.1199722222
1 0.6939218750 0.8585555556 0.0433828125 0.1403888889
1 0.6559921875 0.8499166667 0.0439062500 0.1382638889
1 0.7392656250 0.8686250000 0.0468203125 0.1556527778
1 0.3442187500 0.7183333333 0.0817187500 0.0644444444
1 0.3459375000 0.7705555556 0.0831250000 0.0661111111
1 0.4270312500 0.7972222222 0.0812500000 0.0819444444
1 0.4253125000 0.7408333333 0.0817187500 0.0769444444
