1 0.6347812500 0.1606953125 0.0729583333 0.0546875000
2 0.5266757866 0.2133333333 0.1258549932 0.0553846154
2 0.5268750000 0.1865859375 0.1243541667 0.0559296875
1 0.6380833333 0.1966875000 0.0768854167 0.0564375000
1 0.3660416667 0.2800000000 0.0952083333 0.0415625000
2 0.5036458333 0.2592500000 0.0817291667 0.0604921875
2 0.5070937500 0.2944296875 0.0899583333 0.0459765625
1 0.6439895833 0.2362109375 0.0828750000 0.0625234375
1 0.3610416667 0.3217187500 0.0954166667 0.0371875000
1 0.3647916667 0.3014062500 0.0964583333 0.0357812500
1 0.3616666667 0.3457812500 0.0950000000 0.0379687500
2 0.5815208333 0.3068359375 0.0414062500 0.0350703125
1 0.6483645833 0.3000000000 0.0831250000 0.0594140625
1 0.6556770833 0.3524687500 0.0873541667 0.0677031250
1 0.3540208333 0.3912109375 0.1030937500 0.0301406250
1 0.3508645833 0.4181328125 0.1041770833 0.0377109375
1 0.3564583333 0.3710937500 0.1006250000 0.0417187500
1 0.5010416667 0.4323437500 0.0429166667 0.0410937500
1 0.6936770833 0.4170390625 0.0557604167 0.0348125000
1 0.6392500000 0.4125937500 0.0549583333 0.0384296875
1 0.3265937500 0.4553984375 0.0785520833 0.0433984375
1 0.3213854167 0.4937968750 0.0764062500 0.0441171875
1 0.3853541667 0.4897812500 0.0508437500 0.0457343750
1 0.3893125000 0.4484218750 0.0487812500 0.0381250000
1 0.4562083333 0.4385937500 0.0439479167 0.0410234375
1 0.4576875000 0.4790000000 0.0433541667 0.0433984375
1 0.5029166667 0.4731250000 0.0472916667 0.0421875000
1 0.5575000000 0.4400000000 0.0466666667 0.0421875000
1 0.5597916667 0.4820312500 0.0514583333 0.0376562500
1 0.6413020833 0.4864609375 0.0510625000 0.0450625000
1 0.6950729167 0.4437343750 0.0541145833 0.0255468750
1 0.6946458333 0.4737890625 0.0578854167 0.0426562500
1 0.6401458333 0.4453437500 0.0524270833 0.0404687500
1 0.2929479167 0.5385546875 0.0378333333 0.0381250000
1 0.3191145833 0.5345078125 0.0835416667 0.0424453125
1 0.3877187500 0.5353906250 0.0496250000 0.0447656250
1 0.4834375000 0.5174531250 0.0897083333 0.0489843750
1 0.4881250000 0.5537812500 0.0962916667 0.0434218750
1 0.5620833333 0.5584375000 0.0497916667 0.0482812500
1 0.5577083333 0.5182812500 0.0479166667 0.0398437500
1 0.6443541667 0.5267968750 0.0572500000 0.0451093750
1 0.7017916667 0.5186562500 0.0624895833 0.0469218750
1 0.2871666667 0.5765859375 0.0421458333 0.0440937500
1 0.2775000000 0.6206250000 0.0443750000 0.0437500000
1 0.3308854167 0.5700546875 0.0454270833 0.0407187500
1 0.3168750000 0.6165625000 0.0485416667 0.0473437500
1 0.3850520833 0.6261015625 0.0398437500 0.0472421875
1 0.3878645833 0.5784140625 0.0376666667 0.0419375000
1 0.4617291667 0.5921796875 0.0418229167 0.0379375000
1 0.4833333333 0.6296875000 0.0914583333 0.0485937500
1 0.5110937500 0.5898750000 0.0636458333 0.0413906250
1 0.5733333333 0.6153125000 0.0500000000 0.0443750000
1 0.6589895833 0.6278906250 0.0593750000 0.0531796875
1 0.6486875000 0.5728203125 0.0591875000 0.0548671875
1 0.7183333333 0.6214062500 0.0656250000 0.0514062500
1 0.7097812500 0.5689453125 0.0624687500 0.0573281250
1 0.2724895833 0.6684296875 0.0448958333 0.0484765625
1 0.3360416667 0.6679687500 0.0431250000 0.0479687500
1 0.3885088919 0.6748717949 0.0547195622 0.0512820513
1 0.4597291667 0.6786171875 0.0549791667 0.0532734375
1 0.5052083333 0.6715625000 0.0500000000 0.0473437500
1 0.5733333333 0.6571875000 0.0504166667 0.0454687500
1 0.6651875000 0.6830937500 0.0587916667 0.0617421875
1 0.7308541667 0.6781953125 0.0731979167 0.0592500000
1 0.2651145833 0.7616093750 0.0629375000 0.0520000000
1 0.2717604167 0.7154218750 0.0465208333 0.0456171875
1 0.3213229167 0.7661796875 0.0620104167 0.0532890625
1 0.3279270833 0.7159609375 0.0580104167 0.0469921875
1 0.3835416667 0.7245312500 0.0535416667 0.0503125000
1 0.4922916667 0.7289062500 0.0977083333 0.0551562500
1 0.5750000000 0.7031250000 0.0516666667 0.0496875000
1 0.5839583333 0.7542187500 0.0562500000 0.0537500000
1 0.6667500000 0.7438203125 0.0688437500 0.0615000000
1 0.7359166667 0.7407968750 0.0709687500 0.0664765625
1 0.2588125000 0.8129609375 0.0686250000 0.0552421875
1 0.3105208333 0.8161015625 0.0587395833 0.0525625000
1 0.4464687500 0.7817890625 0.0798854167 0.0548125000
1 0.5160416667 0.7823437500 0.0635416667 0.0512500000
1 0.5852083333 0.8137500000 0.0625000000 0.0618750000
1 0.6733333333 0.8113359375 0.0724062500 0.0689921875
1 0.7433541667 0.8120703125 0.0745416667 0.0712656250
