5 0.0970833333 0.3551562500 0.0247916667 0.0232812500
5 0.1526770833 0.3660937500 0.0099166667 0.0405390625
5 0.1291666667 0.3542187500 0.0258333333 0.0217187500
5 0.1708333333 0.3550000000 0.0270833333 0.0212500000
5 0.1968750000 0.3545312500 0.0227083333 0.0185937500
5 0.1772500000 0.3330625000 0.0548750000 0.0226875000
1 0.4110416667 0.3643750000 0.1229166667 0.0951562500
1 0.5289583333 0.3600000000 0.1297916667 0.1004687500
1 0.6200000000 0.3550000000 0.0622916667 0.1035937500
1 0.6804166667 0.3507812500 0.0679166667 0.1067187500
1 0.7410416667 0.3453125000 0.0656250000 0.1090625000
1 0.8118750000 0.3396875000 0.0747916667 0.1103125000
5 0.1367708333 0.4086406250 0.0381354167 0.0451250000
5 0.1032604167 0.4103046875 0.0384895833 0.0451093750
5 0.1122916667 0.3759375000 0.0479166667 0.0232812500
5 0.1693750000 0.4165625000 0.0225000000 0.0209375000
5 0.1837083333 0.3746406250 0.0530312500 0.0217734375
1 0.6187500000 0.4659375000 0.0808333333 0.0529687500
1 0.7018750000 0.4746875000 0.0883333333 0.0528125000
3 0.7710416667 0.4592187500 0.0500000000 0.0345312500
3 0.7941666667 0.4962500000 0.1050000000 0.0404687500
3 0.8235416667 0.4571875000 0.0562500000 0.0359375000
5 0.1011979167 0.5208515625 0.0549687500 0.0813515625
1 0.4022916667 0.5053125000 0.0404166667 0.0854687500
1 0.4895833333 0.5071875000 0.0541666667 0.0867187500
1 0.4404166667 0.5067187500 0.0545833333 0.0851562500
1 0.5435416667 0.5068750000 0.0625000000 0.0887500000
1 0.6113138686 0.5253077975 0.0821167883 0.0533515732
1 0.7006250000 0.5284375000 0.0837500000 0.0495312500
3 0.7939583333 0.5317187500 0.1039583333 0.0390625000
5 0.0904166667 0.6184375000 0.0570833333 0.0550000000
5 0.1406250000 0.6235937500 0.0543750000 0.0498437500
1 0.4997916667 0.5793750000 0.0627083333 0.0393750000
1 0.5693750000 0.5854687500 0.0785416667 0.0484375000
1 0.6381250000 0.5903125000 0.0606250000 0.0356250000
1 0.7116788321 0.5978112175 0.0894160584 0.0492476060
1 0.8009479167 0.6131953125 0.0839270833 0.0234687500
1 0.4809166667 0.6539062500 0.0596250000 0.0541796875
1 0.5499583333 0.6565625000 0.0762395833 0.0571093750
1 0.6339687500 0.6595000000 0.0875000000 0.0586953125
1 0.7150208333 0.6599531250 0.0748958333 0.0598281250
5 0.0975000000 0.7104687500 0.0483333333 0.0335937500
5 0.0991666667 0.7365625000 0.0525000000 0.0234375000
7 0.1379166667 0.7589062500 0.0402083333 0.0318750000
1 0.4854166667 0.7473437500 0.0639583333 0.0514062500
7 0.1739583333 0.7807812500 0.0404166667 0.0256250000
1 0.4875000000 0.7834375000 0.0693750000 0.0443750000
1 0.5560416667 0.7685937500 0.0766666667 0.0920312500
1 0.6293750000 0.7728125000 0.0725000000 0.0845312500
1 0.7143750000 0.7754687500 0.0883333333 0.0937500000
1 0.8058333333 0.7882812500 0.1016666667 0.0926562500
7 0.1577083333 0.8859375000 0.0637500000 0.0195312500
1 0.4331250000 0.8948437500 0.0877083333 0.1126562500
1 0.5050000000 0.9195312500 0.0766666667 0.1146875000
1 0.5647916667 0.9246875000 0.0652083333 0.0887500000
1 0.6291666667 0.9332812500 0.0650000000 0.0776562500
2 0.7216666667 0.9289062500 0.1043750000 0.1123437500
2 0.8118750000 0.9484375000 0.0847916667 0.0979687500
1 0.8050000000 0.5801562500 0.0789583333 0.0412500000
