1 0.0726770833 0.2230078125 0.0467708333 0.0697812500
1 0.1129375000 0.2238671875 0.0468958333 0.0719531250
1 0.1798958333 0.2261640625 0.0993229167 0.0727656250
1 0.2719166667 0.2283828125 0.0935729167 0.0725703125
1 0.3423333333 0.2302812500 0.0378229167 0.0729687500
1 0.0741562500 0.2935390625 0.0487500000 0.0717265625
1 0.1143750000 0.2941484375 0.0480312500 0.0709062500
1 0.1551562500 0.2960156250 0.0465416667 0.0695781250
1 0.1968854167 0.2958984375 0.0482291667 0.0697109375
1 0.2398750000 0.2971718750 0.0462187500 0.0705859375
1 0.3049687500 0.2993750000 0.0924062500 0.0700078125
1 0.0940937500 0.3576875000 0.0521562500 0.0400546875
1 0.1433333333 0.3623437500 0.0435416667 0.0343750000
1 0.1951666667 0.3626953125 0.0603437500 0.0377578125
1 0.2553437500 0.3635078125 0.0594583333 0.0337109375
1 0.3154375000 0.3630000000 0.0575833333 0.0356718750
3 0.3555104167 0.3627109375 0.0212083333 0.0243750000
1 0.0941666667 0.3973437500 0.0550000000 0.0390625000
1 0.1475104167 0.3993281250 0.0510312500 0.0392109375
1 0.1971770833 0.3995390625 0.0522395833 0.0365390625
3 0.3553958333 0.3860312500 0.0235729167 0.0226484375
1 0.3129479167 0.3887890625 0.0598229167 0.0175078125
3 0.3555312500 0.4097500000 0.0265937500 0.0228437500
1 0.1359270833 0.4771250000 0.0523854167 0.0430000000
1 0.1103645833 0.4399843750 0.0596666667 0.0306640625
1 0.1875416667 0.4788437500 0.0471250000 0.0420468750
1 0.1716979167 0.4418593750 0.0580000000 0.0306640625
1 0.2361041667 0.4772421875 0.0482812500 0.0476015625
1 0.2843958333 0.4859531250 0.0504166667 0.0707968750
1 0.3402708333 0.4676875000 0.0618125000 0.0356640625
1 0.1123645833 0.5524609375 0.0594895833 0.0499843750
1 0.2226666667 0.5546406250 0.0556458333 0.0469140625
1 0.1667916667 0.5535859375 0.0593229167 0.0489531250
1 0.2741562500 0.5548125000 0.0491041667 0.0475937500
1 0.3400625000 0.5045859375 0.0608541667 0.0406484375
1 0.3222187500 0.5660078125 0.0506979167 0.0678984375
1 0.2267708333 0.6275859375 0.0571666667 0.0391171875
1 0.1729479167 0.6239921875 0.0479791667 0.0337968750
1 0.3479062500 0.6284218750 0.0501666667 0.0391718750
1 0.1191250000 0.6383828125 0.0463125000 0.0306640625
1 0.1658541667 0.6584140625 0.0404687500 0.0337968750
1 0.1174583333 0.6692109375 0.0471458333 0.0278515625
1 0.1646354167 0.6962343750 0.0437291667 0.0383593750
1 0.2261145833 0.6821171875 0.0806666667 0.0702421875
2 0.2920104167 0.6620703125 0.0637708333 0.1046250000
2 0.3476145833 0.6828046875 0.0491250000 0.0713750000
1 0.1172500000 0.7003437500 0.0483958333 0.0294140625
8 0.1551250000 0.7521406250 0.0415625000 0.0491328125
8 0.2221875000 0.7516796875 0.0438854167 0.0482265625
8 0.2969687500 0.7514687500 0.0491770833 0.0462187500
7 0.8317916667 0.7259453125 0.0450833333 0.0224843750
7 0.8855520833 0.7447031250 0.0477916667 0.0228359375
7 0.9226354167 0.7434296875 0.0220000000 0.0196953125
1 0.2536496350 0.3885088919 0.0583941606 0.0164158687
