0 0.0652265625 0.1160416667 0.0556875000 0.0474375000
0 0.0470546875 0.1629270833 0.0580781250 0.0588125000
0 0.1204062500 0.1203437500 0.0660625000 0.0493645833
7 0.2157031250 0.1294270833 0.1002343750 0.0692083333
7 0.3244531250 0.1374270833 0.0867500000 0.0753958333
1 0.4310937500 0.1497604167 0.0839687500 0.0342291667
1 0.5060937500 0.1587500000 0.0500000000 0.0427083333
1 0.5539062500 0.1610416667 0.0454687500 0.0385416667
4 0.7628203125 0.1539270833 0.0811562500 0.0305625000
0 0.0986796875 0.1710312500 0.0636953125 0.0555520833
7 0.3239687500 0.2293333333 0.0885546875 0.0535833333
1 0.4331328125 0.2175312500 0.0911171875 0.0361562500
1 0.4335546875 0.1843333333 0.0889296875 0.0378020833
1 0.5592187500 0.2056250000 0.0450000000 0.0408333333
1 0.5114062500 0.2014583333 0.0537500000 0.0404166667
7 0.6278281250 0.1873750000 0.0453437500 0.0277187500
7 0.6449140625 0.2147708333 0.0229687500 0.0384687500
4 0.7716250000 0.1836145833 0.0838593750 0.0342291667
4 0.7846171875 0.2232604167 0.0832890625 0.0473750000
0 0.0521562500 0.2825520833 0.1043046875 0.0664791667
0 0.1866562500 0.2465625000 0.1195312500 0.0643541667
1 0.3222343750 0.2924895833 0.0859140625 0.0718020833
1 0.4345156250 0.2501666667 0.0936093750 0.0368854167
1 0.4355078125 0.2864791667 0.0975312500 0.0450625000
1 0.5137500000 0.2581250000 0.0579687500 0.0495833333
1 0.5689218750 0.2558020833 0.0547109375 0.0598437500
7 0.6279765625 0.2432708333 0.0313750000 0.0115000000
7 0.6688671875 0.2395729167 0.0492031250 0.0191666667
1 0.6560078125 0.2968229167 0.1073906250 0.0432604167
4 0.7945156250 0.2592916667 0.0891328125 0.0298854167
0 0.0455625000 0.3448750000 0.0911250000 0.0622916667
0 0.1652656250 0.3387083333 0.1267109375 0.0878958333
1 0.4383437500 0.3300937500 0.0976484375 0.0396354167
1 0.5229375000 0.3202812500 0.0644765625 0.0703958333
1 0.5774296875 0.3222187500 0.0560234375 0.0741250000
1 0.6669765625 0.3345833333 0.1148125000 0.0431666667
4 0.8298984375 0.3526666667 0.1174843750 0.0731145833
4 0.8056250000 0.3000625000 0.1135859375 0.0425937500
0 0.0343691406 0.4139895833 0.0687382813 0.0747395833
1 0.3047265625 0.3844791667 0.1152890625 0.1120937500
1 0.4397421875 0.3729375000 0.1042578125 0.0481041667
1 0.5274843750 0.3855520833 0.0618437500 0.0679166667
1 0.5818281250 0.3878541667 0.0550703125 0.0623020833
1 0.6766015625 0.3941770833 0.1319843750 0.0725312500
0 0.0285078125 0.4861145833 0.0570156250 0.0678020833
0 0.1421171875 0.4371354167 0.1475859375 0.1273958333
1 0.2944296875 0.4987916667 0.1309453125 0.1321354167
1 0.4417343750 0.4336250000 0.1049062500 0.0537291667
1 0.4444765625 0.4902916667 0.1012187500 0.0647916667
1 0.5338984375 0.4544895833 0.0633515625 0.0691250000
1 0.5909062500 0.4547708333 0.0590156250 0.0707395833
1 0.6939687500 0.4642187500 0.1336093750 0.0817708333
1 0.8490703125 0.4385625000 0.1503125000 0.1082500000
8 0.9639062500 0.4841666667 0.0648437500 0.1239583333
1 0.4427187500 0.5524583333 0.1143203125 0.0579270833
1 0.5411484375 0.5273750000 0.0606484375 0.0762291667
1 0.6042421875 0.5283437500 0.0647421875 0.0800729167
1 0.7179296875 0.5456250000 0.1517421875 0.0927916667
1 0.8912265625 0.5421250000 0.1493359375 0.0720104167
0 0.1233906250 0.5688437500 0.1443750000 0.0969895833
1 0.4444218750 0.6166041667 0.1196562500 0.0641354167
1 0.5823203125 0.6281145833 0.1309609375 0.1191145833
1 0.9137187500 0.6206041667 0.1222187500 0.0597187500
8 0.9803125000 0.5697916667 0.0389062500 0.0966666667
0 0.1065937500 0.6703437500 0.1678671875 0.1148333333
1 0.2862812500 0.6390625000 0.1385312500 0.1500729167
1 0.4464062500 0.6784687500 0.1211015625 0.0697812500
1 0.7367343750 0.6448229167 0.1658671875 0.1120625000
