5 0.3630156250 0.0307005208 0.0295468750 0.0614010417
5 0.3340000000 0.0296041667 0.0246250000 0.0587083333
5 0.3919921875 0.0321067708 0.0267031250 0.0642135416
5 0.4829843750 0.0084791667 0.0840078125 0.0169583333
5 0.6167187500 0.0250625000 0.0459609375 0.0501250000
5 0.5667968750 0.0219270833 0.0464453125 0.0438541666
5 0.8131250000 0.0117083333 0.1054765625 0.0234062500
5 0.9275703125 0.0164895833 0.0971406250 0.0329791667
6 0.2397968750 0.0433750000 0.1138359375 0.0728958333
5 0.4801015625 0.0523750000 0.0851718750 0.0612708333
5 0.5673046875 0.0907187500 0.0502578125 0.0858125000
5 0.6156796875 0.0912083333 0.0474218750 0.0790833333
5 0.6709843750 0.0467708333 0.0539140625 0.0935416666
5 0.7236093750 0.0473541667 0.0527656250 0.0947083333
5 0.8093359375 0.0603958333 0.1003828125 0.0737604167
5 0.9175078125 0.0729687500 0.0621171875 0.0866041667
5 0.9610625000 0.0705625000 0.0370078125 0.0804583333
5 0.9894062500 0.0718645833 0.0211796875 0.0916354167
6 0.0150078125 0.1499375000 0.0300156250 0.0432812500
6 0.2326250000 0.1198645833 0.1074062500 0.0981979167
5 0.3357031250 0.1054062500 0.0285078125 0.0746458333
5 0.3644453125 0.1042916667 0.0277578125 0.0816041667
5 0.3924062500 0.1051041667 0.0285000000 0.0810937500
5 0.4784375000 0.1148750000 0.0844921875 0.0650000000
5 0.6095781250 0.1603437500 0.0465312500 0.0739583333
5 0.7057968750 0.1357812500 0.1047734375 0.0893229167
5 0.8084921875 0.1347916667 0.0960078125 0.0851770833
5 0.9247656250 0.1419166667 0.0944453125 0.0699583333
5 0.9882343750 0.1492291667 0.0235234375 0.0653750000
6 0.2389843750 0.2178645833 0.1075859375 0.0714687500
5 0.3631562500 0.2105625000 0.0850234375 0.0506562500
5 0.3679843750 0.1668958333 0.0789531250 0.0376250000
5 0.4776328125 0.1811041667 0.0844531250 0.0727187500
5 0.5634531250 0.1741979167 0.0455546875 0.0764270833
5 0.7224062500 0.2289895833 0.0578984375 0.0917708333
5 0.8073437500 0.2210000000 0.1004062500 0.0893958333
6 0.0931562500 0.2369479167 0.1347578125 0.1135833333
6 0.2361171875 0.2880416667 0.1109140625 0.0714583333
5 0.3655390625 0.2596458333 0.0814296875 0.0473541667
5 0.4772421875 0.2623333333 0.0851250000 0.0836875000
5 0.5612500000 0.2934375000 0.0355859375 0.0639270833
5 0.5484296875 0.2390312500 0.0240078125 0.0393333333
5 0.6104765625 0.2356875000 0.0484453125 0.0737291667
5 0.6735937500 0.2413958333 0.0217343750 0.0654895833
5 0.6499843750 0.2413854167 0.0267265625 0.0698958333
5 0.7897734375 0.2978958333 0.1030625000 0.0746562500
5 0.8495390625 0.2994895833 0.0193046875 0.0600625000
5 0.9165156250 0.2931770833 0.1142890625 0.0812291667
5 0.9881093750 0.2891666667 0.0237812500 0.0802812500
5 0.3632968750 0.3061562500 0.0838125000 0.0495520833
5 0.6010234375 0.3046250000 0.0522812500 0.0571979167
5 0.6562187500 0.3071354167 0.0608203125 0.0588645833
5 0.7138046875 0.3015000000 0.0485546875 0.0582604167
1 0.0680312500 0.3985208333 0.0855625000 0.0907708333
1 0.1533671875 0.4268854167 0.0796953125 0.0499687500
1 0.1550000000 0.3744791667 0.0780078125 0.0512812500
1 0.2206250000 0.3798020833 0.0498906250 0.0719791667
1 0.2719296875 0.3796250000 0.0485859375 0.0696250000
1 0.3261875000 0.3865208333 0.0510859375 0.0879375000
1 0.3795078125 0.3860625000 0.0495078125 0.0856562500
1 0.4703125000 0.4262500000 0.1017187500 0.0716666667
1 0.6163750000 0.3863750000 0.0991406250 0.0744895833
3 0.8604651163 0.4233576642 0.0300957592 0.0784671533
1 0.0573906250 0.4671458333 0.0891718750 0.0463541667
1 0.1564765625 0.4753437500 0.0775625000 0.0493854167
1 0.2219765625 0.4484687500 0.0538671875 0.0675104167
1 0.2741484375 0.4464166667 0.0513828125 0.0689895833
1 0.3294609375 0.4691562500 0.0453906250 0.0806875000
1 0.3809843750 0.4693020833 0.0473828125 0.0794479167
1 0.4725000000 0.4970833333 0.0976562500 0.0685416667
1 0.6108125000 0.4650520833 0.0982500000 0.0814791667
0 0.9370312500 0.4488333333 0.1177578125 0.0762708333
1 0.0607421875 0.5155833333 0.0883437500 0.0476666667
1 0.1592265625 0.5290208333 0.0793203125 0.0495312500
1 0.2255703125 0.5174687500 0.0505781250 0.0681770833
1 0.2766328125 0.5153645833 0.0458359375 0.0678229167
1 0.3334531250 0.5510729167 0.0511875000 0.0762812500
1 0.3815703125 0.5505000000 0.0460234375 0.0771354167
1 0.4728125000 0.5662500000 0.0940625000 0.0662500000
1 0.6148984375 0.5469687500 0.0959609375 0.0792395833
7 0.8267500000 0.5095104167 0.0262421875 0.0915520833
7 0.8537265625 0.5064270833 0.0236015625 0.0912083333
0 0.9773437500 0.5193750000 0.0318750000 0.0714583333
1 0.0564375000 0.6258020833 0.0816640625 0.0521666667
1 0.0518359375 0.5718229167 0.0855625000 0.0535729167
1 0.1546250000 0.5806354167 0.0892187500 0.0505625000
1 0.1634062500 0.6225000000 0.0771484375 0.0392916667
1 0.2274687500 0.5826666667 0.0491796875 0.0652708333
1 0.2769062500 0.5817916667 0.0455078125 0.0635833333
1 0.3308437500 0.6319687500 0.0453515625 0.0745625000
1 0.3812734375 0.6331250000 0.0476718750 0.0748958333
1 0.6150937500 0.6304583333 0.1027578125 0.0791041667
7 0.8183437500 0.6020000000 0.0308437500 0.0793437500
7 0.8418750000 0.5955833333 0.0254687500 0.0890625000
0 0.9326953125 0.6016145833 0.0676250000 0.0764062500
1 0.0779753762 0.6678832117 0.0465116279 0.0346715328
1 0.1501718750 0.6704375000 0.0764140625 0.0512604167
1 0.2191718750 0.6578333333 0.0576796875 0.0755104167
1 0.2735937500 0.6514895833 0.0522421875 0.0746875000
1 0.4743750000 0.6377083333 0.0989062500 0.0731250000
1 0.7179687500 0.6941666667 0.1118750000 0.0825000000
7 0.8133515625 0.6839166667 0.0331796875 0.0791770833
7 0.8532812500 0.6877187500 0.0399140625 0.0981770833
0 0.9137343750 0.6590312500 0.0814453125 0.0745729167
0 0.9756875000 0.6663854167 0.0400234375 0.0555312500
1 0.0604921875 0.7243854167 0.0838281250 0.0511979167
1 0.1577187500 0.7265937500 0.0817500000 0.0496354167
1 0.2231015625 0.7273854167 0.0522890625 0.0667083333
1 0.2738906250 0.7236458333 0.0464843750 0.0683125000
1 0.3343984375 0.7088229167 0.0472421875 0.0740729167
1 0.3819765625 0.7070208333 0.0471015625 0.0771354167
1 0.4557968750 0.7131041667 0.0463515625 0.0691458333
1 0.5037500000 0.7075000000 0.0459375000 0.0662500000
1 0.6119921875 0.7068229167 0.0977421875 0.0813854167
0 0.9677343750 0.7292812500 0.0645234375 0.0653229167
