4 0.1472916667 0.0114062500 0.0587500000 0.0228125000
4 0.2054166667 0.0145703125 0.0589583333 0.0291406250
4 0.2634270833 0.0170312500 0.0582083333 0.0340546875
4 0.3205312500 0.0182187500 0.0576354167 0.0364375000
4 0.3757812500 0.0201972656 0.0531562500 0.0403945313
1 0.4619583333 0.0299785156 0.1096354167 0.0599570313
4 0.0886562500 0.0714453125 0.0594479167 0.1086015625
4 0.1486145833 0.0752578125 0.0553854167 0.1040312500
4 0.2083125000 0.0792578125 0.0548750000 0.1028828125
4 0.2659791667 0.0828828125 0.0533437500 0.1017421875
4 0.3195833333 0.0861171875 0.0548750000 0.1021250000
4 0.3744895833 0.0880937500 0.0527604167 0.1042656250
1 0.5735416667 0.0335937500 0.1087500000 0.0671875000
1 0.6837500000 0.0381250000 0.1095833333 0.0757812500
1 0.7889583333 0.0376953125 0.1122916667 0.0753906250
1 0.4633333333 0.1048437500 0.1091666667 0.0871875000
1 0.5720833333 0.1068750000 0.1127083333 0.0900000000
1 0.6763854167 0.1126328125 0.1010729167 0.0822265625
1 0.7833333333 0.1181250000 0.1072916667 0.0829687500
5 0.0504166667 0.2293750000 0.0827083333 0.0304687500
5 0.0491666667 0.2012500000 0.0827083333 0.0314062500
5 0.1262500000 0.2042187500 0.0708333333 0.0295312500
5 0.1281250000 0.2320312500 0.0712500000 0.0289062500
5 0.1997916667 0.2117187500 0.0604166667 0.0254687500
5 0.0552083333 0.2581250000 0.0822916667 0.0295312500
5 0.1316666667 0.2604687500 0.0702083333 0.0275000000
5 0.2212500000 0.2507812500 0.0375000000 0.0518750000
5 0.1839583333 0.2484375000 0.0366666667 0.0490625000
3 0.2843750000 0.2646875000 0.0425000000 0.0307812500
3 0.2831250000 0.2354687500 0.0420833333 0.0307812500
3 0.3245833333 0.2668750000 0.0383333333 0.0290625000
3 0.3229166667 0.2375000000 0.0383333333 0.0303125000
3 0.3600000000 0.2526562500 0.0354166667 0.0589062500
1 0.3954166667 0.2448437500 0.0447916667 0.0796875000
1 0.4395833333 0.2454687500 0.0437500000 0.0820312500
1 0.4833333333 0.2476562500 0.0452083333 0.0790625000
1 0.5262500000 0.2504687500 0.0435416667 0.0785937500
8 0.5985416667 0.2450000000 0.0714583333 0.0875000000
8 0.6845833333 0.2417187500 0.0829166667 0.1006250000
1 0.7704166667 0.2476562500 0.1010416667 0.0925000000
5 0.0667708333 0.3478515625 0.0558333333 0.0257421875
5 0.0650729167 0.3137656250 0.0546979167 0.0373437500
5 0.1199583333 0.3160234375 0.0520625000 0.0401718750
5 0.1229791667 0.3496953125 0.0513020833 0.0243281250
5 0.2323750000 0.3542187500 0.0392291667 0.0577187500
5 0.1786145833 0.3126328125 0.0607291667 0.0316875000
5 0.1790000000 0.3438906250 0.0599791667 0.0280078125
1 0.3629166667 0.3198437500 0.0620833333 0.0464062500
1 0.3645833333 0.3654687500 0.0587500000 0.0467187500
1 0.3046458333 0.3631718750 0.0599583333 0.0479687500
1 0.4245833333 0.3242187500 0.0587500000 0.0451562500
1 0.4883333333 0.3260937500 0.0616666667 0.0473437500
1 0.5467604167 0.3293437500 0.0565312500 0.0462500000
1 0.6038645833 0.3308437500 0.0553854167 0.0432578125
1 0.6627083333 0.3335937500 0.0618750000 0.0403125000
1 0.7220833333 0.3348437500 0.0652083333 0.0418750000
1 0.7820833333 0.3353125000 0.0550000000 0.0428125000
5 0.0285937500 0.4210937500 0.0571875000 0.0389062500
5 0.1506250000 0.4201562500 0.0725000000 0.0426562500
5 0.2206250000 0.4214062500 0.0704166667 0.0451562500
1 0.3054166667 0.4240625000 0.0616666667 0.0418750000
1 0.4270833333 0.4259375000 0.0570833333 0.0415625000
1 0.3670833333 0.4254687500 0.0591666667 0.0418750000
1 0.4229166667 0.3689062500 0.0579166667 0.0415625000
1 0.4820833333 0.3714062500 0.0597916667 0.0409375000
1 0.4866666667 0.4271875000 0.0583333333 0.0412500000
1 0.5433333333 0.4267187500 0.0543750000 0.0420312500
1 0.5424791667 0.3717421875 0.0571041667 0.0402578125
1 0.6002083333 0.3720312500 0.0575000000 0.0412500000
1 0.6608333333 0.4310937500 0.0600000000 0.0381250000
1 0.6566666667 0.3739062500 0.0627083333 0.0398437500
1 0.7204166667 0.3759375000 0.0629166667 0.0396875000
1 0.7141666667 0.4285937500 0.0556250000 0.0396875000
1 0.7752083333 0.3753125000 0.0568750000 0.0384375000
5 0.0267187500 0.4598437500 0.0534375000 0.0376562500
5 0.0852083333 0.4603125000 0.0631250000 0.0373437500
5 0.1525000000 0.4606250000 0.0700000000 0.0382812500
5 0.2210416667 0.4618750000 0.0670833333 0.0400000000
1 0.3060416667 0.4659375000 0.0616666667 0.0410937500
1 0.3660416667 0.4671875000 0.0581250000 0.0409375000
1 0.4256979167 0.4676718750 0.0576770833 0.0402578125
1 0.4831250000 0.4687500000 0.0583333333 0.0396875000
1 0.5412500000 0.4681250000 0.0491666667 0.0384375000
1 0.5977083333 0.4642187500 0.0541666667 0.0429687500
1 0.6549687500 0.4698125000 0.0571041667 0.0359765625
1 0.7139583333 0.4671875000 0.0420833333 0.0301562500
5 0.0330104167 0.5505703125 0.0622395833 0.0248984375
5 0.0961979167 0.5512734375 0.0648854167 0.0263125000
5 0.0345833333 0.5176562500 0.0625000000 0.0354687500
5 0.0983333333 0.5170312500 0.0593750000 0.0342187500
5 0.1618333333 0.5589140625 0.0618645833 0.0359296875
5 0.1604166667 0.5215625000 0.0641666667 0.0351562500
5 0.2257708333 0.5611796875 0.0607291667 0.0370625000
5 0.2245833333 0.5254687500 0.0618750000 0.0325000000
1 0.3104166667 0.5612500000 0.0633333333 0.0390625000
1 0.3102083333 0.5190625000 0.0637500000 0.0410937500
1 0.3760416667 0.5245312500 0.0635416667 0.0385937500
1 0.3766666667 0.5628125000 0.0654166667 0.0384375000
1 0.4410416667 0.5187500000 0.0637500000 0.0423437500
1 0.4400000000 0.5604687500 0.0614583333 0.0395312500
1 0.5641770833 0.5633906250 0.0616666667 0.0355468750
1 0.5641666667 0.5254687500 0.0620833333 0.0384375000
1 0.5047916667 0.5639062500 0.0616666667 0.0340625000
1 0.5043750000 0.5262500000 0.0587500000 0.0376562500
1 0.6160416667 0.5275000000 0.0397916667 0.0353125000
1 0.6137500000 0.5645312500 0.0341666667 0.0329687500
5 0.0622395833 0.6087109375 0.0822395833 0.0410234375
5 0.1458020833 0.6072968750 0.0750729167 0.0387578125
1 0.3233020833 0.6087109375 0.0637395833 0.0408984375
1 0.3921770833 0.6111015625 0.0598437500 0.0435546875
1 0.4608645833 0.6077812500 0.0598437500 0.0385078125
5 0.0662500000 0.6415625000 0.0787500000 0.0262500000
5 0.1437500000 0.6403125000 0.0735416667 0.0271875000
5 0.2187916667 0.6403984375 0.0701666667 0.0223515625
1 0.3149791667 0.6521328125 0.0520520833 0.0369140625
5 0.0658229167 0.7211718750 0.0811041667 0.0775234375
5 0.1456145833 0.7183437500 0.0777083333 0.0741250000
5 0.2223750000 0.7160781250 0.0705416667 0.0729921875
1 0.3085416667 0.7521875000 0.0552083333 0.0231250000
5 0.0186770833 0.8085937500 0.0373437500 0.0701640625
5 0.0771458333 0.8061875000 0.0735520833 0.0698828125
5 0.1527812500 0.8020859375 0.0724270833 0.0667734375
5 0.2236979167 0.7986953125 0.0679062500 0.0650703125
5 0.0205625000 0.8578203125 0.0411145833 0.0265937500
5 0.0799687500 0.8565546875 0.0724270833 0.0234843750
5 0.1639583333 0.8956250000 0.0662500000 0.0275000000
5 0.1556250000 0.8385937500 0.0704166667 0.0145312500
5 0.1012916667 0.8981406250 0.0592291667 0.0263125000
5 0.2239583333 0.8371875000 0.0685416667 0.0126562500
5 0.2283333333 0.8960937500 0.0637500000 0.0259375000
5 0.0345833333 0.9370312500 0.0570833333 0.0348437500
5 0.0347083333 0.9033750000 0.0611145833 0.0322500000
4 0.0291970803 0.0683994528 0.0547445255 0.1121751026
