6 0.5254218750 0.1645312500 0.1033750000 0.0793020833
7 0.7479296875 0.1284791667 0.0294062500 0.1051354167
7 0.7143828125 0.1322291667 0.0312734375 0.1033541667
1 0.4175000000 0.2172916667 0.0959375000 0.0806250000
1 0.6059375000 0.1916666667 0.0493750000 0.0893750000
1 0.6629687500 0.1789583333 0.0525000000 0.0881250000
3 0.7518359375 0.2295208333 0.0323359375 0.0969479167
1 0.3173671875 0.2570104167 0.0897890625 0.0708854167
6 0.5120234375 0.2805104167 0.0783906250 0.1612291667
7 0.6342187500 0.2786562500 0.1008203125 0.0913541667
3 0.7171875000 0.2356145833 0.0321406250 0.0969583333
1 0.3218046875 0.3429687500 0.0949609375 0.0698750000
1 0.4476562500 0.3072916667 0.0470312500 0.0681250000
7 0.7446093750 0.3143958333 0.0869062500 0.0811666667
7 0.1487031250 0.4323750000 0.1040312500 0.1518958333
1 0.3137343750 0.4117708333 0.0914765625 0.0767708333
1 0.4499921875 0.3769791667 0.0479531250 0.0684895833
7 0.6081953125 0.3801562500 0.0497500000 0.1088229167
7 0.6577265625 0.3785312500 0.0517656250 0.1067604167
0 0.7575468750 0.3932812500 0.1127890625 0.0807916667
1 0.3285937500 0.4872083333 0.0864765625 0.0764895833
1 0.4525781250 0.4443020833 0.0455000000 0.0669479167
6 0.5154375000 0.4382187500 0.0777656250 0.1526458333
7 0.6065312500 0.4772291667 0.0363515625 0.0769791667
7 0.6496953125 0.4761562500 0.0446406250 0.0748437500
0 0.7530000000 0.4660312500 0.1052343750 0.0677500000
7 0.1685937500 0.5325312500 0.0532187500 0.0568229167
1 0.4551718750 0.5108437500 0.0422968750 0.0652291667
7 0.6050703125 0.5622604167 0.0411093750 0.0869479167
7 0.6481484375 0.5651250000 0.0487187500 0.0889479167
0 0.7584062500 0.5368750000 0.1155703125 0.0749687500
7 0.0658515625 0.5710833333 0.1181718750 0.1664375000
1 0.3247968750 0.5685416667 0.0956171875 0.0827395833
6 0.5182187500 0.5931562500 0.0762343750 0.1556770833
0 0.7604609375 0.6168333333 0.1152031250 0.0850625000
7 0.0231093750 0.6963333333 0.0429687500 0.0755000000
7 0.1526250000 0.6463958333 0.0437656250 0.0679375000
1 0.3237265625 0.6493020833 0.0996953125 0.0810104167
1 0.4413750000 0.6521041667 0.0227656250 0.0713854167
7 0.6405546875 0.6463333333 0.1034843750 0.0666458333
7 0.0914296875 0.7589895833 0.0515468750 0.0894479167
1 0.3281875000 0.7384583333 0.0928828125 0.0798333333
1 0.4555156250 0.7268229167 0.0465078125 0.0730520833
1 0.5120468750 0.7035937500 0.0544843750 0.0679895833
1 0.5145312500 0.7525000000 0.0585937500 0.0304166667
7 0.6406171875 0.7226354167 0.1042109375 0.0742291667
0 0.7559765625 0.7006145833 0.1057656250 0.0926145833
7 0.0210488281 0.7731041667 0.0420976563 0.0910312500
0 0.7580078125 0.7903020833 0.1036953125 0.0883125000
7 0.0190703125 0.8589375000 0.0381406250 0.0999479167
7 0.0855625000 0.8391458333 0.0608281250 0.0908229167
