1 0.2095416667 0.0555468750 0.0751458333 0.1110859375
1 0.2897708333 0.0554765625 0.0743645833 0.1109453125
1 0.3508437500 0.0653671875 0.0581458333 0.1007734375
1 0.4093541667 0.0563046875 0.0748750000 0.1126093750
1 0.4756458333 0.0601718750 0.0712604167 0.0988671875
1 0.5482083333 0.0589843750 0.0726250000 0.1010390625
1 0.6127291667 0.0565312500 0.0728333333 0.0998203125
1 0.6774479167 0.0573906250 0.0733437500 0.0979843750
6 0.8331041667 0.0355781250 0.1159479167 0.0711484375
1 0.2150625000 0.1400625000 0.0950312500 0.0691328125
1 0.3134479167 0.1353671875 0.1040937500 0.0775468750
1 0.4097604167 0.1456640625 0.0917500000 0.0652968750
1 0.4994270833 0.1459375000 0.0917187500 0.0671640625
1 0.5903125000 0.1399453125 0.0951041667 0.0687734375
1 0.6838750000 0.1391406250 0.0976354167 0.0688671875
6 0.7950208333 0.1623125000 0.1016875000 0.1357109375
6 0.8845729167 0.1657968750 0.0870625000 0.1317812500
6 0.9673333333 0.1619843750 0.0653229167 0.1461171875
1 0.2227291667 0.2135625000 0.1025625000 0.0765703125
1 0.3199062500 0.2097109375 0.1041666667 0.0818515625
1 0.4170312500 0.2115625000 0.0915312500 0.0674140625
1 0.5056145833 0.2094140625 0.0978645833 0.0641406250
1 0.5941666667 0.2067343750 0.0953020833 0.0668281250
1 0.6875625000 0.2047656250 0.0966354167 0.0654843750
1 0.2397083333 0.2865937500 0.1138229167 0.0704218750
1 0.3479479167 0.2853281250 0.1110312500 0.0707812500
1 0.4570833333 0.2850859375 0.1104166667 0.0733125000
1 0.5675520833 0.2824687500 0.1163125000 0.0756484375
1 0.6813541667 0.2737421875 0.1238020833 0.0718593750
1 0.2436041667 0.3531093750 0.1177916667 0.0689843750
1 0.3522395833 0.3518046875 0.1169270833 0.0659765625
1 0.4623958333 0.3514765625 0.1114166667 0.0626796875
1 0.5723229167 0.3496171875 0.1117500000 0.0608750000
1 0.6832604167 0.3430625000 0.1219791667 0.0679375000
5 0.7873020833 0.3198671875 0.0632395833 0.1033750000
5 0.8505416667 0.3213828125 0.0583750000 0.1003359375
5 0.9150000000 0.3192578125 0.0526979167 0.1033750000
5 0.9701354167 0.3198671875 0.0526979167 0.1033750000
1 0.2474062500 0.4550625000 0.1181458333 0.0691718750
1 0.3551666667 0.4768906250 0.1053854167 0.1405546875
1 0.4538125000 0.4752812500 0.1016770833 0.1370546875
1 0.5469479167 0.4705000000 0.0973958333 0.1372421875
1 0.6404895833 0.4668281250 0.0964166667 0.1371406250
5 0.8308333333 0.4718750000 0.0514583333 0.1121875000
5 0.8868750000 0.4720312500 0.0606250000 0.1117187500
5 0.9625625000 0.4715234375 0.0748750000 0.1125468750
1 0.2502708333 0.5208984375 0.1146562500 0.0681484375
5 0.8298125000 0.5861953125 0.0915000000 0.0500234375
5 0.9607187500 0.5846562500 0.0785625000 0.0626640625
5 0.9011458333 0.5735078125 0.0497708333 0.0361562500
1 0.2501875000 0.6758281250 0.1242083333 0.1506953125
1 0.3720729167 0.6763359375 0.1211250000 0.1545781250
1 0.4903750000 0.6741406250 0.1212604167 0.1536406250
1 0.6038229167 0.6638828125 0.1248437500 0.1481484375
1 0.7135312500 0.6641875000 0.1204375000 0.1518750000
5 0.8275520833 0.6472343750 0.0886458333 0.0751015625
5 0.9158125000 0.6499296875 0.1077916667 0.0691328125
5 0.9826354167 0.6511015625 0.0347291667 0.0673593750
5 0.8330312500 0.7268046875 0.0863333333 0.0758125000
5 0.9175208333 0.7445625000 0.0872291667 0.0289296875
5 0.9151354167 0.7126328125 0.0939062500 0.0381718750
2 0.6163645833 0.8288593750 0.1599166667 0.0885468750
5 0.8396875000 0.8009140625 0.0820729167 0.0740078125
5 0.9430416667 0.8090468750 0.1133958333 0.0700312500
1 0.2723125000 0.8812187500 0.1621666667 0.1385546875
7 0.2844270833 0.9614140625 0.1126041667 0.0366484375
2 0.6274270833 0.9172968750 0.1555937500 0.0895937500
5 0.8558333333 0.9211484375 0.1079791667 0.1507968750
5 0.9521770833 0.9237187500 0.0956458333 0.1525546875
7 0.2766250000 0.9872792969 0.1202604167 0.0254414063
7 0.4015833333 0.9837343750 0.1340000000 0.0325312500
7 0.5393750000 0.9720546875 0.1346041667 0.0377031250
