1 0.3135937500 0.3535416667 0.0881250000 0.0622916667
1 0.3112500000 0.4037500000 0.0900000000 0.0600000000
1 0.4232812500 0.3879166667 0.0996875000 0.1116666667
1 0.5248437500 0.3770833333 0.0475000000 0.0672916667
1 0.5676562500 0.3795833333 0.0393750000 0.0622916667
1 0.6456250000 0.3781250000 0.1018750000 0.0570833333
8 0.8170312500 0.4289583333 0.0493750000 0.1008333333
8 0.7689062500 0.4187500000 0.0490625000 0.0995833333
1 0.3098828125 0.4579375000 0.0926406250 0.0614895833
1 0.4335937500 0.4975000000 0.0815625000 0.1104166667
1 0.5223437500 0.4408333333 0.0425000000 0.0629166667
1 0.5657812500 0.4414583333 0.0440625000 0.0595833333
1 0.6620312500 0.4902083333 0.0737500000 0.0629166667
1 0.6621875000 0.4335416667 0.0740625000 0.0620833333
1 0.3075546875 0.5087708333 0.0924843750 0.0620833333
1 0.3046328125 0.5583541667 0.0932265625 0.0565312500
1 0.5225000000 0.5075000000 0.0431250000 0.0697916667
1 0.5654687500 0.5093750000 0.0431250000 0.0706250000
1 0.6615625000 0.5531250000 0.0760937500 0.0662500000
2 0.7868750000 0.5114583333 0.1121875000 0.0841666667
1 0.2120312500 0.5731250000 0.0984375000 0.1185416667
1 0.3010468750 0.6091145833 0.0932734375 0.0554270833
1 0.4331796875 0.6101145833 0.0807734375 0.1135104167
1 0.5642187500 0.5852083333 0.0457812500 0.0772916667
1 0.5193750000 0.5787500000 0.0443750000 0.0754166667
1 0.6625000000 0.6220833333 0.0768750000 0.0677083333
2 0.8045312500 0.6102083333 0.0792187500 0.1145833333
1 0.2115625000 0.6825000000 0.0857812500 0.0952083333
1 0.3023750000 0.6586145833 0.0943281250 0.0592083333
1 0.4319921875 0.6906250000 0.0799843750 0.0506875000
1 0.5646875000 0.6597916667 0.0453125000 0.0725000000
1 0.5160937500 0.6541666667 0.0460937500 0.0672916667
3 0.6753125000 0.6731979167 0.0550390625 0.0390729167
3 0.6354687500 0.6800000000 0.0257812500 0.0420833333
2 0.7172968750 0.6983750000 0.0286250000 0.0629791667
2 0.8048437500 0.6981250000 0.0795312500 0.0633333333
1 0.2991875000 0.7129375000 0.0933593750 0.0561562500
3 0.5731250000 0.7150000000 0.0273437500 0.0395833333
3 0.6781250000 0.7108333333 0.0503125000 0.0362500000
