7 0.3486410788 0.0844140625 0.0716182573 0.1066015625
7 0.4084232365 0.0857578125 0.0643568465 0.1107187500
7 0.4718153527 0.0866562500 0.0715975104 0.1126250000
7 0.5658195021 0.0912734375 0.1210477178 0.1132031250
2 0.6595124481 0.0832968750 0.0677074689 0.0950390625
2 0.7212033195 0.0877968750 0.0709647303 0.0919687500
2 0.8167323651 0.0892500000 0.1261203320 0.0922656250
7 0.2256224066 0.1996562500 0.0520954357 0.0773906250
7 0.2701867220 0.2023515625 0.0501244813 0.0776328125
7 0.3456639004 0.2057109375 0.1123547718 0.0786250000
7 0.4511203320 0.2090234375 0.1090975104 0.0804218750
3 0.5263278008 0.1879921875 0.0424896266 0.0276250000
3 0.5238485477 0.2140859375 0.0427074689 0.0273750000
3 0.5650414938 0.1886484375 0.0365145228 0.0259921875
3 0.5639107884 0.2166796875 0.0391286307 0.0284687500
3 0.6001659751 0.2066171875 0.0406950207 0.0597500000
8 0.7048132780 0.2164453125 0.1654979253 0.0750000000
8 0.8311825726 0.2203750000 0.0844087137 0.0742812500
1 0.2282468880 0.3141015625 0.0566493776 0.0939218750
1 0.2895020747 0.3164218750 0.0588381743 0.0919375000
1 0.3494398340 0.3184062500 0.0575207469 0.0912734375
1 0.4076244813 0.3205546875 0.0526970954 0.0909453125
1 0.4668672199 0.3220390625 0.0580186722 0.0919375000
1 0.5277282158 0.3240234375 0.0557676349 0.0886328125
1 0.6089626556 0.3241875000 0.1014315353 0.0882968750
1 0.7152282158 0.3281562500 0.1040663900 0.0869765625
1 0.8201763485 0.3342734375 0.1040663900 0.0879687500
1 0.2108195021 0.4230937500 0.0630394191 0.0736015625
1 0.2698962656 0.4255625000 0.0638796680 0.0719062500
1 0.3282053942 0.4271171875 0.0668153527 0.0724218750
1 0.3913485477 0.4285312500 0.0590975104 0.0719843750
1 0.4507676349 0.4309765625 0.0561618257 0.0716562500
1 0.5218257261 0.4165468750 0.0801452282 0.0408437500
1 0.6057365145 0.4190234375 0.0808921162 0.0399531250
1 0.6866390041 0.4214218750 0.0747717842 0.0427890625
1 0.7634647303 0.4221171875 0.0749896266 0.0415625000
1 0.8366182573 0.4251328125 0.0751037344 0.0393203125
1 0.5216701245 0.4546171875 0.0795746888 0.0316562500
1 0.6023340249 0.4563828125 0.0765456432 0.0299687500
1 0.6856120332 0.4587500000 0.0734439834 0.0311953125
1 0.7601867220 0.4594765625 0.0713589212 0.0342031250
1 0.8378215768 0.4615390625 0.0767842324 0.0365000000
1 0.2042738589 0.5325703125 0.0886410788 0.0916953125
1 0.2815456432 0.5336484375 0.0890041494 0.0915078125
1 0.3564107884 0.5347187500 0.0753941909 0.0902265625
1 0.4231431535 0.5357421875 0.0728734440 0.0870546875
1 0.4934232365 0.5405390625 0.0686099585 0.0895000000
1 0.5623236515 0.5659843750 0.0657365145 0.0465781250
1 0.5644917012 0.5184296875 0.0648755187 0.0452734375
1 0.6356327801 0.5190781250 0.0627074689 0.0426718750
1 0.7026659751 0.5213593750 0.0644398340 0.0452734375
1 0.7709958506 0.5242890625 0.0730912863 0.0446250000
1 0.8438589212 0.5265703125 0.0649170124 0.0446328125
1 0.6293568465 0.5674531250 0.0666078838 0.0462500000
1 0.6982468880 0.5684375000 0.0720435685 0.0474218750
1 0.7722925311 0.5722031250 0.0713589212 0.0453281250
1 0.8457468880 0.5750859375 0.0697614108 0.0465390625
1 0.1906327801 0.6543828125 0.0870020747 0.1000000000
1 0.2708713693 0.6592500000 0.0889522822 0.1011562500
1 0.3508921162 0.6598359375 0.0779253112 0.1023203125
1 0.4190352697 0.6590625000 0.0756431535 0.0979921875
1 0.4898132780 0.6371562500 0.0696265560 0.0482031250
1 0.5625622407 0.6402500000 0.0704460581 0.0511406250
1 0.6332780083 0.6433203125 0.0717427386 0.0514140625
1 0.7054771784 0.6466015625 0.0709232365 0.0553750000
1 0.7757572614 0.6467578125 0.0687655602 0.0517890625
1 0.8458195021 0.6505078125 0.0679045643 0.0521171875
1 0.1656639004 0.7799375000 0.0639522822 0.0921171875
1 0.2179875519 0.7801015625 0.0611203320 0.0915859375
1 0.2690352697 0.7819843750 0.0601452282 0.0912656250
1 0.3213174274 0.7836015625 0.0584854772 0.0916484375
1 0.3736929461 0.7849453125 0.0589211618 0.0927968750
1 0.4262136929 0.7863750000 0.0571784232 0.0923515625
1 0.4773443983 0.7874687500 0.0565871369 0.0939921875
1 0.5295539419 0.7881875000 0.0546058091 0.0933281250
1 0.6329875519 0.7906718750 0.0504979253 0.0939765625
1 0.5809543568 0.7897812500 0.0524066390 0.0940156250
1 0.6869917012 0.7937890625 0.0549170124 0.0946328125
1 0.7394813278 0.7948437500 0.0524066390 0.0947109375
1 0.7924896266 0.7967734375 0.0555809129 0.0958359375
1 0.8440248963 0.7980937500 0.0583298755 0.0955546875
1 0.1542219917 0.9187265625 0.0674585062 0.0948437500
1 0.2167946058 0.9191406250 0.0658195021 0.0986718750
1 0.2742427386 0.9191640625 0.0620539419 0.0943203125
1 0.3548340249 0.9164609375 0.0982365145 0.0842656250
1 0.4559439834 0.9186484375 0.0972199170 0.0846015625
1 0.5650518672 0.9257031250 0.1195435685 0.0976250000
