1 0.2566458333 0.1879296875 0.0745416667 0.0712656250
1 0.3266666667 0.1886640625 0.0724062500 0.0689921875
1 0.4147916667 0.1862500000 0.0625000000 0.0618750000
1 0.4839583333 0.2176562500 0.0635416667 0.0512500000
1 0.5535312500 0.2182109375 0.0798854167 0.0548125000
1 0.6894791667 0.1838984375 0.0587395833 0.0525625000
1 0.7411875000 0.1870390625 0.0686250000 0.0552421875
1 0.2640833333 0.2592031250 0.0709687500 0.0664765625
1 0.3332500000 0.2561796875 0.0688437500 0.0615000000
1 0.4160416667 0.2457812500 0.0562500000 0.0537500000
1 0.4250000000 0.2968750000 0.0516666667 0.0496875000
1 0.5077083333 0.2710937500 0.0977083333 0.0551562500
1 0.6164583333 0.2754687500 0.0535416667 0.0503125000
1 0.6786770833 0.2338203125 0.0620104167 0.0532890625
1 0.6720729167 0.2840390625 0.0580104167 0.0469921875
1 0.7282395833 0.2845781250 0.0465208333 0.0456171875
1 0.7348854167 0.2383906250 0.0629375000 0.0520000000
1 0.2691458333 0.3218046875 0.0731979167 0.0592500000
1 0.3348125000 0.3169062500 0.0587916667 0.0617421875
1 0.4266666667 0.3428125000 0.0504166667 0.0454687500
1 0.4947916667 0.3284375000 0.0500000000 0.0473437500
1 0.5402708333 0.3213828125 0.0549791667 0.0532734375
1 0.6114911081 0.3251282051 0.0547195622 0.0512820513
1 0.6639583333 0.3320312500 0.0431250000 0.0479687500
1 0.7275104167 0.3315703125 0.0448958333 0.0484765625
1 0.2902187500 0.4310546875 0.0624687500 0.0573281250
1 0.2816666667 0.3785937500 0.0656250000 0.0514062500
1 0.3410104167 0.3721093750 0.0593750000 0.0531796875
1 0.3513125000 0.4271796875 0.0591875000 0.0548671875
1 0.4266666667 0.3846875000 0.0500000000 0.0443750000
1 0.4889062500 0.4101250000 0.0636458333 0.0413906250
1 0.5166666667 0.3703125000 0.0914583333 0.0485937500
1 0.5382708333 0.4078203125 0.0418229167 0.0379375000
1 0.6149479167 0.3738984375 0.0398437500 0.0472421875
1 0.6121354167 0.4215859375 0.0376666667 0.0419375000
1 0.6831250000 0.3834375000 0.0485416667 0.0473437500
1 0.6691145833 0.4299453125 0.0454270833 0.0407187500
1 0.7225000000 0.3793750000 0.0443750000 0.0437500000
1 0.7128333333 0.4234140625 0.0421458333 0.0440937500
1 0.2982083333 0.4813437500 0.0624895833 0.0469218750
1 0.3556458333 0.4732031250 0.0572500000 0.0451093750
1 0.4379166667 0.4415625000 0.0497916667 0.0482812500
1 0.4422916667 0.4817187500 0.0479166667 0.0398437500
1 0.5118750000 0.4462187500 0.0962916667 0.0434218750
1 0.5165625000 0.4825468750 0.0897083333 0.0489843750
1 0.6122812500 0.4646093750 0.0496250000 0.0447656250
1 0.6808854167 0.4654921875 0.0835416667 0.0424453125
1 0.7070520833 0.4614453125 0.0378333333 0.0381250000
1 0.3598541667 0.5546562500 0.0524270833 0.0404687500
1 0.3049270833 0.5562656250 0.0541145833 0.0255468750
1 0.3586979167 0.5135390625 0.0510625000 0.0450625000
1 0.3053541667 0.5262109375 0.0578854167 0.0426562500
1 0.4402083333 0.5179687500 0.0514583333 0.0376562500
1 0.4425000000 0.5600000000 0.0466666667 0.0421875000
1 0.4970833333 0.5268750000 0.0472916667 0.0421875000
1 0.5437916667 0.5614062500 0.0439479167 0.0410234375
1 0.5423125000 0.5210000000 0.0433541667 0.0433984375
1 0.6146458333 0.5102187500 0.0508437500 0.0457343750
1 0.6106875000 0.5515781250 0.0487812500 0.0381250000
1 0.6786145833 0.5062031250 0.0764062500 0.0441171875
1 0.6734062500 0.5446015625 0.0785520833 0.0433984375
1 0.3607500000 0.5874062500 0.0549583333 0.0384296875
1 0.3063229167 0.5829609375 0.0557604167 0.0348125000
1 0.4989583333 0.5676562500 0.0429166667 0.0410937500
1 0.6459791667 0.6087890625 0.1030937500 0.0301406250
1 0.6491354167 0.5818671875 0.1041770833 0.0377109375
1 0.6435416667 0.6289062500 0.1006250000 0.0417187500
1 0.3443229167 0.6475312500 0.0873541667 0.0677031250
2 0.4184791667 0.6931640625 0.0414062500 0.0350703125
1 0.6352083333 0.6985937500 0.0964583333 0.0357812500
1 0.6383333333 0.6542187500 0.0950000000 0.0379687500
1 0.6389583333 0.6782812500 0.0954166667 0.0371875000
1 0.3560104167 0.7637890625 0.0828750000 0.0625234375
1 0.3516354167 0.7000000000 0.0831250000 0.0594140625
2 0.4929062500 0.7055703125 0.0899583333 0.0459765625
2 0.4963541667 0.7407500000 0.0817291667 0.0604921875
1 0.6339583333 0.7200000000 0.0952083333 0.0415625000
1 0.3619166667 0.8033125000 0.0768854167 0.0564375000
2 0.4733242134 0.7866666667 0.1258549932 0.0553846154
2 0.4731250000 0.8134140625 0.1243541667 0.0559296875
1 0.3652187500 0.8393046875 0.0729583333 0.0546875000
