1 0.3971770833 0.0290468750 0.0970104167 0.0580937500
0 0.0385208333 0.0405078125 0.0770208333 0.0806015625
0 0.1343229167 0.0595781250 0.1177708333 0.0951093750
7 0.2353333333 0.0501640625 0.1040312500 0.0668671875
0 0.3277500000 0.0962343750 0.0910312500 0.0837578125
1 0.4881354167 0.0382812500 0.0910104167 0.0765625000
1 0.5632083333 0.0512500000 0.0792708333 0.0682187500
1 0.6431041667 0.0717500000 0.0860104167 0.0799921875
5 0.0216979167 0.1060625000 0.0433958333 0.0658984375
5 0.1009270833 0.1349062500 0.1030729167 0.0556484375
0 0.2409791667 0.1018359375 0.0891562500 0.0555781250
2 0.4338645833 0.1073437500 0.1385625000 0.1090937500
2 0.5414270833 0.1232421875 0.1181250000 0.1019140625
2 0.6233437500 0.1309140625 0.0786145833 0.0988828125
1 0.6725000000 0.1517187500 0.0485416667 0.0745312500
1 0.7091666667 0.1371875000 0.0500000000 0.0368750000
5 0.0375312500 0.1890468750 0.0750625000 0.1057734375
5 0.1159895833 0.2040546875 0.0930937500 0.0842109375
5 0.2045000000 0.2101328125 0.0839062500 0.0943281250
0 0.2908541667 0.2042421875 0.1079270833 0.1035312500
0 0.3666562500 0.2147109375 0.0923541667 0.1037031250
0 0.4392291667 0.2205546875 0.0996770833 0.0990546875
1 0.5644270833 0.2189453125 0.0615000000 0.0372578125
1 0.5082916667 0.2166875000 0.0538750000 0.0384140625
1 0.6218958333 0.2306875000 0.0510416667 0.0343984375
1 0.7175000000 0.1742187500 0.0460416667 0.0385937500
5 0.1595625000 0.2673359375 0.0892500000 0.0438437500
1 0.5152187500 0.2583359375 0.0573645833 0.0438984375
1 0.5703437500 0.2603359375 0.0602083333 0.0461562500
1 0.6277708333 0.2699843750 0.0578229167 0.0430468750
1 0.6681458333 0.2348828125 0.0412916667 0.0371171875
1 0.6770416667 0.2733671875 0.0453750000 0.0339921875
1 0.7516666667 0.2403125000 0.0470833333 0.0365625000
1 0.7650833333 0.2772656250 0.0451041667 0.0381250000
1 0.7214166667 0.2783593750 0.0407916667 0.0335546875
1 0.7085416667 0.2406250000 0.0437500000 0.0335937500
5 0.0964270833 0.3418671875 0.0825937500 0.1207734375
5 0.0340104167 0.3378359375 0.0680208333 0.1142343750
5 0.1704583333 0.3132109375 0.0977291667 0.0562421875
6 0.2692708333 0.3064765625 0.1096458333 0.0772500000
1 0.3677604167 0.3223984375 0.0893437500 0.0559375000
1 0.4431770833 0.3279453125 0.0718958333 0.0465234375
1 0.5129687500 0.3298828125 0.0711562500 0.0526875000
1 0.5790312500 0.3350781250 0.0667500000 0.0485234375
1 0.6930000000 0.3404453125 0.0520625000 0.0461796875
1 0.6387291667 0.3358828125 0.0552395833 0.0435703125
1 0.7381354167 0.3412031250 0.0499687500 0.0395390625
1 0.7840208333 0.3421875000 0.0422916667 0.0354140625
5 0.1756979167 0.3693046875 0.0837083333 0.0630390625
6 0.2706250000 0.3688203125 0.1084791667 0.0645859375
1 0.3755625000 0.3748046875 0.1073958333 0.0561250000
1 0.4492083333 0.3805312500 0.0726979167 0.0552343750
1 0.5176979167 0.3760468750 0.0608020833 0.0528671875
1 0.5865625000 0.3824921875 0.0707083333 0.0487031250
1 0.6920104167 0.4258671875 0.0516354167 0.0308125000
1 0.6542187500 0.3810468750 0.0606979167 0.0455546875
1 0.7481751825 0.3816689466 0.0529197080 0.0383036936
1 0.7003333333 0.3808828125 0.0419166667 0.0386953125
1 0.7389583333 0.4275000000 0.0562500000 0.0353125000
1 0.7952083333 0.4225000000 0.0558333333 0.0350000000
1 0.7959375000 0.3797109375 0.0381041667 0.0400937500
7 0.0756458333 0.4381640625 0.1503125000 0.0467578125
7 0.2132083333 0.4450546875 0.1374687500 0.0296562500
0 0.4283333333 0.4981250000 0.0887500000 0.1060937500
0 0.4808333333 0.4709375000 0.0304166667 0.0409375000
0 0.5169166667 0.4791640625 0.0420520833 0.0393359375
1 0.6409479167 0.4804687500 0.0765000000 0.0864843750
1 0.6993541667 0.4607500000 0.0456666667 0.0316562500
1 0.7437500000 0.4625000000 0.0604166667 0.0332812500
1 0.8141666667 0.4907812500 0.0577083333 0.0400000000
1 0.8056250000 0.4559375000 0.0483333333 0.0306250000
7 0.0740937500 0.5227343750 0.1481875000 0.1236171875
7 0.2158020833 0.5140625000 0.1475104167 0.1146171875
0 0.3297916667 0.5104687500 0.1039583333 0.1121875000
0 0.4860208333 0.5188125000 0.0365937500 0.0513593750
0 0.5280000000 0.5190468750 0.0609166667 0.0441015625
1 0.7109479167 0.5010781250 0.0472500000 0.0395390625
1 0.7615625000 0.5026875000 0.0569062500 0.0362500000
7 0.2020208333 0.6146562500 0.1058125000 0.0450078125
1 0.6754375000 0.6140234375 0.0523437500 0.0821640625
1 0.6370520833 0.6202500000 0.0561250000 0.0866796875
1 0.7429583333 0.6025781250 0.0520520833 0.0767812500
1 0.7105729167 0.6071406250 0.0535104167 0.0795859375
1 0.8235104167 0.5908750000 0.0535104167 0.0741093750
1 0.7879687500 0.5981875000 0.0546666667 0.0797656250
1 0.8562187500 0.5864765625 0.0446041667 0.0729375000
7 0.0463020833 0.6749062500 0.0517500000 0.0432031250
7 0.1008958333 0.6587265625 0.0626354167 0.0446640625
7 0.2213229167 0.6977734375 0.0637291667 0.0917890625
7 0.2716145833 0.6897421875 0.0603020833 0.0910937500
7 0.3205416667 0.6758437500 0.0623333333 0.0983593750
4 0.3963541667 0.6544765625 0.1003333333 0.1270625000
0 0.4811562500 0.6479843750 0.1161458333 0.1056953125
7 0.5713854167 0.6420937500 0.0905000000 0.0739765625
7 0.0520625000 0.7324453125 0.0608645833 0.0756250000
7 0.1659895833 0.7099843750 0.0627083333 0.0797421875
7 0.1217708333 0.7397812500 0.0520208333 0.0463046875
1 0.7007299270 0.7441860465 0.1131386861 0.1094391245
1 0.7885416667 0.7197421875 0.0875729167 0.1024453125
1 0.8536250000 0.7029140625 0.0910833333 0.0916640625
1 0.5081770833 0.7968359375 0.1326250000 0.1308437500
1 0.6149062500 0.7685703125 0.1142708333 0.1166640625
1 0.7973958333 0.8218750000 0.0927083333 0.1171875000
1 0.8848958333 0.7878906250 0.0572916667 0.1007812500
1 0.8473958333 0.8039062500 0.0552083333 0.0968750000
4 0.0889791667 0.8701484375 0.1050729167 0.1857734375
4 0.1715520833 0.8647890625 0.0971041667 0.1512578125
4 0.2416562500 0.8552343750 0.0939270833 0.1341718750
4 0.3014166667 0.8394453125 0.0836562500 0.1282343750
6 0.3935104167 0.8407343750 0.1192291667 0.0894218750
1 0.5816666667 0.8528125000 0.0797916667 0.0273437500
1 0.7130208333 0.8523437500 0.1218750000 0.1390625000
0 0.3376770833 0.9638515625 0.0831875000 0.0722968750
0 0.4215625000 0.9461640625 0.1020520833 0.1076640625
0 0.5134895833 0.9324609375 0.0998125000 0.1227578125
6 0.6065312500 0.9207109375 0.0908020833 0.0931484375
1 0.8972916667 0.9456250000 0.0481250000 0.0900000000
1 0.8612500000 0.9601562500 0.0531250000 0.0759375000
0 0.2481041667 0.9695371094 0.1021250000 0.0609257813
1 0.7900416667 0.9795000000 0.0427083333 0.0410000000
1 0.8266562500 0.9702109375 0.0473125000 0.0595703125
1 0.9614583333 0.9731250000 0.0764583333 0.0409375000
