1 0.2778250000 0.0455333333 0.1038000000 0.0848888889
1 0.3787250000 0.0578666667 0.0952625000 0.0974888889
6 0.4751000000 0.0624888889 0.0968625000 0.1003777778
0 0.6369625000 0.0955555556 0.0616500000 0.1545111111
0 0.6925875000 0.0928888889 0.0587750000 0.1568000000
0 0.7443875000 0.0946222222 0.0564625000 0.1496222222
0 0.7976125000 0.0937555556 0.0642750000 0.1496222222
0 0.8569375000 0.0972222222 0.0668375000 0.1518000000
1 0.2739250000 0.1293333333 0.1149875000 0.0962000000
6 0.4799750000 0.1414888889 0.0935000000 0.0732888889
6 0.5688500000 0.1440888889 0.0820875000 0.0686222222
7 0.2427000000 0.2874000000 0.0643250000 0.1144000000
6 0.4545875000 0.2803555556 0.1021125000 0.0962888889
6 0.5404875000 0.2904888889 0.0695000000 0.1021333333
0 0.6210875000 0.2873333333 0.0893000000 0.1126222222
0 0.6919000000 0.2868888889 0.0516625000 0.0963555556
0 0.7426750000 0.2924666667 0.0474250000 0.0979555556
7 0.3148875000 0.3068222222 0.0569125000 0.1075555556
0 0.8016375000 0.3242222222 0.0789125000 0.1648222222
0 0.8649375000 0.3220444444 0.0735500000 0.1627555556
7 0.2367000000 0.4890444444 0.0564750000 0.0589555556
7 0.2922625000 0.4871555556 0.0547500000 0.0548000000
7 0.3506250000 0.4858444444 0.0612750000 0.0504666667
7 0.4104000000 0.4877111111 0.0607750000 0.0441555556
7 0.4780250000 0.4882888889 0.0727500000 0.0474666667
7 0.6720000000 0.4997333333 0.0541500000 0.0842444444
7 0.8328875000 0.4952222222 0.0593250000 0.0747111111
7 0.8846375000 0.4948000000 0.0499625000 0.0758000000
7 0.2950875000 0.5413333333 0.0519750000 0.0542222222
7 0.3505750000 0.5393111111 0.0625000000 0.0539777778
7 0.4133500000 0.5383777778 0.0616500000 0.0532222222
7 0.4848625000 0.5334222222 0.0657375000 0.0638000000
7 0.5591500000 0.5098666667 0.0779750000 0.1067555556
7 0.6226250000 0.5004444444 0.0507625000 0.0851333333
7 0.7223750000 0.5004888889 0.0523875000 0.0857111111
7 0.7701500000 0.5036222222 0.0495625000 0.0792444444
7 0.8372375000 0.5624222222 0.0490875000 0.0712000000
1 0.2407250000 0.7150666667 0.0739750000 0.1360666667
1 0.3121750000 0.7150666667 0.0677125000 0.1343333333
1 0.3814500000 0.7212222222 0.0729625000 0.1314222222
1 0.4628875000 0.7291555556 0.0820875000 0.1526666667
1 0.5512750000 0.7289555556 0.0852625000 0.1528888889
1 0.6422125000 0.7263555556 0.0840500000 0.1526666667
1 0.7299750000 0.7224444444 0.0834375000 0.1510444444
1 0.8183625000 0.7222222222 0.0846500000 0.1507111111
1 0.8809875000 0.7252666667 0.0475125000 0.1408444444
7 0.8570625000 0.8984888889 0.0484625000 0.1255777778
6 0.2553750000 0.9233555556 0.0910625000 0.1507111111
6 0.3482375000 0.9136222222 0.0777625000 0.1333555556
7 0.5358875000 0.9426833333 0.0810500000 0.1146333333
7 0.6169375000 0.9396222222 0.0778250000 0.1060666667
7 0.7009250000 0.9085333333 0.0805000000 0.1397555556
7 0.7940250000 0.9117555556 0.0901375000 0.1498222222
