7 0.2059750000 0.0882444444 0.0901375000 0.1498222222
7 0.2990750000 0.0914666667 0.0805000000 0.1397555556
7 0.3830625000 0.0603777778 0.0778250000 0.1060666667
7 0.4641125000 0.0573166667 0.0810500000 0.1146333333
6 0.6517625000 0.0863777778 0.0777625000 0.1333555556
6 0.7446250000 0.0766444444 0.0910625000 0.1507111111
7 0.1429375000 0.1015111111 0.0484625000 0.1255777778
1 0.1190125000 0.2747333333 0.0475125000 0.1408444444
1 0.1816375000 0.2777777778 0.0846500000 0.1507111111
1 0.2700250000 0.2775555556 0.0834375000 0.1510444444
1 0.3577875000 0.2736444444 0.0840500000 0.1526666667
1 0.4487250000 0.2710444444 0.0852625000 0.1528888889
1 0.5371125000 0.2708444444 0.0820875000 0.1526666667
1 0.6185500000 0.2787777778 0.0729625000 0.1314222222
1 0.6878250000 0.2849333333 0.0677125000 0.1343333333
1 0.7592750000 0.2849333333 0.0739750000 0.1360666667
7 0.1627625000 0.4375777778 0.0490875000 0.0712000000
7 0.2298500000 0.4963777778 0.0495625000 0.0792444444
7 0.2776250000 0.4995111111 0.0523875000 0.0857111111
7 0.3773750000 0.4995555556 0.0507625000 0.0851333333
7 0.4408500000 0.4901333333 0.0779750000 0.1067555556
7 0.5151375000 0.4665777778 0.0657375000 0.0638000000
7 0.5866500000 0.4616222222 0.0616500000 0.0532222222
7 0.6494250000 0.4606888889 0.0625000000 0.0539777778
7 0.7049125000 0.4586666667 0.0519750000 0.0542222222
7 0.1153625000 0.5052000000 0.0499625000 0.0758000000
7 0.1671125000 0.5047777778 0.0593250000 0.0747111111
7 0.3280000000 0.5002666667 0.0541500000 0.0842444444
7 0.5219750000 0.5117111111 0.0727500000 0.0474666667
7 0.5896000000 0.5122888889 0.0607750000 0.0441555556
7 0.6493750000 0.5141555556 0.0612750000 0.0504666667
7 0.7077375000 0.5128444444 0.0547500000 0.0548000000
7 0.7633000000 0.5109555556 0.0564750000 0.0589555556
0 0.1350625000 0.6779555556 0.0735500000 0.1627555556
0 0.1983625000 0.6757777778 0.0789125000 0.1648222222
7 0.6851125000 0.6931777778 0.0569125000 0.1075555556
0 0.2573250000 0.7075333333 0.0474250000 0.0979555556
0 0.3081000000 0.7131111111 0.0516625000 0.0963555556
0 0.3789125000 0.7126666667 0.0893000000 0.1126222222
6 0.4595125000 0.7095111111 0.0695000000 0.1021333333
6 0.5454125000 0.7196444444 0.1021125000 0.0962888889
7 0.7573000000 0.7126000000 0.0643250000 0.1144000000
6 0.4311500000 0.8559111111 0.0820875000 0.0686222222
6 0.5200250000 0.8585111111 0.0935000000 0.0732888889
1 0.7260750000 0.8706666667 0.1149875000 0.0962000000
0 0.1430625000 0.9027777778 0.0668375000 0.1518000000
0 0.2023875000 0.9062444444 0.0642750000 0.1496222222
0 0.2556125000 0.9053777778 0.0564625000 0.1496222222
0 0.3074125000 0.9071111111 0.0587750000 0.1568000000
0 0.3630375000 0.9044444444 0.0616500000 0.1545111111
6 0.5249000000 0.9375111111 0.0968625000 0.1003777778
1 0.6212750000 0.9421333333 0.0952625000 0.0974888889
1 0.7221750000 0.9544666667 0.1038000000 0.0848888889
