0 0.0972222222 0.1430625000 0.1518000000 0.0668375000
0 0.3220444444 0.1350625000 0.1627555556 0.0735500000
7 0.4948000000 0.1153625000 0.0758000000 0.0499625000
7 0.5624222222 0.1627625000 0.0712000000 0.0490875000
1 0.7252666667 0.1190125000 0.1408444444 0.0475125000
7 0.8984888889 0.1429375000 0.1255777778 0.0484625000
0 0.0937555556 0.2023875000 0.1496222222 0.0642750000
0 0.3242222222 0.1983625000 0.1648222222 0.0789125000
7 0.4952222222 0.1671125000 0.0747111111 0.0593250000
7 0.5036222222 0.2298500000 0.0792444444 0.0495625000
1 0.7222222222 0.1816375000 0.1507111111 0.0846500000
7 0.9117555556 0.2059750000 0.1498222222 0.0901375000
0 0.0946222222 0.2556125000 0.1496222222 0.0564625000
0 0.2924666667 0.2573250000 0.0979555556 0.0474250000
7 0.5004888889 0.2776250000 0.0857111111 0.0523875000
1 0.7224444444 0.2700250000 0.1510444444 0.0834375000
7 0.9085333333 0.2990750000 0.1397555556 0.0805000000
0 0.0928888889 0.3074125000 0.1568000000 0.0587750000
0 0.0955555556 0.3630375000 0.1545111111 0.0616500000
0 0.2868888889 0.3081000000 0.0963555556 0.0516625000
7 0.4997333333 0.3280000000 0.0842444444 0.0541500000
1 0.7263555556 0.3577875000 0.1526666667 0.0840500000
6 0.1440888889 0.4311500000 0.0686222222 0.0820875000
0 0.2873333333 0.3789125000 0.1126222222 0.0893000000
7 0.5004444444 0.3773750000 0.0851333333 0.0507625000
7 0.9396222222 0.3830625000 0.1060666667 0.0778250000
6 0.2904888889 0.4595125000 0.1021333333 0.0695000000
7 0.5098666667 0.4408500000 0.1067555556 0.0779750000
1 0.7289555556 0.4487250000 0.1528888889 0.0852625000
7 0.9426833333 0.4641125000 0.1146333333 0.0810500000
6 0.0624888889 0.5249000000 0.1003777778 0.0968625000
6 0.1414888889 0.5200250000 0.0732888889 0.0935000000
6 0.2803555556 0.5454125000 0.0962888889 0.1021125000
7 0.4882888889 0.5219750000 0.0474666667 0.0727500000
7 0.5334222222 0.5151375000 0.0638000000 0.0657375000
1 0.7291555556 0.5371125000 0.1526666667 0.0820875000
1 0.0578666667 0.6212750000 0.0974888889 0.0952625000
7 0.4877111111 0.5896000000 0.0441555556 0.0607750000
7 0.5383777778 0.5866500000 0.0532222222 0.0616500000
1 0.7212222222 0.6185500000 0.1314222222 0.0729625000
7 0.3068222222 0.6851125000 0.1075555556 0.0569125000
7 0.4858444444 0.6493750000 0.0504666667 0.0612750000
7 0.5393111111 0.6494250000 0.0539777778 0.0625000000
1 0.7150666667 0.6878250000 0.1343333333 0.0677125000
6 0.9136222222 0.6517625000 0.1333555556 0.0777625000
1 0.0455333333 0.7221750000 0.0848888889 0.1038000000
1 0.1293333333 0.7260750000 0.0962000000 0.1149875000
7 0.2874000000 0.7573000000 0.1144000000 0.0643250000
7 0.4890444444 0.7633000000 0.0589555556 0.0564750000
7 0.4871555556 0.7077375000 0.0548000000 0.0547500000
7 0.5413333333 0.7049125000 0.0542222222 0.0519750000
1 0.7150666667 0.7592750000 0.1360666667 0.0739750000
6 0.9233555556 0.7446250000 0.1507111111 0.0910625000
