6 0.0766444444 0.2553750000 0.1507111111 0.0910625000
1 0.2849333333 0.2407250000 0.1360666667 0.0739750000
7 0.4586666667 0.2950875000 0.0542222222 0.0519750000
7 0.5128444444 0.2922625000 0.0548000000 0.0547500000
7 0.5109555556 0.2367000000 0.0589555556 0.0564750000
7 0.7126000000 0.2427000000 0.1144000000 0.0643250000
1 0.8706666667 0.2739250000 0.0962000000 0.1149875000
1 0.9544666667 0.2778250000 0.0848888889 0.1038000000
6 0.0863777778 0.3482375000 0.1333555556 0.0777625000
1 0.2849333333 0.3121750000 0.1343333333 0.0677125000
7 0.4606888889 0.3505750000 0.0539777778 0.0625000000
7 0.5141555556 0.3506250000 0.0504666667 0.0612750000
7 0.6931777778 0.3148875000 0.1075555556 0.0569125000
1 0.2787777778 0.3814500000 0.1314222222 0.0729625000
7 0.4616222222 0.4133500000 0.0532222222 0.0616500000
7 0.5122888889 0.4104000000 0.0441555556 0.0607750000
1 0.9421333333 0.3787250000 0.0974888889 0.0952625000
1 0.2708444444 0.4628875000 0.1526666667 0.0820875000
7 0.4665777778 0.4848625000 0.0638000000 0.0657375000
7 0.5117111111 0.4780250000 0.0474666667 0.0727500000
6 0.7196444444 0.4545875000 0.0962888889 0.1021125000
6 0.8585111111 0.4799750000 0.0732888889 0.0935000000
6 0.9375111111 0.4751000000 0.1003777778 0.0968625000
7 0.0573166667 0.5358875000 0.1146333333 0.0810500000
1 0.2710444444 0.5512750000 0.1528888889 0.0852625000
7 0.4901333333 0.5591500000 0.1067555556 0.0779750000
6 0.7095111111 0.5404875000 0.1021333333 0.0695000000
7 0.0603777778 0.6169375000 0.1060666667 0.0778250000
7 0.4995555556 0.6226250000 0.0851333333 0.0507625000
0 0.7126666667 0.6210875000 0.1126222222 0.0893000000
6 0.8559111111 0.5688500000 0.0686222222 0.0820875000
1 0.2736444444 0.6422125000 0.1526666667 0.0840500000
7 0.5002666667 0.6720000000 0.0842444444 0.0541500000
0 0.7131111111 0.6919000000 0.0963555556 0.0516625000
0 0.9071111111 0.6925875000 0.1568000000 0.0587750000
0 0.9044444444 0.6369625000 0.1545111111 0.0616500000
7 0.0914666667 0.7009250000 0.1397555556 0.0805000000
1 0.2775555556 0.7299750000 0.1510444444 0.0834375000
7 0.4995111111 0.7223750000 0.0857111111 0.0523875000
0 0.7075333333 0.7426750000 0.0979555556 0.0474250000
0 0.9053777778 0.7443875000 0.1496222222 0.0564625000
7 0.0882444444 0.7940250000 0.1498222222 0.0901375000
1 0.2777777778 0.8183625000 0.1507111111 0.0846500000
7 0.4963777778 0.7701500000 0.0792444444 0.0495625000
7 0.5047777778 0.8328875000 0.0747111111 0.0593250000
0 0.6757777778 0.8016375000 0.1648222222 0.0789125000
0 0.9062444444 0.7976125000 0.1496222222 0.0642750000
7 0.1015111111 0.8570625000 0.1255777778 0.0484625000
1 0.2747333333 0.8809875000 0.1408444444 0.0475125000
7 0.4375777778 0.8372375000 0.0712000000 0.0490875000
7 0.5052000000 0.8846375000 0.0758000000 0.0499625000
0 0.6779555556 0.8649375000 0.1627555556 0.0735500000
0 0.9027777778 0.8569375000 0.1518000000 0.0668375000
