7 0.1284791667 0.2520703125 0.1051354167 0.0294062500
7 0.1322291667 0.2856171875 0.1033541667 0.0312734375
3 0.2295208333 0.2481640625 0.0969479167 0.0323359375
3 0.2356145833 0.2828125000 0.0969583333 0.0321406250
7 0.3143958333 0.2553906250 0.0811666667 0.0869062500
0 0.3932812500 0.2424531250 0.0807916667 0.1127890625
0 0.4660312500 0.2470000000 0.0677500000 0.1052343750
0 0.5368750000 0.2415937500 0.0749687500 0.1155703125
0 0.6168333333 0.2395390625 0.0850625000 0.1152031250
0 0.7006145833 0.2440234375 0.0926145833 0.1057656250
0 0.7903020833 0.2419921875 0.0883125000 0.1036953125
1 0.1789583333 0.3370312500 0.0881250000 0.0525000000
7 0.2786562500 0.3657812500 0.0913541667 0.1008203125
7 0.3785312500 0.3422734375 0.1067604167 0.0517656250
7 0.4761562500 0.3503046875 0.0748437500 0.0446406250
7 0.5651250000 0.3518515625 0.0889479167 0.0487187500
7 0.6463333333 0.3594453125 0.0666458333 0.1034843750
7 0.7226354167 0.3593828125 0.0742291667 0.1042109375
1 0.1916666667 0.3940625000 0.0893750000 0.0493750000
7 0.3801562500 0.3918046875 0.1088229167 0.0497500000
7 0.4772291667 0.3934687500 0.0769791667 0.0363515625
7 0.5622604167 0.3949296875 0.0869479167 0.0411093750
6 0.1645312500 0.4745781250 0.0793020833 0.1033750000
6 0.2805104167 0.4879765625 0.1612291667 0.0783906250
6 0.4382187500 0.4845625000 0.1526458333 0.0777656250
6 0.5931562500 0.4817812500 0.1556770833 0.0762343750
1 0.7035937500 0.4879531250 0.0679895833 0.0544843750
1 0.7525000000 0.4854687500 0.0304166667 0.0585937500
1 0.3769791667 0.5500078125 0.0684895833 0.0479531250
1 0.4443020833 0.5474218750 0.0669479167 0.0455000000
1 0.5108437500 0.5448281250 0.0652291667 0.0422968750
1 0.6521041667 0.5586250000 0.0713854167 0.0227656250
1 0.7268229167 0.5444843750 0.0730520833 0.0465078125
1 0.2570104167 0.6826328125 0.0708854167 0.0897890625
1 0.3429687500 0.6781953125 0.0698750000 0.0949609375
1 0.4117708333 0.6862656250 0.0767708333 0.0914765625
1 0.4872083333 0.6714062500 0.0764895833 0.0864765625
1 0.5685416667 0.6752031250 0.0827395833 0.0956171875
1 0.6493020833 0.6762734375 0.0810104167 0.0996953125
1 0.7384583333 0.6718125000 0.0798333333 0.0928828125
7 0.5325312500 0.8314062500 0.0568229167 0.0532187500
7 0.4323750000 0.8512968750 0.1518958333 0.1040312500
7 0.6463958333 0.8473750000 0.0679375000 0.0437656250
7 0.5710833333 0.9341484375 0.1664375000 0.1181718750
7 0.7589895833 0.9085703125 0.0894479167 0.0515468750
7 0.8391458333 0.9144375000 0.0908229167 0.0608281250
7 0.6963333333 0.9768906250 0.0755000000 0.0429687500
7 0.7731041667 0.9789511719 0.0910312500 0.0420976563
7 0.8589375000 0.9809296875 0.0999479167 0.0381406250
1 0.2172916667 0.5825000000 0.0806250000 0.0959375000
1 0.3072916667 0.5523437500 0.0681250000 0.0470312500
