7 0.2173643411 0.0067500000 0.0486821705 0.0135000000
7 0.2184496124 0.0277500000 0.0513178295 0.0295000000
0 0.6613100775 0.0173000000 0.0870000000 0.0346000000
0 0.7765968992 0.0156562500 0.0735891473 0.0313062500
0 0.8768992248 0.0165000000 0.0305426357 0.0330000000
0 0.9074418605 0.0172500000 0.0310077519 0.0313750000
0 0.9387596899 0.0160000000 0.0302325581 0.0320000000
7 0.2150387597 0.0757500000 0.0570542636 0.0606250000
7 0.5330232558 0.0807500000 0.0541085271 0.0272500000
6 0.6550387597 0.0950000000 0.0691472868 0.0318750000
7 0.6374573643 0.0557062500 0.0372093023 0.0528125000
0 0.7748992248 0.0471125000 0.0727829457 0.0306562500
6 0.8868217054 0.0956250000 0.0272868217 0.0226250000
6 0.8871317829 0.0697500000 0.0268217054 0.0295000000
6 0.9209302326 0.0653750000 0.0437209302 0.0311250000
6 0.9217054264 0.0962500000 0.0424806202 0.0311250000
6 0.2032558140 0.1370000000 0.0722480620 0.0550000000
6 0.3821705426 0.1142500000 0.0568992248 0.0295000000
6 0.3823255814 0.1420000000 0.0545736434 0.0266250000
6 0.5178294574 0.1511250000 0.0688372093 0.0516250000
7 0.5330232558 0.1072500000 0.0541085271 0.0260000000
6 0.6545736434 0.1271250000 0.0710077519 0.0327500000
6 0.6486821705 0.1658750000 0.0266666667 0.0277500000
6 0.6930232558 0.1652500000 0.0268217054 0.0277500000
6 0.7731782946 0.1448750000 0.0790697674 0.0350000000
6 0.7728682171 0.1143750000 0.0770542636 0.0315000000
6 0.8816744186 0.1422750000 0.0262558140 0.0300937500
6 0.9167441860 0.1536250000 0.0434108527 0.0332500000
6 0.2043410853 0.1953750000 0.0713178295 0.0566250000
6 0.3674418605 0.1772500000 0.0671317829 0.0456250000
6 0.4990697674 0.2298750000 0.0409302326 0.0337500000
6 0.5006201550 0.1941250000 0.0392248062 0.0346250000
6 0.5387596899 0.1972500000 0.0381395349 0.0376250000
6 0.6913178295 0.1943750000 0.0258914729 0.0251250000
6 0.6483720930 0.1963750000 0.0257364341 0.0291250000
6 0.7626356589 0.2201250000 0.0257364341 0.0332500000
6 0.7641860465 0.1850000000 0.0262015504 0.0312500000
6 0.7948837209 0.2186250000 0.0381395349 0.0208750000
6 0.7968992248 0.1831250000 0.0376744186 0.0327500000
6 0.8820155039 0.1696250000 0.0251162791 0.0201250000
6 0.2009302326 0.2493750000 0.0713178295 0.0525000000
7 0.3562790698 0.2563750000 0.0406201550 0.0727500000
6 0.3827906977 0.2533750000 0.0375193798 0.0507500000
6 0.5404651163 0.2932500000 0.0431007752 0.0655000000
6 0.5044961240 0.2921250000 0.0376744186 0.0670000000
6 0.5423255814 0.2390000000 0.0393798450 0.0325000000
6 0.6553488372 0.2483750000 0.0739534884 0.0433750000
6 0.6580027360 0.2910694598 0.0793433653 0.0396912900
6 0.7627906977 0.2751250000 0.0279069767 0.0718750000
6 0.7896124031 0.2870000000 0.0275968992 0.0593750000
6 0.8990697674 0.2802500000 0.0945736434 0.0505000000
6 0.9136434109 0.2365000000 0.0372093023 0.0431250000
7 0.2153488372 0.3375000000 0.0496124031 0.1005000000
7 0.1765891473 0.3205000000 0.0382945736 0.1097500000
7 0.2677519380 0.3393750000 0.0198449612 0.1043750000
4 0.3739534884 0.3050000000 0.0720930233 0.0538750000
4 0.3725581395 0.3598750000 0.0741085271 0.0540000000
7 0.4933333333 0.3478750000 0.0248062016 0.0380000000
7 0.5179844961 0.3481250000 0.0235658915 0.0387500000
7 0.5427906977 0.3450000000 0.0255813953 0.0382500000
7 0.6572093023 0.3178750000 0.0227906977 0.0231250000
7 0.6566511628 0.3415625000 0.0254883721 0.0238312500
7 0.7722480620 0.3441250000 0.0241860465 0.0201250000
7 0.7722480620 0.3238750000 0.0235658915 0.0202500000
7 0.8635658915 0.3481250000 0.0251162791 0.0163750000
7 0.8917829457 0.3643750000 0.0341085271 0.0182500000
7 0.8625038760 0.3647812500 0.0226046512 0.0185437500
6 0.9234108527 0.3313750000 0.0489922481 0.0350000000
7 0.2644961240 0.4146250000 0.0355038760 0.0428750000
4 0.3714728682 0.4148750000 0.0728682171 0.0556250000
7 0.4964263566 0.3867187500 0.0318914729 0.0406812500
7 0.4933953488 0.4279812500 0.0276511628 0.0451937500
7 0.5441007752 0.3860812500 0.0311085271 0.0401312500
7 0.5394263566 0.4309062500 0.0282713178 0.0477000000
7 0.5158062016 0.4299312500 0.0273875969 0.0466312500
7 0.6269379845 0.3735375000 0.0317751938 0.0399500000
7 0.6778914729 0.4216312500 0.0223953488 0.0457500000
7 0.6538914729 0.3745125000 0.0308139535 0.0427250000
7 0.6514651163 0.4211437500 0.0314186047 0.0466312500
7 0.6778294574 0.3766250000 0.0241860465 0.0450000000
7 0.7423255814 0.3763750000 0.0254263566 0.0391250000
7 0.7413953488 0.4163750000 0.0254263566 0.0402500000
7 0.7680620155 0.3761250000 0.0255813953 0.0400000000
7 0.7668217054 0.4165000000 0.0252713178 0.0405000000
7 0.8607751938 0.4087500000 0.0243410853 0.0348750000
7 0.8877519380 0.3823750000 0.0262015504 0.0181250000
7 0.8838759690 0.4087500000 0.0243410853 0.0346250000
7 0.8617209302 0.3822500000 0.0234263566 0.0177875000
4 0.3798449612 0.4717500000 0.0708527132 0.0548750000
7 0.4924883721 0.4702125000 0.0278604651 0.0434562500
7 0.5164108527 0.4711937500 0.0291085271 0.0416875000
7 0.6254263566 0.4653312500 0.0277441860 0.0504125000
7 0.6757751938 0.4667437500 0.0255658915 0.0458375000
7 0.6505581395 0.4675312500 0.0287674419 0.0502312500
7 0.7393798450 0.4960000000 0.0248062016 0.0388750000
7 0.7657906977 0.4583062500 0.0295736434 0.0418937500
7 0.7420077519 0.4553250000 0.0296589147 0.0410750000
7 0.7648062016 0.4966250000 0.0275968992 0.0385000000
7 0.8598449612 0.4435000000 0.0254263566 0.0346250000
7 0.8827906977 0.4435000000 0.0235658915 0.0351250000
7 0.8587596899 0.4780000000 0.0244961240 0.0338750000
7 0.8821705426 0.4783750000 0.0235658915 0.0342500000
4 0.3707250342 0.5259095921 0.0725034200 0.0551267916
7 0.4900697674 0.5214875000 0.0291627907 0.0458687500
7 0.5392480620 0.5197875000 0.0291937984 0.0525062500
4 0.5133875969 0.5585937500 0.0735813953 0.0270062500
7 0.5136434109 0.5207437500 0.0230775194 0.0508562500
7 0.6248217054 0.5136750000 0.0271782946 0.0482187500
7 0.6484341085 0.5175812500 0.0294883721 0.0524312500
7 0.6752635659 0.5138187500 0.0255271318 0.0472812500
4 0.6583100775 0.5483750000 0.0541085271 0.0245375000
7 0.7390697674 0.5357500000 0.0244961240 0.0380000000
7 0.7640310078 0.5358750000 0.0258914729 0.0375000000
7 0.8573643411 0.5127500000 0.0246511628 0.0345000000
7 0.8807751938 0.5126250000 0.0249612403 0.0346250000
4 0.8895348837 0.5450000000 0.0875968992 0.0300000000
1 0.3775193798 0.5806250000 0.0551937984 0.0300000000
1 0.3796899225 0.6111250000 0.0601550388 0.0348750000
4 0.5158217054 0.6069625000 0.0731627907 0.0227625000
4 0.5147054264 0.5837625000 0.0771240310 0.0241375000
1 0.6311782946 0.6264625000 0.0408062016 0.0400062500
4 0.6575193798 0.5962500000 0.0567674419 0.0232812500
4 0.6570232558 0.5720000000 0.0545581395 0.0219937500
4 0.7641860465 0.6175000000 0.0730232558 0.0281250000
4 0.7634108527 0.5918750000 0.0730232558 0.0256250000
4 0.7635658915 0.5675000000 0.0728682171 0.0251250000
4 0.8903100775 0.5759375000 0.0860465116 0.0293750000
4 0.8882170543 0.6057500000 0.0849612403 0.0291250000
1 0.8879069767 0.6300000000 0.0409302326 0.0205000000
1 0.3517829457 0.6791250000 0.0410852713 0.0355000000
1 0.3800000000 0.6438750000 0.0598449612 0.0363750000
1 0.3910077519 0.6811250000 0.0379844961 0.0368750000
1 0.4958139535 0.6830000000 0.0393798450 0.0430000000
1 0.4986046512 0.6380000000 0.0409302326 0.0397500000
1 0.5406434109 0.6401562500 0.0402093023 0.0423000000
1 0.5404651163 0.6846250000 0.0381395349 0.0425000000
1 0.7451162791 0.6828625000 0.0397984496 0.0373812500
1 0.7454263566 0.6463750000 0.0410852713 0.0362500000
1 0.7840310078 0.6872500000 0.0384496124 0.0346250000
1 0.7843410853 0.6502500000 0.0361240310 0.0363750000
1 0.8941085271 0.6915000000 0.0562790698 0.0272500000
1 0.8868217054 0.6556250000 0.0403100775 0.0257500000
1 0.3486821705 0.7516250000 0.0392248062 0.0370000000
1 0.3516279070 0.7150000000 0.0393798450 0.0376250000
1 0.3893023256 0.7176250000 0.0387596899 0.0371250000
1 0.3893023256 0.7527500000 0.0396899225 0.0360000000
1 0.5017054264 0.7588750000 0.0215503876 0.0351250000
1 0.5320930233 0.7590000000 0.0356589147 0.0345000000
1 0.5017054264 0.7310000000 0.0204651163 0.0202500000
1 0.5319379845 0.7236250000 0.0404651163 0.0323750000
1 0.6697674419 0.7266250000 0.0406201550 0.0293750000
1 0.6384496124 0.7275000000 0.0210852713 0.0257500000
1 0.6710077519 0.7661250000 0.0393798450 0.0393750000
1 0.6381395349 0.7607500000 0.0189147287 0.0333750000
1 0.7471317829 0.7642500000 0.0403100775 0.0372500000
1 0.7441860465 0.7231250000 0.0368992248 0.0387500000
1 0.7824806202 0.7241250000 0.0410852713 0.0386250000
1 0.8927131783 0.7450000000 0.0536434109 0.0275000000
1 0.8936434109 0.7182500000 0.0547286822 0.0268750000
1 0.3679890561 0.7905181918 0.0779753762 0.0396912900
1 0.5331860465 0.8303875000 0.0438139535 0.0378125000
1 0.5351705426 0.7927625000 0.0434496124 0.0349437500
1 0.5026124031 0.7881875000 0.0271007752 0.0224812500
1 0.6252713178 0.8122500000 0.0378294574 0.0422500000
1 0.6643410853 0.8112500000 0.0410852713 0.0431250000
1 0.7729138167 0.7971334068 0.0519835841 0.0297684675
1 0.7722480620 0.8261250000 0.0522480620 0.0291250000
1 0.8887674419 0.8218187500 0.0472945736 0.0291750000
1 0.9217364341 0.8182625000 0.0196434109 0.0250812500
1 0.2621705426 0.8798750000 0.0379844961 0.1028750000
1 0.3696124031 0.8346250000 0.0724031008 0.0581250000
1 0.5373333333 0.8567187500 0.0398372093 0.0202187500
1 0.5334418605 0.8986812500 0.0390077519 0.0397000000
1 0.5021782946 0.8623062500 0.0280697674 0.0326562500
1 0.6257286822 0.8554687500 0.0402713178 0.0445875000
1 0.6644961240 0.8567500000 0.0415503876 0.0458750000
1 0.7721627907 0.8540000000 0.0533565891 0.0296187500
1 0.7696124031 0.8780000000 0.0475968992 0.0220000000
1 0.8592248062 0.8600000000 0.0339534884 0.0263750000
1 0.8970542636 0.8895000000 0.0384496124 0.0311250000
1 0.8964341085 0.8586250000 0.0395348837 0.0298750000
1 0.8582945736 0.8890000000 0.0365891473 0.0318750000
1 0.9359689922 0.8553750000 0.0392248062 0.0310000000
1 0.9359689922 0.8860000000 0.0381395349 0.0303750000
1 0.1462015504 0.9076250000 0.0457364341 0.0941250000
1 0.2182945736 0.9002500000 0.0167441860 0.0958750000
1 0.3638759690 0.9161250000 0.0762790698 0.0750000000
1 0.4992248062 0.9406250000 0.0207751938 0.0198750000
1 0.5297674419 0.9342500000 0.0401550388 0.0338750000
1 0.6336434109 0.9372500000 0.0223255814 0.0368750000
1 0.6345736434 0.9080000000 0.0229457364 0.0222500000
1 0.6660465116 0.9016250000 0.0387596899 0.0345000000
1 0.6652713178 0.9395000000 0.0392248062 0.0401250000
1 0.7601550388 0.9410000000 0.0744186047 0.0306250000
1 0.7595348837 0.9112500000 0.0739534884 0.0336250000
1 0.8590697674 0.9210000000 0.0342635659 0.0322500000
1 0.8967441860 0.9202500000 0.0396899225 0.0302500000
1 0.8800000000 0.9618750000 0.0251162791 0.0440000000
1 0.9364341085 0.9178750000 0.0382945736 0.0325000000
1 0.2640310078 0.9862500000 0.0840310078 0.0272500000
1 0.4974728682 0.9929609375 0.0200310078 0.0140781250
1 0.4996899225 0.9675000000 0.0221705426 0.0352500000
1 0.5305426357 0.9677500000 0.0393798450 0.0345000000
1 0.5320232558 0.9932750000 0.0441860465 0.0134500000
1 0.6652713178 0.9760000000 0.0393798450 0.0392500000
1 0.7592339261 0.9713340684 0.0738714090 0.0297684675
