1 0.1268046875 0.0581666667 0.1628984375 0.1138437500
1 0.3014453125 0.0917604167 0.1417812500 0.1062395833
3 0.9812500000 0.0460416667 0.0371875000 0.0920833333
1 0.4334609375 0.1029270833 0.1277109375 0.1059479167
1 0.7226562500 0.1216666667 0.1451562500 0.0741666667
1 0.0406250000 0.1736354167 0.0812500000 0.1821041667
1 0.1442656250 0.1849375000 0.1607031250 0.1904375000
1 0.3055312500 0.1768854167 0.1347343750 0.0914895833
1 0.4316796875 0.1878125000 0.1212187500 0.0927187500
1 0.7151562500 0.2002083333 0.1378125000 0.0825000000
1 0.3074453125 0.2545104167 0.1297578125 0.0879687500
1 0.4295312500 0.2599479167 0.1178984375 0.0817187500
1 0.5617187500 0.2881250000 0.0437500000 0.0587500000
1 0.6998437500 0.2779166667 0.1346875000 0.0741666667
1 0.0604609375 0.3321041667 0.1209140625 0.1458750000
1 0.1682031250 0.3421562500 0.1423984375 0.1602187500
1 0.3108437500 0.3230000000 0.1220468750 0.0741770833
1 0.4276562500 0.3308645833 0.1124531250 0.0768541667
1 0.5706250000 0.3583333333 0.0470312500 0.0595833333
1 0.6778125000 0.3370833333 0.1410937500 0.0564583333
2 0.9339945280 0.3010948905 0.1320109439 0.1478102190
1 0.3131171875 0.3898437500 0.1177187500 0.0673750000
1 0.4254218750 0.3965625000 0.1084453125 0.0647916667
1 0.6759375000 0.3914583333 0.1146875000 0.0616666667
2 0.8114609375 0.3983020833 0.0984843750 0.1435937500
2 0.9035937500 0.4279166667 0.1585937500 0.1402083333
1 0.0707753906 0.4656145833 0.1415507813 0.1413229167
1 0.1863671875 0.4742291667 0.1258984375 0.1278125000
1 0.3166250000 0.4489375000 0.1117343750 0.0554270833
1 0.4230546875 0.4523229167 0.1056406250 0.0623645833
1 0.6640625000 0.4418750000 0.1150000000 0.0639583333
1 0.3221875000 0.5504166667 0.0976562500 0.0352083333
1 0.3180312500 0.5161562500 0.1045546875 0.0374270833
1 0.4178359375 0.5548229167 0.0923125000 0.0357083333
1 0.4187968750 0.5221770833 0.0938046875 0.0387812500
1 0.5946015625 0.5276145833 0.0499218750 0.0362187500
1 0.6809375000 0.5466666667 0.0592187500 0.0697916667
1 0.8649921875 0.5547916667 0.1056640625 0.0687500000
1 0.0942109375 0.5844375000 0.1316093750 0.1182395833
1 0.1969609375 0.5844479167 0.1139843750 0.1010000000
1 0.3256250000 0.6256250000 0.0892187500 0.0352083333
1 0.3248437500 0.5877083333 0.0942187500 0.0456250000
1 0.4134843750 0.6303333333 0.0850625000 0.0380833333
1 0.4152187500 0.5938645833 0.0893750000 0.0402812500
1 0.5949218750 0.5959583333 0.0460078125 0.0479062500
1 0.6653125000 0.6025000000 0.0604687500 0.0456250000
1 0.8430234375 0.6168645833 0.0781171875 0.0532291667
1 0.1163125000 0.6817187500 0.1128906250 0.0890416667
1 0.2136562500 0.6794791667 0.1092421875 0.0932395833
1 0.3268750000 0.6929166667 0.0850000000 0.0377083333
1 0.3275000000 0.6541666667 0.0850000000 0.0272916667
1 0.4106484375 0.6969166667 0.0859218750 0.0354583333
1 0.4127421875 0.6639791667 0.0862343750 0.0295833333
1 0.5880703125 0.6387500000 0.0440546875 0.0397083333
1 0.5790000000 0.6790833333 0.0440156250 0.0479479167
1 0.6562500000 0.6539583333 0.0570312500 0.0560416667
1 0.8215468750 0.6662083333 0.0851953125 0.0498750000
1 0.2239218750 0.7624166667 0.1042265625 0.0886979167
1 0.6460078125 0.7020937500 0.0486250000 0.0435937500
1 0.6337500000 0.7456250000 0.0507812500 0.0443750000
1 0.8095781250 0.7163020833 0.0764453125 0.0512604167
1 0.1352187500 0.7674270833 0.1086796875 0.0820208333
1 0.3307812500 0.7760416667 0.0798437500 0.0147916667
1 0.3334375000 0.8225000000 0.0798437500 0.0262500000
1 0.3307812500 0.7935416667 0.0796875000 0.0310416667
1 0.4079140625 0.8200208333 0.0670468750 0.0272291667
1 0.4103967168 0.7919708029 0.0752393981 0.0255474453
1 0.4097968750 0.7733541667 0.0791640625 0.0096979167
1 0.5650859375 0.8147604167 0.0436015625 0.0341354167
1 0.6104687500 0.8293750000 0.0457812500 0.0381250000
1 0.6175000000 0.7875000000 0.0548437500 0.0447916667
1 0.5695468750 0.7805937500 0.0528125000 0.0330833333
1 0.7310156250 0.7941458333 0.0493593750 0.0450208333
1 0.7568593750 0.8312187500 0.0340625000 0.0367500000
1 0.7154582763 0.8321167883 0.0478796170 0.0364963504
1 0.7712031250 0.7887916667 0.0356875000 0.0454375000
1 0.7912578125 0.8316875000 0.0410625000 0.0400520833
1 0.8043775650 0.7901459854 0.0451436389 0.0456204380
1 0.1563593750 0.8399166667 0.0948906250 0.0663854167
1 0.2367734375 0.8447187500 0.0932031250 0.0807604167
1 0.3364062500 0.8468750000 0.0735937500 0.0254166667
1 0.3351562500 0.8718750000 0.0718750000 0.0235416667
1 0.4068437500 0.8446770833 0.0655859375 0.0255208333
1 0.4059218750 0.8755000000 0.0659062500 0.0320520833
1 0.5594531250 0.8501979167 0.0433437500 0.0460833333
1 0.6017187500 0.8662500000 0.0409375000 0.0439583333
1 0.7455468750 0.8738229167 0.0364296875 0.0513229167
1 0.7045143639 0.8759124088 0.0492476060 0.0510948905
1 0.7754218750 0.8754895833 0.0500390625 0.0469270833
1 0.4038125000 0.9058437500 0.0688671875 0.0350937500
1 0.5529375000 0.9002500000 0.0462265625 0.0414479167
1 0.5932812500 0.9135416667 0.0431250000 0.0527083333
1 0.6884921875 0.9183854167 0.0449218750 0.0366666667
1 0.7585156250 0.9167812500 0.0460781250 0.0393541667
1 0.7264021888 0.9178832117 0.0478796170 0.0401459854
