1 0.3350859375 0.2290937500 0.0543593750 0.0735000000
1 0.3847812500 0.2331770833 0.0454531250 0.0831562500
1 0.4531406250 0.2206770833 0.0915625000 0.0895937500
1 0.5931640625 0.1856562500 0.0985312500 0.0696770833
1 0.7539609375 0.1670312500 0.1040703125 0.0690937500
2 0.0716250000 0.2818437500 0.0735546875 0.1239687500
2 0.1280390625 0.2707604167 0.0368281250 0.1326562500
1 0.2206250000 0.2343854167 0.1117578125 0.0908229167
1 0.5891250000 0.2411770833 0.0939375000 0.0665000000
1 0.5895859375 0.2978958333 0.0951406250 0.0623020833
1 0.7496580027 0.2682481752 0.1080711354 0.1386861314
1 0.8270546875 0.2390937500 0.0498359375 0.1315104167
1 0.8670703125 0.2924583333 0.0451640625 0.1197187500
1 0.2208515625 0.3024270833 0.1125859375 0.0776041667
1 0.3356093750 0.3050416667 0.0585078125 0.0757291667
1 0.3881328125 0.3126562500 0.0416875000 0.0680000000
1 0.4537421875 0.3017916667 0.0869375000 0.0885104167
1 0.5936796875 0.3645625000 0.1050312500 0.0813437500
1 0.8231093750 0.3443645833 0.0463515625 0.0809583333
2 0.0860937500 0.3779166667 0.0890625000 0.0812500000
1 0.2215234375 0.3735520833 0.1165312500 0.0713645833
1 0.3364453125 0.3818229167 0.0568515625 0.0788750000
1 0.3835000000 0.3780208333 0.0372578125 0.0616666667
1 0.4535234375 0.3831562500 0.0796562500 0.0719479167
1 0.7460703125 0.4045104167 0.1062812500 0.1366041667
1 0.8645468750 0.4131562500 0.0434453125 0.1173333333
2 0.0871875000 0.4593750000 0.0871875000 0.0827083333
1 0.2257656250 0.4380104167 0.1139843750 0.0698645833
1 0.3376093750 0.4529895833 0.0497734375 0.0683854167
1 0.3884921875 0.4482395833 0.0498203125 0.0762187500
1 0.4555403557 0.4580291971 0.0779753762 0.0656934307
1 0.5931328125 0.4387604167 0.1020703125 0.0753645833
1 0.8200000000 0.4390416667 0.0477109375 0.1037708333
1 0.0823437500 0.5231250000 0.0759375000 0.0656250000
1 0.2286250000 0.5065937500 0.1078984375 0.0668229167
1 0.3377421875 0.5250625000 0.0497109375 0.0772604167
1 0.3888203125 0.5263333333 0.0540859375 0.0763958333
1 0.4877890625 0.5364791667 0.0419687500 0.0759479167
1 0.4415312500 0.5373437500 0.0419687500 0.0765208333
1 0.5921015625 0.5148020833 0.0998359375 0.0771250000
1 0.7408984375 0.5401979167 0.1036406250 0.1324791667
1 0.8441484375 0.5364270833 0.1011562500 0.1295625000
1 0.0959375000 0.5825000000 0.0785937500 0.0643750000
1 0.2305859375 0.5757187500 0.1032812500 0.0766979167
1 0.5967500000 0.5945416667 0.1031562500 0.0971666667
1 0.7408984375 0.6324166667 0.1010703125 0.0565312500
7 0.2189296875 0.6862604167 0.0666640625 0.1162916667
7 0.2972578125 0.6988541667 0.0677734375 0.1266562500
7 0.4018046875 0.6611354167 0.1085859375 0.0649687500
7 0.4015078125 0.7129791667 0.1087343750 0.0632395833
7 0.3999843750 0.7665520833 0.1073437500 0.0644270833
7 0.4779296875 0.7300937500 0.0457343750 0.1542187500
7 0.5193828125 0.7419270833 0.0418437500 0.1560625000
7 0.5864921875 0.7008229167 0.0804921875 0.1138645833
7 0.6857968750 0.7076666667 0.0827031250 0.1185729167
7 0.4016171875 0.8184583333 0.1073671875 0.0691875000
7 0.5859453125 0.8025208333 0.0798125000 0.1113645833
7 0.7666640625 0.8193437500 0.0888593750 0.1315416667
7 0.2053203125 0.8362500000 0.0749921875 0.1273958333
7 0.2819140625 0.8495312500 0.0717890625 0.1525833333
7 0.4005312500 0.8718854167 0.1055546875 0.0710833333
7 0.4735703125 0.8833333333 0.0395859375 0.1500312500
7 0.6090781250 0.8911666667 0.0403984375 0.0712187500
7 0.5678593750 0.8825104167 0.0401015625 0.0720937500
7 0.6811250000 0.8429479167 0.0811093750 0.1577708333
7 0.4029609375 0.9251145833 0.1041484375 0.0743333333
7 0.6079375000 0.9572395833 0.0420390625 0.0749895833
7 0.5675703125 0.9482916667 0.0391328125 0.0774166667
7 0.6807187500 0.9472604167 0.0820937500 0.0587187500
7 0.7639140625 0.9340000000 0.0854218750 0.1320000000
7 0.6812968750 0.9780520833 0.0837265625 0.0438958333
