6 0.8500625000 0.0150078125 0.0432812500 0.0300156250
1 0.2756145833 0.0604921875 0.0511979167 0.0838281250
1 0.3321167883 0.0779753762 0.0346715328 0.0465116279
1 0.3741979167 0.0564375000 0.0521666667 0.0816640625
1 0.4281770833 0.0518359375 0.0535729167 0.0855625000
1 0.4844166667 0.0607421875 0.0476666667 0.0883437500
1 0.5328541667 0.0573906250 0.0463541667 0.0891718750
1 0.6014791667 0.0680312500 0.0907708333 0.0855625000
6 0.7630520833 0.0931562500 0.1135833333 0.1347578125
1 0.2734062500 0.1577187500 0.0496354167 0.0817500000
1 0.3295625000 0.1501718750 0.0512604167 0.0764140625
1 0.4193645833 0.1546250000 0.0505625000 0.0892187500
1 0.3775000000 0.1634062500 0.0392916667 0.0771484375
1 0.4709791667 0.1592265625 0.0495312500 0.0793203125
1 0.5246562500 0.1564765625 0.0493854167 0.0775625000
1 0.5731145833 0.1533671875 0.0499687500 0.0796953125
1 0.6255208333 0.1550000000 0.0512812500 0.0780078125
1 0.2726145833 0.2231015625 0.0667083333 0.0522890625
1 0.3421666667 0.2191718750 0.0755104167 0.0576796875
1 0.4173333333 0.2274687500 0.0652708333 0.0491796875
1 0.4825312500 0.2255703125 0.0681770833 0.0505781250
1 0.5515312500 0.2219765625 0.0675104167 0.0538671875
1 0.6201979167 0.2206250000 0.0719791667 0.0498906250
6 0.8801354167 0.2326250000 0.0981979167 0.1074062500
1 0.2763541667 0.2738906250 0.0683125000 0.0464843750
1 0.3485104167 0.2735937500 0.0746875000 0.0522421875
1 0.4182083333 0.2769062500 0.0635833333 0.0455078125
1 0.4846354167 0.2766328125 0.0678229167 0.0458359375
1 0.5535833333 0.2741484375 0.0689895833 0.0513828125
1 0.6203750000 0.2719296875 0.0696250000 0.0485859375
6 0.7119583333 0.2361171875 0.0714583333 0.1109140625
6 0.7821354167 0.2389843750 0.0714687500 0.1075859375
6 0.9566250000 0.2397968750 0.0728958333 0.1138359375
1 0.2911770833 0.3343984375 0.0740729167 0.0472421875
1 0.3680312500 0.3308437500 0.0745625000 0.0453515625
1 0.4489270833 0.3334531250 0.0762812500 0.0511875000
1 0.5308437500 0.3294609375 0.0806875000 0.0453906250
1 0.6134791667 0.3261875000 0.0879375000 0.0510859375
5 0.6938437500 0.3632968750 0.0495520833 0.0838125000
5 0.7403541667 0.3655390625 0.0473541667 0.0814296875
5 0.7894375000 0.3631562500 0.0506562500 0.0850234375
5 0.8945937500 0.3357031250 0.0746458333 0.0285078125
5 0.8957083333 0.3644453125 0.0816041667 0.0277578125
5 0.9692994792 0.3630156250 0.0614010417 0.0295468750
5 0.9703958333 0.3340000000 0.0587083333 0.0246250000
1 0.2929791667 0.3819765625 0.0771354167 0.0471015625
1 0.3668750000 0.3812734375 0.0748958333 0.0476718750
1 0.4495000000 0.3815703125 0.0771354167 0.0460234375
1 0.5306979167 0.3809843750 0.0794479167 0.0473828125
1 0.6139375000 0.3795078125 0.0856562500 0.0495078125
5 0.8331041667 0.3679843750 0.0376250000 0.0789531250
5 0.8948958333 0.3924062500 0.0810937500 0.0285000000
5 0.9678932292 0.3919921875 0.0642135417 0.0267031250
1 0.2868958333 0.4557968750 0.0691458333 0.0463515625
1 0.3622916667 0.4743750000 0.0731250000 0.0989062500
1 0.4337500000 0.4728125000 0.0662500000 0.0940625000
1 0.5029166667 0.4725000000 0.0685416667 0.0976562500
1 0.5737500000 0.4703125000 0.0716666667 0.1017187500
5 0.7376666667 0.4772421875 0.0836875000 0.0851250000
5 0.8188958333 0.4776328125 0.0727187500 0.0844531250
5 0.8851250000 0.4784375000 0.0650000000 0.0844921875
5 0.9476250000 0.4801015625 0.0612708333 0.0851718750
5 0.9915208333 0.4829843750 0.0169583333 0.0840078125
1 0.2925000000 0.5037500000 0.0662500000 0.0459375000
5 0.7609687500 0.5484296875 0.0393333333 0.0240078125
5 0.7065625000 0.5612500000 0.0639270833 0.0355859375
5 0.8258020833 0.5634531250 0.0764270833 0.0455546875
1 0.2931770833 0.6119921875 0.0813854167 0.0977421875
1 0.3695416667 0.6150937500 0.0791041667 0.1027578125
1 0.4530312500 0.6148984375 0.0792395833 0.0959609375
1 0.5349479167 0.6108125000 0.0814791667 0.0982500000
1 0.6136250000 0.6163750000 0.0744895833 0.0991406250
5 0.6953750000 0.6010234375 0.0571979167 0.0522812500
5 0.7643125000 0.6104765625 0.0737291667 0.0484453125
5 0.8396562500 0.6095781250 0.0739583333 0.0465312500
5 0.9087916667 0.6156796875 0.0790833333 0.0474218750
5 0.9092812500 0.5673046875 0.0858125000 0.0502578125
5 0.9749375000 0.6167187500 0.0501250000 0.0459609375
5 0.9780729167 0.5667968750 0.0438541667 0.0464453125
5 0.6928645833 0.6562187500 0.0588645833 0.0608203125
5 0.7586041667 0.6735937500 0.0654895833 0.0217343750
5 0.7586145833 0.6499843750 0.0698958333 0.0267265625
5 0.9532291667 0.6709843750 0.0935416667 0.0539140625
1 0.3058333333 0.7179687500 0.0825000000 0.1118750000
5 0.6985000000 0.7138046875 0.0582604167 0.0485546875
5 0.7710104167 0.7224062500 0.0917708333 0.0578984375
5 0.8642187500 0.7057968750 0.0893229167 0.1047734375
5 0.9526458333 0.7236093750 0.0947083333 0.0527656250
7 0.3160833333 0.8133515625 0.0791770833 0.0331796875
7 0.3980000000 0.8183437500 0.0793437500 0.0308437500
7 0.4904895833 0.8267500000 0.0915520833 0.0262421875
5 0.7021041667 0.7897734375 0.0746562500 0.1030625000
5 0.7790000000 0.8073437500 0.0893958333 0.1004062500
5 0.8652083333 0.8084921875 0.0851770833 0.0960078125
5 0.9396041667 0.8093359375 0.0737604167 0.1003828125
5 0.9882916667 0.8131250000 0.0234062500 0.1054765625
7 0.3122812500 0.8532812500 0.0981770833 0.0399140625
7 0.4044166667 0.8418750000 0.0890625000 0.0254687500
7 0.4935729167 0.8537265625 0.0912083333 0.0236015625
5 0.7005104167 0.8495390625 0.0600625000 0.0193046875
0 0.3409687500 0.9137343750 0.0745729167 0.0814453125
0 0.3983854167 0.9326953125 0.0764062500 0.0676250000
0 0.5511666667 0.9370312500 0.0762708333 0.1177578125
5 0.7068229167 0.9165156250 0.0812291667 0.1142890625
5 0.8580833333 0.9247656250 0.0699583333 0.0944453125
5 0.9270312500 0.9175078125 0.0866041667 0.0621171875
5 0.9294375000 0.9610625000 0.0804583333 0.0370078125
5 0.9835104167 0.9275703125 0.0329791667 0.0971406250
0 0.2707187500 0.9677343750 0.0653229167 0.0645234375
0 0.3336145833 0.9756875000 0.0555312500 0.0400234375
0 0.4806250000 0.9773437500 0.0714583333 0.0318750000
5 0.7108333333 0.9881093750 0.0802812500 0.0237812500
5 0.8507708333 0.9882343750 0.0653750000 0.0235234375
5 0.9281354167 0.9894062500 0.0916354167 0.0211796875
3 0.5766423358 0.8604651163 0.0784671533 0.0300957592
