1 0.1776250000 0.2005703125 0.0923333333 0.0222578125
1 0.2723750000 0.1995859375 0.0918888889 0.0247343750
1 0.3666944444 0.1979765625 0.0958472222 0.0264609375
1 0.1404722222 0.2386640625 0.0408888889 0.0514453125
1 0.2231388889 0.2381640625 0.0435277778 0.0524296875
1 0.1936111111 0.2939062500 0.0925000000 0.0242187500
1 0.1800416667 0.2382890625 0.0391250000 0.0526796875
1 0.2690833333 0.2384140625 0.0439722222 0.0529218750
1 0.3139305556 0.2386640625 0.0413333333 0.0519375000
1 0.3561388889 0.2376718750 0.0395694444 0.0529218750
1 0.3988472222 0.2377890625 0.0449722222 0.0547031250
1 0.4437083333 0.2384765625 0.0450138889 0.0540546875
1 0.1912638889 0.3322734375 0.0914583333 0.0516875000
1 0.2566666667 0.3318750000 0.0397222222 0.0532812500
1 0.3229444444 0.3330078125 0.0901388889 0.0531718750
1 0.3917500000 0.3328906250 0.0466111111 0.0539140625
1 0.4372500000 0.3321484375 0.0417638889 0.0544062500
1 0.1516666667 0.4037500000 0.0494444444 0.0309375000
1 0.2065138889 0.4323203125 0.0547361111 0.0217421875
1 0.2038888889 0.4065625000 0.0552777778 0.0292187500
1 0.2582083333 0.4045156250 0.0560972222 0.0300156250
1 0.2613472222 0.4318125000 0.0525000000 0.0237421875
1 0.3188888889 0.4020312500 0.0627777778 0.0331250000
1 0.3188750000 0.4317421875 0.0610277778 0.0263671875
1 0.3844444444 0.4025000000 0.0705555556 0.0321875000
1 0.3831527778 0.4320781250 0.0662361111 0.0271640625
1 0.4390555556 0.4062656250 0.0430972222 0.0283359375
1 0.1545277778 0.4335937500 0.0517361111 0.0288437500
1 0.4368333333 0.4354531250 0.0414583333 0.0307578125
1 0.1769444444 0.5045312500 0.0616666667 0.0528125000
1 0.1775000000 0.5509375000 0.0569444444 0.0248437500
1 0.2478472222 0.5522500000 0.0696527778 0.0237343750
1 0.2391666667 0.5042187500 0.0663888889 0.0518750000
1 0.3038888889 0.5056250000 0.0666666667 0.0571875000
1 0.4302777778 0.5073437500 0.0550000000 0.0576562500
1 0.3711111111 0.5064062500 0.0680555556 0.0582812500
1 0.1680555556 0.6012500000 0.0647222222 0.0264062500
1 0.1750000000 0.5751562500 0.0683333333 0.0245312500
1 0.2421666667 0.5765390625 0.0631388889 0.0243437500
1 0.2941666667 0.5835937500 0.0394444444 0.0607812500
1 0.2383333333 0.6014062500 0.0683333333 0.0259375000
1 0.3386111111 0.5857812500 0.0505555556 0.0584375000
1 0.3881388889 0.5786015625 0.0503194444 0.0724453125
1 0.4360138889 0.5804843750 0.0464305556 0.0746328125
2 0.1686666667 0.6441484375 0.0623888889 0.0408046875
8 0.3043333333 0.6440000000 0.0996805556 0.0306328125
8 0.3017777778 0.6787265625 0.1022916667 0.0442187500
8 0.3804444444 0.6651250000 0.0566666667 0.0754687500
7 0.1827083333 0.7417031250 0.0397638889 0.0221718750
7 0.1816805556 0.7606015625 0.0527916667 0.0163906250
7 0.2425277778 0.7452734375 0.0462777778 0.0208281250
7 0.2403055556 0.7638828125 0.0596527778 0.0171640625
7 0.3644027778 0.7531796875 0.0541666667 0.0173515625
7 0.3015000000 0.7483593750 0.0579305556 0.0177421875
7 0.4293611111 0.7546250000 0.0325694444 0.0163906250
7 0.3049166667 0.7667734375 0.0593055556 0.0152343750
7 0.3491388889 0.7713046875 0.0236527778 0.0177421875
7 0.4305555556 0.7729453125 0.0493611111 0.0136875000
7 0.3837638889 0.7701484375 0.0394166667 0.0154296875
3 0.4213888889 0.6743750000 0.0316666667 0.0175000000
3 0.4475000000 0.6742187500 0.0219444444 0.0167187500
3 0.4291666667 0.6921875000 0.0600000000 0.0192187500
8 0.7636111111 0.7637500000 0.1608333333 0.0703125000
8 0.6255555556 0.7701562500 0.1088888889 0.0425000000
