8 0.0775833333 0.1430625000 0.1092361111 0.0965703125
1 0.5195555556 0.2097812500 0.0860416667 0.0225156250
1 0.5205972222 0.2261484375 0.0853750000 0.0183437500
1 0.5307777778 0.2992187500 0.0741250000 0.0130859375
1 0.5289166667 0.2593281250 0.0726250000 0.0174296875
1 0.5212916667 0.2420546875 0.0822500000 0.0206562500
1 0.5311805556 0.2869531250 0.0746805556 0.0132500000
1 0.5281527778 0.2720546875 0.0730277778 0.0162890625
1 0.5370972222 0.3586640625 0.0740416667 0.0224843750
1 0.5260277778 0.3356250000 0.0239583333 0.0237343750
1 0.5543055556 0.3165390625 0.0319166667 0.0234218750
1 0.5561111111 0.3392187500 0.0341666667 0.0212500000
1 0.5424444444 0.3966953125 0.0740555556 0.0185468750
1 0.5406666667 0.3787187500 0.0728750000 0.0202656250
1 0.5438888889 0.4179765625 0.0743611111 0.0209218750
8 0.6493333333 0.4129296875 0.0890555556 0.0423671875
8 0.6446388889 0.3728906250 0.0836944444 0.0416953125
8 0.7190833333 0.3824609375 0.0530138889 0.0387265625
8 0.7678750000 0.3796640625 0.0652638889 0.0400781250
8 0.7715694444 0.4182968750 0.0682638889 0.0393750000
1 0.5306805556 0.4742500000 0.0410694444 0.0209218750
1 0.5447361111 0.4365546875 0.0747222222 0.0218515625
1 0.5475972222 0.4555000000 0.0773611111 0.0181640625
1 0.5285972222 0.4993203125 0.0440138889 0.0226406250
1 0.5703888889 0.4739375000 0.0428750000 0.0222890625
1 0.5705277778 0.4990859375 0.0441250000 0.0249921875
8 0.6548888889 0.4613125000 0.0895972222 0.0564531250
8 0.7391388889 0.4591015625 0.0425833333 0.0379453125
8 0.7843888889 0.4588984375 0.0566111111 0.0461406250
1 0.5295694444 0.5220546875 0.0437777778 0.0216250000
1 0.5293055556 0.5452812500 0.0435416667 0.0250234375
1 0.5707777778 0.5221015625 0.0423750000 0.0225156250
1 0.5724027778 0.5456015625 0.0410277778 0.0245937500
8 0.6570972222 0.5111718750 0.0907500000 0.0471093750
7 0.6755555556 0.5584375000 0.0791666667 0.0226562500
8 0.7945000000 0.5110000000 0.0751944444 0.0552343750
1 0.5605000000 0.6170859375 0.0807638889 0.0417421875
1 0.5580138889 0.5871093750 0.0780694444 0.0184375000
1 0.5322638889 0.5703359375 0.0466666667 0.0171171875
1 0.5745972222 0.5703984375 0.0370694444 0.0161250000
7 0.6905555556 0.6110937500 0.0683333333 0.0368750000
7 0.6780555556 0.5825000000 0.0800000000 0.0262500000
1 0.5651111111 0.6904609375 0.0799305556 0.0193828125
1 0.5607083333 0.6591328125 0.0786111111 0.0426171875
2 0.6833333333 0.6412500000 0.0925000000 0.0245312500
2 0.6888888889 0.6801562500 0.0994444444 0.0525000000
7 0.4480694444 0.7293750000 0.0760277778 0.0242890625
7 0.4468055556 0.7550390625 0.0790000000 0.0266250000
1 0.5711944444 0.7526484375 0.0798333333 0.0233593750
1 0.5668888889 0.7097343750 0.0821944444 0.0192812500
1 0.5702638889 0.7308593750 0.0816111111 0.0229609375
2 0.6900416667 0.7655703125 0.1222777778 0.0472343750
2 0.6936944444 0.7246250000 0.1089722222 0.0404296875
7 0.4450555556 0.7800312500 0.0855000000 0.0270781250
7 0.4496388889 0.8095546875 0.0777500000 0.0324218750
1 0.5705138889 0.7761640625 0.0859722222 0.0227968750
3 0.6038338658 0.8327338129 0.0303514377 0.0197841727
3 0.5862619808 0.8138489209 0.0623003195 0.0188848921
3 0.5814696486 0.7958633094 0.0686900958 0.0179856115
7 0.4536944444 0.8430468750 0.0689027778 0.0311406250
7 0.5529444444 0.8732578125 0.0311250000 0.0207656250
3 0.5734824281 0.8336330935 0.0303514377 0.0188848921
7 0.5902361111 0.8562187500 0.0638194444 0.0128125000
7 0.5946250000 0.8709531250 0.0558333333 0.0204531250
7 0.6010694444 0.8902109375 0.0489305556 0.0209531250
5 0.5946527778 0.9384296875 0.0818055556 0.0398515625
7 0.6150972222 0.9085078125 0.0298750000 0.0192656250
7 0.5832083333 0.9092812500 0.0348750000 0.0178515625
5 0.5563333333 0.9795156250 0.0531388889 0.0393750000
5 0.6114305556 0.9774062500 0.0555277778 0.0451875000
