7 0.0416445312 0.1145156250 0.0832890625 0.0924296875
7 0.1278125000 0.1245664062 0.0973164062 0.0995156250
7 0.2226796875 0.1325703125 0.0948789063 0.1035625000
7 0.2920468750 0.1419687500 0.0488046875 0.0841640625
7 0.3404296875 0.1507226563 0.0443554687 0.0795585938
1 0.4162500000 0.1536718750 0.0920312500 0.1214062500
7 0.7518476563 0.1626367188 0.0257578125 0.0623203125
1 0.5058828125 0.1788203125 0.0905742188 0.0771679688
1 0.5898828125 0.1876250000 0.0874062500 0.0793242188
1 0.6430468750 0.2129492188 0.0271757812 0.0637343750
7 0.6994570312 0.1815117187 0.0262656250 0.0539726562
7 0.6740976563 0.2088242188 0.0267265625 0.0313515625
7 0.6984296875 0.2277617188 0.0253945312 0.0458242187
7 0.6736054688 0.1813281250 0.0310234375 0.0252695312
7 0.7169335937 0.1793750000 0.0222070313 0.0474335938
7 0.7481289063 0.2242226562 0.0273867188 0.0616523437
7 0.7236015625 0.2267578125 0.0276757812 0.0579687500
7 0.7723945313 0.2260078125 0.0283164063 0.0730117188
7 0.8828789062 0.2120507813 0.0319609375 0.0482343750
7 0.9018515625 0.2052460937 0.0290468750 0.0541835937
7 0.0349023437 0.2623476563 0.0698007812 0.0853515625
7 0.1165781250 0.2678632813 0.0967265625 0.0929648438
7 0.2123320313 0.2851015625 0.0775664063 0.0863359375
7 0.2928945312 0.2848476563 0.0900156250 0.0911679687
7 0.3597811218 0.2900136799 0.0465116279 0.0861833105
1 0.4021093750 0.2992968750 0.0382031250 0.0810937500
7 0.6732656250 0.2349414063 0.0293554687 0.0258750000
7 0.7932343750 0.2360742188 0.0274335938 0.0526210938
7 0.8155312500 0.2357382813 0.0282656250 0.0594453125
7 0.8804257812 0.2533242187 0.0265273437 0.0422226562
7 0.8387539063 0.2390859375 0.0249335937 0.0592539062
7 0.9025937500 0.2521484375 0.0272773438 0.0472500000
7 0.9241210937 0.2494179687 0.0266367188 0.0532382812
7 0.9402851563 0.2589179688 0.0155703125 0.0419570313
1 0.4772656250 0.3052343750 0.0396875000 0.0813281250
1 0.4389062500 0.3035937500 0.0377343750 0.0843750000
1 0.5459648437 0.3119882812 0.0367695313 0.0814843750
1 0.5133945313 0.3090898437 0.0376171875 0.0827656250
1 0.6150976563 0.3127148437 0.0328242188 0.0669140625
1 0.5826406250 0.3094218750 0.0371953125 0.0698710938
4 0.6868867188 0.3169101562 0.0457460938 0.0812890625
1 0.6511914062 0.3137382812 0.0389531250 0.0695546875
4 0.7632968750 0.3245429687 0.0408320312 0.0808867187
4 0.7271523438 0.3205820313 0.0436250000 0.0835625000
4 0.8267109375 0.3381054687 0.0347500000 0.0716328125
4 0.7949179687 0.3352148437 0.0370429688 0.0746640625
4 0.8796093750 0.3444023438 0.0321367187 0.0737890625
4 0.8554921875 0.3413750000 0.0356992188 0.0732226563
7 0.9040742187 0.3469375000 0.0313125000 0.0708007812
0 0.0163789063 0.3720000000 0.0327539063 0.0505039063
0 0.0147851563 0.4225781250 0.0295703125 0.0506250000
0 0.0646406250 0.3728554687 0.0649648438 0.0526914063
0 0.1301523438 0.4244101563 0.0698906250 0.0540078125
0 0.2594335937 0.3895234375 0.0558828125 0.0421250000
0 0.3177656250 0.4261757812 0.0578398437 0.0540625000
1 0.4293046875 0.4289414062 0.0522304688 0.0484140625
1 0.5320898438 0.4295000000 0.0527031250 0.0446250000
1 0.5859062500 0.4285859375 0.0543945313 0.0479296875
1 0.6839062500 0.4066914063 0.0522226563 0.0400273437
1 0.7335546875 0.4089296875 0.0538046875 0.0412929687
0 0.0167968750 0.4688281250 0.0335937500 0.0445312500
0 0.0626953125 0.4399257813 0.0737187500 0.0849921875
0 0.1303125000 0.4726562500 0.0718750000 0.0437500000
0 0.1961328125 0.4502656250 0.0655507812 0.0823671875
0 0.2577148437 0.4526289063 0.0649531250 0.0816015625
0 0.3193359375 0.4741171875 0.0573125000 0.0401523437
1 0.4261914062 0.4737187500 0.0522539063 0.0410078125
0 0.3756992188 0.4498554688 0.0546132812 0.0887343750
1 0.4801523438 0.4341406250 0.0505781250 0.0478320313
1 0.4774335937 0.4766757812 0.0489492187 0.0378437500
1 0.5293203125 0.4720234375 0.0542929688 0.0403789062
1 0.5827633379 0.4733242134 0.0533515732 0.0451436389
1 0.6307500000 0.4787851563 0.0413554687 0.0384804687
1 0.6759804687 0.4795039063 0.0480351563 0.0326367187
1 0.6812460938 0.4448046875 0.0500976562 0.0375312500
1 0.6355312500 0.4355781250 0.0468359375 0.0478437500
1 0.7231210937 0.4790859375 0.0473007812 0.0301289062
1 0.7293906250 0.4464101562 0.0472343750 0.0392148437
1 0.7790664063 0.4464648438 0.0501210938 0.0390898438
7 0.8159218750 0.4682929688 0.0325664062 0.0709140625
1 0.7727382812 0.4846015625 0.0509570313 0.0360390625
4 0.8708398438 0.4686562500 0.0434726563 0.0703437500
4 0.8437343750 0.4534687500 0.0376757812 0.0966171875
7 0.9036328125 0.4681914062 0.0419921875 0.0734648438
7 0.8194179688 0.5485546875 0.0402539063 0.0271562500
7 0.8623398438 0.5488085938 0.0437968750 0.0509882812
0 0.0280429688 0.6197773438 0.0560820312 0.0248242188
0 0.0254150391 0.5818007813 0.0508300781 0.0505390625
0 0.0962773437 0.5909218750 0.0671953125 0.0755078125
0 0.1444414062 0.6159414062 0.0632265625 0.0289882812
0 0.2021953125 0.5941757812 0.0669375000 0.0665781250
0 0.2681523438 0.5883710937 0.0687656250 0.0768554688
0 0.3335429688 0.5727578125 0.0623046875 0.0502109375
0 0.3329726562 0.6112421875 0.0595312500 0.0266601562
0 0.3885937500 0.5989882813 0.0523554687 0.0268242188
1 0.4386171875 0.5938554687 0.0528398438 0.0803242187
1 0.4883720930 0.5923392613 0.0492476060 0.0766073871
1 0.5336679687 0.5935078125 0.0488906250 0.0780312500
1 0.6259062500 0.5885625000 0.0531054687 0.0813398437
1 0.5775000000 0.5916406250 0.0489062500 0.0735078125
1 0.6723164062 0.5877109375 0.0559531250 0.0690781250
1 0.7175039062 0.5915585938 0.0573515625 0.0698867188
1 0.7593632812 0.5886562500 0.0542187500 0.0742890625
7 0.8263789063 0.6101132813 0.0306406250 0.0376562500
7 0.7984062500 0.6113632812 0.0350000000 0.0297304687
7 0.8039843750 0.5797812500 0.0388359375 0.0353007812
7 0.8618331053 0.6005471956 0.0410396717 0.0519835841
7 0.8484218750 0.6615039062 0.0241718750 0.0325039063
7 0.8517851563 0.6935859375 0.0299804688 0.0372890625
0 0.0376718750 0.7327968750 0.0643984375 0.0440585937
0 0.1651679688 0.7584218750 0.0536562500 0.0396562500
0 0.1636406250 0.7161210937 0.0571328125 0.0514648438
0 0.1041835937 0.7658593750 0.0641953125 0.0261953125
0 0.1031523438 0.7312578125 0.0644453125 0.0445507812
0 0.2198085938 0.7161015625 0.0538398438 0.0492265625
0 0.2210117187 0.7562265625 0.0560742188 0.0334218750
0 0.2761875000 0.7330742188 0.0552500000 0.0753164063
0 0.3315625000 0.7309375000 0.0549218750 0.0710937500
1 0.4276562500 0.7249687500 0.0454453125 0.0701093750
1 0.3817539062 0.7268671875 0.0464570313 0.0714804687
1 0.4719531250 0.7240039062 0.0406250000 0.0634414062
1 0.5106250000 0.7229921875 0.0403085938 0.0722851562
1 0.5494492187 0.7245000000 0.0462773437 0.0719335938
1 0.6048476563 0.7210234375 0.0778593750 0.0676992188
1 0.6951132813 0.7042500000 0.0430351562 0.0912968750
1 0.6580027360 0.7045143639 0.0396716826 0.0902872777
7 0.7363828125 0.7004375000 0.0550390625 0.0834921875
7 0.8149804687 0.7006406250 0.0474843750 0.0874453125
7 0.7753085937 0.7028945313 0.0497539063 0.0896796875
7 0.8478906250 0.7256250000 0.0367968750 0.0338281250
0 0.0399218750 0.7693242188 0.0609804688 0.0306640625
7 0.8590971272 0.2366621067 0.0287277702 0.0588235294
