3 0.5044062500 0.1520312500 0.1007812500 0.0568203125
1 0.4075416667 0.1973593750 0.0970208333 0.0814453125
3 0.4932500000 0.2015546875 0.1372708333 0.0592187500
1 0.2504375000 0.2955781250 0.1144166667 0.0983125000
1 0.3570104167 0.2904453125 0.1195833333 0.1004531250
1 0.4723958333 0.2729062500 0.1292395833 0.1077500000
1 0.2706250000 0.3542187500 0.0595833333 0.0325000000
1 0.4820833333 0.3535937500 0.1081250000 0.0387500000
3 0.2195833333 0.4292187500 0.0406250000 0.0275000000
3 0.1872916667 0.4282812500 0.0422916667 0.0270312500
1 0.2267604167 0.3934531250 0.0543125000 0.0374765625
1 0.2796041667 0.3899531250 0.0525000000 0.0345468750
1 0.3323437500 0.4301562500 0.0538020833 0.0869375000
1 0.3794687500 0.4286171875 0.0513645833 0.0870546875
1 0.4246979167 0.4241718750 0.0537395833 0.0901796875
1 0.4693333333 0.4245546875 0.0552812500 0.0892578125
1 0.5196666667 0.4214531250 0.0591145833 0.0913671875
3 0.2277083333 0.4571875000 0.0397916667 0.0276562500
3 0.1941666667 0.4562500000 0.0406250000 0.0267187500
3 0.2595833333 0.4414062500 0.0489583333 0.0557812500
3 0.2952083333 0.4381250000 0.0497916667 0.0629687500
1 0.2281979167 0.5221718750 0.0655104167 0.0419687500
1 0.2340833333 0.5607031250 0.0677083333 0.0359921875
1 0.2877500000 0.5337734375 0.0535937500 0.0979453125
1 0.3455937500 0.5601640625 0.0594166667 0.0424687500
1 0.3408333333 0.5187187500 0.0573125000 0.0493281250
1 0.3984479167 0.5147890625 0.0640000000 0.0469843750
1 0.4051770833 0.5586640625 0.0639583333 0.0458984375
1 0.4653750000 0.5135390625 0.0652916667 0.0473671875
1 0.4662604167 0.5600703125 0.0642708333 0.0458906250
1 0.5335729167 0.5606640625 0.0648437500 0.0459296875
1 0.5360520833 0.5106562500 0.0722500000 0.0573671875
1 0.2950000000 0.6075000000 0.0610416667 0.0364062500
1 0.3618750000 0.6075000000 0.0610416667 0.0396875000
1 0.4202916667 0.6057343750 0.0563229167 0.0458515625
1 0.2783333333 0.6589062500 0.0622916667 0.0392187500
1 0.3425000000 0.6620312500 0.0697916667 0.0410937500
1 0.4158333333 0.6629687500 0.0687500000 0.0446875000
1 0.2689583333 0.7706250000 0.0747916667 0.0692187500
1 0.3185416667 0.7723437500 0.0639583333 0.0826562500
1 0.3604166667 0.7825000000 0.0708333333 0.0610937500
1 0.4116666667 0.7826562500 0.0647916667 0.0829687500
1 0.4712500000 0.7943750000 0.0762500000 0.0707812500
1 0.5437500000 0.8028125000 0.0847916667 0.0695312500
8 0.3181250000 0.8768750000 0.0714583333 0.0795312500
1 0.3891666667 0.8964062500 0.0979166667 0.0618750000
2 0.5545104167 0.8930234375 0.0888958333 0.1195859375
1 0.4735416667 0.9053125000 0.0906250000 0.0646875000
1 0.4758333333 0.6510937500 0.0679166667 0.0790625000
1 0.5377083333 0.6515625000 0.0793750000 0.0792187500
