5 0.9652916667 0.0966250000 0.0611145833 0.0322500000
5 0.9654166667 0.0629687500 0.0570833333 0.0348437500
5 0.7716666667 0.1039062500 0.0637500000 0.0259375000
5 0.7760416667 0.1628125000 0.0685416667 0.0126562500
5 0.8987083333 0.1018593750 0.0592291667 0.0263125000
5 0.8443750000 0.1614062500 0.0704166667 0.0145312500
5 0.8360416667 0.1043750000 0.0662500000 0.0275000000
5 0.9200312500 0.1434453125 0.0724270833 0.0234843750
5 0.9794375000 0.1421796875 0.0411145833 0.0265937500
5 0.7763020833 0.2013046875 0.0679062500 0.0650703125
5 0.8472187500 0.1979140625 0.0724270833 0.0667734375
5 0.9228541667 0.1938125000 0.0735520833 0.0698828125
5 0.9813229167 0.1914062500 0.0373437500 0.0701640625
1 0.6914583333 0.2478125000 0.0552083333 0.0231250000
5 0.7776250000 0.2839218750 0.0705416667 0.0729921875
5 0.8543854167 0.2816562500 0.0777083333 0.0741250000
5 0.9341770833 0.2788281250 0.0811041667 0.0775234375
1 0.6850208333 0.3478671875 0.0520520833 0.0369140625
5 0.7812083333 0.3596015625 0.0701666667 0.0223515625
5 0.8562500000 0.3596875000 0.0735416667 0.0271875000
5 0.9337500000 0.3584375000 0.0787500000 0.0262500000
1 0.5391354167 0.3922187500 0.0598437500 0.0385078125
1 0.6078229167 0.3888984375 0.0598437500 0.0435546875
1 0.6766979167 0.3912890625 0.0637395833 0.0408984375
5 0.8541979167 0.3927031250 0.0750729167 0.0387578125
5 0.9377604167 0.3912890625 0.0822395833 0.0410234375
1 0.3862500000 0.4354687500 0.0341666667 0.0329687500
1 0.3839583333 0.4725000000 0.0397916667 0.0353125000
1 0.4956250000 0.4737500000 0.0587500000 0.0376562500
1 0.4952083333 0.4360937500 0.0616666667 0.0340625000
1 0.4358333333 0.4745312500 0.0620833333 0.0384375000
1 0.4358229167 0.4366093750 0.0616666667 0.0355468750
1 0.5600000000 0.4395312500 0.0614583333 0.0395312500
1 0.5589583333 0.4812500000 0.0637500000 0.0423437500
1 0.6233333333 0.4371875000 0.0654166667 0.0384375000
1 0.6239583333 0.4754687500 0.0635416667 0.0385937500
1 0.6897916667 0.4809375000 0.0637500000 0.0410937500
1 0.6895833333 0.4387500000 0.0633333333 0.0390625000
5 0.7754166667 0.4745312500 0.0618750000 0.0325000000
5 0.7742291667 0.4388203125 0.0607291667 0.0370625000
5 0.8395833333 0.4784375000 0.0641666667 0.0351562500
5 0.8381666667 0.4410859375 0.0618645833 0.0359296875
5 0.9016666667 0.4829687500 0.0593750000 0.0342187500
5 0.9654166667 0.4823437500 0.0625000000 0.0354687500
5 0.9038020833 0.4487265625 0.0648854167 0.0263125000
5 0.9669895833 0.4494296875 0.0622395833 0.0248984375
1 0.2860416667 0.5328125000 0.0420833333 0.0301562500
1 0.3450312500 0.5301875000 0.0571041667 0.0359765625
1 0.4022916667 0.5357812500 0.0541666667 0.0429687500
1 0.4587500000 0.5318750000 0.0491666667 0.0384375000
1 0.5168750000 0.5312500000 0.0583333333 0.0396875000
1 0.5743020833 0.5323281250 0.0576770833 0.0402578125
1 0.6339583333 0.5328125000 0.0581250000 0.0409375000
1 0.6939583333 0.5340625000 0.0616666667 0.0410937500
5 0.7789583333 0.5381250000 0.0670833333 0.0400000000
5 0.8475000000 0.5393750000 0.0700000000 0.0382812500
5 0.9147916667 0.5396875000 0.0631250000 0.0373437500
5 0.9732812500 0.5401562500 0.0534375000 0.0376562500
1 0.2247916667 0.6246875000 0.0568750000 0.0384375000
1 0.2795833333 0.6240625000 0.0629166667 0.0396875000
1 0.2858333333 0.5714062500 0.0556250000 0.0396875000
1 0.3433333333 0.6260937500 0.0627083333 0.0398437500
1 0.3391666667 0.5689062500 0.0600000000 0.0381250000
1 0.3997916667 0.6279687500 0.0575000000 0.0412500000
1 0.4575208333 0.6282578125 0.0571041667 0.0402578125
1 0.4566666667 0.5732812500 0.0543750000 0.0420312500
1 0.5133333333 0.5728125000 0.0583333333 0.0412500000
1 0.5179166667 0.6285937500 0.0597916667 0.0409375000
1 0.5770833333 0.6310937500 0.0579166667 0.0415625000
1 0.6329166667 0.5745312500 0.0591666667 0.0418750000
1 0.5729166667 0.5740625000 0.0570833333 0.0415625000
1 0.6945833333 0.5759375000 0.0616666667 0.0418750000
5 0.7793750000 0.5785937500 0.0704166667 0.0451562500
5 0.8493750000 0.5798437500 0.0725000000 0.0426562500
5 0.9714062500 0.5789062500 0.0571875000 0.0389062500
1 0.2179166667 0.6646875000 0.0550000000 0.0428125000
1 0.2779166667 0.6651562500 0.0652083333 0.0418750000
1 0.3372916667 0.6664062500 0.0618750000 0.0403125000
1 0.3961354167 0.6691562500 0.0553854167 0.0432578125
1 0.4532395833 0.6706562500 0.0565312500 0.0462500000
1 0.5116666667 0.6739062500 0.0616666667 0.0473437500
1 0.5754166667 0.6757812500 0.0587500000 0.0451562500
1 0.6354166667 0.6345312500 0.0587500000 0.0467187500
1 0.6953541667 0.6368281250 0.0599583333 0.0479687500
1 0.6370833333 0.6801562500 0.0620833333 0.0464062500
5 0.8210000000 0.6561093750 0.0599791667 0.0280078125
5 0.7676250000 0.6457812500 0.0392291667 0.0577187500
5 0.8213854167 0.6873671875 0.0607291667 0.0316875000
5 0.8770208333 0.6503046875 0.0513020833 0.0243281250
5 0.8800416667 0.6839765625 0.0520625000 0.0401718750
5 0.9349270833 0.6862343750 0.0546979167 0.0373437500
5 0.9332291667 0.6521484375 0.0558333333 0.0257421875
1 0.2295833333 0.7523437500 0.1010416667 0.0925000000
8 0.3154166667 0.7582812500 0.0829166667 0.1006250000
8 0.4014583333 0.7550000000 0.0714583333 0.0875000000
1 0.4737500000 0.7495312500 0.0435416667 0.0785937500
1 0.5604166667 0.7545312500 0.0437500000 0.0820312500
1 0.5166666667 0.7523437500 0.0452083333 0.0790625000
1 0.6045833333 0.7551562500 0.0447916667 0.0796875000
3 0.6754166667 0.7331250000 0.0383333333 0.0290625000
3 0.6770833333 0.7625000000 0.0383333333 0.0303125000
3 0.6400000000 0.7473437500 0.0354166667 0.0589062500
3 0.7156250000 0.7353125000 0.0425000000 0.0307812500
3 0.7168750000 0.7645312500 0.0420833333 0.0307812500
5 0.7787500000 0.7492187500 0.0375000000 0.0518750000
5 0.8160416667 0.7515625000 0.0366666667 0.0490625000
5 0.8683333333 0.7395312500 0.0702083333 0.0275000000
5 0.9447916667 0.7418750000 0.0822916667 0.0295312500
5 0.8002083333 0.7882812500 0.0604166667 0.0254687500
5 0.8737500000 0.7957812500 0.0708333333 0.0295312500
5 0.8718750000 0.7679687500 0.0712500000 0.0289062500
5 0.9495833333 0.7706250000 0.0827083333 0.0304687500
5 0.9508333333 0.7987500000 0.0827083333 0.0314062500
1 0.2166666667 0.8818750000 0.1072916667 0.0829687500
1 0.3236145833 0.8873671875 0.1010729167 0.0822265625
1 0.4279166667 0.8931250000 0.1127083333 0.0900000000
1 0.5366666667 0.8951562500 0.1091666667 0.0871875000
1 0.2110416667 0.9623046875 0.1122916667 0.0753906250
1 0.3162500000 0.9618750000 0.1095833333 0.0757812500
1 0.4264583333 0.9664062500 0.1087500000 0.0671875000
4 0.6255104167 0.9119062500 0.0527604167 0.1042656250
4 0.6804166667 0.9138828125 0.0548750000 0.1021250000
4 0.7340208333 0.9171171875 0.0533437500 0.1017421875
4 0.7916875000 0.9207421875 0.0548750000 0.1028828125
4 0.8513854167 0.9247421875 0.0553854167 0.1040312500
4 0.9113437500 0.9285546875 0.0594479167 0.1086015625
4 0.9708029197 0.9316005472 0.0547445255 0.1121751026
1 0.5380416667 0.9700214844 0.1096354167 0.0599570312
4 0.6242187500 0.9798027344 0.0531562500 0.0403945313
4 0.6794687500 0.9817812500 0.0576354167 0.0364375000
4 0.7365729167 0.9829687500 0.0582083333 0.0340546875
4 0.7945833333 0.9854296875 0.0589583333 0.0291406250
4 0.8527083333 0.9885937500 0.0587500000 0.0228125000
