5 0.6035468750 0.0874062500 0.0276875000 0.0371979167
5 0.6334843750 0.0851770833 0.0276328125 0.0361041667
5 0.7418750000 0.0712500000 0.0542187500 0.0375000000
5 0.2820312500 0.1622916667 0.0603125000 0.0612500000
5 0.3816640625 0.1656354167 0.0774531250 0.0505104167
5 0.4999687500 0.1056458333 0.0832578125 0.0544479167
5 0.4991562500 0.1508333333 0.0849609375 0.0527708333
5 0.6195625000 0.1241354167 0.0626406250 0.0465729167
5 0.7493750000 0.1106250000 0.0660937500 0.0537500000
5 0.7634375000 0.1556250000 0.0318750000 0.0333333333
5 0.7307343750 0.1581354167 0.0320937500 0.0386562500
2 0.0923437500 0.2244375000 0.0763125000 0.1273437500
2 0.1974687500 0.1919583333 0.0403046875 0.1094583333
5 0.2807812500 0.2266666667 0.0578125000 0.0675000000
5 0.3806953125 0.2100520833 0.0768906250 0.0490312500
5 0.4971796875 0.2001458333 0.0801875000 0.0461145833
5 0.6233203125 0.2062291667 0.0672734375 0.0416875000
5 0.6194843750 0.1671979167 0.0616328125 0.0392083333
3 0.7328906250 0.2004687500 0.0328984375 0.0433333333
3 0.7715458276 0.1989051095 0.0369357045 0.0437956204
5 0.2787500000 0.2897916667 0.0576562500 0.0604166667
1 0.3732812500 0.2740833333 0.0680000000 0.0881041667
5 0.4948984375 0.2474895833 0.0809921875 0.0520937500
1 0.6378437500 0.2602812500 0.0931562500 0.0590208333
3 0.7570234375 0.2438229167 0.0747578125 0.0405520833
3 0.7614453125 0.2886770833 0.0874843750 0.0566145833
5 0.2758593750 0.3475000000 0.0593828125 0.0593437500
1 0.3781328125 0.3400208333 0.0807734375 0.0474270833
1 0.4974375000 0.3303229167 0.0903593750 0.1205312500
1 0.6382265625 0.3115000000 0.0916718750 0.0500000000
1 0.6383437500 0.3630833333 0.0932812500 0.0521875000
7 0.7640312500 0.3345312500 0.0907031250 0.0501666667
2 0.1733750000 0.3779583333 0.0525468750 0.1324479167
1 0.3757187500 0.3870625000 0.0815937500 0.0477291667
1 0.6366484375 0.4184791667 0.0990546875 0.0519895833
7 0.7611640625 0.3815416667 0.0808671875 0.0490208333
7 0.7618828125 0.4280729167 0.0809453125 0.0488229167
7 0.1754687500 0.4726041667 0.0509921875 0.0533125000
6 0.2598437500 0.4368750000 0.0410937500 0.1237500000
6 0.2868750000 0.4389583333 0.0289062500 0.1331250000
1 0.3698203125 0.4845416667 0.0826718750 0.0480208333
1 0.3734531250 0.4341145833 0.0831328125 0.0474895833
1 0.4957578125 0.4512187500 0.0900937500 0.1233437500
7 0.7564531250 0.4753645833 0.0700937500 0.0471041667
7 0.1699843750 0.5499062500 0.0592265625 0.0825000000
6 0.2608437500 0.5609687500 0.0731718750 0.1030104167
4 0.4965800274 0.5456204380 0.0916552668 0.0675182482
4 0.6434531250 0.5453333333 0.1123203125 0.0826562500
7 0.7500937500 0.5188541667 0.0587421875 0.0461354167
7 0.7584140625 0.5625729167 0.0723203125 0.0475937500
1 0.3674531250 0.5673229167 0.0808906250 0.1154479167
4 0.4942187500 0.6147916667 0.0923437500 0.0697916667
4 0.6442578125 0.6210520833 0.1110000000 0.0644895833
7 0.7643046875 0.6114479167 0.0865078125 0.0508854167
7 0.1654609375 0.6387604167 0.0581015625 0.0974166667
7 0.2560234375 0.6647187500 0.0681015625 0.1089270833
7 0.3601171875 0.6819062500 0.0845468750 0.1143229167
4 0.4932812500 0.6722916667 0.0915625000 0.0558333333
4 0.6435546875 0.6823333333 0.1138437500 0.0663645833
7 0.7429140625 0.6931770833 0.0405312500 0.1165729167
7 0.7776250000 0.6931458333 0.0449062500 0.1191562500
7 0.0564062500 0.7625000000 0.0530000000 0.0654583333
7 0.1597265625 0.7251354167 0.0659843750 0.0707500000
4 0.4926562500 0.7243750000 0.0918750000 0.0600000000
4 0.6456406250 0.7534375000 0.1143437500 0.0709687500
0 0.0446250000 0.8241666667 0.0550625000 0.0738229167
7 0.1489062500 0.8124166667 0.0622187500 0.0613020833
7 0.2504140625 0.7694791667 0.0705156250 0.1116250000
5 0.3573671875 0.7909687500 0.0864609375 0.1216666667
7 0.4863125000 0.7833020833 0.0985625000 0.0655729167
0 0.6435781250 0.8151666667 0.1143437500 0.0683437500
7 0.7457421875 0.8156770833 0.0339375000 0.1273020833
7 0.7820781250 0.8174791667 0.0381328125 0.1213125000
0 0.0414609375 0.8880729167 0.0524609375 0.0666041667
7 0.1453125000 0.8653541667 0.0617500000 0.0595312500
7 0.2467187500 0.8774687500 0.0654687500 0.1190104167
0 0.6445390625 0.8834791667 0.1155000000 0.0770416667
7 0.0416953125 0.9471770833 0.0495625000 0.0703437500
0 0.2405468750 0.9650937500 0.0654140625 0.0698125000
7 0.3552890625 0.9066041667 0.0842265625 0.1267291667
7 0.4857812500 0.9048333333 0.0989296875 0.1903229167
0 0.6441015625 0.9556354167 0.1173359375 0.0756145833
7 0.7479921875 0.9326354167 0.0395937500 0.1032604167
7 0.7881953125 0.9255000000 0.0434296875 0.0913020833
0 0.3537500000 0.9794453125 0.0935312500 0.0411093750
