1 0.0376953125 0.2110416667 0.0753906250 0.1122916667
1 0.1181250000 0.2166666667 0.0829687500 0.1072916667
1 0.2476562500 0.2295833333 0.0925000000 0.1010416667
1 0.3353125000 0.2179166667 0.0428125000 0.0550000000
1 0.3753125000 0.2247916667 0.0384375000 0.0568750000
1 0.3348437500 0.2779166667 0.0418750000 0.0652083333
1 0.4285937500 0.2858333333 0.0396875000 0.0556250000
1 0.3759375000 0.2795833333 0.0396875000 0.0629166667
1 0.4671875000 0.2860416667 0.0301562500 0.0420833333
1 0.0381250000 0.3162500000 0.0757812500 0.1095833333
1 0.1126328125 0.3236145833 0.0822265625 0.1010729167
8 0.2417187500 0.3154166667 0.1006250000 0.0829166667
1 0.3335937500 0.3372916667 0.0403125000 0.0618750000
1 0.3739062500 0.3433333333 0.0398437500 0.0627083333
1 0.4310937500 0.3391666667 0.0381250000 0.0600000000
1 0.4698125000 0.3450312500 0.0359765625 0.0571041667
1 0.0335937500 0.4264583333 0.0671875000 0.1087500000
1 0.1068750000 0.4279166667 0.0900000000 0.1127083333
8 0.2450000000 0.4014583333 0.0875000000 0.0714583333
1 0.3308437500 0.3961354167 0.0432578125 0.0553854167
1 0.3720312500 0.3997916667 0.0412500000 0.0575000000
1 0.4642187500 0.4022916667 0.0429687500 0.0541666667
1 0.5645312500 0.3862500000 0.0329687500 0.0341666667
1 0.5275000000 0.3839583333 0.0353125000 0.0397916667
1 0.2504687500 0.4737500000 0.0785937500 0.0435416667
1 0.3293437500 0.4532395833 0.0462500000 0.0565312500
1 0.4267187500 0.4566666667 0.0420312500 0.0543750000
1 0.3717421875 0.4575208333 0.0402578125 0.0571041667
1 0.4681250000 0.4587500000 0.0384375000 0.0491666667
1 0.5633906250 0.4358229167 0.0355468750 0.0616666667
1 0.5254687500 0.4358333333 0.0384375000 0.0620833333
1 0.5639062500 0.4952083333 0.0340625000 0.0616666667
1 0.5262500000 0.4956250000 0.0376562500 0.0587500000
1 0.0299785156 0.5380416667 0.0599570313 0.1096354167
1 0.1048437500 0.5366666667 0.0871875000 0.1091666667
1 0.2476562500 0.5166666667 0.0790625000 0.0452083333
1 0.2454687500 0.5604166667 0.0820312500 0.0437500000
1 0.3260937500 0.5116666667 0.0473437500 0.0616666667
1 0.4271875000 0.5133333333 0.0412500000 0.0583333333
1 0.3714062500 0.5179166667 0.0409375000 0.0597916667
1 0.4687500000 0.5168750000 0.0396875000 0.0583333333
1 0.5187500000 0.5589583333 0.0423437500 0.0637500000
1 0.5604687500 0.5600000000 0.0395312500 0.0614583333
1 0.6077812500 0.5391354167 0.0385078125 0.0598437500
4 0.0201972656 0.6242187500 0.0403945313 0.0531562500
4 0.0880937500 0.6255104167 0.1042656250 0.0527604167
1 0.2448437500 0.6045833333 0.0796875000 0.0447916667
1 0.3242187500 0.5754166667 0.0451562500 0.0587500000
1 0.4259375000 0.5729166667 0.0415625000 0.0570833333
1 0.3689062500 0.5770833333 0.0415625000 0.0579166667
1 0.4254687500 0.6329166667 0.0418750000 0.0591666667
1 0.4676718750 0.5743020833 0.0402578125 0.0576770833
1 0.5245312500 0.6239583333 0.0385937500 0.0635416667
1 0.5628125000 0.6233333333 0.0384375000 0.0654166667
1 0.6111015625 0.6078229167 0.0435546875 0.0598437500
4 0.0182187500 0.6794687500 0.0364375000 0.0576354167
4 0.0861171875 0.6804166667 0.1021250000 0.0548750000
3 0.2668750000 0.6754166667 0.0290625000 0.0383333333
3 0.2526562500 0.6400000000 0.0589062500 0.0354166667
3 0.2375000000 0.6770833333 0.0303125000 0.0383333333
1 0.3198437500 0.6370833333 0.0464062500 0.0620833333
1 0.3654687500 0.6354166667 0.0467187500 0.0587500000
1 0.3631718750 0.6953541667 0.0479687500 0.0599583333
1 0.4240625000 0.6945833333 0.0418750000 0.0616666667
1 0.4659375000 0.6939583333 0.0410937500 0.0616666667
1 0.4671875000 0.6339583333 0.0409375000 0.0581250000
1 0.5612500000 0.6895833333 0.0390625000 0.0633333333
1 0.5190625000 0.6897916667 0.0410937500 0.0637500000
1 0.6087109375 0.6766979167 0.0408984375 0.0637395833
1 0.6521328125 0.6850208333 0.0369140625 0.0520520833
1 0.7521875000 0.6914583333 0.0231250000 0.0552083333
4 0.0170312500 0.7365729167 0.0340546875 0.0582083333
4 0.0828828125 0.7340208333 0.1017421875 0.0533437500
3 0.2646875000 0.7156250000 0.0307812500 0.0425000000
3 0.2354687500 0.7168750000 0.0307812500 0.0420833333
4 0.0145703125 0.7945833333 0.0291406250 0.0589583333
4 0.0792578125 0.7916875000 0.1028828125 0.0548750000
5 0.2117187500 0.8002083333 0.0254687500 0.0604166667
5 0.2484375000 0.8160416667 0.0490625000 0.0366666667
5 0.2507812500 0.7787500000 0.0518750000 0.0375000000
5 0.3438906250 0.8210000000 0.0280078125 0.0599791667
5 0.3542187500 0.7676250000 0.0577187500 0.0392291667
5 0.3126328125 0.8213854167 0.0316875000 0.0607291667
5 0.4214062500 0.7793750000 0.0451562500 0.0704166667
5 0.4618750000 0.7789583333 0.0400000000 0.0670833333
5 0.5254687500 0.7754166667 0.0325000000 0.0618750000
5 0.5611796875 0.7742291667 0.0370625000 0.0607291667
5 0.6403984375 0.7812083333 0.0223515625 0.0701666667
5 0.7160781250 0.7776250000 0.0729921875 0.0705416667
5 0.7986953125 0.7763020833 0.0650703125 0.0679062500
5 0.8960937500 0.7716666667 0.0259375000 0.0637500000
5 0.8371875000 0.7760416667 0.0126562500 0.0685416667
4 0.0114062500 0.8527083333 0.0228125000 0.0587500000
4 0.0752578125 0.8513854167 0.1040312500 0.0553854167
5 0.2320312500 0.8718750000 0.0289062500 0.0712500000
5 0.2042187500 0.8737500000 0.0295312500 0.0708333333
5 0.2604687500 0.8683333333 0.0275000000 0.0702083333
5 0.3496953125 0.8770208333 0.0243281250 0.0513020833
5 0.3160234375 0.8800416667 0.0401718750 0.0520625000
5 0.4201562500 0.8493750000 0.0426562500 0.0725000000
5 0.4606250000 0.8475000000 0.0382812500 0.0700000000
5 0.5215625000 0.8395833333 0.0351562500 0.0641666667
5 0.5589140625 0.8381666667 0.0359296875 0.0618645833
5 0.6072968750 0.8541979167 0.0387578125 0.0750729167
5 0.6403125000 0.8562500000 0.0271875000 0.0735416667
5 0.7183437500 0.8543854167 0.0741250000 0.0777083333
5 0.8020859375 0.8472187500 0.0667734375 0.0724270833
5 0.8981406250 0.8987083333 0.0263125000 0.0592291667
5 0.8385937500 0.8443750000 0.0145312500 0.0704166667
5 0.8956250000 0.8360416667 0.0275000000 0.0662500000
4 0.0714453125 0.9113437500 0.1086015625 0.0594479167
5 0.2293750000 0.9495833333 0.0304687500 0.0827083333
5 0.2012500000 0.9508333333 0.0314062500 0.0827083333
5 0.2581250000 0.9447916667 0.0295312500 0.0822916667
5 0.3137656250 0.9349270833 0.0373437500 0.0546979167
5 0.3478515625 0.9332291667 0.0257421875 0.0558333333
5 0.4603125000 0.9147916667 0.0373437500 0.0631250000
5 0.5176562500 0.9654166667 0.0354687500 0.0625000000
5 0.5512734375 0.9038020833 0.0263125000 0.0648854167
5 0.5170312500 0.9016666667 0.0342187500 0.0593750000
5 0.6087109375 0.9377604167 0.0410234375 0.0822395833
5 0.6415625000 0.9337500000 0.0262500000 0.0787500000
5 0.7211718750 0.9341770833 0.0775234375 0.0811041667
5 0.8061875000 0.9228541667 0.0698828125 0.0735520833
5 0.8565546875 0.9200312500 0.0234843750 0.0724270833
5 0.9033750000 0.9652916667 0.0322500000 0.0611145833
5 0.9370312500 0.9654166667 0.0348437500 0.0570833333
4 0.0683994528 0.9708029197 0.1121751026 0.0547445255
5 0.4210937500 0.9714062500 0.0389062500 0.0571875000
5 0.4598437500 0.9732812500 0.0376562500 0.0534375000
5 0.5505703125 0.9669895833 0.0248984375 0.0622395833
5 0.8085937500 0.9813229167 0.0701640625 0.0373437500
5 0.8578203125 0.9794375000 0.0265937500 0.0411145833
