2 0.4056111111 0.1496953125 0.1280000000 0.1337187500
2 0.5095277778 0.1366406250 0.1045138889 0.1151484375
2 0.5688333333 0.1596562500 0.1083333333 0.1057578125
1 0.1905138889 0.4329453125 0.1015277778 0.0957265625
1 0.2919444444 0.4007812500 0.1008333333 0.0403125000
1 0.4102777778 0.4020312500 0.1111111111 0.0428125000
1 0.6900000000 0.4289062500 0.0891666667 0.1089062500
1 0.7850000000 0.4268750000 0.0944444444 0.1065625000
1 0.2888472222 0.4478984375 0.1074027778 0.0499218750
1 0.4061111111 0.4982812500 0.1063888889 0.0512500000
1 0.4092222222 0.4474921875 0.1108472222 0.0466406250
1 0.5160694444 0.4408593750 0.0831250000 0.1290312500
1 0.6044444444 0.4390625000 0.0911111111 0.1314062500
1 0.2919444444 0.5025000000 0.1050000000 0.0515625000
1 0.2100000000 0.6121875000 0.1438888889 0.1114062500
1 0.3435416667 0.5800937500 0.1212500000 0.0554453125
1 0.4637083333 0.5821484375 0.1242916667 0.0583593750
1 0.5755000000 0.5748671875 0.1026250000 0.0513125000
1 0.5768888889 0.6326328125 0.1095972222 0.0606953125
1 0.6836527778 0.5773515625 0.1150972222 0.0547500000
1 0.7959444444 0.5787109375 0.1195138889 0.0566796875
1 0.2063888889 0.6989062500 0.1372222222 0.0601562500
1 0.3372222222 0.6360937500 0.1272222222 0.0573437500
1 0.3372222222 0.6942187500 0.1211111111 0.0610937500
1 0.4577777778 0.6943750000 0.1205555556 0.0684375000
1 0.4611805556 0.6365078125 0.1240277778 0.0528984375
1 0.5691666667 0.6943750000 0.1133333333 0.0671875000
1 0.6893888889 0.6351875000 0.1166388889 0.0643359375
1 0.6883333333 0.6971875000 0.1125000000 0.0645312500
1 0.8130555556 0.6984375000 0.1211111111 0.0650000000
1 0.8048055556 0.6359062500 0.1210555556 0.0610546875
1 0.1705555556 0.8145312500 0.0863888889 0.1075000000
1 0.2472222222 0.8146875000 0.0844444444 0.1076562500
1 0.3233333333 0.8179687500 0.0816666667 0.1059375000
1 0.4041666667 0.8167187500 0.0872222222 0.1134375000
1 0.5449583333 0.8208515625 0.1914861111 0.1156328125
1 0.1650000000 0.8953125000 0.1888888889 0.0523437500
1 0.7580555556 0.8424453125 0.2357638889 0.1497890625
