7 0.0528229167 0.0416953125 0.0703437500 0.0495625000
0 0.1119270833 0.0414609375 0.0666041667 0.0524609375
0 0.1758333333 0.0446250000 0.0738229167 0.0550625000
7 0.2375000000 0.0564062500 0.0654583333 0.0530000000
2 0.7755625000 0.0923437500 0.1273437500 0.0763125000
7 0.1346458333 0.1453125000 0.0595312500 0.0617500000
7 0.1875833333 0.1489062500 0.0613020833 0.0622187500
7 0.2748645833 0.1597265625 0.0707500000 0.0659843750
7 0.3612395833 0.1654609375 0.0974166667 0.0581015625
7 0.4500937500 0.1699843750 0.0825000000 0.0592265625
7 0.5273958333 0.1754687500 0.0533125000 0.0509921875
2 0.6220416667 0.1733750000 0.1324479167 0.0525468750
2 0.8080416667 0.1974687500 0.1094583333 0.0403046875
0 0.0349062500 0.2405468750 0.0698125000 0.0654140625
7 0.1225312500 0.2467187500 0.1190104167 0.0654687500
7 0.2305208333 0.2504140625 0.1116250000 0.0705156250
7 0.3352812500 0.2560234375 0.1089270833 0.0681015625
6 0.4390312500 0.2608437500 0.1030104167 0.0731718750
6 0.5631250000 0.2598437500 0.1237500000 0.0410937500
6 0.5610416667 0.2868750000 0.1331250000 0.0289062500
5 0.6525000000 0.2758593750 0.0593437500 0.0593828125
5 0.7102083333 0.2787500000 0.0604166667 0.0576562500
5 0.7733333333 0.2807812500 0.0675000000 0.0578125000
5 0.8377083333 0.2820312500 0.0612500000 0.0603125000
0 0.0205546875 0.3537500000 0.0411093750 0.0935312500
7 0.0933958333 0.3552890625 0.1267291667 0.0842265625
5 0.2090312500 0.3573671875 0.1216666667 0.0864609375
7 0.3180937500 0.3601171875 0.1143229167 0.0845468750
1 0.4326770833 0.3674531250 0.1154479167 0.0808906250
1 0.5658854167 0.3734531250 0.0474895833 0.0831328125
1 0.5154583333 0.3698203125 0.0480208333 0.0826718750
1 0.6129375000 0.3757187500 0.0477291667 0.0815937500
1 0.6599791667 0.3781328125 0.0474270833 0.0807734375
1 0.7259166667 0.3732812500 0.0881041667 0.0680000000
5 0.7899479167 0.3806953125 0.0490312500 0.0768906250
5 0.8343645833 0.3816640625 0.0505104167 0.0774531250
7 0.0951666667 0.4857812500 0.1903229167 0.0989296875
7 0.2166979167 0.4863125000 0.0655729167 0.0985625000
4 0.2756250000 0.4926562500 0.0600000000 0.0918750000
4 0.3277083333 0.4932812500 0.0558333333 0.0915625000
4 0.3852083333 0.4942187500 0.0697916667 0.0923437500
4 0.4543795620 0.4965800274 0.0675182482 0.0916552668
1 0.5487812500 0.4957578125 0.1233437500 0.0900937500
1 0.6696770833 0.4974375000 0.1205312500 0.0903593750
5 0.7525104167 0.4948984375 0.0520937500 0.0809921875
5 0.7998541667 0.4971796875 0.0461145833 0.0801875000
5 0.8943541667 0.4999687500 0.0544479167 0.0832578125
5 0.8491666667 0.4991562500 0.0527708333 0.0849609375
5 0.7937708333 0.6233203125 0.0416875000 0.0672734375
5 0.8328020833 0.6194843750 0.0392083333 0.0616328125
5 0.8758645833 0.6195625000 0.0465729167 0.0626406250
5 0.9125937500 0.6035468750 0.0371979167 0.0276875000
0 0.0443645833 0.6441015625 0.0756145833 0.1173359375
0 0.1165208333 0.6445390625 0.0770416667 0.1155000000
0 0.1848333333 0.6435781250 0.0683437500 0.1143437500
4 0.2465625000 0.6456406250 0.0709687500 0.1143437500
4 0.3176666667 0.6435546875 0.0663645833 0.1138437500
4 0.3789479167 0.6442578125 0.0644895833 0.1110000000
4 0.4546666667 0.6434531250 0.0826562500 0.1123203125
1 0.5815208333 0.6366484375 0.0519895833 0.0990546875
1 0.6885000000 0.6382265625 0.0500000000 0.0916718750
1 0.6369166667 0.6383437500 0.0521875000 0.0932812500
1 0.7397187500 0.6378437500 0.0590208333 0.0931562500
5 0.9148229167 0.6334843750 0.0361041667 0.0276328125
7 0.0673645833 0.7479921875 0.1032604167 0.0395937500
7 0.1843229167 0.7457421875 0.1273020833 0.0339375000
7 0.3068229167 0.7429140625 0.1165729167 0.0405312500
7 0.3885520833 0.7643046875 0.0508854167 0.0865078125
7 0.4811458333 0.7500937500 0.0461354167 0.0587421875
7 0.4374270833 0.7584140625 0.0475937500 0.0723203125
7 0.5246354167 0.7564531250 0.0471041667 0.0700937500
7 0.6184583333 0.7611640625 0.0490208333 0.0808671875
7 0.5719270833 0.7618828125 0.0488229167 0.0809453125
7 0.6654687500 0.7640312500 0.0501666667 0.0907031250
3 0.7113229167 0.7614453125 0.0566145833 0.0874843750
3 0.7561770833 0.7570234375 0.0405520833 0.0747578125
3 0.7995312500 0.7328906250 0.0433333333 0.0328984375
5 0.8418645833 0.7307343750 0.0386562500 0.0320937500
5 0.8443750000 0.7634375000 0.0333333333 0.0318750000
5 0.8893750000 0.7493750000 0.0537500000 0.0660937500
5 0.9287500000 0.7418750000 0.0375000000 0.0542187500
7 0.0745000000 0.7881953125 0.0913020833 0.0434296875
7 0.1825208333 0.7820781250 0.1213125000 0.0381328125
7 0.3068541667 0.7776250000 0.1191562500 0.0449062500
3 0.8010948905 0.7715458276 0.0437956204 0.0369357045
