3 0.1520312500 0.4955937500 0.0568203125 0.1007812500
1 0.4214531250 0.4803333333 0.0913671875 0.0591145833
1 0.5106562500 0.4639479167 0.0573671875 0.0722500000
1 0.5606640625 0.4664270833 0.0459296875 0.0648437500
1 0.6515625000 0.4622916667 0.0792187500 0.0793750000
1 0.8028125000 0.4562500000 0.0695312500 0.0847916667
2 0.8930234375 0.4454895833 0.1195859375 0.0888958333
3 0.2015546875 0.5067500000 0.0592187500 0.1372708333
1 0.2729062500 0.5276041667 0.1077500000 0.1292395833
1 0.3535937500 0.5179166667 0.0387500000 0.1081250000
1 0.4245546875 0.5306666667 0.0892578125 0.0552812500
1 0.5600703125 0.5337395833 0.0458906250 0.0642708333
1 0.5135390625 0.5346250000 0.0473671875 0.0652916667
1 0.6510937500 0.5241666667 0.0790625000 0.0679166667
1 0.7943750000 0.5287500000 0.0707812500 0.0762500000
1 0.9053125000 0.5264583333 0.0646875000 0.0906250000
1 0.1973593750 0.5924583333 0.0814453125 0.0970208333
1 0.4286171875 0.6205312500 0.0870546875 0.0513645833
1 0.4241718750 0.5753020833 0.0901796875 0.0537395833
1 0.5586640625 0.5948229167 0.0458984375 0.0639583333
1 0.5147890625 0.6015520833 0.0469843750 0.0640000000
1 0.6057343750 0.5797083333 0.0458515625 0.0563229167
1 0.6629687500 0.5841666667 0.0446875000 0.0687500000
1 0.7826562500 0.5883333333 0.0829687500 0.0647916667
1 0.8964062500 0.6108333333 0.0618750000 0.0979166667
1 0.2904453125 0.6429895833 0.1004531250 0.1195833333
1 0.4301562500 0.6676562500 0.0869375000 0.0538020833
1 0.5187187500 0.6591666667 0.0493281250 0.0573125000
1 0.5601640625 0.6544062500 0.0424687500 0.0594166667
1 0.6075000000 0.6381250000 0.0396875000 0.0610416667
1 0.6620312500 0.6575000000 0.0410937500 0.0697916667
1 0.7825000000 0.6395833333 0.0610937500 0.0708333333
1 0.7723437500 0.6814583333 0.0826562500 0.0639583333
8 0.8768750000 0.6818750000 0.0795312500 0.0714583333
1 0.2955781250 0.7495625000 0.0983125000 0.1144166667
1 0.3542187500 0.7293750000 0.0325000000 0.0595833333
1 0.3899531250 0.7203958333 0.0345468750 0.0525000000
3 0.4381250000 0.7047916667 0.0629687500 0.0497916667
3 0.4414062500 0.7404166667 0.0557812500 0.0489583333
1 0.5337734375 0.7122500000 0.0979453125 0.0535937500
1 0.5607031250 0.7659166667 0.0359921875 0.0677083333
1 0.6075000000 0.7050000000 0.0364062500 0.0610416667
1 0.6589062500 0.7216666667 0.0392187500 0.0622916667
1 0.7706250000 0.7310416667 0.0692187500 0.0747916667
1 0.3934531250 0.7732395833 0.0374765625 0.0543125000
3 0.4282812500 0.8127083333 0.0270312500 0.0422916667
3 0.4292187500 0.7804166667 0.0275000000 0.0406250000
3 0.4562500000 0.8058333333 0.0267187500 0.0406250000
3 0.4571875000 0.7722916667 0.0276562500 0.0397916667
1 0.5221718750 0.7718020833 0.0419687500 0.0655104167
