8 0.3796640625 0.2321250000 0.0400781250 0.0652638889
8 0.4182968750 0.2284305556 0.0393750000 0.0682638889
8 0.4588984375 0.2156111111 0.0461406250 0.0566111111
8 0.5110000000 0.2055000000 0.0552343750 0.0751944444
8 0.3824609375 0.2809166667 0.0387265625 0.0530138889
8 0.4591015625 0.2608611111 0.0379453125 0.0425833333
8 0.4129296875 0.3506666667 0.0423671875 0.0890555556
8 0.3728906250 0.3553611111 0.0416953125 0.0836944444
8 0.4613125000 0.3451111111 0.0564531250 0.0895972222
8 0.5111718750 0.3429027778 0.0471093750 0.0907500000
7 0.5584375000 0.3244444444 0.0226562500 0.0791666667
7 0.6110937500 0.3094444444 0.0368750000 0.0683333333
7 0.5825000000 0.3219444444 0.0262500000 0.0800000000
2 0.6801562500 0.3111111111 0.0525000000 0.0994444444
2 0.6412500000 0.3166666667 0.0245312500 0.0925000000
2 0.7655703125 0.3099583333 0.0472343750 0.1222777778
2 0.7246250000 0.3063055556 0.0404296875 0.1089722222
1 0.4990859375 0.4294722222 0.0249921875 0.0441250000
1 0.4739375000 0.4296111111 0.0222890625 0.0428750000
1 0.5221015625 0.4292222222 0.0225156250 0.0423750000
1 0.5456015625 0.4275972222 0.0245937500 0.0410277778
1 0.5703984375 0.4254027778 0.0161250000 0.0370694444
1 0.7526484375 0.4288055556 0.0233593750 0.0798333333
1 0.7097343750 0.4331111111 0.0192812500 0.0821944444
1 0.7308593750 0.4297361111 0.0229609375 0.0816111111
1 0.7761640625 0.4294861111 0.0227968750 0.0859722222
3 0.8327338129 0.3961661342 0.0197841727 0.0303514377
3 0.8138489209 0.4137380192 0.0188848921 0.0623003195
3 0.7958633094 0.4185303514 0.0179856115 0.0686900958
3 0.8336330935 0.4265175719 0.0188848921 0.0303514377
7 0.8562187500 0.4097638889 0.0128125000 0.0638194444
7 0.8709531250 0.4053750000 0.0204531250 0.0558333333
7 0.8902109375 0.3989305556 0.0209531250 0.0489305556
5 0.9384296875 0.4053472222 0.0398515625 0.0818055556
7 0.9085078125 0.3849027778 0.0192656250 0.0298750000
7 0.9092812500 0.4167916667 0.0178515625 0.0348750000
5 0.9774062500 0.3885694444 0.0451875000 0.0555277778
1 0.2097812500 0.4804444444 0.0225156250 0.0860416667
1 0.2261484375 0.4794027778 0.0183437500 0.0853750000
1 0.2720546875 0.4718472222 0.0162890625 0.0730277778
1 0.2869531250 0.4688194444 0.0132500000 0.0746805556
1 0.2420546875 0.4787083333 0.0206562500 0.0822500000
1 0.2593281250 0.4710833333 0.0174296875 0.0726250000
1 0.2992187500 0.4692222222 0.0130859375 0.0741250000
1 0.3586640625 0.4629027778 0.0224843750 0.0740416667
1 0.3356250000 0.4739722222 0.0237343750 0.0239583333
1 0.3165390625 0.4456944444 0.0234218750 0.0319166667
1 0.3392187500 0.4438888889 0.0212500000 0.0341666667
1 0.3966953125 0.4575555556 0.0185468750 0.0740555556
1 0.3787187500 0.4593333333 0.0202656250 0.0728750000
1 0.4179765625 0.4561111111 0.0209218750 0.0743611111
1 0.4993203125 0.4714027778 0.0226406250 0.0440138889
1 0.4365546875 0.4552638889 0.0218515625 0.0747222222
1 0.4555000000 0.4524027778 0.0181640625 0.0773611111
1 0.4742500000 0.4693194444 0.0209218750 0.0410694444
1 0.5220546875 0.4704305556 0.0216250000 0.0437777778
1 0.5452812500 0.4706944444 0.0250234375 0.0435416667
1 0.5703359375 0.4677361111 0.0171171875 0.0466666667
1 0.5871093750 0.4419861111 0.0184375000 0.0780694444
1 0.6170859375 0.4395000000 0.0417421875 0.0807638889
1 0.6904609375 0.4348888889 0.0193828125 0.0799305556
1 0.6591328125 0.4392916667 0.0426171875 0.0786111111
7 0.8732578125 0.4470555556 0.0207656250 0.0311250000
5 0.9795156250 0.4436666667 0.0393750000 0.0531388889
7 0.7293750000 0.5519305556 0.0242890625 0.0760277778
7 0.7550390625 0.5531944444 0.0266250000 0.0790000000
7 0.7800312500 0.5549444444 0.0270781250 0.0855000000
7 0.8095546875 0.5503611111 0.0324218750 0.0777500000
7 0.8430468750 0.5463055556 0.0311406250 0.0689027778
8 0.1430625000 0.9224166667 0.0965703125 0.1092361111
