1 0.4349481328 0.0742968750 0.1195435685 0.0976250000
1 0.5440560166 0.0813515625 0.0972199170 0.0846015625
1 0.6451659751 0.0835390625 0.0982365145 0.0842656250
1 0.7257572614 0.0808359375 0.0620539419 0.0943203125
1 0.7832053942 0.0808593750 0.0658195021 0.0986718750
1 0.8457780083 0.0812734375 0.0674585062 0.0948437500
1 0.1559751037 0.2019062500 0.0583298755 0.0955546875
1 0.2075103734 0.2032265625 0.0555809129 0.0958359375
1 0.2605186722 0.2051562500 0.0524066390 0.0947109375
1 0.3130082988 0.2062109375 0.0549170124 0.0946328125
1 0.4190456432 0.2102187500 0.0524066390 0.0940156250
1 0.3670124481 0.2093281250 0.0504979253 0.0939765625
1 0.4704460581 0.2118125000 0.0546058091 0.0933281250
1 0.5226556017 0.2125312500 0.0565871369 0.0939921875
1 0.5737863071 0.2136250000 0.0571784232 0.0923515625
1 0.6263070539 0.2150546875 0.0589211618 0.0927968750
1 0.6786825726 0.2163984375 0.0584854772 0.0916484375
1 0.7309647303 0.2180156250 0.0601452282 0.0912656250
1 0.7820124481 0.2198984375 0.0611203320 0.0915859375
1 0.8343360996 0.2200625000 0.0639522822 0.0921171875
1 0.1541804979 0.3494921875 0.0679045643 0.0521171875
1 0.2242427386 0.3532421875 0.0687655602 0.0517890625
1 0.2945228216 0.3533984375 0.0709232365 0.0553750000
1 0.3667219917 0.3566796875 0.0717427386 0.0514140625
1 0.4374377593 0.3597500000 0.0704460581 0.0511406250
1 0.5101867220 0.3628437500 0.0696265560 0.0482031250
1 0.5809647303 0.3409375000 0.0756431535 0.0979921875
1 0.6491078838 0.3401640625 0.0779253112 0.1023203125
1 0.7291286307 0.3407500000 0.0889522822 0.1011562500
1 0.8093672199 0.3456171875 0.0870020747 0.1000000000
1 0.1542531120 0.4249140625 0.0697614108 0.0465390625
1 0.2277074689 0.4277968750 0.0713589212 0.0453281250
1 0.3017531120 0.4315625000 0.0720435685 0.0474218750
1 0.3706431535 0.4325468750 0.0666078838 0.0462500000
1 0.1561410788 0.4734296875 0.0649170124 0.0446328125
1 0.2290041494 0.4757109375 0.0730912863 0.0446250000
1 0.2973340249 0.4786406250 0.0644398340 0.0452734375
1 0.3643672199 0.4809218750 0.0627074689 0.0426718750
1 0.4355082988 0.4815703125 0.0648755187 0.0452734375
1 0.4376763485 0.4340156250 0.0657365145 0.0465781250
1 0.5065767635 0.4594609375 0.0686099585 0.0895000000
1 0.5768568465 0.4642578125 0.0728734440 0.0870546875
1 0.6435892116 0.4652812500 0.0753941909 0.0902265625
1 0.7184543568 0.4663515625 0.0890041494 0.0915078125
1 0.7957261411 0.4674296875 0.0886410788 0.0916953125
1 0.1621784232 0.5384609375 0.0767842324 0.0365000000
1 0.2398132780 0.5405234375 0.0713589212 0.0342031250
1 0.3143879668 0.5412500000 0.0734439834 0.0311953125
1 0.3976659751 0.5436171875 0.0765456432 0.0299687500
1 0.4783298755 0.5453828125 0.0795746888 0.0316562500
1 0.1633817427 0.5748671875 0.0751037344 0.0393203125
1 0.2365352697 0.5778828125 0.0749896266 0.0415625000
1 0.3133609959 0.5785781250 0.0747717842 0.0427890625
1 0.3942634855 0.5809765625 0.0808921162 0.0399531250
1 0.4781742739 0.5834531250 0.0801452282 0.0408437500
1 0.5492323651 0.5690234375 0.0561618257 0.0716562500
1 0.6086514523 0.5714687500 0.0590975104 0.0719843750
1 0.6717946058 0.5728828125 0.0668153527 0.0724218750
1 0.7301037344 0.5744375000 0.0638796680 0.0719062500
1 0.7891804979 0.5769062500 0.0630394191 0.0736015625
1 0.1798236515 0.6657265625 0.1040663900 0.0879687500
1 0.2847717842 0.6718437500 0.1040663900 0.0869765625
1 0.3910373444 0.6758125000 0.1014315353 0.0882968750
1 0.4722717842 0.6759765625 0.0557676349 0.0886328125
1 0.5331327801 0.6779609375 0.0580186722 0.0919375000
1 0.5923755187 0.6794453125 0.0526970954 0.0909453125
1 0.6505601660 0.6815937500 0.0575207469 0.0912734375
1 0.7104979253 0.6835781250 0.0588381743 0.0919375000
1 0.7717531120 0.6858984375 0.0566493776 0.0939218750
8 0.1688174274 0.7796250000 0.0844087137 0.0742812500
8 0.2951867220 0.7835546875 0.1654979253 0.0750000000
3 0.3998340249 0.7933828125 0.0406950207 0.0597500000
3 0.4360892116 0.7833203125 0.0391286307 0.0284687500
3 0.4349585062 0.8113515625 0.0365145228 0.0259921875
3 0.4761514523 0.7859140625 0.0427074689 0.0273750000
3 0.4736721992 0.8120078125 0.0424896266 0.0276250000
7 0.5488796680 0.7909765625 0.1090975104 0.0804218750
7 0.6543360996 0.7942890625 0.1123547718 0.0786250000
7 0.7298132780 0.7976484375 0.0501244813 0.0776328125
7 0.7743775934 0.8003437500 0.0520954357 0.0773906250
2 0.1832676349 0.9107500000 0.1261203320 0.0922656250
2 0.2787966805 0.9122031250 0.0709647303 0.0919687500
2 0.3404875519 0.9167031250 0.0677074689 0.0950390625
7 0.4341804979 0.9087265625 0.1210477178 0.1132031250
7 0.5281846473 0.9133437500 0.0715975104 0.1126250000
7 0.5915767635 0.9142421875 0.0643568465 0.1107187500
7 0.6513589212 0.9155859375 0.0716182573 0.1066015625
