1 0.5787500000 0.0960937500 0.1502083333 0.0760937500
1 0.6733333333 0.0696875000 0.0275000000 0.0514062500
1 0.4289583333 0.1153125000 0.1393750000 0.0532812500
1 0.6460416667 0.1221875000 0.0862500000 0.0600000000
1 0.7450000000 0.1343750000 0.0916666667 0.0445312500
1 0.5641666667 0.1985937500 0.0812500000 0.0490625000
1 0.6510416667 0.1878125000 0.0875000000 0.0570312500
1 0.7514583333 0.1825000000 0.0966666667 0.0614062500
5 0.8819479167 0.1853437500 0.1060729167 0.0574921875
5 0.9696041667 0.1865937500 0.0607916666 0.0448906250
1 0.3756250000 0.2735937500 0.0606250000 0.0259375000
1 0.5583333333 0.2562500000 0.0820833333 0.0556250000
1 0.6518750000 0.2475000000 0.0862500000 0.0654687500
1 0.7472916667 0.2426562500 0.0931250000 0.0562500000
5 0.8825937500 0.2992968750 0.0824895833 0.0463125000
5 0.9638750000 0.2969062500 0.0722395833 0.0519140625
5 0.9665937500 0.2379531250 0.0617708333 0.0568203125
1 0.3635416667 0.3334375000 0.0583333333 0.0471875000
1 0.4343333333 0.3309765625 0.0745833333 0.0485546875
1 0.5091666667 0.3254687500 0.0766666667 0.0468750000
1 0.5902083333 0.3214062500 0.0810416667 0.0564062500
1 0.6756250000 0.3123437500 0.0860416667 0.0553125000
1 0.6775000000 0.3659375000 0.0845833333 0.0510937500
1 0.7658333333 0.3650000000 0.0904166667 0.0593750000
1 0.7654166667 0.3075000000 0.0875000000 0.0550000000
5 0.8857083333 0.3550000000 0.0868854167 0.0554609375
5 0.9652604167 0.3510468750 0.0694791667 0.0483046875
1 0.3608333333 0.3814062500 0.0610416667 0.0453125000
1 0.4381250000 0.3792187500 0.0745833333 0.0467187500
1 0.5122916667 0.3743750000 0.0760416667 0.0487500000
1 0.5935416667 0.3778125000 0.0806250000 0.0567187500
1 0.2714583333 0.4590625000 0.0460416667 0.0439062500
1 0.3354166667 0.4595312500 0.0556250000 0.0484375000
1 0.4054166667 0.4546875000 0.0666666667 0.0518750000
1 0.4760416667 0.4996875000 0.0639583333 0.0498437500
1 0.4733333333 0.4501562500 0.0614583333 0.0514062500
1 0.5441666667 0.4978125000 0.0708333333 0.0492187500
1 0.5452083333 0.4464062500 0.0693750000 0.0543750000
1 0.6158333333 0.4951562500 0.0762500000 0.0506250000
1 0.6183333333 0.4439062500 0.0679166667 0.0542187500
1 0.6958333333 0.4942187500 0.0797916667 0.0540625000
1 0.6935416667 0.4403125000 0.0775000000 0.0539062500
1 0.7768750000 0.4920312500 0.0825000000 0.0551562500
1 0.7754166667 0.4371875000 0.0797916667 0.0568750000
5 0.8874583333 0.4360703125 0.0926250000 0.0513203125
5 0.8904583333 0.4883046875 0.0938437500 0.0539609375
5 0.9708958333 0.4909921875 0.0581979167 0.0552187500
5 0.9692395833 0.4357031250 0.0615208333 0.0537421875
1 0.2737500000 0.5071875000 0.0560416667 0.0467187500
1 0.3418750000 0.5064062500 0.0589583333 0.0448437500
1 0.4070833333 0.5035937500 0.0645833333 0.0482812500
5 0.9519166667 0.5530078125 0.0867812500 0.0293906250
1 0.2116666667 0.5718750000 0.0610416667 0.0446875000
1 0.2100000000 0.6198437500 0.0608333333 0.0476562500
1 0.2722916667 0.5704687500 0.0666666667 0.0465625000
1 0.2735416667 0.6179687500 0.0677083333 0.0489062500
1 0.3441666667 0.5696875000 0.0668750000 0.0470312500
1 0.3411458333 0.6183906250 0.0636145833 0.0484296875
1 0.4095833333 0.5693750000 0.0637500000 0.0479687500
1 0.4110416667 0.6203125000 0.0677083333 0.0506250000
1 0.4818750000 0.5671875000 0.0670833333 0.0504687500
1 0.4800000000 0.6181250000 0.0702083333 0.0512500000
1 0.5564583333 0.5670312500 0.0708333333 0.0518750000
1 0.5522916667 0.6204687500 0.0702083333 0.0556250000
1 0.6264583333 0.6220312500 0.0725000000 0.0565625000
1 0.6281250000 0.5676562500 0.0708333333 0.0514062500
1 0.7056250000 0.6245312500 0.0745833333 0.0542187500
1 0.7029166667 0.5690625000 0.0762500000 0.0557812500
1 0.7820833333 0.5692187500 0.0768750000 0.0557812500
1 0.7833333333 0.6264062500 0.0797916667 0.0567187500
5 0.8781250000 0.5731640625 0.0556562500 0.0717031250
5 0.9555729167 0.6301015625 0.0877812500 0.0417890625
5 0.9515833333 0.5894296875 0.0848020833 0.0357734375
3 0.7614166667 0.6906015625 0.0497083333 0.0351953125
3 0.8137500000 0.6930000000 0.0586041667 0.0377500000
5 0.9858645833 0.6972500000 0.0282708333 0.0316484375
1 0.2337500000 0.7176562500 0.1031250000 0.1089062500
8 0.3322916667 0.7240625000 0.0839583333 0.1201562500
8 0.4281250000 0.7182812500 0.0931250000 0.1073437500
1 0.5545833333 0.7146875000 0.0545833333 0.0932812500
1 0.5022916667 0.7128125000 0.0508333333 0.0923437500
1 0.6070833333 0.7162500000 0.0547916667 0.0967187500
1 0.6644895833 0.7177500000 0.0593541667 0.0978046875
3 0.7657708333 0.7269453125 0.0499375000 0.0390078125
3 0.7158333333 0.7068750000 0.0502083333 0.0723437500
3 0.8175182482 0.7291381669 0.0547445255 0.0383036936
5 0.8962812500 0.7106250000 0.0472395833 0.0593906250
5 0.9301250000 0.7584765625 0.0829895833 0.0290468750
5 0.9488854167 0.7109765625 0.0511875000 0.0597890625
1 0.2322916667 0.8626562500 0.1129166667 0.0965625000
1 0.3450000000 0.8712500000 0.1179166667 0.1026562500
1 0.4666666667 0.8807812500 0.1256250000 0.1048437500
1 0.5964062500 0.8891093750 0.1358958333 0.1085078125
1 0.2327083333 0.9540625000 0.1150000000 0.0918750000
1 0.3479166667 0.9565625000 0.1160416667 0.0868750000
1 0.4668750000 0.9630859375 0.1254166667 0.0738281250
1 0.6005104167 0.9650781250 0.1388958333 0.0698437500
4 0.7024375000 0.9076484375 0.0742291667 0.1272421875
4 0.7738750000 0.9132812500 0.0769479167 0.1309609375
4 0.8482083333 0.9201718750 0.0809791667 0.1340781250
4 0.9238229167 0.9255546875 0.0815416667 0.1360937500
4 0.9789687500 0.9321171875 0.0416354167 0.1320546875
