1 0.2735978112 0.0821167883 0.0478796170 0.0401459854
1 0.2414843750 0.0832187500 0.0460781250 0.0393541667
1 0.3115078125 0.0816145833 0.0449218750 0.0366666667
1 0.4067187500 0.0864583333 0.0431250000 0.0527083333
1 0.4470625000 0.0997500000 0.0462265625 0.0414479167
1 0.5961875000 0.0941562500 0.0688671875 0.0350937500
1 0.2245781250 0.1245104167 0.0500390625 0.0469270833
1 0.2544531250 0.1261770833 0.0364296875 0.0513229167
1 0.2954856361 0.1240875912 0.0492476060 0.0510948905
1 0.3982812500 0.1337500000 0.0409375000 0.0439583333
1 0.4405468750 0.1498020833 0.0433437500 0.0460833333
1 0.5931562500 0.1553229167 0.0655859375 0.0255208333
1 0.5940781250 0.1245000000 0.0659062500 0.0320520833
1 0.6648437500 0.1281250000 0.0718750000 0.0235416667
1 0.6635937500 0.1531250000 0.0735937500 0.0254166667
1 0.7632265625 0.1552812500 0.0932031250 0.0807604167
1 0.8436406250 0.1600833333 0.0948906250 0.0663854167
1 0.1956224350 0.2098540146 0.0451436389 0.0456204380
1 0.2087421875 0.1683125000 0.0410625000 0.0400520833
1 0.2287968750 0.2112083333 0.0356875000 0.0454375000
1 0.2845417237 0.1678832117 0.0478796170 0.0364963504
1 0.2431406250 0.1687812500 0.0340625000 0.0367500000
1 0.2689843750 0.2058541667 0.0493593750 0.0450208333
1 0.3895312500 0.1706250000 0.0457812500 0.0381250000
1 0.4304531250 0.2194062500 0.0528125000 0.0330833333
1 0.3825000000 0.2125000000 0.0548437500 0.0447916667
1 0.4349140625 0.1852395833 0.0436015625 0.0341354167
1 0.5920859375 0.1799791667 0.0670468750 0.0272291667
1 0.5896032832 0.2080291971 0.0752393981 0.0255474453
1 0.5902031250 0.2266458333 0.0791640625 0.0096979167
1 0.6692187500 0.2064583333 0.0796875000 0.0310416667
1 0.6665625000 0.1775000000 0.0798437500 0.0262500000
1 0.6692187500 0.2239583333 0.0798437500 0.0147916667
1 0.8647812500 0.2325729167 0.1086796875 0.0820208333
1 0.1904218750 0.2836979167 0.0764453125 0.0512604167
1 0.3662500000 0.2543750000 0.0507812500 0.0443750000
1 0.3539921875 0.2979062500 0.0486250000 0.0435937500
1 0.7760781250 0.2375833333 0.1042265625 0.0886979167
1 0.1784531250 0.3337916667 0.0851953125 0.0498750000
1 0.3437500000 0.3460416667 0.0570312500 0.0560416667
1 0.4119296875 0.3612500000 0.0440546875 0.0397083333
1 0.4210000000 0.3209166667 0.0440156250 0.0479479167
1 0.5893515625 0.3030833333 0.0859218750 0.0354583333
1 0.5872578125 0.3360208333 0.0862343750 0.0295833333
1 0.6725000000 0.3458333333 0.0850000000 0.0272916667
1 0.6731250000 0.3070833333 0.0850000000 0.0377083333
1 0.7863437500 0.3205208333 0.1092421875 0.0932395833
1 0.8836875000 0.3182812500 0.1128906250 0.0890416667
1 0.1569765625 0.3831354167 0.0781171875 0.0532291667
1 0.3346875000 0.3975000000 0.0604687500 0.0456250000
1 0.4050781250 0.4040416667 0.0460078125 0.0479062500
1 0.5865156250 0.3696666667 0.0850625000 0.0380833333
1 0.5847812500 0.4061354167 0.0893750000 0.0402812500
1 0.6751562500 0.4122916667 0.0942187500 0.0456250000
1 0.6743750000 0.3743750000 0.0892187500 0.0352083333
1 0.8030390625 0.4155520833 0.1139843750 0.1010000000
1 0.9057890625 0.4155625000 0.1316093750 0.1182395833
1 0.1350078125 0.4452083333 0.1056640625 0.0687500000
1 0.3190625000 0.4533333333 0.0592187500 0.0697916667
1 0.4053984375 0.4723854167 0.0499218750 0.0362187500
1 0.5812031250 0.4778229167 0.0938046875 0.0387812500
1 0.5821640625 0.4451770833 0.0923125000 0.0357083333
1 0.6819687500 0.4838437500 0.1045546875 0.0374270833
1 0.6778125000 0.4495833333 0.0976562500 0.0352083333
1 0.3359375000 0.5581250000 0.1150000000 0.0639583333
1 0.5769453125 0.5476770833 0.1056406250 0.0623645833
1 0.6833750000 0.5510625000 0.1117343750 0.0554270833
1 0.8136328125 0.5257708333 0.1258984375 0.1278125000
1 0.9292246094 0.5343854167 0.1415507813 0.1413229167
2 0.0964062500 0.5720833333 0.1585937500 0.1402083333
2 0.1885390625 0.6016979167 0.0984843750 0.1435937500
1 0.3240625000 0.6085416667 0.1146875000 0.0616666667
1 0.5745781250 0.6034375000 0.1084453125 0.0647916667
1 0.6868828125 0.6101562500 0.1177187500 0.0673750000
2 0.0660054720 0.6989051095 0.1320109439 0.1478102190
1 0.3221875000 0.6629166667 0.1410937500 0.0564583333
1 0.4293750000 0.6416666667 0.0470312500 0.0595833333
1 0.5723437500 0.6691354167 0.1124531250 0.0768541667
1 0.6891562500 0.6770000000 0.1220468750 0.0741770833
1 0.8317968750 0.6578437500 0.1423984375 0.1602187500
1 0.9395390625 0.6678958333 0.1209140625 0.1458750000
1 0.3001562500 0.7220833333 0.1346875000 0.0741666667
1 0.4382812500 0.7118750000 0.0437500000 0.0587500000
1 0.5704687500 0.7400520833 0.1178984375 0.0817187500
1 0.6925546875 0.7454895833 0.1297578125 0.0879687500
1 0.2848437500 0.7997916667 0.1378125000 0.0825000000
1 0.5683203125 0.8121875000 0.1212187500 0.0927187500
1 0.6944687500 0.8231145833 0.1347343750 0.0914895833
1 0.8557343750 0.8150625000 0.1607031250 0.1904375000
1 0.9593750000 0.8263645833 0.0812500000 0.1821041667
1 0.2773437500 0.8783333333 0.1451562500 0.0741666667
1 0.5665390625 0.8970729167 0.1277109375 0.1059479167
3 0.0187500000 0.9539583333 0.0371875000 0.0920833333
1 0.6985546875 0.9082395833 0.1417812500 0.1062395833
1 0.8731953125 0.9418333333 0.1628984375 0.1138437500
