8 0.6724791667 0.1161718750 0.0799479167 0.0842734375
8 0.7793854167 0.1076406250 0.0841458333 0.0852343750
8 0.6700000000 0.1985937500 0.0820833333 0.0825000000
8 0.7801041667 0.1865781250 0.0844270833 0.0847421875
8 0.6763541667 0.2741093750 0.0876354167 0.0731171875
8 0.7753750000 0.2639062500 0.0732812500 0.0824609375
8 0.6606354167 0.3553515625 0.0522291667 0.0637656250
8 0.7717083333 0.3487812500 0.0684479167 0.0542421875
8 0.8429583333 0.3477656250 0.0631875000 0.0533203125
8 0.6867916667 0.4149296875 0.0400104167 0.0531875000
8 0.6508229167 0.4162500000 0.0327083333 0.0528515625
8 0.7727187500 0.4045312500 0.0721250000 0.0538515625
8 0.8541354167 0.4051015625 0.0960312500 0.0608437500
8 0.6573437500 0.4749375000 0.0455104167 0.0543593750
8 0.7027812500 0.4750000000 0.0423125000 0.0549140625
8 0.7588229167 0.4638906250 0.0401041667 0.0523906250
8 0.7999583333 0.4668750000 0.0416354167 0.0565234375
8 0.8941770833 0.4900625000 0.0486458333 0.0574375000
8 0.8463750000 0.4651093750 0.0484166667 0.0589296875
8 0.6595000000 0.5281640625 0.0417500000 0.0535468750
8 0.7013333333 0.5278828125 0.0464479167 0.0527500000
8 0.7572291667 0.5227890625 0.0381666667 0.0638046875
8 0.7986250000 0.5249531250 0.0420208333 0.0613671875
8 0.8456562500 0.5252421875 0.0471562500 0.0595468750
2 0.1997916667 0.6029687500 0.0670833333 0.0501562500
2 0.2747812500 0.6098906250 0.0415208333 0.0810703125
1 0.3643750000 0.5815625000 0.0314583333 0.0284375000
2 0.3145104167 0.6089296875 0.0392604167 0.0813671875
1 0.3893750000 0.6332812500 0.0762500000 0.0214062500
1 0.3904166667 0.6084375000 0.0766666667 0.0243750000
1 0.3954166667 0.5812500000 0.0306250000 0.0284375000
1 0.4746979167 0.6135000000 0.0552708333 0.0212812500
1 0.4738750000 0.5759218750 0.0597916667 0.0165390625
1 0.4732395833 0.5937500000 0.0606562500 0.0189531250
1 0.5764062500 0.5922968750 0.0459687500 0.0183125000
1 0.5738541667 0.5752031250 0.0510520833 0.0151093750
1 0.5702083333 0.6107812500 0.0597916667 0.0190625000
1 0.6576354167 0.5854843750 0.0379895833 0.0356015625
1 0.6557291667 0.6194921875 0.0340833333 0.0298515625
1 0.6927083333 0.6193750000 0.0352083333 0.0295312500
1 0.6966666667 0.5867187500 0.0391666667 0.0362500000
8 0.7811875000 0.6073125000 0.0768541667 0.0761875000
8 0.8810208333 0.6078203125 0.0665520833 0.0767343750
2 0.1985416667 0.6535937500 0.0695833333 0.0510937500
2 0.2753437500 0.6911406250 0.0434479167 0.0829687500
2 0.3156250000 0.6912500000 0.0387500000 0.0820312500
1 0.3889583333 0.6570312500 0.0779166667 0.0226562500
1 0.3863020833 0.6835000000 0.0757187500 0.0227734375
1 0.4746922025 0.6912820513 0.0547195622 0.0441025641
1 0.4741250000 0.6462031250 0.0581770833 0.0458906250
1 0.5622916667 0.6950000000 0.0272916667 0.0273437500
1 0.5597916667 0.6657812500 0.0360416667 0.0289062500
1 0.5582604167 0.6356093750 0.0337708333 0.0275390625
1 0.5939583333 0.6612500000 0.0318750000 0.0260937500
1 0.5927083333 0.6929687500 0.0306250000 0.0257812500
1 0.5914583333 0.6353125000 0.0370833333 0.0278125000
1 0.6576145833 0.6522578125 0.0369791667 0.0335312500
1 0.6757291667 0.6837890625 0.0732083333 0.0322109375
1 0.6935416667 0.6510937500 0.0354166667 0.0309375000
8 0.7815312500 0.6828046875 0.0761770833 0.0756328125
8 0.8808020833 0.6842187500 0.0660937500 0.0778750000
2 0.2008333333 0.7565625000 0.0702083333 0.0523437500
2 0.2004166667 0.7045312500 0.0695833333 0.0507812500
2 0.2906250000 0.7459375000 0.0733333333 0.0285937500
1 0.3847916667 0.7318750000 0.0762500000 0.0240625000
1 0.3869583333 0.7080312500 0.0755833333 0.0238593750
1 0.3864583333 0.7540625000 0.0777083333 0.0226562500
1 0.4736770833 0.7369531250 0.0601250000 0.0451640625
1 0.5591666667 0.7232812500 0.0327083333 0.0259375000
1 0.5604166667 0.7489062500 0.0343750000 0.0273437500
1 0.5914583333 0.7164062500 0.0329166667 0.0215625000
1 0.5947916667 0.7418750000 0.0335416667 0.0257812500
1 0.6756250000 0.7162500000 0.0700000000 0.0320312500
1 0.6761666667 0.7484687500 0.0700416667 0.0324453125
8 0.7838645833 0.7590000000 0.0797708333 0.0760781250
8 0.8830208333 0.7603750000 0.0660312500 0.0761093750
1 0.4770312500 0.7700781250 0.0566458333 0.0206640625
1 0.5602083333 0.7779687500 0.0333333333 0.0284375000
1 0.5954166667 0.7771875000 0.0381250000 0.0281250000
1 0.6761354167 0.7784687500 0.0669270833 0.0294921875
