8 0.3576666667 0.0306250000 0.1265729167 0.0612500000
8 0.4199895833 0.1575390625 0.1229166667 0.1096015625
1 0.5175000000 0.1469921875 0.0796250000 0.1201328125
1 0.5988750000 0.1345312500 0.0886250000 0.1165703125
1 0.6808333333 0.1218750000 0.1100000000 0.1312500000
8 0.3236875000 0.1763125000 0.0651562500 0.0908359375
1 0.6822187500 0.2998671875 0.1061041667 0.1014062500
1 0.3404687500 0.3367109375 0.0681770833 0.0919531250
1 0.4160000000 0.3303593750 0.0698541667 0.1018671875
1 0.4919791667 0.3186953125 0.0800000000 0.1033281250
1 0.5844479167 0.3112968750 0.0872083333 0.1098437500
1 0.3236458333 0.4592031250 0.0842500000 0.0477187500
1 0.4068645833 0.4995234375 0.0840312500 0.0603671875
1 0.4082500000 0.4458593750 0.0828750000 0.0506640625
1 0.5005833333 0.4483359375 0.0904583333 0.0549218750
1 0.5841562500 0.4447578125 0.0850937500 0.0606484375
1 0.6805833333 0.4435078125 0.1050104167 0.0612343750
1 0.3250000000 0.5079687500 0.0810416667 0.0487500000
1 0.5013750000 0.5060312500 0.0898020833 0.0643515625
1 0.5944375000 0.5023593750 0.0876145833 0.0542500000
1 0.6832708333 0.5053750000 0.0812708333 0.0476796875
1 0.3010625000 0.5964218750 0.0713333333 0.0586250000
1 0.3755625000 0.5935781250 0.0744687500 0.0564453125
1 0.4474375000 0.5983125000 0.0742916667 0.0603437500
1 0.5272395833 0.5942890625 0.0818541667 0.0620468750
1 0.5905729167 0.6176093750 0.0530104167 0.1036093750
1 0.6467291667 0.6232343750 0.0626770833 0.1085078125
1 0.7109583333 0.6240781250 0.0686979167 0.1120703125
1 0.3492708333 0.6487734375 0.0467604167 0.0440625000
1 0.4073958333 0.6521796875 0.0489479167 0.0513984375
1 0.5343125000 0.6544453125 0.0616770833 0.0480937500
1 0.3218750000 0.7795312500 0.1222916667 0.1062500000
1 0.4107395833 0.7824453125 0.0599270833 0.1099921875
1 0.4693541667 0.7859453125 0.0648437500 0.1121171875
1 0.5326250000 0.7881250000 0.0684895833 0.1177031250
1 0.5969895833 0.7939843750 0.0736145833 0.1185468750
1 0.6618020833 0.7962500000 0.0697812500 0.1173437500
1 0.7271770833 0.8004218750 0.0726979167 0.1220625000
