1 0.2924583333 0.1329296875 0.1197187500 0.0451640625
1 0.4131562500 0.1354531250 0.1173333333 0.0434453125
1 0.5364270833 0.1558515625 0.1295625000 0.1011562500
1 0.2390937500 0.1729453125 0.1315104167 0.0498359375
1 0.3443645833 0.1768906250 0.0809583333 0.0463515625
1 0.4390416667 0.1800000000 0.1037708333 0.0477109375
1 0.1670312500 0.2460390625 0.0690937500 0.1040703125
1 0.4045104167 0.2539296875 0.1366041667 0.1062812500
1 0.5401979167 0.2591015625 0.1324791667 0.1036406250
1 0.6324166667 0.2591015625 0.0565312500 0.1010703125
7 0.8193437500 0.2333359375 0.1315416667 0.0888593750
7 0.9340000000 0.2360859375 0.1320000000 0.0854218750
7 0.7076666667 0.3142031250 0.1185729167 0.0827031250
7 0.8429479167 0.3188750000 0.1577708333 0.0811093750
7 0.9472604167 0.3192812500 0.0587187500 0.0820937500
7 0.9780520833 0.3187031250 0.0438958333 0.0837265625
1 0.1856562500 0.4068359375 0.0696770833 0.0985312500
1 0.2978958333 0.4104140625 0.0623020833 0.0951406250
1 0.2411770833 0.4108750000 0.0665000000 0.0939375000
1 0.3645625000 0.4063203125 0.0813437500 0.1050312500
1 0.4387604167 0.4068671875 0.0753645833 0.1020703125
1 0.5148020833 0.4078984375 0.0771250000 0.0998359375
1 0.5945416667 0.4032500000 0.0971666667 0.1031562500
7 0.7008229167 0.4135078125 0.1138645833 0.0804921875
7 0.8025208333 0.4140546875 0.1113645833 0.0798125000
7 0.8911666667 0.3909218750 0.0712187500 0.0403984375
7 0.8825104167 0.4321406250 0.0720937500 0.0401015625
7 0.9572395833 0.3920625000 0.0749895833 0.0420390625
7 0.9482916667 0.4324296875 0.0774166667 0.0391328125
7 0.7419270833 0.4806171875 0.1560625000 0.0418437500
1 0.2206770833 0.5468593750 0.0895937500 0.0915625000
1 0.3017916667 0.5462578125 0.0885104167 0.0869375000
1 0.3831562500 0.5464765625 0.0719479167 0.0796562500
1 0.5364791667 0.5122109375 0.0759479167 0.0419687500
1 0.5373437500 0.5584687500 0.0765208333 0.0419687500
7 0.7300937500 0.5220703125 0.1542187500 0.0457343750
7 0.8833333333 0.5264296875 0.1500312500 0.0395859375
1 0.2331770833 0.6152187500 0.0831562500 0.0454531250
1 0.3126562500 0.6118671875 0.0680000000 0.0416875000
1 0.3780208333 0.6165000000 0.0616666667 0.0372578125
1 0.4482395833 0.6115078125 0.0762187500 0.0498203125
1 0.5263333333 0.6111796875 0.0763958333 0.0540859375
7 0.6611354167 0.5981953125 0.0649687500 0.1085859375
7 0.7129791667 0.5984921875 0.0632395833 0.1087343750
7 0.7665520833 0.6000156250 0.0644270833 0.1073437500
7 0.8184583333 0.5983828125 0.0691875000 0.1073671875
7 0.8718854167 0.5994687500 0.0710833333 0.1055546875
7 0.9251145833 0.5970390625 0.0743333333 0.1041484375
1 0.2290937500 0.6649140625 0.0735000000 0.0543593750
1 0.3050416667 0.6643906250 0.0757291667 0.0585078125
1 0.3818229167 0.6635546875 0.0788750000 0.0568515625
1 0.4529895833 0.6623906250 0.0683854167 0.0497734375
1 0.5250625000 0.6622578125 0.0772604167 0.0497109375
7 0.6988541667 0.7027421875 0.1266562500 0.0677734375
7 0.8495312500 0.7180859375 0.1525833333 0.0717890625
1 0.2343854167 0.7793750000 0.0908229167 0.1117578125
1 0.3024270833 0.7791484375 0.0776041667 0.1125859375
1 0.3735520833 0.7784765625 0.0713645833 0.1165312500
1 0.4380104167 0.7742343750 0.0698645833 0.1139843750
1 0.5065937500 0.7713750000 0.0668229167 0.1078984375
1 0.5757187500 0.7694140625 0.0766979167 0.1032812500
7 0.6862604167 0.7810703125 0.1162916667 0.0666640625
7 0.8362500000 0.7946796875 0.1273958333 0.0749921875
2 0.2707604167 0.8719609375 0.1326562500 0.0368281250
2 0.2818437500 0.9283750000 0.1239687500 0.0735546875
1 0.2682481752 0.2503419973 0.1386861314 0.1080711354
2 0.3779166667 0.9139062500 0.0812500000 0.0890625000
2 0.4593750000 0.9128125000 0.0827083333 0.0871875000
1 0.5231250000 0.9176562500 0.0656250000 0.0759375000
1 0.5825000000 0.9040625000 0.0643750000 0.0785937500
1 0.4580291971 0.5444596443 0.0656934307 0.0779753762
