8 0.3744444444 0.2298437500 0.1088888889 0.0425000000
7 0.6162361111 0.2298515625 0.0394166667 0.0154296875
7 0.5694444444 0.2270546875 0.0493611111 0.0136875000
7 0.6508611111 0.2286953125 0.0236527778 0.0177421875
7 0.6950833333 0.2332265625 0.0593055556 0.0152343750
8 0.2363888889 0.2362500000 0.1608333333 0.0703125000
7 0.5706388889 0.2453750000 0.0325694444 0.0163906250
7 0.6985000000 0.2516406250 0.0579305556 0.0177421875
7 0.6355972222 0.2468203125 0.0541666667 0.0173515625
7 0.7574722222 0.2547265625 0.0462777778 0.0208281250
7 0.7596944444 0.2361171875 0.0596527778 0.0171640625
7 0.8183194444 0.2393984375 0.0527916667 0.0163906250
7 0.8172916667 0.2582968750 0.0397638889 0.0221718750
3 0.5525000000 0.3257812500 0.0219444444 0.0167187500
3 0.5708333333 0.3078125000 0.0600000000 0.0192187500
8 0.6195555556 0.3348750000 0.0566666667 0.0754687500
3 0.5786111111 0.3256250000 0.0316666667 0.0175000000
8 0.6982222222 0.3212734375 0.1022916667 0.0442187500
8 0.6956666667 0.3560000000 0.0996805556 0.0306328125
2 0.8313333333 0.3558515625 0.0623888889 0.0408046875
1 0.5639861111 0.4195156250 0.0464305556 0.0746328125
1 0.6118611111 0.4213984375 0.0503194444 0.0724453125
1 0.6613888889 0.4142187500 0.0505555556 0.0584375000
1 0.7616666667 0.3985937500 0.0683333333 0.0259375000
1 0.7058333333 0.4164062500 0.0394444444 0.0607812500
1 0.7578333333 0.4234609375 0.0631388889 0.0243437500
1 0.8250000000 0.4248437500 0.0683333333 0.0245312500
1 0.8319444444 0.3987500000 0.0647222222 0.0264062500
1 0.6288888889 0.4935937500 0.0680555556 0.0582812500
1 0.5697222222 0.4926562500 0.0550000000 0.0576562500
1 0.6961111111 0.4943750000 0.0666666667 0.0571875000
1 0.7521527778 0.4477500000 0.0696527778 0.0237343750
1 0.7608333333 0.4957812500 0.0663888889 0.0518750000
1 0.8225000000 0.4490625000 0.0569444444 0.0248437500
1 0.8230555556 0.4954687500 0.0616666667 0.0528125000
1 0.5631666667 0.5645468750 0.0414583333 0.0307578125
1 0.8454722222 0.5664062500 0.0517361111 0.0288437500
1 0.5609444444 0.5937343750 0.0430972222 0.0283359375
1 0.6168472222 0.5679218750 0.0662361111 0.0271640625
1 0.6155555556 0.5975000000 0.0705555556 0.0321875000
1 0.6811250000 0.5682578125 0.0610277778 0.0263671875
1 0.6811111111 0.5979687500 0.0627777778 0.0331250000
1 0.7386527778 0.5681875000 0.0525000000 0.0237421875
1 0.7417916667 0.5954843750 0.0560972222 0.0300156250
1 0.7961111111 0.5934375000 0.0552777778 0.0292187500
1 0.7934861111 0.5676796875 0.0547361111 0.0217421875
1 0.8483333333 0.5962500000 0.0494444444 0.0309375000
1 0.5627500000 0.6678515625 0.0417638889 0.0544062500
1 0.6082500000 0.6671093750 0.0466111111 0.0539140625
1 0.6770555556 0.6669921875 0.0901388889 0.0531718750
1 0.7433333333 0.6681250000 0.0397222222 0.0532812500
1 0.8087361111 0.6677265625 0.0914583333 0.0516875000
1 0.5562916667 0.7615234375 0.0450138889 0.0540546875
1 0.6011527778 0.7622109375 0.0449722222 0.0547031250
1 0.6438611111 0.7623281250 0.0395694444 0.0529218750
1 0.6860694444 0.7613359375 0.0413333333 0.0519375000
1 0.7309166667 0.7615859375 0.0439722222 0.0529218750
1 0.8199583333 0.7617109375 0.0391250000 0.0526796875
1 0.8063888889 0.7060937500 0.0925000000 0.0242187500
1 0.7768611111 0.7618359375 0.0435277778 0.0524296875
1 0.8595277778 0.7613359375 0.0408888889 0.0514453125
1 0.6333055556 0.8020234375 0.0958472222 0.0264609375
1 0.7276250000 0.8004140625 0.0918888889 0.0247343750
1 0.8223750000 0.7994296875 0.0923333333 0.0222578125
