1 0.0713828125 0.0237812500 0.0686015625 0.0475625000
7 0.1663750000 0.0213541667 0.0403515625 0.0426979167
6 0.3851953125 0.0190520833 0.0691015625 0.0380937500
6 0.4408906250 0.0161666667 0.0551171875 0.0323333333
1 0.0818125000 0.0785625000 0.0630703125 0.0700208333
7 0.1788125000 0.0838750000 0.0581640625 0.0854583333
6 0.2802343750 0.0441354167 0.0673125000 0.0874270833
5 0.4062109375 0.0779583333 0.1052031250 0.1039791667
5 0.5553593750 0.0520937500 0.1107656250 0.1041875000
5 0.6750156250 0.0385416667 0.0677734375 0.0770729167
5 0.8362812500 0.0559687500 0.0817109375 0.1119375000
1 0.0844375000 0.1498437500 0.0654531250 0.0767604167
7 0.1732500000 0.1655937500 0.0382500000 0.0740208333
6 0.2936171875 0.1459583333 0.0716250000 0.1194687500
5 0.5547968750 0.1461145833 0.1067109375 0.1085625000
5 0.6712656250 0.1243333333 0.0636953125 0.1033229167
5 0.8304609375 0.1642604167 0.0774453125 0.1219687500
5 0.8955625000 0.1660937500 0.0786875000 0.1183229167
1 0.0950000000 0.2290312500 0.0723046875 0.0792500000
5 0.4103203125 0.1699166667 0.1036328125 0.1122187500
5 0.7261875000 0.2329062500 0.0767734375 0.1298437500
7 0.1851875000 0.2426875000 0.0458515625 0.0654895833
7 0.2961562500 0.2420312500 0.0663359375 0.0753541667
1 0.3911093750 0.2751250000 0.0499765625 0.1029479167
1 0.4420156250 0.2726666667 0.0626406250 0.1056354167
5 0.5572734375 0.2515312500 0.1065859375 0.1202812500
5 0.6669140625 0.2400833333 0.0617343750 0.1186145833
6 0.8183281250 0.2760208333 0.0679296875 0.0853645833
6 0.8831250000 0.2734895833 0.0711093750 0.0867812500
1 0.1030859375 0.3038750000 0.0768906250 0.0721770833
7 0.2061171875 0.3099270833 0.0518281250 0.0511666667
7 0.3002578125 0.3152812500 0.0617031250 0.0736979167
1 0.5354375000 0.3647187500 0.0610078125 0.0978854167
6 0.6958593750 0.3380312500 0.1229296875 0.0781875000
6 0.8111562500 0.3616041667 0.0697812500 0.0859062500
6 0.8762968750 0.3602812500 0.0699687500 0.0862291667
1 0.0965312500 0.3984270833 0.0465703125 0.1247916667
1 0.2135937500 0.3758437500 0.0599375000 0.0674375000
7 0.3058437500 0.3825312500 0.0536640625 0.0648750000
1 0.3949921875 0.3706875000 0.0442656250 0.0932916667
1 0.4431015625 0.3723333333 0.0588437500 0.0981458333
6 0.6917968750 0.4131666667 0.1195703125 0.0769479167
7 0.1039609375 0.4989270833 0.0406484375 0.0688958333
1 0.2198203125 0.4403541667 0.0593906250 0.0640416667
1 0.3132031250 0.4484687500 0.0705546875 0.0713020833
1 0.4003515625 0.4536354167 0.0453046875 0.0791562500
1 0.4473750000 0.4576041667 0.0535937500 0.0806770833
1 0.5366171875 0.4583854167 0.0598828125 0.0892916667
1 0.6550234375 0.4959791667 0.0611250000 0.0787604167
6 0.8081015625 0.4459375000 0.0788984375 0.0813437500
1 0.2286953125 0.5089791667 0.0592265625 0.0747604167
1 0.3211406250 0.5150416667 0.0631875000 0.0637812500
1 0.4061328125 0.5350104167 0.0457500000 0.0733750000
1 0.4487031250 0.5386041667 0.0438281250 0.0739375000
1 0.5367656250 0.5421458333 0.0562578125 0.0736145833
1 0.7971562500 0.5258125000 0.0694609375 0.0790937500
7 0.1188281250 0.5734375000 0.0378828125 0.0665416667
1 0.2372500000 0.5805520833 0.0638906250 0.0755208333
1 0.3257890625 0.5829791667 0.0644531250 0.0789062500
1 0.4081953125 0.6015625000 0.0402343750 0.0649062500
1 0.4493671875 0.6127708333 0.0435703125 0.0699375000
1 0.5355156250 0.6163645833 0.0532265625 0.0696770833
1 0.6532421875 0.5799791667 0.0585000000 0.0735208333
1 0.7890546875 0.6000937500 0.0645859375 0.0700625000
1 0.6504921875 0.6515937500 0.0609062500 0.0690000000
1 0.7804140625 0.6739166667 0.0639609375 0.0781875000
