7 0.4532222222 0.0882812500 0.0967638889 0.0307890625
7 0.4582361111 0.0720390625 0.1016944444 0.0300703125
7 0.6330277778 0.0970781250 0.0414027778 0.0267343750
7 0.5761805556 0.0621875000 0.1011527778 0.0538906250
7 0.6413194444 0.0664062500 0.0512777778 0.0440546875
7 0.6838888889 0.0457812500 0.0405555556 0.0418750000
3 0.7213888889 0.0406250000 0.0416666667 0.0410937500
2 0.7316666667 0.0929453125 0.1505416667 0.0927187500
7 0.3332361111 0.1019687500 0.0895972222 0.0437890625
7 0.3268194444 0.1427890625 0.1080972222 0.0448515625
7 0.4333333333 0.1599609375 0.1099583333 0.0274218750
7 0.4466805556 0.1035312500 0.1048611111 0.0276406250
7 0.4373333333 0.1417578125 0.1102777778 0.0293359375
7 0.4495277778 0.1229218750 0.1141111111 0.0290468750
7 0.5574027778 0.1486015625 0.0965555556 0.0473984375
7 0.5605833333 0.1087812500 0.1001666667 0.0434531250
7 0.6271805556 0.1415312500 0.0454305556 0.0259218750
7 0.6297916667 0.1179140625 0.0427638889 0.0242578125
2 0.6978611111 0.1554375000 0.1058055556 0.0905546875
7 0.2989166667 0.2255078125 0.1109861111 0.0478515625
7 0.3089027778 0.1825859375 0.1068611111 0.0473125000
7 0.4191666667 0.2226328125 0.1104444444 0.0317343750
7 0.4277222222 0.1980703125 0.1084861111 0.0312343750
7 0.4290555556 0.1794609375 0.1218055556 0.0286875000
7 0.5525416667 0.1935859375 0.0974722222 0.0528828125
7 0.6235555556 0.1673984375 0.0526666667 0.0311250000
7 0.6226666667 0.1967421875 0.0509861111 0.0308515625
1 0.2835416667 0.2936718750 0.1287083333 0.0312968750
1 0.2886805556 0.2672968750 0.1358194444 0.0304375000
1 0.3780416667 0.2709062500 0.0607777778 0.0387421875
1 0.4369861111 0.2688203125 0.0723750000 0.0441171875
1 0.5386527778 0.2987031250 0.1217500000 0.0395468750
1 0.5462638889 0.2642109375 0.1190972222 0.0391406250
1 0.6655555556 0.2998437500 0.0766666667 0.0456250000
1 0.6691666667 0.2589062500 0.0725000000 0.0437500000
1 0.7402777778 0.2925000000 0.0836111111 0.0468750000
1 0.7444444444 0.2514062500 0.0794444444 0.0437500000
1 0.2294444444 0.3459375000 0.0661111111 0.0831250000
1 0.2816666667 0.3442187500 0.0644444444 0.0817187500
1 0.3672361111 0.3098125000 0.0600972222 0.0473359375
1 0.3894305556 0.3506093750 0.1063750000 0.0472656250
1 0.4225277778 0.3089375000 0.0605972222 0.0453984375
1 0.5383611111 0.3287421875 0.1180694444 0.0384218750
1 0.5038888889 0.3313437500 0.0641805556 0.0341328125
1 0.5532916667 0.3644062500 0.0707777778 0.0374765625
1 0.6625000000 0.3406250000 0.0697222222 0.0479687500
1 0.7352777778 0.3335937500 0.0819444444 0.0456250000
1 0.2027777778 0.4270312500 0.0819444444 0.0812500000
1 0.2591666667 0.4253125000 0.0769444444 0.0817187500
1 0.3426944444 0.3991796875 0.0622222222 0.0466875000
1 0.4019444444 0.3960937500 0.0636111111 0.0470312500
1 0.4860138889 0.3990156250 0.0714305556 0.0330625000
1 0.4928194444 0.3676015625 0.0665000000 0.0379218750
1 0.5506944444 0.3968828125 0.0672083333 0.0374375000
1 0.6511111111 0.4318750000 0.0730555556 0.0445312500
1 0.6563888889 0.3873437500 0.0736111111 0.0518750000
1 0.7308333333 0.3803125000 0.0780555556 0.0532812500
1 0.7263888889 0.4285937500 0.0783333333 0.0476562500
1 0.3352777778 0.4418750000 0.0638888889 0.0409375000
1 0.3947222222 0.4395312500 0.0633333333 0.0432812500
1 0.4811805556 0.4388671875 0.0736250000 0.0466484375
1 0.5479027778 0.4374062500 0.0631805556 0.0415000000
1 0.6687083333 0.4905781250 0.1407083333 0.0344765625
1 0.2113055556 0.5011484375 0.1304027778 0.0403984375
1 0.1975833333 0.5389218750 0.1235833333 0.0395625000
1 0.3141666667 0.5209375000 0.0672222222 0.0423437500
1 0.3642172524 0.5620503597 0.0623003195 0.0395683453
1 0.3038888889 0.5606250000 0.0688888889 0.0373437500
1 0.3761111111 0.5218750000 0.0730555556 0.0418750000
1 0.4825000000 0.5656250000 0.1252777778 0.0348437500
1 0.4930555556 0.5132812500 0.1252777778 0.0687500000
1 0.6666388889 0.5228906250 0.1373194444 0.0334453125
1 0.6706388889 0.5538515625 0.1244722222 0.0357187500
1 0.1717638889 0.6122890625 0.1262777778 0.0420234375
1 0.1807222222 0.5718046875 0.1199722222 0.0435156250
1 0.2905555556 0.6004687500 0.0727777778 0.0418750000
1 0.3500000000 0.6020312500 0.0677777778 0.0432812500
1 0.4805555556 0.5976562500 0.1202777778 0.0360937500
1 0.6705555556 0.5872265625 0.1201527778 0.0332109375
1 0.6687916667 0.6221953125 0.1110000000 0.0375390625
1 0.1414444444 0.6939218750 0.1403888889 0.0433828125
1 0.1500833333 0.6559921875 0.1382638889 0.0439062500
1 0.2786805556 0.6452265625 0.0672638889 0.0490000000
1 0.2589444444 0.6896796875 0.0777083333 0.0528515625
1 0.3397222222 0.6478125000 0.0672222222 0.0476562500
1 0.3313888889 0.6934375000 0.0747222222 0.0498437500
1 0.4702777778 0.6535937500 0.1386111111 0.0840625000
1 0.6652222222 0.6960546875 0.1105277778 0.0419218750
1 0.6625277778 0.6579609375 0.1139305556 0.0407734375
1 0.1313750000 0.7392656250 0.1556527778 0.0468203125
1 0.2557638889 0.7390703125 0.0824583333 0.0531250000
1 0.3311111111 0.7428125000 0.0861111111 0.0531250000
1 0.4494444444 0.7367187500 0.1463888889 0.0925000000
1 0.6444027778 0.7315937500 0.1549722222 0.0453437500
1 0.6410694444 0.7731484375 0.1576111111 0.0537421875
