3 0.3218750000 0.2891666667 0.0503125000 0.0362500000
3 0.4268750000 0.2850000000 0.0273437500 0.0395833333
1 0.7008125000 0.2870625000 0.0933593750 0.0561562500
2 0.1951562500 0.3018750000 0.0795312500 0.0633333333
2 0.2827031250 0.3016250000 0.0286250000 0.0629791667
3 0.3246875000 0.3268020833 0.0550390625 0.0390729167
3 0.3645312500 0.3200000000 0.0257812500 0.0420833333
1 0.4353125000 0.3402083333 0.0453125000 0.0725000000
1 0.4839062500 0.3458333333 0.0460937500 0.0672916667
1 0.5680078125 0.3093750000 0.0799843750 0.0506875000
1 0.6976250000 0.3413854167 0.0943281250 0.0592083333
1 0.7884375000 0.3175000000 0.0857812500 0.0952083333
2 0.1954687500 0.3897916667 0.0792187500 0.1145833333
1 0.3375000000 0.3779166667 0.0768750000 0.0677083333
1 0.4806250000 0.4212500000 0.0443750000 0.0754166667
1 0.4357812500 0.4147916667 0.0457812500 0.0772916667
1 0.5668203125 0.3898854167 0.0807734375 0.1135104167
1 0.6989531250 0.3908854167 0.0932734375 0.0554270833
1 0.7879687500 0.4268750000 0.0984375000 0.1185416667
2 0.2131250000 0.4885416667 0.1121875000 0.0841666667
1 0.3384375000 0.4468750000 0.0760937500 0.0662500000
1 0.4775000000 0.4925000000 0.0431250000 0.0697916667
1 0.4345312500 0.4906250000 0.0431250000 0.0706250000
1 0.6953671875 0.4416458333 0.0932265625 0.0565312500
1 0.6924453125 0.4912291667 0.0924843750 0.0620833333
1 0.3378125000 0.5664583333 0.0740625000 0.0620833333
1 0.3379687500 0.5097916667 0.0737500000 0.0629166667
1 0.4776562500 0.5591666667 0.0425000000 0.0629166667
1 0.4342187500 0.5585416667 0.0440625000 0.0595833333
1 0.5664062500 0.5025000000 0.0815625000 0.1104166667
1 0.6901171875 0.5420625000 0.0926406250 0.0614895833
8 0.2310937500 0.5812500000 0.0490625000 0.0995833333
8 0.1829687500 0.5710416667 0.0493750000 0.1008333333
1 0.3543750000 0.6218750000 0.1018750000 0.0570833333
1 0.4323437500 0.6204166667 0.0393750000 0.0622916667
1 0.4751562500 0.6229166667 0.0475000000 0.0672916667
1 0.5767187500 0.6120833333 0.0996875000 0.1116666667
1 0.6887500000 0.5962500000 0.0900000000 0.0600000000
1 0.6864062500 0.6464583333 0.0881250000 0.0622916667
