1 0.1046875000 0.1650000000 0.0523437500 0.1888888889
1 0.1854687500 0.1705555556 0.1075000000 0.0863888889
1 0.3010937500 0.2063888889 0.0601562500 0.1372222222
1 0.3878125000 0.2100000000 0.1114062500 0.1438888889
1 0.5670546875 0.1905138889 0.0957265625 0.1015277778
1 0.1853125000 0.2472222222 0.1076562500 0.0844444444
1 0.4975000000 0.2919444444 0.0515625000 0.1050000000
1 0.5521015625 0.2888472222 0.0499218750 0.1074027778
1 0.5992187500 0.2919444444 0.0403125000 0.1008333333
1 0.1820312500 0.3233333333 0.1059375000 0.0816666667
1 0.3057812500 0.3372222222 0.0610937500 0.1211111111
1 0.3639062500 0.3372222222 0.0573437500 0.1272222222
1 0.4199062500 0.3435416667 0.0554453125 0.1212500000
1 0.1832812500 0.4041666667 0.1134375000 0.0872222222
1 0.5017187500 0.4061111111 0.0512500000 0.1063888889
1 0.5525078125 0.4092222222 0.0466406250 0.1108472222
1 0.5979687500 0.4102777778 0.0428125000 0.1111111111
2 0.8503046875 0.4056111111 0.1337187500 0.1280000000
1 0.3056250000 0.4577777778 0.0684375000 0.1205555556
1 0.3634921875 0.4611805556 0.0528984375 0.1240277778
1 0.4178515625 0.4637083333 0.0583593750 0.1242916667
1 0.1791484375 0.5449583333 0.1156328125 0.1914861111
1 0.5591406250 0.5160694444 0.1290312500 0.0831250000
2 0.8633593750 0.5095277778 0.1151484375 0.1045138889
1 0.3056250000 0.5691666667 0.0671875000 0.1133333333
1 0.4251328125 0.5755000000 0.0513125000 0.1026250000
1 0.3673671875 0.5768888889 0.0606953125 0.1095972222
1 0.5609375000 0.6044444444 0.1314062500 0.0911111111
2 0.8403437500 0.5688333333 0.1057578125 0.1083333333
1 0.3648125000 0.6893888889 0.0643359375 0.1166388889
1 0.3028125000 0.6883333333 0.0645312500 0.1125000000
1 0.4226484375 0.6836527778 0.0547500000 0.1150972222
1 0.5710937500 0.6900000000 0.1089062500 0.0891666667
1 0.1575546875 0.7580555556 0.1497890625 0.2357638889
1 0.3015625000 0.8130555556 0.0650000000 0.1211111111
1 0.3640937500 0.8048055556 0.0610546875 0.1210555556
1 0.4212890625 0.7959444444 0.0566796875 0.1195138889
1 0.5731250000 0.7850000000 0.1065625000 0.0944444444
