1 0.6015729167 0.0965312500 0.1247916667 0.0465703125
1 0.7709687500 0.0950000000 0.0792500000 0.0723046875
1 0.8501562500 0.0844375000 0.0767604167 0.0654531250
1 0.9214375000 0.0818125000 0.0700208333 0.0630703125
1 0.9762187500 0.0713828125 0.0475625000 0.0686015625
7 0.4265625000 0.1188281250 0.0665416667 0.0378828125
7 0.5010729167 0.1039609375 0.0688958333 0.0406484375
1 0.6961250000 0.1030859375 0.0721770833 0.0768906250
7 0.9786458333 0.1663750000 0.0426979167 0.0403515625
1 0.4910208333 0.2286953125 0.0747604167 0.0592265625
1 0.5596458333 0.2198203125 0.0640416667 0.0593906250
1 0.6241562500 0.2135937500 0.0674375000 0.0599375000
7 0.6900729167 0.2061171875 0.0511666667 0.0518281250
7 0.7573125000 0.1851875000 0.0654895833 0.0458515625
7 0.8344062500 0.1732500000 0.0740208333 0.0382500000
7 0.9161250000 0.1788125000 0.0854583333 0.0581640625
1 0.4194479167 0.2372500000 0.0755208333 0.0638906250
7 0.7579687500 0.2961562500 0.0753541667 0.0663359375
6 0.8540416667 0.2936171875 0.1194687500 0.0716250000
6 0.9558645833 0.2802343750 0.0874270833 0.0673125000
1 0.4170208333 0.3257890625 0.0789062500 0.0644531250
1 0.4849583333 0.3211406250 0.0637812500 0.0631875000
1 0.5515312500 0.3132031250 0.0713020833 0.0705546875
7 0.6174687500 0.3058437500 0.0648750000 0.0536640625
7 0.6847187500 0.3002578125 0.0736979167 0.0617031250
1 0.3984375000 0.4081953125 0.0649062500 0.0402343750
1 0.4649895833 0.4061328125 0.0733750000 0.0457500000
1 0.5463645833 0.4003515625 0.0791562500 0.0453046875
1 0.6293125000 0.3949921875 0.0932916667 0.0442656250
1 0.7248750000 0.3911093750 0.1029479167 0.0499765625
5 0.8300833333 0.4103203125 0.1122187500 0.1036328125
5 0.9220416667 0.4062109375 0.1039791667 0.1052031250
6 0.9809479167 0.3851953125 0.0380937500 0.0691015625
1 0.3872291667 0.4493671875 0.0699375000 0.0435703125
1 0.4613958333 0.4487031250 0.0739375000 0.0438281250
1 0.5423958333 0.4473750000 0.0806770833 0.0535937500
1 0.6276666667 0.4431015625 0.0981458333 0.0588437500
1 0.7273333333 0.4420156250 0.1056354167 0.0626406250
6 0.9838333333 0.4408906250 0.0323333333 0.0551171875
1 0.3836354167 0.5355156250 0.0696770833 0.0532265625
1 0.4578541667 0.5367656250 0.0736145833 0.0562578125
1 0.5416145833 0.5366171875 0.0892916667 0.0598828125
1 0.6352812500 0.5354375000 0.0978854167 0.0610078125
5 0.7484687500 0.5572734375 0.1202812500 0.1065859375
5 0.8538854167 0.5547968750 0.1085625000 0.1067109375
5 0.9479062500 0.5553593750 0.1041875000 0.1107656250
1 0.3484062500 0.6504921875 0.0690000000 0.0609062500
1 0.4200208333 0.6532421875 0.0735208333 0.0585000000
1 0.5040208333 0.6550234375 0.0787604167 0.0611250000
6 0.5868333333 0.6917968750 0.0769479167 0.1195703125
6 0.6619687500 0.6958593750 0.0781875000 0.1229296875
5 0.7599166667 0.6669140625 0.1186145833 0.0617343750
5 0.8756666667 0.6712656250 0.1033229167 0.0636953125
5 0.9614583333 0.6750156250 0.0770729167 0.0677734375
5 0.7670937500 0.7261875000 0.1298437500 0.0767734375
1 0.3260833333 0.7804140625 0.0781875000 0.0639609375
1 0.3999062500 0.7890546875 0.0700625000 0.0645859375
1 0.4741875000 0.7971562500 0.0790937500 0.0694609375
6 0.5540625000 0.8081015625 0.0813437500 0.0788984375
6 0.6383958333 0.8111562500 0.0859062500 0.0697812500
6 0.7239791667 0.8183281250 0.0853645833 0.0679296875
5 0.8357395833 0.8304609375 0.1219687500 0.0774453125
6 0.6397187500 0.8762968750 0.0862291667 0.0699687500
6 0.7265104167 0.8831250000 0.0867812500 0.0711093750
5 0.8339062500 0.8955625000 0.1183229167 0.0786875000
5 0.9440312500 0.8362812500 0.1119375000 0.0817109375
