8 0.5657916667 0.1466171875 0.0960208333 0.0484531250
8 0.6666041667 0.1108593750 0.1382916667 0.0741406250
1 0.6246562500 0.2092421875 0.0713541667 0.1106875000
1 0.6877083333 0.1946875000 0.0450000000 0.0923437500
4 0.2775208333 0.2982734375 0.0312708333 0.0733359375
4 0.3046666667 0.2931562500 0.0342708333 0.0733671875
4 0.3388645833 0.2866093750 0.0413541667 0.0773671875
4 0.3794687500 0.2753906250 0.0364895833 0.0822500000
4 0.4114583333 0.2669921875 0.0379270833 0.0922890625
4 0.4570416667 0.2501562500 0.0573333333 0.0994765625
1 0.5350000000 0.2345312500 0.0933333333 0.1271875000
1 0.5568229167 0.3608203125 0.0732604167 0.1038750000
1 0.6261666667 0.3489296875 0.0733333333 0.1171250000
1 0.7061354167 0.3309843750 0.0899166667 0.1198125000
7 0.3107708333 0.4140234375 0.0233020833 0.0344375000
7 0.3581145833 0.3816953125 0.0200208333 0.0438046875
7 0.3603854167 0.4154921875 0.0111875000 0.0263593750
7 0.3351458333 0.4010234375 0.0299479167 0.0192968750
1 0.4102916667 0.3934062500 0.0401875000 0.0870078125
1 0.4942812500 0.3771484375 0.0625833333 0.0989609375
1 0.4453229167 0.3847500000 0.0410104167 0.0950000000
1 0.2885000000 0.4757500000 0.0415416667 0.0388437500
1 0.3302919708 0.4719562244 0.0419708029 0.0369357045
1 0.4327083333 0.4573437500 0.0595833333 0.0470312500
1 0.3745833333 0.4653125000 0.0510416667 0.0496875000
1 0.4896875000 0.4976015625 0.0596041667 0.0525234375
1 0.5489166667 0.4959843750 0.0599479167 0.0556796875
1 0.5492700730 0.4459644323 0.0583941606 0.0519835841
1 0.6120937500 0.4912734375 0.0645729167 0.0523984375
1 0.6116145833 0.4392656250 0.0674583333 0.0517812500
1 0.6970937500 0.4593750000 0.1118437500 0.1105859375
1 0.2875000000 0.5154687500 0.0327083333 0.0381250000
1 0.3256250000 0.5117187500 0.0350000000 0.0417187500
1 0.3768750000 0.5089062500 0.0481250000 0.0509375000
1 0.4308333333 0.5025000000 0.0606250000 0.0468750000
1 0.6855520833 0.5662265625 0.0526770833 0.0966484375
1 0.7383437500 0.5634609375 0.0563437500 0.0975859375
1 0.2835208333 0.5806015625 0.0294166667 0.0694140625
1 0.3152291667 0.5782187500 0.0335937500 0.0721875000
1 0.3442395833 0.5801406250 0.0315625000 0.0736875000
1 0.4072916667 0.5764843750 0.0391562500 0.0785156250
1 0.3765625000 0.5791171875 0.0312604167 0.0725859375
1 0.4454166667 0.5721484375 0.0378020833 0.0819375000
1 0.4804166667 0.5706250000 0.0397916667 0.0825000000
1 0.5320625000 0.5688437500 0.0433645833 0.0856406250
1 0.5806875000 0.5677578125 0.0524687500 0.0802812500
1 0.6372812500 0.5680156250 0.0501979167 0.0937421875
7 0.2702083333 0.6690625000 0.0618750000 0.0745312500
7 0.3535416667 0.6685937500 0.0491666667 0.0745312500
1 0.4089583333 0.6682812500 0.0650000000 0.0687500000
1 0.4939791667 0.6792343750 0.1003437500 0.0935859375
1 0.5971770833 0.6874687500 0.1087291667 0.0996484375
1 0.7026875000 0.6873515625 0.0504062500 0.0976250000
7 0.2644583333 0.7613046875 0.0633229167 0.0812734375
0 0.3772083333 0.7794765625 0.0504583333 0.0942343750
0 0.4649687500 0.7908359375 0.0733333333 0.0997500000
0 0.5492083333 0.8037968750 0.1013229167 0.1165937500
0 0.6583541667 0.8138593750 0.0817604167 0.1111406250
0 0.7436250000 0.8213750000 0.0935625000 0.1147656250
0 0.2634583333 0.8831093750 0.0345416667 0.0493671875
0 0.2644479167 0.8410859375 0.0434479167 0.0517734375
0 0.3106458333 0.8523828125 0.0501250000 0.0526484375
0 0.3076041667 0.8972265625 0.0473750000 0.0504453125
0 0.4128125000 0.8961328125 0.0559583333 0.1072343750
0 0.4662187500 0.9020546875 0.0583437500 0.1028125000
0 0.5276875000 0.9181718750 0.0682916667 0.1144375000
0 0.5860937500 0.9386484375 0.0690416667 0.1173828125
0 0.6548229167 0.9422187500 0.0673020833 0.1155625000
0 0.7167083333 0.9392500000 0.0462812500 0.0720156250
