0 0.0322656250 0.2707187500 0.0645234375 0.0653229167
1 0.3880078125 0.2931770833 0.0977421875 0.0813854167
1 0.4962500000 0.2925000000 0.0459375000 0.0662500000
1 0.5442031250 0.2868958333 0.0463515625 0.0691458333
1 0.6180234375 0.2929791667 0.0471015625 0.0771354167
1 0.6656015625 0.2911770833 0.0472421875 0.0740729167
1 0.7261093750 0.2763541667 0.0464843750 0.0683125000
1 0.7768984375 0.2726145833 0.0522890625 0.0667083333
1 0.8422812500 0.2734062500 0.0817500000 0.0496354167
1 0.9395078125 0.2756145833 0.0838281250 0.0511979167
0 0.0243125000 0.3336145833 0.0400234375 0.0555312500
0 0.0862656250 0.3409687500 0.0814453125 0.0745729167
7 0.1467187500 0.3122812500 0.0399140625 0.0981770833
7 0.1866484375 0.3160833333 0.0331796875 0.0791770833
1 0.2820312500 0.3058333333 0.1118750000 0.0825000000
1 0.5256250000 0.3622916667 0.0989062500 0.0731250000
1 0.7264062500 0.3485104167 0.0522421875 0.0746875000
1 0.7808281250 0.3421666667 0.0576796875 0.0755104167
1 0.8498281250 0.3295625000 0.0764140625 0.0512604167
1 0.9220246238 0.3321167883 0.0465116279 0.0346715328
0 0.0673046875 0.3983854167 0.0676250000 0.0764062500
7 0.1581250000 0.4044166667 0.0254687500 0.0890625000
7 0.1816562500 0.3980000000 0.0308437500 0.0793437500
1 0.3849062500 0.3695416667 0.1027578125 0.0791041667
1 0.6187265625 0.3668750000 0.0476718750 0.0748958333
1 0.6691562500 0.3680312500 0.0453515625 0.0745625000
1 0.7230937500 0.4182083333 0.0455078125 0.0635833333
1 0.7725312500 0.4173333333 0.0491796875 0.0652708333
1 0.8365937500 0.3775000000 0.0771484375 0.0392916667
1 0.8453750000 0.4193645833 0.0892187500 0.0505625000
1 0.9435625000 0.3741979167 0.0816640625 0.0521666667
1 0.9481640625 0.4281770833 0.0855625000 0.0535729167
0 0.0226562500 0.4806250000 0.0318750000 0.0714583333
7 0.1462734375 0.4935729167 0.0236015625 0.0912083333
7 0.1732500000 0.4904895833 0.0262421875 0.0915520833
1 0.3851015625 0.4530312500 0.0959609375 0.0792395833
1 0.5271875000 0.4337500000 0.0940625000 0.0662500000
1 0.6184296875 0.4495000000 0.0460234375 0.0771354167
1 0.6665468750 0.4489270833 0.0511875000 0.0762812500
1 0.7233671875 0.4846354167 0.0458359375 0.0678229167
1 0.7744296875 0.4825312500 0.0505781250 0.0681770833
1 0.8407734375 0.4709791667 0.0793203125 0.0495312500
1 0.9392578125 0.4844166667 0.0883437500 0.0476666667
0 0.0629687500 0.5511666667 0.1177578125 0.0762708333
1 0.3891875000 0.5349479167 0.0982500000 0.0814791667
1 0.5275000000 0.5029166667 0.0976562500 0.0685416667
1 0.6190156250 0.5306979167 0.0473828125 0.0794479167
1 0.6705390625 0.5308437500 0.0453906250 0.0806875000
1 0.7258515625 0.5535833333 0.0513828125 0.0689895833
1 0.7780234375 0.5515312500 0.0538671875 0.0675104167
1 0.8435234375 0.5246562500 0.0775625000 0.0493854167
1 0.9426093750 0.5328541667 0.0891718750 0.0463541667
3 0.1395348837 0.5766423358 0.0300957592 0.0784671533
1 0.3836250000 0.6136250000 0.0991406250 0.0744895833
1 0.5296875000 0.5737500000 0.1017187500 0.0716666667
1 0.6204921875 0.6139375000 0.0495078125 0.0856562500
1 0.6738125000 0.6134791667 0.0510859375 0.0879375000
1 0.7280703125 0.6203750000 0.0485859375 0.0696250000
1 0.7793750000 0.6201979167 0.0498906250 0.0719791667
1 0.8450000000 0.6255208333 0.0780078125 0.0512812500
1 0.8466328125 0.5731145833 0.0796953125 0.0499687500
1 0.9319687500 0.6014791667 0.0855625000 0.0907708333
5 0.2861953125 0.6985000000 0.0485546875 0.0582604167
5 0.3437812500 0.6928645833 0.0608203125 0.0588645833
5 0.3989765625 0.6953750000 0.0522812500 0.0571979167
5 0.6367031250 0.6938437500 0.0838125000 0.0495520833
5 0.0118906250 0.7108333333 0.0237812500 0.0802812500
5 0.0834843750 0.7068229167 0.1142890625 0.0812291667
5 0.1504609375 0.7005104167 0.0193046875 0.0600625000
5 0.2102265625 0.7021041667 0.1030625000 0.0746562500
5 0.3264062500 0.7586041667 0.0217343750 0.0654895833
5 0.3500156250 0.7586145833 0.0267265625 0.0698958333
5 0.3895234375 0.7643125000 0.0484453125 0.0737291667
5 0.4515703125 0.7609687500 0.0240078125 0.0393333333
5 0.4387500000 0.7065625000 0.0355859375 0.0639270833
5 0.5227578125 0.7376666667 0.0851250000 0.0836875000
5 0.6344609375 0.7403541667 0.0814296875 0.0473541667
6 0.7638828125 0.7119583333 0.1109140625 0.0714583333
6 0.9068437500 0.7630520833 0.1347578125 0.1135833333
5 0.1926562500 0.7790000000 0.1004062500 0.0893958333
5 0.2775937500 0.7710104167 0.0578984375 0.0917708333
5 0.4365468750 0.8258020833 0.0455546875 0.0764270833
5 0.5223671875 0.8188958333 0.0844531250 0.0727187500
5 0.6320156250 0.8331041667 0.0789531250 0.0376250000
5 0.6368437500 0.7894375000 0.0850234375 0.0506562500
6 0.7610156250 0.7821354167 0.1075859375 0.0714687500
5 0.0117656250 0.8507708333 0.0235234375 0.0653750000
5 0.0752343750 0.8580833333 0.0944453125 0.0699583333
5 0.1915078125 0.8652083333 0.0960078125 0.0851770833
5 0.2942031250 0.8642187500 0.1047734375 0.0893229167
5 0.3904218750 0.8396562500 0.0465312500 0.0739583333
5 0.5215625000 0.8851250000 0.0844921875 0.0650000000
5 0.6075937500 0.8948958333 0.0285000000 0.0810937500
5 0.6355546875 0.8957083333 0.0277578125 0.0816041667
5 0.6642968750 0.8945937500 0.0285078125 0.0746458333
6 0.7673750000 0.8801354167 0.1074062500 0.0981979167
6 0.9849921875 0.8500625000 0.0300156250 0.0432812500
5 0.0105937500 0.9281354167 0.0211796875 0.0916354167
5 0.0389375000 0.9294375000 0.0370078125 0.0804583333
5 0.0824921875 0.9270312500 0.0621171875 0.0866041667
5 0.1906640625 0.9396041667 0.1003828125 0.0737604167
5 0.2763906250 0.9526458333 0.0527656250 0.0947083333
5 0.3290156250 0.9532291667 0.0539140625 0.0935416666
5 0.3843203125 0.9087916667 0.0474218750 0.0790833333
5 0.4326953125 0.9092812500 0.0502578125 0.0858125000
5 0.5198984375 0.9476250000 0.0851718750 0.0612708333
6 0.7602031250 0.9566250000 0.1138359375 0.0728958333
5 0.0724296875 0.9835104167 0.0971406250 0.0329791667
5 0.1868750000 0.9882916667 0.1054765625 0.0234062500
5 0.3832812500 0.9749375000 0.0459609375 0.0501250000
5 0.4332031250 0.9780729167 0.0464453125 0.0438541667
5 0.5170156250 0.9915208333 0.0840078125 0.0169583333
5 0.6080078125 0.9678932292 0.0267031250 0.0642135417
5 0.6660000000 0.9703958333 0.0246250000 0.0587083333
5 0.6369843750 0.9692994792 0.0295468750 0.0614010416
