7 0.4606250000 0.0279453125 0.1346041667 0.0377031250
7 0.5984166667 0.0162656250 0.1340000000 0.0325312500
7 0.7233750000 0.0127207031 0.1202604167 0.0254414062
5 0.0478229167 0.0762812500 0.0956458333 0.1525546875
5 0.1441666667 0.0788515625 0.1079791667 0.1507968750
2 0.3725729167 0.0827031250 0.1555937500 0.0895937500
7 0.7155729167 0.0385859375 0.1126041667 0.0366484375
1 0.7276875000 0.1187812500 0.1621666667 0.1385546875
5 0.0569583333 0.1909531250 0.1133958333 0.0700312500
5 0.1603125000 0.1990859375 0.0820729167 0.0740078125
2 0.3836354167 0.1711406250 0.1599166667 0.0885468750
5 0.0848645833 0.2873671875 0.0939062500 0.0381718750
5 0.0824791667 0.2554375000 0.0872291667 0.0289296875
5 0.1669687500 0.2731953125 0.0863333333 0.0758125000
5 0.0173645833 0.3488984375 0.0347291667 0.0673593750
5 0.0841875000 0.3500703125 0.1077916667 0.0691328125
5 0.1724479167 0.3527656250 0.0886458333 0.0751015625
1 0.2864687500 0.3358125000 0.1204375000 0.1518750000
1 0.3961770833 0.3361171875 0.1248437500 0.1481484375
1 0.5096250000 0.3258593750 0.1212604167 0.1536406250
1 0.6279270833 0.3236640625 0.1211250000 0.1545781250
1 0.7498125000 0.3241718750 0.1242083333 0.1506953125
5 0.0988541667 0.4264921875 0.0497708333 0.0361562500
5 0.0392812500 0.4153437500 0.0785625000 0.0626640625
5 0.1701875000 0.4138046875 0.0915000000 0.0500234375
1 0.7497291667 0.4791015625 0.1146562500 0.0681484375
5 0.0374375000 0.5284765625 0.0748750000 0.1125468750
5 0.1131250000 0.5279687500 0.0606250000 0.1117187500
5 0.1691666667 0.5281250000 0.0514583333 0.1121875000
1 0.3595104167 0.5331718750 0.0964166667 0.1371406250
1 0.4530520833 0.5295000000 0.0973958333 0.1372421875
1 0.5461875000 0.5247187500 0.1016770833 0.1370546875
1 0.6448333333 0.5231093750 0.1053854167 0.1405546875
1 0.7525937500 0.5449375000 0.1181458333 0.0691718750
5 0.0298645833 0.6801328125 0.0526979167 0.1033750000
5 0.0850000000 0.6807421875 0.0526979167 0.1033750000
5 0.1494583333 0.6786171875 0.0583750000 0.1003359375
5 0.2126979167 0.6801328125 0.0632395833 0.1033750000
1 0.3167395833 0.6569375000 0.1219791667 0.0679375000
1 0.4276770833 0.6503828125 0.1117500000 0.0608750000
1 0.5376041667 0.6485234375 0.1114166667 0.0626796875
1 0.6477604167 0.6481953125 0.1169270833 0.0659765625
1 0.7563958333 0.6468906250 0.1177916667 0.0689843750
1 0.3186458333 0.7262578125 0.1238020833 0.0718593750
1 0.4324479167 0.7175312500 0.1163125000 0.0756484375
1 0.5429166667 0.7149140625 0.1104166667 0.0733125000
1 0.6520520833 0.7146718750 0.1110312500 0.0707812500
1 0.7602916667 0.7134062500 0.1138229167 0.0704218750
1 0.3124375000 0.7952343750 0.0966354167 0.0654843750
1 0.4058333333 0.7932656250 0.0953020833 0.0668281250
1 0.4943854167 0.7905859375 0.0978645833 0.0641406250
1 0.5829687500 0.7884375000 0.0915312500 0.0674140625
1 0.6800937500 0.7902890625 0.1041666667 0.0818515625
1 0.7772708333 0.7864375000 0.1025625000 0.0765703125
6 0.0326666667 0.8380156250 0.0653229167 0.1461171875
6 0.1154270833 0.8342031250 0.0870625000 0.1317812500
6 0.2049791667 0.8376875000 0.1016875000 0.1357109375
1 0.3161250000 0.8608593750 0.0976354167 0.0688671875
1 0.4096875000 0.8600546875 0.0951041667 0.0687734375
1 0.5005729167 0.8540625000 0.0917187500 0.0671640625
1 0.5902395833 0.8543359375 0.0917500000 0.0652968750
1 0.6865520833 0.8646328125 0.1040937500 0.0775468750
1 0.7849375000 0.8599375000 0.0950312500 0.0691328125
6 0.1668958333 0.9644218750 0.1159479167 0.0711484375
1 0.3225520833 0.9426093750 0.0733437500 0.0979843750
1 0.3872708333 0.9434687500 0.0728333333 0.0998203125
1 0.4517916667 0.9410156250 0.0726250000 0.1010390625
1 0.5243541667 0.9398281250 0.0712604167 0.0988671875
1 0.5906458333 0.9436953125 0.0748750000 0.1126093750
1 0.6491562500 0.9346328125 0.0581458333 0.1007734375
1 0.7102291667 0.9445234375 0.0743645833 0.1109453125
1 0.7904583333 0.9444531250 0.0751458333 0.1110859375
