2 0.2434375000 0.2008333333 0.0523437500 0.0702083333
2 0.2954687500 0.2004166667 0.0507812500 0.0695833333
2 0.3464062500 0.1985416667 0.0510937500 0.0695833333
2 0.3970312500 0.1997916667 0.0501562500 0.0670833333
2 0.2540625000 0.2906250000 0.0285937500 0.0733333333
2 0.3088593750 0.2753437500 0.0829687500 0.0434479167
2 0.3901093750 0.2747812500 0.0810703125 0.0415208333
2 0.3087500000 0.3156250000 0.0820312500 0.0387500000
2 0.3910703125 0.3145104167 0.0813671875 0.0392604167
1 0.4184375000 0.3643750000 0.0284375000 0.0314583333
1 0.2459375000 0.3864583333 0.0226562500 0.0777083333
1 0.2919687500 0.3869583333 0.0238593750 0.0755833333
1 0.2681250000 0.3847916667 0.0240625000 0.0762500000
1 0.3165000000 0.3863020833 0.0227734375 0.0757187500
1 0.3429687500 0.3889583333 0.0226562500 0.0779166667
1 0.3915625000 0.3904166667 0.0243750000 0.0766666667
1 0.3667187500 0.3893750000 0.0214062500 0.0762500000
1 0.4187500000 0.3954166667 0.0284375000 0.0306250000
1 0.2299218750 0.4770312500 0.0206640625 0.0566458333
1 0.2630468750 0.4736770833 0.0451640625 0.0601250000
1 0.3087179487 0.4746922025 0.0441025641 0.0547195622
1 0.3537968750 0.4741250000 0.0458906250 0.0581770833
1 0.3865000000 0.4746979167 0.0212812500 0.0552708333
1 0.4240781250 0.4738750000 0.0165390625 0.0597916667
1 0.4062500000 0.4732395833 0.0189531250 0.0606562500
1 0.2220312500 0.5602083333 0.0284375000 0.0333333333
1 0.2767187500 0.5591666667 0.0259375000 0.0327083333
1 0.2510937500 0.5604166667 0.0273437500 0.0343750000
1 0.3050000000 0.5622916667 0.0273437500 0.0272916667
1 0.3643906250 0.5582604167 0.0275390625 0.0337708333
1 0.3342187500 0.5597916667 0.0289062500 0.0360416667
1 0.2228125000 0.5954166667 0.0281250000 0.0381250000
1 0.2581250000 0.5947916667 0.0257812500 0.0335416667
1 0.2835937500 0.5914583333 0.0215625000 0.0329166667
1 0.3387500000 0.5939583333 0.0260937500 0.0318750000
1 0.3070312500 0.5927083333 0.0257812500 0.0306250000
1 0.3646875000 0.5914583333 0.0278125000 0.0370833333
1 0.3892187500 0.5702083333 0.0190625000 0.0597916667
1 0.4077031250 0.5764062500 0.0183125000 0.0459687500
1 0.4247968750 0.5738541667 0.0151093750 0.0510520833
1 0.2215312500 0.6761354167 0.0294921875 0.0669270833
1 0.2515312500 0.6761666667 0.0324453125 0.0700416667
1 0.2837500000 0.6756250000 0.0320312500 0.0700000000
1 0.3489062500 0.6935416667 0.0309375000 0.0354166667
1 0.3162109375 0.6757291667 0.0322109375 0.0732083333
1 0.3477421875 0.6576145833 0.0335312500 0.0369791667
1 0.3805078125 0.6557291667 0.0298515625 0.0340833333
1 0.4145156250 0.6576354167 0.0356015625 0.0379895833
1 0.3806250000 0.6927083333 0.0295312500 0.0352083333
1 0.4132812500 0.6966666667 0.0362500000 0.0391666667
8 0.4718359375 0.6595000000 0.0535468750 0.0417500000
8 0.5250625000 0.6573437500 0.0543593750 0.0455104167
8 0.5850703125 0.6867916667 0.0531875000 0.0400104167
8 0.5837500000 0.6508229167 0.0528515625 0.0327083333
8 0.6446484375 0.6606354167 0.0637656250 0.0522291667
8 0.7258906250 0.6763541667 0.0731171875 0.0876354167
8 0.8014062500 0.6700000000 0.0825000000 0.0820833333
8 0.8838281250 0.6724791667 0.0842734375 0.0799479167
8 0.4721171875 0.7013333333 0.0527500000 0.0464479167
8 0.4772109375 0.7572291667 0.0638046875 0.0381666667
8 0.5361093750 0.7588229167 0.0523906250 0.0401041667
8 0.5250000000 0.7027812500 0.0549140625 0.0423125000
8 0.2410000000 0.7838645833 0.0760781250 0.0797708333
8 0.3171953125 0.7815312500 0.0756328125 0.0761770833
8 0.3926875000 0.7811875000 0.0761875000 0.0768541667
8 0.4750468750 0.7986250000 0.0613671875 0.0420208333
8 0.5331250000 0.7999583333 0.0565234375 0.0416354167
8 0.5954687500 0.7727187500 0.0538515625 0.0721250000
8 0.6512187500 0.7717083333 0.0542421875 0.0684479167
8 0.7360937500 0.7753750000 0.0824609375 0.0732812500
8 0.8134218750 0.7801041667 0.0847421875 0.0844270833
8 0.8923593750 0.7793854167 0.0852343750 0.0841458333
8 0.2396250000 0.8830208333 0.0761093750 0.0660312500
8 0.3157812500 0.8808020833 0.0778750000 0.0660937500
8 0.3921796875 0.8810208333 0.0767343750 0.0665520833
8 0.4747578125 0.8456562500 0.0595468750 0.0471562500
8 0.5348906250 0.8463750000 0.0589296875 0.0484166667
8 0.5099375000 0.8941770833 0.0574375000 0.0486458333
8 0.5948984375 0.8541354167 0.0608437500 0.0960312500
8 0.6522343750 0.8429583333 0.0533203125 0.0631875000
