0 0.3138046875 0.0171058091 0.0575234375 0.0340560166
0 0.3935937500 0.0209543568 0.0306250000 0.0406639004
0 0.5606250000 0.0288900415 0.0243750000 0.0577800830
0 0.5117031250 0.0222095436 0.0316093750 0.0444190871
7 0.6344765625 0.0233713693 0.0532109375 0.0295539419
7 0.7258828125 0.0150518672 0.0086953125 0.0301037344
7 0.7509609375 0.0175103734 0.0195859375 0.0253215768
7 0.7692421875 0.0206327801 0.0195859375 0.0218464730
0 0.3089062500 0.0564315353 0.0578125000 0.0475103734
0 0.4292187500 0.0753112033 0.0221875000 0.0643153527
0 0.3922031250 0.0612655602 0.0334531250 0.0416597510
0 0.5107812500 0.0684647303 0.0311484375 0.0431950207
7 0.6298281250 0.0686410788 0.0447187500 0.0174585062
7 0.6263828125 0.0489004149 0.0370312500 0.0188070539
7 0.6641250000 0.0475518672 0.0352031250 0.0198858921
7 0.6347812500 0.0969917012 0.0550390625 0.0370746888
4 0.7501484375 0.0703112033 0.0587968750 0.0282053942
4 0.7495937500 0.0437966805 0.0586640625 0.0282468880
7 0.1615625000 0.1450207469 0.0273437500 0.0431535270
7 0.1955703125 0.1449066390 0.0362265625 0.0404356846
7 0.1929687500 0.1006224066 0.0784375000 0.0450207469
0 0.3053125000 0.1099585062 0.0609375000 0.0475103734
5 0.3035312500 0.1499066390 0.0596093750 0.0328215768
0 0.3895468750 0.1000207469 0.0336796875 0.0358402490
0 0.4021875000 0.1429460581 0.0598437500 0.0632780083
0 0.5170781250 0.1492738589 0.0552656250 0.0408817427
0 0.5218593750 0.1088485477 0.0606796875 0.0390041494
0 0.5692656250 0.1089004149 0.0336796875 0.0376763485
7 0.6361015625 0.1391701245 0.0621171875 0.0472821577
4 0.7547109375 0.1049066390 0.0672968750 0.0451556017
4 0.7506250000 0.1441908714 0.0585937500 0.0375518672
7 0.1575000000 0.1846473029 0.0329687500 0.0441908714
7 0.1507812500 0.2259336100 0.0290625000 0.0408713693
7 0.1978125000 0.2010373444 0.0314062500 0.0410788382
5 0.2990000000 0.1829149378 0.0615312500 0.0353734440
5 0.2858203125 0.2223029046 0.0543906250 0.0412136929
0 0.3931250000 0.1836099585 0.0232812500 0.0224066390
5 0.4984218750 0.2228526971 0.0252734375 0.0364730290
5 0.5260546875 0.2218568465 0.0298906250 0.0388589212
5 0.5040546875 0.1856431535 0.0315859375 0.0342842324
5 0.5370156250 0.1856431535 0.0326875000 0.0350103734
5 0.5589765625 0.2216597510 0.0348593750 0.0427697095
5 0.6298593750 0.2162863071 0.0568593750 0.0320954357
5 0.6315078125 0.1807261411 0.0557578125 0.0375622407
4 0.7550468750 0.1804460581 0.0685781250 0.0391908714
7 0.8115625000 0.2155601660 0.0600000000 0.0319502075
7 0.1450000000 0.2695020747 0.0345312500 0.0417012448
7 0.1895312500 0.2892116183 0.0335937500 0.0367219917
7 0.2010937500 0.2551867220 0.0260937500 0.0269709544
5 0.2819687500 0.2671680498 0.0587812500 0.0463174274
5 0.3885468750 0.2959751037 0.0609765625 0.0521576763
5 0.3952812500 0.2429045643 0.0656484375 0.0517946058
5 0.4392265625 0.2956120332 0.0381796875 0.0521576763
5 0.4963671875 0.2624170124 0.0244453125 0.0390248963
5 0.5547343750 0.2595020747 0.0291171875 0.0426763485
5 0.5247968750 0.2622406639 0.0280156250 0.0423132780
5 0.6091250000 0.2587759336 0.0148359375 0.0463174274
5 0.6291718750 0.2584128631 0.0181328125 0.0470539419
5 0.6683203125 0.2637033195 0.0189531250 0.0459543568
5 0.6485390625 0.2591390041 0.0195000000 0.0485062241
7 0.7512968750 0.2860477178 0.0571171875 0.0346058091
7 0.7510234375 0.2354356846 0.0606562500 0.0689834025
7 0.8080468750 0.2770850622 0.0541562500 0.0657780083
5 0.2766171875 0.3574377593 0.0541093750 0.0466804979
5 0.2777109375 0.3116597510 0.0563125000 0.0426763485
5 0.3860781250 0.3508713693 0.0598828125 0.0539834025
5 0.4374453125 0.3519605809 0.0433984375 0.0539834025
5 0.4929296875 0.3455809129 0.0280156250 0.0390248963
5 0.4951250000 0.3052800830 0.0258203125 0.0408506224
5 0.5535000000 0.3641804979 0.0370859375 0.0711203320
5 0.5232812500 0.3047302905 0.0271953125 0.0404875519
5 0.5550703125 0.3051348548 0.0329609375 0.0438381743
5 0.5215000000 0.3461307054 0.0274687500 0.0408506224
5 0.6272500000 0.3426659751 0.0181328125 0.0237033195
5 0.6268359375 0.3052800830 0.0206015625 0.0444917012
5 0.6087109375 0.3054564315 0.0151093750 0.0426763485
5 0.6070625000 0.3656431535 0.0151093750 0.0244398340
5 0.6072031250 0.3390145228 0.0148359375 0.0222510373
5 0.6477187500 0.3432053942 0.0189531250 0.0240767635
5 0.6677656250 0.3448547718 0.0178515625 0.0215145228
5 0.6485390625 0.3072821577 0.0189531250 0.0448651452
7 0.7522265625 0.3216286307 0.0571171875 0.0316597510
7 0.7517656250 0.3548858921 0.0580390625 0.0314107884
7 0.8097109375 0.3412655602 0.0548984375 0.0591493776
5 0.2689218750 0.4050311203 0.0634531250 0.0477800830
5 0.3798984375 0.4068568465 0.0629062500 0.0565352697
5 0.4259062500 0.4096473029 0.0313125000 0.0640663900
5 0.4918281250 0.3867946058 0.0285703125 0.0404875519
5 0.4908671875 0.4298340249 0.0315859375 0.0426763485
5 0.5212265625 0.3875207469 0.0280156250 0.0419398340
5 0.5210937500 0.4280290456 0.0277421875 0.0436929461
5 0.6052734375 0.4161514523 0.0126328125 0.0211514523
5 0.6257421875 0.3920850622 0.0217031250 0.0248029046
5 0.6062343750 0.3928112033 0.0156562500 0.0226141079
5 0.6265625000 0.3669190871 0.0178515625 0.0218879668
5 0.6223046875 0.4168879668 0.0175781250 0.0204253112
5 0.6478515625 0.3937240664 0.0186796875 0.0237033195
5 0.6677656250 0.3680082988 0.0184062500 0.0226141079
5 0.6423593750 0.4170643154 0.0175781250 0.0200622407
5 0.6475781250 0.3674585062 0.0186796875 0.0229771784
5 0.6683203125 0.3950000000 0.0189531250 0.0269917012
2 0.7624843750 0.3926556017 0.0750078125 0.0435684647
2 0.8195234375 0.3944709544 0.0335937500 0.0440871369
7 0.1479687500 0.4352697095 0.0831250000 0.0311203320
2 0.1369296875 0.4934024896 0.0774375000 0.0557365145
1 0.2621328125 0.4997199170 0.0654062500 0.0398651452
1 0.2579687500 0.4529045643 0.0534375000 0.0518672199
1 0.3584843750 0.4583921162 0.0292500000 0.0483817427
1 0.3904687500 0.4593049793 0.0364531250 0.0473858921
1 0.4278125000 0.4645228216 0.0354687500 0.0491701245
1 0.4889453125 0.4781846473 0.0336562500 0.0522199170
1 0.5238437500 0.4788900415 0.0347187500 0.0508091286
1 0.6271328125 0.4427178423 0.0582031250 0.0302282158
1 0.6271328125 0.4738070539 0.0602734375 0.0326244813
1 0.7507812500 0.4466804979 0.0521875000 0.0632780083
1 0.8046875000 0.4489626556 0.0576562500 0.0645228216
1 0.1356718750 0.5437240664 0.0921328125 0.0477904564
1 0.2560546875 0.5424273859 0.0668359375 0.0389107884
1 0.3510937500 0.5531120332 0.0335937500 0.0481327801
1 0.3540312500 0.5059543568 0.0355781250 0.0493672199
1 0.4212500000 0.5089211618 0.0323437500 0.0468879668
1 0.3875937500 0.5090041494 0.0352968750 0.0482261411
1 0.4225000000 0.5605809129 0.0396875000 0.0493775934
1 0.3850000000 0.5572614108 0.0384375000 0.0493775934
1 0.4853984375 0.5322821577 0.0322421875 0.0550414938
1 0.5226015625 0.5336929461 0.0357812500 0.0550414938
1 0.6257031250 0.5445539419 0.0600078125 0.0333195021
1 0.6267421875 0.5078112033 0.0615625000 0.0353734440
1 0.7578281250 0.5200207469 0.0637578125 0.0848029046
1 0.8165625000 0.5344398340 0.0610937500 0.0825726141
1 0.1308906250 0.5913692946 0.0970703125 0.0476763485
1 0.2494453125 0.5868049793 0.0636171875 0.0488796680
1 0.3475000000 0.6037344398 0.0354687500 0.0556016598
1 0.3809375000 0.6078838174 0.0343750000 0.0506224066
1 0.4153125000 0.6089211618 0.0396875000 0.0502074689
1 0.4845156250 0.5906120332 0.0347187500 0.0569190871
1 0.5226015625 0.5934336100 0.0379062500 0.0569190871
1 0.6249140625 0.6150622407 0.0628359375 0.0378008299
1 0.6254453125 0.5797614108 0.0620781250 0.0343464730
1 0.7606328125 0.6038485477 0.0653515625 0.0888485477
1 0.8204921875 0.6162344398 0.0612656250 0.0855290456
1 0.1230781250 0.6419917012 0.1000468750 0.0567012448
1 0.1161406250 0.6940145228 0.0995468750 0.0546784232
1 0.2380078125 0.6848029046 0.0657656250 0.0512551867
1 0.2428281250 0.6356846473 0.0618281250 0.0460373444
1 0.3392343750 0.6636203320 0.0347734375 0.0625207469
1 0.3706250000 0.6607883817 0.0362500000 0.0570539419
1 0.4089062500 0.6614107884 0.0404687500 0.0558091286
1 0.4799062500 0.6475311203 0.0340078125 0.0569190871
1 0.5171093750 0.6510580913 0.0361406250 0.0555082988
1 0.6247500000 0.6905912863 0.0639140625 0.0442116183
1 0.6253828125 0.6524792531 0.0633593750 0.0417427386
1 0.7647578125 0.6915352697 0.0699453125 0.0934647303
1 0.0960781250 0.7625622407 0.0746796875 0.0875622407
1 0.2296093750 0.7370020747 0.0646875000 0.0493568465
1 0.3644375000 0.7234128631 0.0354765625 0.0629045643
1 0.3319453125 0.7255186722 0.0339218750 0.0634336100
1 0.4010781250 0.7231846473 0.0446093750 0.0618360996
1 0.4743671875 0.7575103734 0.0397578125 0.0582468880
1 0.4788437500 0.7030394191 0.0361406250 0.0512759336
1 0.5501718750 0.7129668050 0.0399531250 0.0557053942
1 0.5115859375 0.7627385892 0.0379843750 0.0632987552
1 0.5157318741 0.7096188748 0.0369357045 0.0508166969
1 0.6241093750 0.7294709544 0.0648828125 0.0451659751
1 0.8259218750 0.7019917012 0.0630234375 0.0929253112
1 0.2242421875 0.7941908714 0.0725546875 0.0593257261
1 0.3263515625 0.7918983402 0.0337031250 0.0704253112
1 0.3602343750 0.7891286307 0.0396875000 0.0713070539
1 0.3951562500 0.7900414938 0.0393750000 0.0711618257
1 0.4715156250 0.8156327801 0.0390781250 0.0655082988
1 0.5086406250 0.8204045643 0.0377968750 0.0725414938
1 0.5503437500 0.7676867220 0.0388750000 0.0613381743
1 0.5461015625 0.8280705394 0.0417578125 0.0681327801
3 0.6251328125 0.8107468880 0.0246640625 0.0349066390
1 0.6230078125 0.7711618257 0.0629218750 0.0478630705
3 0.6019843750 0.8093360996 0.0224140625 0.0380082988
3 0.6498906250 0.8127489627 0.0235312500 0.0344605809
1 0.7726875000 0.7859439834 0.0848046875 0.0997406639
1 0.8517421875 0.7971784232 0.0770937500 0.1027489627
2 0.1041250000 0.8437863071 0.1269453125 0.0777593361
1 0.2203125000 0.8575414938 0.0725546875 0.0645435685
1 0.3206171875 0.8599792531 0.0409296875 0.0679564315
1 0.3542812500 0.8615871369 0.0398281250 0.0750311203
1 0.3914062500 0.8634854772 0.0360937500 0.0732365145
3 0.6138046875 0.8476970954 0.0487109375 0.0390248963
3 0.6491562500 0.8495331950 0.0241484375 0.0401556017
2 0.7792343750 0.8857053942 0.0923828125 0.1110684647
2 0.8585312500 0.8954460581 0.0452812500 0.1005809129
