7 0.7434296875 0.0773645833 0.0196953125 0.0220000000
7 0.7447031250 0.1144479167 0.0228359375 0.0477916667
7 0.7259453125 0.1682083333 0.0224843750 0.0450833333
1 0.2302812500 0.6576666667 0.0729687500 0.0378229167
1 0.2993750000 0.6950312500 0.0700078125 0.0924062500
3 0.3627109375 0.6444895833 0.0243750000 0.0212083333
1 0.3630000000 0.6845625000 0.0356718750 0.0575833333
1 0.3887890625 0.6870520833 0.0175078125 0.0598229167
3 0.3860312500 0.6446041667 0.0226484375 0.0235729167
3 0.4097500000 0.6444687500 0.0228437500 0.0265937500
1 0.4676875000 0.6597291667 0.0356640625 0.0618125000
1 0.5660078125 0.6777812500 0.0678984375 0.0506979167
1 0.5045859375 0.6599375000 0.0406484375 0.0608541667
1 0.6284218750 0.6520937500 0.0391718750 0.0501666667
2 0.6828046875 0.6523854167 0.0713750000 0.0491250000
1 0.2283828125 0.7280833333 0.0725703125 0.0935729167
1 0.2971718750 0.7601250000 0.0705859375 0.0462187500
1 0.3635078125 0.7446562500 0.0337109375 0.0594583333
1 0.3885088919 0.7463503650 0.0164158687 0.0583941606
1 0.4772421875 0.7638958333 0.0476015625 0.0482812500
1 0.4859531250 0.7156041667 0.0707968750 0.0504166667
1 0.5548125000 0.7258437500 0.0475937500 0.0491041667
2 0.6620703125 0.7079895833 0.1046250000 0.0637708333
8 0.7514687500 0.7030312500 0.0462187500 0.0491770833
1 0.2261640625 0.8201041667 0.0727656250 0.0993229167
1 0.2958984375 0.8031145833 0.0697109375 0.0482291667
1 0.3626953125 0.8048333333 0.0377578125 0.0603437500
1 0.3995390625 0.8028229167 0.0365390625 0.0522395833
1 0.4788437500 0.8124583333 0.0420468750 0.0471250000
1 0.4418593750 0.8283020833 0.0306640625 0.0580000000
1 0.5535859375 0.8332083333 0.0489531250 0.0593229167
1 0.5546406250 0.7773333333 0.0469140625 0.0556458333
1 0.6239921875 0.8270520833 0.0337968750 0.0479791667
1 0.6275859375 0.7732291667 0.0391171875 0.0571666667
1 0.6821171875 0.7738854167 0.0702421875 0.0806666667
8 0.7516796875 0.7778125000 0.0482265625 0.0438854167
1 0.2238671875 0.8870625000 0.0719531250 0.0468958333
1 0.2941484375 0.8856250000 0.0709062500 0.0480312500
1 0.2960156250 0.8448437500 0.0695781250 0.0465416667
1 0.3623437500 0.8566666667 0.0343750000 0.0435416667
1 0.3993281250 0.8524895833 0.0392109375 0.0510312500
1 0.4399843750 0.8896354167 0.0306640625 0.0596666667
1 0.4771250000 0.8640729167 0.0430000000 0.0523854167
1 0.5524609375 0.8876354167 0.0499843750 0.0594895833
1 0.6962343750 0.8353645833 0.0383593750 0.0437291667
1 0.6692109375 0.8825416667 0.0278515625 0.0471458333
1 0.6584140625 0.8341458333 0.0337968750 0.0404687500
1 0.6383828125 0.8808750000 0.0306640625 0.0463125000
1 0.7003437500 0.8827500000 0.0294140625 0.0483958333
8 0.7521406250 0.8448750000 0.0491328125 0.0415625000
1 0.2230078125 0.9273229167 0.0697812500 0.0467708333
1 0.2935390625 0.9258437500 0.0717265625 0.0487500000
1 0.3576875000 0.9059062500 0.0400546875 0.0521562500
1 0.3973437500 0.9058333333 0.0390625000 0.0550000000
