7 0.0773645833 0.2565703125 0.0220000000 0.0196953125
7 0.1144479167 0.2552968750 0.0477916667 0.0228359375
7 0.1682083333 0.2740546875 0.0450833333 0.0224843750
8 0.7030312500 0.2485312500 0.0491770833 0.0462187500
8 0.7778125000 0.2483203125 0.0438854167 0.0482265625
8 0.8448750000 0.2478593750 0.0415625000 0.0491328125
1 0.8827500000 0.2996562500 0.0483958333 0.0294140625
2 0.6523854167 0.3171953125 0.0491250000 0.0713750000
2 0.7079895833 0.3379296875 0.0637708333 0.1046250000
1 0.7738854167 0.3178828125 0.0806666667 0.0702421875
1 0.8341458333 0.3415859375 0.0404687500 0.0337968750
1 0.8808750000 0.3616171875 0.0463125000 0.0306640625
1 0.8825416667 0.3307890625 0.0471458333 0.0278515625
1 0.8353645833 0.3037656250 0.0437291667 0.0383593750
1 0.6520937500 0.3715781250 0.0501666667 0.0391718750
1 0.8270520833 0.3760078125 0.0479791667 0.0337968750
1 0.7732291667 0.3724140625 0.0571666667 0.0391171875
1 0.6599375000 0.4954140625 0.0608541667 0.0406484375
1 0.6777812500 0.4339921875 0.0506979167 0.0678984375
1 0.7258437500 0.4451875000 0.0491041667 0.0475937500
1 0.7773333333 0.4453593750 0.0556458333 0.0469140625
1 0.8332083333 0.4464140625 0.0593229167 0.0489531250
1 0.8876354167 0.4475390625 0.0594895833 0.0499843750
1 0.6597291667 0.5323125000 0.0618125000 0.0356640625
1 0.7638958333 0.5227578125 0.0482812500 0.0476015625
1 0.7156041667 0.5140468750 0.0504166667 0.0707968750
1 0.8124583333 0.5211562500 0.0471250000 0.0420468750
1 0.8283020833 0.5581406250 0.0580000000 0.0306640625
1 0.8640729167 0.5228750000 0.0523854167 0.0430000000
1 0.8896354167 0.5600156250 0.0596666667 0.0306640625
1 0.6870520833 0.6112109375 0.0598229167 0.0175078125
3 0.6446041667 0.6139687500 0.0235729167 0.0226484375
3 0.6444687500 0.5902500000 0.0265937500 0.0228437500
1 0.7463503650 0.6114911081 0.0583941606 0.0164158687
1 0.8028229167 0.6004609375 0.0522395833 0.0365390625
1 0.8524895833 0.6006718750 0.0510312500 0.0392109375
1 0.9058333333 0.6026562500 0.0550000000 0.0390625000
3 0.6444895833 0.6372890625 0.0212083333 0.0243750000
1 0.6845625000 0.6370000000 0.0575833333 0.0356718750
1 0.7446562500 0.6364921875 0.0594583333 0.0337109375
1 0.8048333333 0.6373046875 0.0603437500 0.0377578125
1 0.8566666667 0.6376562500 0.0435416667 0.0343750000
1 0.9059062500 0.6423125000 0.0521562500 0.0400546875
1 0.6950312500 0.7006250000 0.0924062500 0.0700078125
1 0.7601250000 0.7028281250 0.0462187500 0.0705859375
1 0.8031145833 0.7041015625 0.0482291667 0.0697109375
1 0.8448437500 0.7039843750 0.0465416667 0.0695781250
1 0.8856250000 0.7058515625 0.0480312500 0.0709062500
1 0.9258437500 0.7064609375 0.0487500000 0.0717265625
1 0.6576666667 0.7697187500 0.0378229167 0.0729687500
1 0.7280833333 0.7716171875 0.0935729167 0.0725703125
1 0.8201041667 0.7738359375 0.0993229167 0.0727656250
1 0.8870625000 0.7761328125 0.0468958333 0.0719531250
1 0.9273229167 0.7769921875 0.0467708333 0.0697812500
