7 0.0964140625 0.0218229167 0.0709921875 0.0436354167
7 0.2005312500 0.0318958333 0.0760156250 0.0637812500
0 0.2836484375 0.0290833333 0.0764218750 0.0508750000
0 0.3748984375 0.0093750000 0.0717187500 0.0187500000
0 0.4556093750 0.0310729167 0.0645546875 0.0478541667
0 0.5391718750 0.0131770833 0.0559375000 0.0263541667
0 0.6084609375 0.0188463542 0.0383359375 0.0376927083
0 0.6439375000 0.0199375000 0.0426250000 0.0398750000
7 0.0139296875 0.0875833333 0.0278359375 0.0690416667
7 0.1085312500 0.0715312500 0.0705781250 0.0606145833
7 0.2077656250 0.0914791667 0.0668515625 0.0582916667
0 0.2818828125 0.0665104167 0.0732968750 0.0444895833
0 0.2815625000 0.0996979167 0.0689296875 0.0423229167
0 0.3682109375 0.0732083333 0.0649609375 0.0438333333
0 0.3724296875 0.0343437500 0.0687968750 0.0409062500
0 0.4463125000 0.0722916667 0.0649843750 0.0436770833
0 0.5196328125 0.0791562500 0.0595156250 0.0369583333
0 0.5314062500 0.0415937500 0.0647343750 0.0380312500
0 0.5810859375 0.0906770833 0.0402265625 0.0420625000
0 0.5972656250 0.0543125000 0.0416562500 0.0370208333
0 0.6301171875 0.0601458333 0.0401640625 0.0450208333
7 0.0250000000 0.1497916667 0.0500000000 0.0529687500
7 0.1200156250 0.1261145833 0.0634687500 0.0533645833
7 0.2121796875 0.1447916667 0.0691093750 0.0620625000
0 0.2838828125 0.1335833333 0.0650625000 0.0356250000
0 0.3600703125 0.1489062500 0.0576718750 0.0406041667
0 0.3652421875 0.1115625000 0.0642656250 0.0366458333
0 0.5117578125 0.1149791667 0.0545468750 0.0302500000
4 0.1262734375 0.2261354167 0.0639687500 0.0359895833
7 0.2299843750 0.2100312500 0.0152890625 0.0514375000
4 0.2878281250 0.2071979167 0.0543359375 0.0261250000
0 0.2849062500 0.1687083333 0.0600859375 0.0423020833
4 0.3502500000 0.2137916667 0.0462109375 0.0280520833
2 0.4512968750 0.1797187500 0.1379765625 0.0818437500
2 0.5755156250 0.1906250000 0.1363281250 0.1331979167
4 0.1250859375 0.2576458333 0.0620312500 0.0334270833
4 0.1253593750 0.2914479167 0.0630468750 0.0347812500
7 0.2145937500 0.2723229167 0.0224375000 0.0426458333
7 0.2148125000 0.2334270833 0.0173750000 0.0366666667
7 0.2319921875 0.2634895833 0.0151718750 0.0563229167
4 0.2893359375 0.2362395833 0.0545468750 0.0323750000
4 0.2904140625 0.2693229167 0.0562187500 0.0355729167
4 0.3569296875 0.2709166667 0.0457578125 0.0295833333
4 0.3534140625 0.2418750000 0.0447343750 0.0271041667
2 0.4585000000 0.2454062500 0.1431562500 0.0762812500
4 0.1250234375 0.3246354167 0.0627265625 0.0324375000
4 0.1243750000 0.3579270833 0.0631093750 0.0340208333
7 0.2332421875 0.3159062500 0.0159765625 0.0505520833
7 0.2172578125 0.3663333333 0.0228125000 0.0513125000
7 0.2158593750 0.3176145833 0.0211250000 0.0489479167
7 0.2349218750 0.3648854167 0.0183359375 0.0508125000
4 0.2945156250 0.3373750000 0.0562734375 0.0350833333
4 0.2930625000 0.3033020833 0.0543750000 0.0345937500
4 0.3589531250 0.3002708333 0.0477109375 0.0292812500
4 0.3652578125 0.3629166667 0.0525546875 0.0318333333
4 0.3634296875 0.3315625000 0.0518671875 0.0294583333
2 0.4680078125 0.3244375000 0.1456406250 0.0831458333
2 0.5999921875 0.3274895833 0.1449765625 0.1575104167
4 0.1234921875 0.4272187500 0.0658828125 0.0357187500
4 0.1248281250 0.3925520833 0.0656406250 0.0352604167
7 0.2174218750 0.4155000000 0.0212656250 0.0453645833
7 0.1973906250 0.3968645833 0.0210078125 0.0461250000
7 0.2363203125 0.4128437500 0.0174609375 0.0454687500
4 0.2924218750 0.3711666667 0.0620937500 0.0340416667
4 0.2949140625 0.4047604167 0.0668984375 0.0360000000
4 0.3678359375 0.3937187500 0.0534531250 0.0312291667
4 0.3708437500 0.4257395833 0.0538671875 0.0299270833
2 0.4788203125 0.4113020833 0.1466484375 0.0851354167
7 0.1244375000 0.4617500000 0.0654687500 0.0346562500
7 0.2193046875 0.4894479167 0.0202109375 0.0384791667
7 0.2375156250 0.4481979167 0.0160625000 0.0242916667
7 0.2388437500 0.4965104167 0.0148671875 0.0241875000
4 0.2968906250 0.4393645833 0.0652187500 0.0352291667
7 0.2376328125 0.4729270833 0.0157578125 0.0253750000
4 0.2989921875 0.4734687500 0.0661406250 0.0352812500
4 0.3734843750 0.4589166667 0.0557812500 0.0345833333
4 0.3753203125 0.4931250000 0.0525625000 0.0340937500
2 0.6355234375 0.4826666667 0.1656093750 0.1770520833
4 0.1223125000 0.5020520833 0.0666718750 0.0388750000
4 0.1250234375 0.5390312500 0.0743671875 0.0398333333
7 0.2203828125 0.5229166667 0.0217421875 0.0283125000
4 0.2980703125 0.5069375000 0.0673515625 0.0364270833
7 0.2431171875 0.5213020833 0.0239609375 0.0248958333
7 0.2432187500 0.5456458333 0.0247265625 0.0259479167
4 0.2980625000 0.5440625000 0.0669296875 0.0351562500
4 0.3780390625 0.5286458333 0.0516796875 0.0383437500
2 0.4889062500 0.5001250000 0.1530000000 0.0988020833
4 0.1246250000 0.5783541667 0.0770000000 0.0444583333
4 0.1232890625 0.6186875000 0.0788203125 0.0474583333
6 0.3122734375 0.5868958333 0.0324140625 0.0362500000
2 0.5032578125 0.5888229167 0.1667500000 0.1188958333
4 0.1210156250 0.6569895833 0.0837265625 0.0443645833
6 0.2785000000 0.6342604167 0.0627421875 0.0417708333
2 0.6657968750 0.6485312500 0.1713203125 0.1961875000
2 0.3984843750 0.7527708333 0.1053359375 0.2508541667
2 0.5267812500 0.7560416667 0.1853984375 0.2459791667
2 0.6827500000 0.8076875000 0.1511796875 0.1275312500
