1 0.7971784232 0.1482578125 0.1027489627 0.0770937500
2 0.8954460581 0.1414687500 0.1005809129 0.0452812500
7 0.0206327801 0.2307578125 0.0218464730 0.0195859375
7 0.2155601660 0.1884375000 0.0319502075 0.0600000000
7 0.2770850622 0.1919531250 0.0657780083 0.0541562500
7 0.3412655602 0.1902890625 0.0591493776 0.0548984375
2 0.3944709544 0.1804765625 0.0440871369 0.0335937500
1 0.4489626556 0.1953125000 0.0645228216 0.0576562500
1 0.5344398340 0.1834375000 0.0825726141 0.0610937500
1 0.6162344398 0.1795078125 0.0855290456 0.0612656250
1 0.7019917012 0.1740781250 0.0929253112 0.0630234375
1 0.7859439834 0.2273125000 0.0997406639 0.0848046875
2 0.8857053942 0.2207656250 0.1110684647 0.0923828125
7 0.0175103734 0.2490390625 0.0253215768 0.0195859375
7 0.0150518672 0.2741171875 0.0301037344 0.0086953125
4 0.0437966805 0.2504062500 0.0282468880 0.0586640625
4 0.0703112033 0.2498515625 0.0282053942 0.0587968750
4 0.1441908714 0.2493750000 0.0375518672 0.0585937500
4 0.1049066390 0.2452890625 0.0451556017 0.0672968750
4 0.1804460581 0.2449531250 0.0391908714 0.0685781250
7 0.2860477178 0.2487031250 0.0346058091 0.0571171875
7 0.2354356846 0.2489765625 0.0689834025 0.0606562500
7 0.3548858921 0.2482343750 0.0314107884 0.0580390625
7 0.3216286307 0.2477734375 0.0316597510 0.0571171875
2 0.3926556017 0.2375156250 0.0435684647 0.0750078125
1 0.4466804979 0.2492187500 0.0632780083 0.0521875000
1 0.5200207469 0.2421718750 0.0848029046 0.0637578125
1 0.6038485477 0.2393671875 0.0888485477 0.0653515625
1 0.6915352697 0.2352421875 0.0934647303 0.0699453125
7 0.0233713693 0.3655234375 0.0295539419 0.0532109375
7 0.0969917012 0.3652187500 0.0370746888 0.0550390625
7 0.0475518672 0.3358750000 0.0198858921 0.0352031250
7 0.1391701245 0.3638984375 0.0472821577 0.0621171875
5 0.2637033195 0.3316796875 0.0459543568 0.0189531250
5 0.2591390041 0.3514609375 0.0485062241 0.0195000000
5 0.3448547718 0.3322343750 0.0215145228 0.0178515625
5 0.3072821577 0.3514609375 0.0448651452 0.0189531250
5 0.3432053942 0.3522812500 0.0240767635 0.0189531250
5 0.3950000000 0.3316796875 0.0269917012 0.0189531250
5 0.3674585062 0.3524218750 0.0229771784 0.0186796875
5 0.4170643154 0.3576406250 0.0200622407 0.0175781250
5 0.3680082988 0.3322343750 0.0226141079 0.0184062500
5 0.3937240664 0.3521484375 0.0237033195 0.0186796875
3 0.8127489627 0.3501093750 0.0344605809 0.0235312500
3 0.8495331950 0.3508437500 0.0401556017 0.0241484375
7 0.0686410788 0.3701718750 0.0174585062 0.0447187500
7 0.0489004149 0.3736171875 0.0188070539 0.0370312500
0 0.1089004149 0.4307343750 0.0376763485 0.0336796875
5 0.2162863071 0.3701406250 0.0320954357 0.0568593750
5 0.1807261411 0.3684921875 0.0375622407 0.0557578125
5 0.2584128631 0.3708281250 0.0470539419 0.0181328125
5 0.2587759336 0.3908750000 0.0463174274 0.0148359375
5 0.3656431535 0.3929375000 0.0244398340 0.0151093750
5 0.3426659751 0.3727500000 0.0237033195 0.0181328125
5 0.3052800830 0.3731640625 0.0444917012 0.0206015625
5 0.3054564315 0.3912890625 0.0426763485 0.0151093750
5 0.3390145228 0.3927968750 0.0222510373 0.0148359375
5 0.4168879668 0.3776953125 0.0204253112 0.0175781250
5 0.4161514523 0.3947265625 0.0211514523 0.0126328125
5 0.3920850622 0.3742578125 0.0248029046 0.0217031250
5 0.3669190871 0.3734375000 0.0218879668 0.0178515625
5 0.3928112033 0.3937656250 0.0226141079 0.0156562500
1 0.4427178423 0.3728671875 0.0302282158 0.0582031250
1 0.4738070539 0.3728671875 0.0326244813 0.0602734375
1 0.5445539419 0.3742968750 0.0333195021 0.0600078125
1 0.5078112033 0.3732578125 0.0353734440 0.0615625000
1 0.6150622407 0.3750859375 0.0378008299 0.0628359375
1 0.5797614108 0.3745546875 0.0343464730 0.0620781250
1 0.6524792531 0.3746171875 0.0417427386 0.0633593750
1 0.6905912863 0.3752500000 0.0442116183 0.0639140625
1 0.7294709544 0.3758906250 0.0451659751 0.0648828125
3 0.8107468880 0.3748671875 0.0349066390 0.0246640625
1 0.7711618257 0.3769921875 0.0478630705 0.0629218750
3 0.8093360996 0.3980156250 0.0380082988 0.0224140625
3 0.8476970954 0.3861953125 0.0390248963 0.0487109375
0 0.0288900415 0.4393750000 0.0577800830 0.0243750000
0 0.0222095436 0.4882968750 0.0444190871 0.0316093750
0 0.0684647303 0.4892187500 0.0431950207 0.0311484375
0 0.1088485477 0.4781406250 0.0390041494 0.0606796875
0 0.1492738589 0.4829218750 0.0408817427 0.0552656250
5 0.2218568465 0.4739453125 0.0388589212 0.0298906250
5 0.1856431535 0.4959453125 0.0342842324 0.0315859375
5 0.1856431535 0.4629843750 0.0350103734 0.0326875000
5 0.2216597510 0.4410234375 0.0427697095 0.0348593750
5 0.2622406639 0.4752031250 0.0423132780 0.0280156250
5 0.2595020747 0.4452656250 0.0426763485 0.0291171875
5 0.3051348548 0.4449296875 0.0438381743 0.0329609375
5 0.3047302905 0.4767187500 0.0404875519 0.0271953125
5 0.3641804979 0.4465000000 0.0711203320 0.0370859375
5 0.3461307054 0.4785000000 0.0408506224 0.0274687500
5 0.3875207469 0.4787734375 0.0419398340 0.0280156250
5 0.4280290456 0.4789062500 0.0436929461 0.0277421875
1 0.4788900415 0.4761562500 0.0508091286 0.0347187500
1 0.5336929461 0.4773984375 0.0550414938 0.0357812500
1 0.5934336100 0.4773984375 0.0569190871 0.0379062500
1 0.6510580913 0.4828906250 0.0555082988 0.0361406250
1 0.7096188748 0.4842681259 0.0508166969 0.0369357045
1 0.7627385892 0.4884140625 0.0632987552 0.0379843750
1 0.7129668050 0.4498281250 0.0557053942 0.0399531250
1 0.7676867220 0.4496562500 0.0613381743 0.0388750000
1 0.8280705394 0.4538984375 0.0681327801 0.0417578125
1 0.8204045643 0.4913593750 0.0725414938 0.0377968750
5 0.2228526971 0.5015781250 0.0364730290 0.0252734375
5 0.2956120332 0.5607734375 0.0521576763 0.0381796875
5 0.2624170124 0.5036328125 0.0390248963 0.0244453125
5 0.3052800830 0.5048750000 0.0408506224 0.0258203125
5 0.3455809129 0.5070703125 0.0390248963 0.0280156250
5 0.3519605809 0.5625546875 0.0539834025 0.0433984375
5 0.4298340249 0.5091328125 0.0426763485 0.0315859375
5 0.3867946058 0.5081718750 0.0404875519 0.0285703125
1 0.4781846473 0.5110546875 0.0522199170 0.0336562500
1 0.5322821577 0.5146015625 0.0550414938 0.0322421875
1 0.5906120332 0.5154843750 0.0569190871 0.0347187500
1 0.6475311203 0.5200937500 0.0569190871 0.0340078125
1 0.7575103734 0.5256328125 0.0582468880 0.0397578125
1 0.7030394191 0.5211562500 0.0512759336 0.0361406250
1 0.8156327801 0.5284843750 0.0655082988 0.0390781250
0 0.0209543568 0.6064062500 0.0406639004 0.0306250000
0 0.0612655602 0.6077968750 0.0416597510 0.0334531250
0 0.0753112033 0.5707812500 0.0643153527 0.0221875000
0 0.1000207469 0.6104531250 0.0358402490 0.0336796875
0 0.1429460581 0.5978125000 0.0632780083 0.0598437500
0 0.1836099585 0.6068750000 0.0224066390 0.0232812500
5 0.2429045643 0.6047187500 0.0517946058 0.0656484375
5 0.2959751037 0.6114531250 0.0521576763 0.0609765625
5 0.3508713693 0.6139218750 0.0539834025 0.0598828125
5 0.4068568465 0.6201015625 0.0565352697 0.0629062500
5 0.4096473029 0.5740937500 0.0640663900 0.0313125000
1 0.4645228216 0.5721875000 0.0491701245 0.0354687500
1 0.4593049793 0.6095312500 0.0473858921 0.0364531250
1 0.5089211618 0.5787500000 0.0468879668 0.0323437500
1 0.5572614108 0.6150000000 0.0493775934 0.0384375000
1 0.5605809129 0.5775000000 0.0493775934 0.0396875000
1 0.5090041494 0.6124062500 0.0482261411 0.0352968750
1 0.6078838174 0.6190625000 0.0506224066 0.0343750000
1 0.6089211618 0.5846875000 0.0502074689 0.0396875000
1 0.6614107884 0.5910937500 0.0558091286 0.0404687500
1 0.6607883817 0.6293750000 0.0570539419 0.0362500000
1 0.7231846473 0.5989218750 0.0618360996 0.0446093750
0 0.0171058091 0.6861953125 0.0340560166 0.0575234375
0 0.0564315353 0.6910937500 0.0475103734 0.0578125000
5 0.1499066390 0.6964687500 0.0328215768 0.0596093750
0 0.1099585062 0.6946875000 0.0475103734 0.0609375000
1 0.4583921162 0.6415156250 0.0483817427 0.0292500000
1 0.5059543568 0.6459687500 0.0493672199 0.0355781250
1 0.5531120332 0.6489062500 0.0481327801 0.0335937500
1 0.6037344398 0.6525000000 0.0556016598 0.0354687500
1 0.6636203320 0.6607656250 0.0625207469 0.0347734375
1 0.7255186722 0.6680546875 0.0634336100 0.0339218750
1 0.7234128631 0.6355625000 0.0629045643 0.0354765625
1 0.7891286307 0.6397656250 0.0713070539 0.0396875000
1 0.7918983402 0.6736484375 0.0704253112 0.0337031250
1 0.8615871369 0.6457187500 0.0750311203 0.0398281250
1 0.8599792531 0.6793828125 0.0679564315 0.0409296875
5 0.2223029046 0.7141796875 0.0412136929 0.0543906250
5 0.1829149378 0.7010000000 0.0353734440 0.0615312500
5 0.2671680498 0.7180312500 0.0463174274 0.0587812500
5 0.3116597510 0.7222890625 0.0426763485 0.0563125000
5 0.3574377593 0.7233828125 0.0466804979 0.0541093750
5 0.4050311203 0.7310781250 0.0477800830 0.0634531250
1 0.4997199170 0.7378671875 0.0398651452 0.0654062500
1 0.4529045643 0.7420312500 0.0518672199 0.0534375000
1 0.5424273859 0.7439453125 0.0389107884 0.0668359375
1 0.5868049793 0.7505546875 0.0488796680 0.0636171875
1 0.6356846473 0.7571718750 0.0460373444 0.0618281250
1 0.6848029046 0.7619921875 0.0512551867 0.0657656250
7 0.1006224066 0.8070312500 0.0450207469 0.0784375000
7 0.1449066390 0.8044296875 0.0404356846 0.0362265625
7 0.2010373444 0.8021875000 0.0410788382 0.0314062500
7 0.2551867220 0.7989062500 0.0269709544 0.0260937500
7 0.2892116183 0.8104687500 0.0367219917 0.0335937500
1 0.7370020747 0.7703906250 0.0493568465 0.0646875000
1 0.7941908714 0.7757578125 0.0593257261 0.0725546875
1 0.8575414938 0.7796875000 0.0645435685 0.0725546875
7 0.1450207469 0.8384375000 0.0431535270 0.0273437500
7 0.2259336100 0.8492187500 0.0408713693 0.0290625000
7 0.1846473029 0.8425000000 0.0441908714 0.0329687500
7 0.2695020747 0.8550000000 0.0417012448 0.0345312500
2 0.4934024896 0.8630703125 0.0557365145 0.0774375000
7 0.4352697095 0.8520312500 0.0311203320 0.0831250000
1 0.5437240664 0.8643281250 0.0477904564 0.0921328125
1 0.5913692946 0.8691093750 0.0476763485 0.0970703125
1 0.6419917012 0.8769218750 0.0567012448 0.1000468750
1 0.6940145228 0.8838593750 0.0546784232 0.0995468750
2 0.8437863071 0.8958750000 0.0777593361 0.1269453125
1 0.7625622407 0.9039218750 0.0875622407 0.0746796875
1 0.7900414938 0.6048437500 0.0711618257 0.0393750000
1 0.8634854772 0.6085937500 0.0732365145 0.0360937500
