1 0.5664062500 0.1545277778 0.0288437500 0.0517361111
1 0.5962500000 0.1516666667 0.0309375000 0.0494444444
1 0.7613359375 0.1404722222 0.0514453125 0.0408888889
7 0.2582968750 0.1827083333 0.0221718750 0.0397638889
7 0.2393984375 0.1816805556 0.0163906250 0.0527916667
2 0.3558515625 0.1686666667 0.0408046875 0.0623888889
1 0.3987500000 0.1680555556 0.0264062500 0.0647222222
1 0.4248437500 0.1750000000 0.0245312500 0.0683333333
1 0.4490625000 0.1775000000 0.0248437500 0.0569444444
1 0.4954687500 0.1769444444 0.0528125000 0.0616666667
1 0.5934375000 0.2038888889 0.0292187500 0.0552777778
1 0.5676796875 0.2065138889 0.0217421875 0.0547361111
1 0.6677265625 0.1912638889 0.0516875000 0.0914583333
1 0.7617109375 0.1800416667 0.0526796875 0.0391250000
1 0.7060937500 0.1936111111 0.0242187500 0.0925000000
1 0.7618359375 0.2231388889 0.0524296875 0.0435277778
1 0.7994296875 0.1776250000 0.0222578125 0.0923333333
7 0.2361171875 0.2403055556 0.0171640625 0.0596527778
7 0.2547265625 0.2425277778 0.0208281250 0.0462777778
1 0.4234609375 0.2421666667 0.0243437500 0.0631388889
1 0.4164062500 0.2941666667 0.0607812500 0.0394444444
1 0.3985937500 0.2383333333 0.0259375000 0.0683333333
1 0.4477500000 0.2478472222 0.0237343750 0.0696527778
1 0.4957812500 0.2391666667 0.0518750000 0.0663888889
1 0.5954843750 0.2582083333 0.0300156250 0.0560972222
1 0.5681875000 0.2613472222 0.0237421875 0.0525000000
1 0.6681250000 0.2566666667 0.0532812500 0.0397222222
1 0.7615859375 0.2690833333 0.0529218750 0.0439722222
1 0.8004140625 0.2723750000 0.0247343750 0.0918888889
7 0.2332265625 0.3049166667 0.0152343750 0.0593055556
7 0.2286953125 0.3491388889 0.0177421875 0.0236527778
7 0.2516406250 0.3015000000 0.0177421875 0.0579305556
7 0.2468203125 0.3644027778 0.0173515625 0.0541666667
8 0.3212734375 0.3017777778 0.0442187500 0.1022916667
8 0.3560000000 0.3043333333 0.0306328125 0.0996805556
1 0.4142187500 0.3386111111 0.0584375000 0.0505555556
1 0.4943750000 0.3038888889 0.0571875000 0.0666666667
1 0.5682578125 0.3188750000 0.0263671875 0.0610277778
1 0.5979687500 0.3188888889 0.0331250000 0.0627777778
1 0.6669921875 0.3229444444 0.0531718750 0.0901388889
1 0.7613359375 0.3139305556 0.0519375000 0.0413333333
1 0.7623281250 0.3561388889 0.0529218750 0.0395694444
7 0.2270546875 0.4305555556 0.0136875000 0.0493611111
7 0.2298515625 0.3837638889 0.0154296875 0.0394166667
7 0.2453750000 0.4293611111 0.0163906250 0.0325694444
8 0.3348750000 0.3804444444 0.0754687500 0.0566666667
3 0.3078125000 0.4291666667 0.0192187500 0.0600000000
3 0.3256250000 0.4213888889 0.0175000000 0.0316666667
1 0.4213984375 0.3881388889 0.0724453125 0.0503194444
1 0.4935937500 0.3711111111 0.0582812500 0.0680555556
1 0.4926562500 0.4302777778 0.0576562500 0.0550000000
1 0.5975000000 0.3844444444 0.0321875000 0.0705555556
1 0.5679218750 0.3831527778 0.0271640625 0.0662361111
1 0.6671093750 0.3917500000 0.0539140625 0.0466111111
1 0.7622109375 0.3988472222 0.0547031250 0.0449722222
1 0.8020234375 0.3666944444 0.0264609375 0.0958472222
3 0.3257812500 0.4475000000 0.0167187500 0.0219444444
1 0.4195156250 0.4360138889 0.0746328125 0.0464305556
1 0.5645468750 0.4368333333 0.0307578125 0.0414583333
1 0.5937343750 0.4390555556 0.0283359375 0.0430972222
1 0.6678515625 0.4372500000 0.0544062500 0.0417638889
1 0.7615234375 0.4437083333 0.0540546875 0.0450138889
8 0.2298437500 0.6255555556 0.0425000000 0.1088888889
8 0.2362500000 0.7636111111 0.0703125000 0.1608333333
