1 0.4251328125 0.1633817427 0.0393203125 0.0751037344
1 0.4615390625 0.1621784232 0.0365000000 0.0767842324
1 0.5265703125 0.1561410788 0.0446328125 0.0649170124
1 0.5750859375 0.1542531120 0.0465390625 0.0697614108
1 0.6505078125 0.1541804979 0.0521171875 0.0679045643
1 0.7980937500 0.1559751037 0.0955546875 0.0583298755
2 0.0892500000 0.1832676349 0.0922656250 0.1261203320
8 0.2203750000 0.1688174274 0.0742812500 0.0844087137
1 0.3342734375 0.1798236515 0.0879687500 0.1040663900
1 0.5242890625 0.2290041494 0.0446250000 0.0730912863
1 0.5722031250 0.2277074689 0.0453281250 0.0713589212
1 0.6467578125 0.2242427386 0.0517890625 0.0687655602
1 0.7967734375 0.2075103734 0.0958359375 0.0555809129
2 0.0877968750 0.2787966805 0.0919687500 0.0709647303
8 0.2164453125 0.2951867220 0.0750000000 0.1654979253
1 0.3281562500 0.2847717842 0.0869765625 0.1040663900
1 0.4221171875 0.2365352697 0.0415625000 0.0749896266
1 0.4594765625 0.2398132780 0.0342031250 0.0713589212
1 0.5213593750 0.2973340249 0.0452734375 0.0644398340
1 0.6466015625 0.2945228216 0.0553750000 0.0709232365
1 0.7948437500 0.2605186722 0.0947109375 0.0524066390
2 0.0832968750 0.3404875519 0.0950390625 0.0677074689
1 0.4214218750 0.3133609959 0.0427890625 0.0747717842
1 0.4587500000 0.3143879668 0.0311953125 0.0734439834
1 0.5190781250 0.3643672199 0.0426718750 0.0627074689
1 0.5684375000 0.3017531120 0.0474218750 0.0720435685
1 0.7937890625 0.3130082988 0.0946328125 0.0549170124
3 0.2066171875 0.3998340249 0.0597500000 0.0406950207
1 0.3241875000 0.3910373444 0.0882968750 0.1014315353
1 0.4190234375 0.3942634855 0.0399531250 0.0808921162
1 0.4563828125 0.3976659751 0.0299687500 0.0765456432
1 0.5674531250 0.3706431535 0.0462500000 0.0666078838
1 0.6433203125 0.3667219917 0.0514140625 0.0717427386
1 0.7906718750 0.3670124481 0.0939765625 0.0504979253
1 0.7897812500 0.4190456432 0.0940156250 0.0524066390
7 0.0912734375 0.4341804979 0.1132031250 0.1210477178
3 0.1886484375 0.4349585062 0.0259921875 0.0365145228
3 0.2140859375 0.4761514523 0.0273750000 0.0427074689
3 0.1879921875 0.4736721992 0.0276250000 0.0424896266
3 0.2166796875 0.4360892116 0.0284687500 0.0391286307
1 0.3240234375 0.4722717842 0.0886328125 0.0557676349
1 0.4165468750 0.4781742739 0.0408437500 0.0801452282
1 0.4546171875 0.4783298755 0.0316562500 0.0795746888
1 0.5659843750 0.4376763485 0.0465781250 0.0657365145
1 0.5184296875 0.4355082988 0.0452734375 0.0648755187
1 0.6402500000 0.4374377593 0.0511406250 0.0704460581
1 0.7881875000 0.4704460581 0.0933281250 0.0546058091
1 0.9257031250 0.4349481328 0.0976250000 0.1195435685
7 0.0866562500 0.5281846473 0.1126250000 0.0715975104
7 0.2090234375 0.5488796680 0.0804218750 0.1090975104
1 0.3220390625 0.5331327801 0.0919375000 0.0580186722
1 0.4309765625 0.5492323651 0.0716562500 0.0561618257
1 0.5405390625 0.5065767635 0.0895000000 0.0686099585
1 0.6371562500 0.5101867220 0.0482031250 0.0696265560
1 0.7874687500 0.5226556017 0.0939921875 0.0565871369
1 0.9186484375 0.5440560166 0.0846015625 0.0972199170
7 0.0857578125 0.5915767635 0.1107187500 0.0643568465
1 0.3205546875 0.5923755187 0.0909453125 0.0526970954
1 0.4285312500 0.6086514523 0.0719843750 0.0590975104
1 0.5357421875 0.5768568465 0.0870546875 0.0728734440
1 0.6590625000 0.5809647303 0.0979921875 0.0756431535
1 0.7863750000 0.5737863071 0.0923515625 0.0571784232
1 0.7849453125 0.6263070539 0.0927968750 0.0589211618
7 0.0844140625 0.6513589212 0.1066015625 0.0716182573
7 0.2057109375 0.6543360996 0.0786250000 0.1123547718
1 0.3184062500 0.6505601660 0.0912734375 0.0575207469
1 0.4271171875 0.6717946058 0.0724218750 0.0668153527
1 0.5347187500 0.6435892116 0.0902265625 0.0753941909
1 0.6598359375 0.6491078838 0.1023203125 0.0779253112
1 0.7836015625 0.6786825726 0.0916484375 0.0584854772
1 0.9164609375 0.6451659751 0.0842656250 0.0982365145
7 0.2023515625 0.7298132780 0.0776328125 0.0501244813
1 0.3164218750 0.7104979253 0.0919375000 0.0588381743
1 0.4255625000 0.7301037344 0.0719062500 0.0638796680
1 0.5336484375 0.7184543568 0.0915078125 0.0890041494
1 0.6592500000 0.7291286307 0.1011562500 0.0889522822
1 0.7819843750 0.7309647303 0.0912656250 0.0601452282
1 0.9191640625 0.7257572614 0.0943203125 0.0620539419
7 0.1996562500 0.7743775934 0.0773906250 0.0520954357
1 0.3141015625 0.7717531120 0.0939218750 0.0566493776
1 0.4230937500 0.7891804979 0.0736015625 0.0630394191
1 0.5325703125 0.7957261411 0.0916953125 0.0886410788
1 0.6543828125 0.8093672199 0.1000000000 0.0870020747
1 0.7801015625 0.7820124481 0.0915859375 0.0611203320
1 0.9191406250 0.7832053942 0.0986718750 0.0658195021
1 0.7799375000 0.8343360996 0.0921171875 0.0639522822
1 0.9187265625 0.8457780083 0.0948437500 0.0674585062
