1 0.0712500000 0.2981327801 0.1056250000 0.1217842324
1 0.3281250000 0.2939834025 0.0870312500 0.1240663900
1 0.4632812500 0.2582987552 0.1314062500 0.0653526971
1 0.6137500000 0.2991701245 0.0560937500 0.1321576763
1 0.7093750000 0.2647302905 0.0512500000 0.0721991701
1 0.7615625000 0.2647302905 0.0512500000 0.0730290456
1 0.8782489740 0.2577132486 0.0957592339 0.0580762250
2 0.1597656250 0.3558091286 0.0679687500 0.2240663900
1 0.2385937500 0.3072614108 0.0890625000 0.1468879668
1 0.4632812500 0.3201244813 0.1343750000 0.0649377593
1 0.5589062500 0.3014522822 0.0540625000 0.1423236515
1 0.7104687500 0.3394190871 0.0507812500 0.0709543568
1 0.7617187500 0.3363070539 0.0514062500 0.0688796680
1 0.8765625000 0.3645228216 0.0954687500 0.0526970954
1 0.8775000000 0.3114107884 0.0939062500 0.0514522822
1 0.0707031250 0.4118257261 0.1054687500 0.1161825726
1 0.3289062500 0.3852697095 0.0889062500 0.0576763485
1 0.4632812500 0.3807053942 0.1296875000 0.0601659751
1 0.7076562500 0.4157676349 0.0542187500 0.0817427386
1 0.7610937500 0.4103734440 0.0515625000 0.0798755187
1 0.8750000000 0.4185684647 0.1000000000 0.0570539419
1 0.2398437500 0.4421161826 0.0890625000 0.1240663900
1 0.3282812500 0.4439834025 0.0876562500 0.0605809129
1 0.3301562500 0.4991701245 0.0887500000 0.0524896266
1 0.4540625000 0.4350622407 0.1115625000 0.0504149378
1 0.4523437500 0.4877593361 0.1057812500 0.0547717842
1 0.5657812500 0.4452282158 0.0640625000 0.1410788382
1 0.6301562500 0.4377593361 0.0642187500 0.1408713693
1 0.7031463748 0.4972776770 0.0601915185 0.0798548094
1 0.7660738714 0.4954627949 0.0492476060 0.0871143376
1 0.8748437500 0.4734439834 0.0950000000 0.0595435685
2 0.0878906250 0.5378630705 0.1382812500 0.1379668050
1 0.2410937500 0.5622406639 0.0900000000 0.1234439834
1 0.3309375000 0.5512448133 0.0901562500 0.0508298755
1 0.4570312500 0.5431535270 0.1087500000 0.0576763485
3 0.8435937500 0.5454356846 0.0350000000 0.0923236515
3 0.8793750000 0.5238589212 0.0353125000 0.0454356846
1 0.3251562500 0.6265560166 0.0762500000 0.0987551867
1 0.5696875000 0.5935684647 0.0667187500 0.1475103734
1 0.6350000000 0.5917012448 0.0673437500 0.1570539419
1 0.7607812500 0.5782157676 0.0484375000 0.0757261411
1 0.7046875000 0.5765560166 0.0515625000 0.0746887967
3 0.8781250000 0.6176348548 0.0359375000 0.0508298755
3 0.8814062500 0.5699170124 0.0300000000 0.0443983402
2 0.0839843750 0.6431535270 0.1382812500 0.0788381743
1 0.2417187500 0.6522821577 0.0885937500 0.0580912863
1 0.4573437500 0.6578838174 0.1140625000 0.0612033195
1 0.7076562500 0.6531120332 0.0582812500 0.0773858921
1 0.7634375000 0.6545643154 0.0560937500 0.0790456432
3 0.8445312500 0.6417012448 0.0376562500 0.1010373444
3 0.8782489740 0.6678765880 0.0369357045 0.0526315789
1 0.7365269461 0.5462753950 0.1796407186 0.0519187359
