7 0.6931458333 0.2223750000 0.1191562500 0.0449062500
7 0.8174791667 0.2179218750 0.1213125000 0.0381328125
7 0.9255000000 0.2118046875 0.0913020833 0.0434296875
5 0.1581354167 0.2692656250 0.0386562500 0.0320937500
3 0.2004687500 0.2671093750 0.0433333333 0.0328984375
3 0.2438229167 0.2429765625 0.0405520833 0.0747578125
3 0.2886770833 0.2385546875 0.0566145833 0.0874843750
7 0.3345312500 0.2359687500 0.0501666667 0.0907031250
7 0.3815416667 0.2388359375 0.0490208333 0.0808671875
7 0.4280729167 0.2381171875 0.0488229167 0.0809453125
7 0.4753645833 0.2435468750 0.0471041667 0.0700937500
7 0.5625729167 0.2415859375 0.0475937500 0.0723203125
7 0.5188541667 0.2499062500 0.0461354167 0.0587421875
7 0.6114479167 0.2356953125 0.0508854167 0.0865078125
7 0.6931770833 0.2570859375 0.1165729167 0.0405312500
7 0.8156770833 0.2542578125 0.1273020833 0.0339375000
7 0.9326354167 0.2520078125 0.1032604167 0.0395937500
5 0.0851770833 0.3665156250 0.0361041667 0.0276328125
1 0.2602812500 0.3621562500 0.0590208333 0.0931562500
1 0.3630833333 0.3616562500 0.0521875000 0.0932812500
1 0.3115000000 0.3617734375 0.0500000000 0.0916718750
1 0.4184791667 0.3633515625 0.0519895833 0.0990546875
4 0.5453333333 0.3565468750 0.0826562500 0.1123203125
4 0.6210520833 0.3557421875 0.0644895833 0.1110000000
4 0.6823333333 0.3564453125 0.0663645833 0.1138437500
4 0.7534375000 0.3543593750 0.0709687500 0.1143437500
0 0.8151666667 0.3564218750 0.0683437500 0.1143437500
0 0.8834791667 0.3554609375 0.0770416667 0.1155000000
0 0.9556354167 0.3558984375 0.0756145833 0.1173359375
5 0.0874062500 0.3964531250 0.0371979167 0.0276875000
5 0.1241354167 0.3804375000 0.0465729167 0.0626406250
5 0.1671979167 0.3805156250 0.0392083333 0.0616328125
5 0.2062291667 0.3766796875 0.0416875000 0.0672734375
5 0.1508333333 0.5008437500 0.0527708333 0.0849609375
5 0.1056458333 0.5000312500 0.0544479167 0.0832578125
5 0.2001458333 0.5028203125 0.0461145833 0.0801875000
5 0.2474895833 0.5051015625 0.0520937500 0.0809921875
1 0.3303229167 0.5025625000 0.1205312500 0.0903593750
1 0.4512187500 0.5042421875 0.1233437500 0.0900937500
7 0.7833020833 0.5136875000 0.0655729167 0.0985625000
7 0.9048333333 0.5142187500 0.1903229167 0.0989296875
5 0.1656354167 0.6183359375 0.0505104167 0.0774531250
5 0.2100520833 0.6193046875 0.0490312500 0.0768906250
1 0.2740833333 0.6267187500 0.0881041667 0.0680000000
1 0.3400208333 0.6218671875 0.0474270833 0.0807734375
1 0.3870625000 0.6242812500 0.0477291667 0.0815937500
1 0.4845416667 0.6301796875 0.0480208333 0.0826718750
1 0.4341145833 0.6265468750 0.0474895833 0.0831328125
1 0.5673229167 0.6325468750 0.1154479167 0.0808906250
7 0.6819062500 0.6398828125 0.1143229167 0.0845468750
5 0.7909687500 0.6426328125 0.1216666667 0.0864609375
7 0.9066041667 0.6447109375 0.1267291667 0.0842265625
0 0.9794453125 0.6462500000 0.0411093750 0.0935312500
5 0.3475000000 0.7241406250 0.0593437500 0.0593828125
6 0.5609687500 0.7391562500 0.1030104167 0.0731718750
7 0.6647187500 0.7439765625 0.1089270833 0.0681015625
7 0.7694791667 0.7495859375 0.1116250000 0.0705156250
7 0.8774687500 0.7532812500 0.1190104167 0.0654687500
0 0.9650937500 0.7594531250 0.0698125000 0.0654140625
2 0.1919583333 0.8025312500 0.1094583333 0.0403046875
2 0.3779583333 0.8266250000 0.1324479167 0.0525468750
7 0.4726041667 0.8245312500 0.0533125000 0.0509921875
7 0.5499062500 0.8300156250 0.0825000000 0.0592265625
7 0.6387604167 0.8345390625 0.0974166667 0.0581015625
7 0.7251354167 0.8402734375 0.0707500000 0.0659843750
7 0.8124166667 0.8510937500 0.0613020833 0.0622187500
7 0.8653541667 0.8546875000 0.0595312500 0.0617500000
2 0.2244375000 0.9076562500 0.1273437500 0.0763125000
7 0.7625000000 0.9435937500 0.0654583333 0.0530000000
0 0.8241666667 0.9553750000 0.0738229167 0.0550625000
0 0.8880729167 0.9585390625 0.0666041667 0.0524609375
7 0.9471770833 0.9583046875 0.0703437500 0.0495625000
3 0.1989051095 0.2284541724 0.0437956204 0.0369357045
5 0.1556250000 0.2365625000 0.0333333333 0.0318750000
5 0.1106250000 0.2506250000 0.0537500000 0.0660937500
5 0.0712500000 0.2581250000 0.0375000000 0.0542187500
4 0.5456204380 0.5034199726 0.0675182482 0.0916552668
5 0.1622916667 0.7179687500 0.0612500000 0.0603125000
5 0.2266666667 0.7192187500 0.0675000000 0.0578125000
5 0.2897916667 0.7212500000 0.0604166667 0.0576562500
6 0.4368750000 0.7401562500 0.1237500000 0.0410937500
6 0.4389583333 0.7131250000 0.1331250000 0.0289062500
4 0.7243750000 0.5073437500 0.0600000000 0.0918750000
4 0.6722916667 0.5067187500 0.0558333333 0.0915625000
4 0.6147916667 0.5057812500 0.0697916667 0.0923437500
