1 0.3589305556 0.2268515625 0.1576111111 0.0537421875
1 0.3555972222 0.2684062500 0.1549722222 0.0453437500
1 0.5505555556 0.2632812500 0.1463888889 0.0925000000
1 0.6688888889 0.2571875000 0.0861111111 0.0531250000
1 0.7442361111 0.2609296875 0.0824583333 0.0531250000
1 0.8686250000 0.2607343750 0.1556527778 0.0468203125
1 0.3374722222 0.3420390625 0.1139305556 0.0407734375
1 0.3347777778 0.3039453125 0.1105277778 0.0419218750
1 0.5297222222 0.3464062500 0.1386111111 0.0840625000
1 0.6686111111 0.3065625000 0.0747222222 0.0498437500
1 0.6602777778 0.3521875000 0.0672222222 0.0476562500
1 0.7410555556 0.3103203125 0.0777083333 0.0528515625
1 0.7213194444 0.3547734375 0.0672638889 0.0490000000
1 0.8499166667 0.3440078125 0.1382638889 0.0439062500
1 0.8585555556 0.3060781250 0.1403888889 0.0433828125
1 0.3312083333 0.3778046875 0.1110000000 0.0375390625
1 0.3294444444 0.4127734375 0.1201527778 0.0332109375
1 0.5194444444 0.4023437500 0.1202777778 0.0360937500
1 0.6500000000 0.3979687500 0.0677777778 0.0432812500
1 0.7094444444 0.3995312500 0.0727777778 0.0418750000
1 0.8282361111 0.3877109375 0.1262777778 0.0420234375
1 0.8192777778 0.4281953125 0.1199722222 0.0435156250
1 0.3293611111 0.4461484375 0.1244722222 0.0357187500
1 0.3333611111 0.4771093750 0.1373194444 0.0334453125
1 0.5069444444 0.4867187500 0.1252777778 0.0687500000
1 0.5175000000 0.4343750000 0.1252777778 0.0348437500
1 0.6238888889 0.4781250000 0.0730555556 0.0418750000
1 0.6357827476 0.4379496403 0.0623003195 0.0395683453
1 0.6858333333 0.4790625000 0.0672222222 0.0423437500
1 0.6961111111 0.4393750000 0.0688888889 0.0373437500
1 0.8024166667 0.4610781250 0.1235833333 0.0395625000
1 0.7886944444 0.4988515625 0.1304027778 0.0403984375
1 0.3312916667 0.5094218750 0.1407083333 0.0344765625
1 0.4520972222 0.5625937500 0.0631805556 0.0415000000
1 0.5188194444 0.5611328125 0.0736250000 0.0466484375
1 0.6052777778 0.5604687500 0.0633333333 0.0432812500
1 0.6647222222 0.5581250000 0.0638888889 0.0409375000
1 0.2691666667 0.6196875000 0.0780555556 0.0532812500
1 0.2736111111 0.5714062500 0.0783333333 0.0476562500
1 0.3488888889 0.5681250000 0.0730555556 0.0445312500
1 0.3436111111 0.6126562500 0.0736111111 0.0518750000
1 0.4493055556 0.6031171875 0.0672083333 0.0374375000
1 0.5071805556 0.6323984375 0.0665000000 0.0379218750
1 0.5139861111 0.6009843750 0.0714305556 0.0330625000
1 0.5980555556 0.6039062500 0.0636111111 0.0470312500
1 0.6573055556 0.6008203125 0.0622222222 0.0466875000
1 0.7408333333 0.5746875000 0.0769444444 0.0817187500
1 0.7972222222 0.5729687500 0.0819444444 0.0812500000
1 0.2647222222 0.6664062500 0.0819444444 0.0456250000
1 0.3375000000 0.6593750000 0.0697222222 0.0479687500
1 0.4961111111 0.6686562500 0.0641805556 0.0341328125
1 0.4616388889 0.6712578125 0.1180694444 0.0384218750
1 0.4467083333 0.6355937500 0.0707777778 0.0374765625
1 0.5774722222 0.6910625000 0.0605972222 0.0453984375
1 0.6105694444 0.6493906250 0.1063750000 0.0472656250
1 0.6327638889 0.6901875000 0.0600972222 0.0473359375
1 0.7183333333 0.6557812500 0.0644444444 0.0817187500
1 0.7705555556 0.6540625000 0.0661111111 0.0831250000
1 0.2555555556 0.7485937500 0.0794444444 0.0437500000
1 0.2597222222 0.7075000000 0.0836111111 0.0468750000
1 0.3344444444 0.7001562500 0.0766666667 0.0456250000
1 0.3308333333 0.7410937500 0.0725000000 0.0437500000
1 0.4537361111 0.7357890625 0.1190972222 0.0391406250
1 0.4613472222 0.7012968750 0.1217500000 0.0395468750
1 0.5630138889 0.7311796875 0.0723750000 0.0441171875
1 0.6219583333 0.7290937500 0.0607777778 0.0387421875
1 0.7113194444 0.7327031250 0.1358194444 0.0304375000
1 0.7164583333 0.7063281250 0.1287083333 0.0312968750
7 0.3764444444 0.8326015625 0.0526666667 0.0311250000
7 0.3773333333 0.8032578125 0.0509861111 0.0308515625
7 0.4474583333 0.8064140625 0.0974722222 0.0528828125
7 0.5709444444 0.8205390625 0.1218055556 0.0286875000
7 0.5808333333 0.7773671875 0.1104444444 0.0317343750
7 0.5722777778 0.8019296875 0.1084861111 0.0312343750
7 0.6910972222 0.8174140625 0.1068611111 0.0473125000
7 0.7010833333 0.7744921875 0.1109861111 0.0478515625
2 0.3021388889 0.8445625000 0.1058055556 0.0905546875
7 0.3702083333 0.8820859375 0.0427638889 0.0242578125
7 0.3728194444 0.8584687500 0.0454305556 0.0259218750
7 0.4394166667 0.8912187500 0.1001666667 0.0434531250
7 0.4425972222 0.8513984375 0.0965555556 0.0473984375
7 0.5533194444 0.8964687500 0.1048611111 0.0276406250
7 0.5504722222 0.8770781250 0.1141111111 0.0290468750
7 0.5626666667 0.8582421875 0.1102777778 0.0293359375
7 0.5666666667 0.8400390625 0.1099583333 0.0274218750
7 0.6667638889 0.8980312500 0.0895972222 0.0437890625
7 0.6731805556 0.8572109375 0.1080972222 0.0448515625
2 0.2683333333 0.9070546875 0.1505416667 0.0927187500
3 0.2786111111 0.9593750000 0.0416666667 0.0410937500
7 0.3161111111 0.9542187500 0.0405555556 0.0418750000
7 0.3586805556 0.9335937500 0.0512777778 0.0440546875
7 0.4238194444 0.9378125000 0.1011527778 0.0538906250
7 0.3669722222 0.9029218750 0.0414027778 0.0267343750
7 0.5417638889 0.9279609375 0.1016944444 0.0300703125
7 0.5467777778 0.9117187500 0.0967638889 0.0307890625
