1 0.9731250000 0.0385416667 0.0409375000 0.0764583333
1 0.5864765625 0.1437812500 0.0729375000 0.0446041667
1 0.7029140625 0.1463750000 0.0916640625 0.0910833333
1 0.8039062500 0.1526041667 0.0968750000 0.0552083333
1 0.7878906250 0.1151041667 0.1007812500 0.0572916667
1 0.9456250000 0.1027083333 0.0900000000 0.0481250000
1 0.9601562500 0.1387500000 0.0759375000 0.0531250000
1 0.3421875000 0.2159791667 0.0354140625 0.0422916667
1 0.4225000000 0.2047916667 0.0350000000 0.0558333333
1 0.3797109375 0.2040625000 0.0400937500 0.0381041667
1 0.4559375000 0.1943750000 0.0306250000 0.0483333333
1 0.4907812500 0.1858333333 0.0400000000 0.0577083333
1 0.5908750000 0.1764895833 0.0741093750 0.0535104167
1 0.5981875000 0.2120312500 0.0797656250 0.0546666667
1 0.7197421875 0.2114583333 0.1024453125 0.0875729167
1 0.8218750000 0.2026041667 0.1171875000 0.0927083333
1 0.9702109375 0.1733437500 0.0595703125 0.0473125000
1 0.9795000000 0.2099583333 0.0410000000 0.0427083333
1 0.1371875000 0.2908333333 0.0368750000 0.0500000000
1 0.1742187500 0.2825000000 0.0385937500 0.0460416667
1 0.2783593750 0.2785833333 0.0335546875 0.0407916667
1 0.2403125000 0.2483333333 0.0365625000 0.0470833333
1 0.2406250000 0.2914583333 0.0335937500 0.0437500000
1 0.2772656250 0.2349166667 0.0381250000 0.0451041667
1 0.3412031250 0.2618645833 0.0395390625 0.0499687500
1 0.4275000000 0.2610416667 0.0353125000 0.0562500000
1 0.3816689466 0.2518248175 0.0383036936 0.0529197080
1 0.3808828125 0.2996666667 0.0386953125 0.0419166667
1 0.4625000000 0.2562500000 0.0332812500 0.0604166667
1 0.5026875000 0.2384375000 0.0362500000 0.0569062500
1 0.5010781250 0.2890520833 0.0395390625 0.0472500000
1 0.6071406250 0.2894270833 0.0795859375 0.0535104167
1 0.6025781250 0.2570416667 0.0767812500 0.0520520833
1 0.7441860465 0.2992700730 0.1094391245 0.1131386861
1 0.8523437500 0.2869791667 0.1390625000 0.1218750000
1 0.0717500000 0.3568958333 0.0799921875 0.0860104167
1 0.1517187500 0.3275000000 0.0745312500 0.0485416667
1 0.2733671875 0.3229583333 0.0339921875 0.0453750000
1 0.2348828125 0.3318541667 0.0371171875 0.0412916667
1 0.3404453125 0.3070000000 0.0461796875 0.0520625000
1 0.3358828125 0.3612708333 0.0435703125 0.0552395833
1 0.3810468750 0.3457812500 0.0455546875 0.0606979167
1 0.4258671875 0.3079895833 0.0308125000 0.0516354167
1 0.4804687500 0.3590520833 0.0864843750 0.0765000000
1 0.4607500000 0.3006458333 0.0316562500 0.0456666667
1 0.6140234375 0.3245625000 0.0821640625 0.0523437500
1 0.6202500000 0.3629479167 0.0866796875 0.0561250000
2 0.1309140625 0.3766562500 0.0988828125 0.0786145833
1 0.2306875000 0.3781041667 0.0343984375 0.0510416667
1 0.2603359375 0.4296562500 0.0461562500 0.0602083333
1 0.2699843750 0.3722291667 0.0430468750 0.0578229167
1 0.3350781250 0.4209687500 0.0485234375 0.0667500000
1 0.3824921875 0.4134375000 0.0487031250 0.0707083333
7 0.6420937500 0.4286145833 0.0739765625 0.0905000000
1 0.7685703125 0.3850937500 0.1166640625 0.1142708333
1 0.8528125000 0.4183333333 0.0273437500 0.0797916667
6 0.9207109375 0.3934687500 0.0931484375 0.0908020833
1 0.0512500000 0.4367916667 0.0682187500 0.0792708333
2 0.1232421875 0.4585729167 0.1019140625 0.1181250000
1 0.2189453125 0.4355729167 0.0372578125 0.0615000000
1 0.2166875000 0.4917083333 0.0384140625 0.0538750000
1 0.2583359375 0.4847812500 0.0438984375 0.0573645833
1 0.3298828125 0.4870312500 0.0526875000 0.0711562500
1 0.3760468750 0.4823020833 0.0528671875 0.0608020833
0 0.4791640625 0.4830833333 0.0393359375 0.0420520833
0 0.5190468750 0.4720000000 0.0441015625 0.0609166667
1 0.7968359375 0.4918229167 0.1308437500 0.1326250000
0 0.9324609375 0.4865104167 0.1227578125 0.0998125000
1 0.0382812500 0.5118645833 0.0765625000 0.0910104167
2 0.1073437500 0.5661354167 0.1090937500 0.1385625000
0 0.2205546875 0.5607708333 0.0990546875 0.0996770833
1 0.3279453125 0.5568229167 0.0465234375 0.0718958333
1 0.3805312500 0.5507916667 0.0552343750 0.0726979167
0 0.4709375000 0.5191666667 0.0409375000 0.0304166667
0 0.5188125000 0.5139791667 0.0513593750 0.0365937500
0 0.6479843750 0.5188437500 0.1056953125 0.1161458333
1 0.0290468750 0.6028229167 0.0580937500 0.0970104167
1 0.3223984375 0.6322395833 0.0559375000 0.0893437500
1 0.3748046875 0.6244375000 0.0561250000 0.1073958333
0 0.4981250000 0.5716666667 0.1060937500 0.0887500000
4 0.6544765625 0.6036458333 0.1270625000 0.1003333333
6 0.8407343750 0.6064895833 0.0894218750 0.1192291667
0 0.9461640625 0.5784375000 0.1076640625 0.1020520833
0 0.0962343750 0.6722500000 0.0837578125 0.0910312500
0 0.2147109375 0.6333437500 0.1037031250 0.0923541667
0 0.5104687500 0.6702083333 0.1121875000 0.1039583333
7 0.6758437500 0.6794583333 0.0983593750 0.0623333333
4 0.8394453125 0.6985833333 0.1282343750 0.0836562500
0 0.9638515625 0.6623229167 0.0722968750 0.0831875000
7 0.0501640625 0.7646666667 0.0668671875 0.1040312500
0 0.1018359375 0.7590208333 0.0555781250 0.0891562500
0 0.2042421875 0.7091458333 0.1035312500 0.1079270833
6 0.3064765625 0.7307291667 0.0772500000 0.1096458333
6 0.3688203125 0.7293750000 0.0645859375 0.1084791667
7 0.6897421875 0.7283854167 0.0910937500 0.0603020833
4 0.8552343750 0.7583437500 0.1341718750 0.0939270833
0 0.9695371094 0.7518958333 0.0609257812 0.1021250000
5 0.2101328125 0.7955000000 0.0943281250 0.0839062500
5 0.3132109375 0.8295416667 0.0562421875 0.0977291667
5 0.3693046875 0.8243020833 0.0630390625 0.0837083333
7 0.4450546875 0.7867916667 0.0296562500 0.1374687500
7 0.5140625000 0.7841979167 0.1146171875 0.1475104167
7 0.6146562500 0.7979791667 0.0450078125 0.1058125000
7 0.6977734375 0.7786770833 0.0917890625 0.0637291667
4 0.8647890625 0.8284479167 0.1512578125 0.0971041667
0 0.0595781250 0.8656770833 0.0951093750 0.1177708333
5 0.1349062500 0.8990729167 0.0556484375 0.1030729167
5 0.2040546875 0.8840104167 0.0842109375 0.0930937500
5 0.2673359375 0.8404375000 0.0438437500 0.0892500000
7 0.6587265625 0.8991041667 0.0446640625 0.0626354167
7 0.7397812500 0.8782291667 0.0463046875 0.0520208333
7 0.7099843750 0.8340104167 0.0797421875 0.0627083333
0 0.0405078125 0.9614791667 0.0806015625 0.0770208333
5 0.1890468750 0.9624687500 0.1057734375 0.0750625000
5 0.3378359375 0.9659895833 0.1142343750 0.0680208333
5 0.3418671875 0.9035729167 0.1207734375 0.0825937500
7 0.4381640625 0.9243541667 0.0467578125 0.1503125000
7 0.5227343750 0.9259062500 0.1236171875 0.1481875000
7 0.6749062500 0.9536979167 0.0432031250 0.0517500000
7 0.7324453125 0.9479375000 0.0756250000 0.0608645833
4 0.8701484375 0.9110208333 0.1857734375 0.1050729167
5 0.1060625000 0.9783020833 0.0658984375 0.0433958333
