1 0.4175000000 0.0959375000 0.0643750000 0.0785937500
1 0.4768750000 0.0823437500 0.0656250000 0.0759375000
2 0.5406250000 0.0871875000 0.0827083333 0.0871875000
2 0.6220833333 0.0860937500 0.0812500000 0.0890625000
2 0.7181562500 0.0716250000 0.1239687500 0.0735546875
2 0.7292395833 0.1280390625 0.1326562500 0.0368281250
7 0.1637500000 0.2053203125 0.1273958333 0.0749921875
7 0.3137395833 0.2189296875 0.1162916667 0.0666640625
1 0.4242812500 0.2305859375 0.0766979167 0.1032812500
1 0.4934062500 0.2286250000 0.0668229167 0.1078984375
1 0.5619895833 0.2257656250 0.0698645833 0.1139843750
1 0.6264479167 0.2215234375 0.0713645833 0.1165312500
1 0.6975729167 0.2208515625 0.0776041667 0.1125859375
1 0.7656145833 0.2206250000 0.0908229167 0.1117578125
7 0.1504687500 0.2819140625 0.1525833333 0.0717890625
7 0.3011458333 0.2972578125 0.1266562500 0.0677734375
1 0.4749375000 0.3377421875 0.0772604167 0.0497109375
1 0.5470104167 0.3376093750 0.0683854167 0.0497734375
1 0.6181770833 0.3364453125 0.0788750000 0.0568515625
1 0.6949583333 0.3356093750 0.0757291667 0.0585078125
1 0.7709062500 0.3350859375 0.0735000000 0.0543593750
7 0.0748854167 0.4029609375 0.0743333333 0.1041484375
7 0.1281145833 0.4005312500 0.0710833333 0.1055546875
7 0.1815416667 0.4016171875 0.0691875000 0.1073671875
7 0.2870208333 0.4015078125 0.0632395833 0.1087343750
7 0.2334479167 0.3999843750 0.0644270833 0.1073437500
7 0.3388645833 0.4018046875 0.0649687500 0.1085859375
1 0.4736666667 0.3888203125 0.0763958333 0.0540859375
1 0.5517604167 0.3884921875 0.0762187500 0.0498203125
1 0.6219791667 0.3835000000 0.0616666667 0.0372578125
1 0.6873437500 0.3881328125 0.0680000000 0.0416875000
1 0.7668229167 0.3847812500 0.0831562500 0.0454531250
7 0.1166666667 0.4735703125 0.1500312500 0.0395859375
7 0.2699062500 0.4779296875 0.1542187500 0.0457343750
1 0.4635208333 0.4877890625 0.0759479167 0.0419687500
1 0.4626562500 0.4415312500 0.0765208333 0.0419687500
1 0.5419708029 0.4555403557 0.0656934307 0.0779753762
1 0.6168437500 0.4535234375 0.0719479167 0.0796562500
1 0.6982083333 0.4537421875 0.0885104167 0.0869375000
1 0.7793229167 0.4531406250 0.0895937500 0.0915625000
7 0.2580729167 0.5193828125 0.1560625000 0.0418437500
7 0.0517083333 0.5675703125 0.0774166667 0.0391328125
7 0.0427604167 0.6079375000 0.0749895833 0.0420390625
7 0.1174895833 0.5678593750 0.0720937500 0.0401015625
7 0.1088333333 0.6090781250 0.0712187500 0.0403984375
7 0.1974791667 0.5859453125 0.1113645833 0.0798125000
7 0.2991770833 0.5864921875 0.1138645833 0.0804921875
1 0.4054583333 0.5967500000 0.0971666667 0.1031562500
1 0.4851979167 0.5921015625 0.0771250000 0.0998359375
1 0.5612395833 0.5931328125 0.0753645833 0.1020703125
1 0.6354375000 0.5936796875 0.0813437500 0.1050312500
1 0.7021041667 0.5895859375 0.0623020833 0.0951406250
1 0.7588229167 0.5891250000 0.0665000000 0.0939375000
1 0.8143437500 0.5931640625 0.0696770833 0.0985312500
7 0.0219479167 0.6812968750 0.0438958333 0.0837265625
7 0.0527395833 0.6807187500 0.0587187500 0.0820937500
7 0.1570520833 0.6811250000 0.1577708333 0.0811093750
7 0.2923333333 0.6857968750 0.1185729167 0.0827031250
7 0.0660000000 0.7639140625 0.1320000000 0.0854218750
7 0.1806562500 0.7666640625 0.1315416667 0.0888593750
1 0.3675833333 0.7408984375 0.0565312500 0.1010703125
1 0.4598020833 0.7408984375 0.1324791667 0.1036406250
1 0.5954895833 0.7460703125 0.1366041667 0.1062812500
1 0.7317518248 0.7496580027 0.1386861314 0.1080711354
1 0.8329687500 0.7539609375 0.0690937500 0.1040703125
1 0.5609583333 0.8200000000 0.1037708333 0.0477109375
1 0.6556354167 0.8231093750 0.0809583333 0.0463515625
1 0.7609062500 0.8270546875 0.1315104167 0.0498359375
1 0.4635729167 0.8441484375 0.1295625000 0.1011562500
1 0.5868437500 0.8645468750 0.1173333333 0.0434453125
1 0.7075416667 0.8670703125 0.1197187500 0.0451640625
