1 0.4844895833 0.0295234375 0.0873750000 0.0590468750
8 0.1674375000 0.0940390625 0.0448437500 0.0608203125
8 0.2107708333 0.0825156250 0.0441041667 0.0582578125
1 0.2619479167 0.0715390625 0.0680729167 0.0761875000
1 0.3326875000 0.0553281250 0.0725416667 0.0761953125
1 0.4076770833 0.0397109375 0.0795312500 0.0737187500
2 0.5713958333 0.0760937500 0.0722708333 0.1042031250
1 0.6391666667 0.0767578125 0.0704062500 0.0933593750
1 0.7078437500 0.0634921875 0.0729270833 0.1036328125
0 0.2246770833 0.1573046875 0.0463229167 0.0702187500
7 0.2729166667 0.1285937500 0.0543750000 0.0446875000
0 0.2771875000 0.1643906250 0.0575937500 0.0369296875
0 0.3345937500 0.1406093750 0.0544895833 0.0745859375
2 0.4093750000 0.1171093750 0.0939583333 0.0919140625
2 0.4973020833 0.1002109375 0.0905520833 0.1027968750
5 0.1429583333 0.2212734375 0.0665729167 0.0336171875
0 0.1755833333 0.1685859375 0.0604895833 0.0649921875
5 0.2062500000 0.2169609375 0.0558437500 0.0312109375
0 0.3719166667 0.2260703125 0.0632187500 0.0770625000
1 0.4933333333 0.2105703125 0.0556666667 0.0840781250
1 0.4340625000 0.2001406250 0.0595833333 0.0377968750
1 0.5492916667 0.2053046875 0.0544270833 0.0861093750
1 0.6060416667 0.1933437500 0.0588750000 0.0812734375
1 0.6647916667 0.1875000000 0.0620833333 0.0856250000
1 0.7256250000 0.1768750000 0.0587500000 0.0823437500
5 0.1497187500 0.2625546875 0.0356250000 0.0598593750
5 0.2322708333 0.2520546875 0.0321145833 0.0609218750
5 0.1992812500 0.2592734375 0.0375729167 0.0586796875
0 0.2718854167 0.2399140625 0.0490520833 0.0690781250
0 0.3182187500 0.2337656250 0.0452604167 0.0690781250
1 0.4351145833 0.2395312500 0.0578750000 0.0377031250
1 0.5373333333 0.2950625000 0.0628125000 0.0358046875
1 0.6005208333 0.2868046875 0.0624062500 0.0481953125
1 0.6607500000 0.2804609375 0.0596562500 0.0451562500
1 0.7206770833 0.2731562500 0.0536041667 0.0442343750
5 0.1601458333 0.3486406250 0.0275833333 0.0585078125
5 0.1256458333 0.3514375000 0.0307812500 0.0581328125
5 0.1922291667 0.3001796875 0.0366041667 0.0241875000
5 0.1928958333 0.3267812500 0.0407812500 0.0291015625
5 0.1956250000 0.3610234375 0.0354583333 0.0374843750
6 0.2427395833 0.3564453125 0.0485625000 0.0387968750
1 0.2947083333 0.3331640625 0.0561041667 0.0747343750
6 0.2398750000 0.3130000000 0.0553125000 0.0448593750
1 0.3534583333 0.3323906250 0.0629895833 0.0762812500
1 0.4143125000 0.3471718750 0.0473437500 0.0351796875
1 0.4709791667 0.3378750000 0.0684791667 0.0428593750
1 0.5371875000 0.3359453125 0.0654791667 0.0435781250
1 0.5913437500 0.3315234375 0.0473437500 0.0403046875
1 0.6575000000 0.3239062500 0.0606250000 0.0446875000
1 0.7027083333 0.3639062500 0.0643750000 0.0464062500
1 0.7166666667 0.3142187500 0.0516666667 0.0435937500
7 0.1533229167 0.4023046875 0.0586979167 0.0248593750
7 0.2095729167 0.4048593750 0.0535104167 0.0170781250
0 0.2564687500 0.3966953125 0.0406041667 0.0249062500
0 0.3084062500 0.3919765625 0.0594375000 0.0210234375
0 0.4116041667 0.3946015625 0.0351875000 0.0218437500
1 0.4578333333 0.4318984375 0.0568125000 0.0801328125
1 0.5628645833 0.3786640625 0.0616562500 0.0336406250
1 0.5698437500 0.4099843750 0.0549166667 0.0367656250
1 0.6363958333 0.4115546875 0.0693020833 0.0366484375
1 0.6346145833 0.3732343750 0.0741875000 0.0412031250
1 0.7084895833 0.4045546875 0.0690312500 0.0366875000
7 0.1546458333 0.4446875000 0.0590729167 0.0600234375
7 0.2091875000 0.4439687500 0.0524062500 0.0605078125
7 0.2124375000 0.4996562500 0.0392916667 0.0220468750
0 0.2544270833 0.4418984375 0.0472604167 0.0658828125
0 0.3105937500 0.4388203125 0.0656875000 0.0729531250
0 0.4069062500 0.4396328125 0.0418333333 0.0677734375
0 0.3690520833 0.4379765625 0.0454166667 0.0745937500
1 0.5666041667 0.4490546875 0.0590416667 0.0409296875
1 0.6302083333 0.4459375000 0.0585416667 0.0421875000
1 0.7051041667 0.4442812500 0.0651041667 0.0411562500
7 0.1592187500 0.5558906250 0.0243645833 0.0200859375
7 0.1425520833 0.5476875000 0.0196458333 0.0344218750
7 0.1638645833 0.5162812500 0.0227812500 0.0208046875
7 0.2223229167 0.5441875000 0.0211770833 0.0476015625
7 0.2013125000 0.5449375000 0.0227083333 0.0467031250
7 0.1821250000 0.5474296875 0.0162708333 0.0401796875
4 0.2737226277 0.5348837209 0.0474452555 0.0766073871
7 0.2416875000 0.5435390625 0.0184895833 0.0501484375
0 0.3321167883 0.5417236662 0.0711678832 0.0656634747
7 0.4055625000 0.5480625000 0.0764270833 0.0535625000
7 0.4608958333 0.5405859375 0.0393541667 0.0745078125
1 0.5404166667 0.5414062500 0.0393750000 0.0707812500
1 0.5010416667 0.5410937500 0.0360416667 0.0690625000
1 0.6193750000 0.5417187500 0.0427083333 0.0754687500
1 0.5797916667 0.5418750000 0.0406250000 0.0715625000
1 0.6672916667 0.5417187500 0.0489583333 0.0759375000
1 0.7162500000 0.5432812500 0.0483333333 0.0779687500
4 0.1545104167 0.6135781250 0.0362187500 0.0819218750
4 0.1809375000 0.6236328125 0.0331041667 0.0698906250
4 0.2117083333 0.6257109375 0.0288437500 0.0641640625
6 0.2758645833 0.6035156250 0.0566354167 0.0444062500
4 0.2361875000 0.6287578125 0.0293750000 0.0647109375
0 0.1437916667 0.6874921875 0.0473020833 0.0386796875
0 0.1864062500 0.6897031250 0.0450208333 0.0364843750
6 0.2746875000 0.6467265625 0.0528645833 0.0442656250
1 0.3396458333 0.6410234375 0.0756562500 0.0674843750
1 0.4224062500 0.6464140625 0.0820833333 0.0699453125
1 0.5018958333 0.6481328125 0.0876979167 0.0727890625
1 0.5939583333 0.6564843750 0.0961562500 0.0768515625
1 0.6907500000 0.6598593750 0.0953020833 0.0792890625
0 0.1420416667 0.7190312500 0.0419791667 0.0323750000
0 0.1751824818 0.7606019152 0.0383211679 0.0273597811
0 0.2268645833 0.7117500000 0.0435416667 0.0676250000
0 0.1821145833 0.7245156250 0.0432500000 0.0356562500
0 0.2760416667 0.7097734375 0.0514583333 0.0791015625
0 0.3249270833 0.7194218750 0.0565729167 0.0787968750
1 0.4935416667 0.7370312500 0.0887500000 0.0946875000
1 0.5897916667 0.7431250000 0.0933333333 0.0985937500
1 0.6670833333 0.7495312500 0.0554166667 0.0935937500
1 0.7229166667 0.7539062500 0.0581250000 0.0939062500
0 0.0976666667 0.7893593750 0.1032291667 0.0493046875
7 0.2450833333 0.7873593750 0.0479687500 0.0364921875
1 0.2635416667 0.8309375000 0.0868750000 0.0317187500
2 0.3188437500 0.8045937500 0.1075937500 0.0452968750
2 0.1054166667 0.8342187500 0.1616666667 0.0632812500
1 0.3204166667 0.8395312500 0.0933333333 0.0365625000
7 0.3954166667 0.8685937500 0.1397916667 0.0509375000
1 0.4722916667 0.8659375000 0.0404166667 0.0465625000
1 0.5222500000 0.8697109375 0.0509375000 0.0610390625
1 0.6195833333 0.8901562500 0.0500000000 0.0628125000
1 0.5708333333 0.8843750000 0.0489583333 0.0718750000
1 0.6735416667 0.8954687500 0.0518750000 0.0704687500
1 0.4795833333 0.9246875000 0.1006250000 0.0842187500
1 0.5341666667 0.9506250000 0.1054166667 0.0879687500
7 0.5808333333 0.9635937500 0.0783333333 0.0559375000
1 0.6460416667 0.9329687500 0.1102083333 0.0350000000
1 0.7564583333 0.9559375000 0.1179166667 0.0417187500
1 0.7266666667 0.9046875000 0.0452083333 0.0759375000
7 0.6293750000 0.9695312500 0.0768750000 0.0598437500
1 0.7126354167 0.9767656250 0.1416979167 0.0464687500
0 0.3759124088 0.7414500684 0.0492700730 0.0506155951
