1 0.4268750000 0.2150000000 0.1065625000 0.0944444444
1 0.5787109375 0.2040555556 0.0566796875 0.1195138889
1 0.6359062500 0.1951944444 0.0610546875 0.1210555556
1 0.6984375000 0.1869444444 0.0650000000 0.1211111111
1 0.8424453125 0.2419444444 0.1497890625 0.2357638889
1 0.4289062500 0.3100000000 0.1089062500 0.0891666667
1 0.5773515625 0.3163472222 0.0547500000 0.1150972222
1 0.6351875000 0.3106111111 0.0643359375 0.1166388889
1 0.6971875000 0.3116666667 0.0645312500 0.1125000000
2 0.1596562500 0.4311666667 0.1057578125 0.1083333333
1 0.4390625000 0.3955555556 0.1314062500 0.0911111111
1 0.5748671875 0.4245000000 0.0513125000 0.1026250000
1 0.6326328125 0.4231111111 0.0606953125 0.1095972222
1 0.6943750000 0.4308333333 0.0671875000 0.1133333333
2 0.1366406250 0.4904722222 0.1151484375 0.1045138889
1 0.4408593750 0.4839305556 0.1290312500 0.0831250000
1 0.8208515625 0.4550416667 0.1156328125 0.1914861111
1 0.5821484375 0.5362916667 0.0583593750 0.1242916667
1 0.6365078125 0.5388194444 0.0528984375 0.1240277778
1 0.6943750000 0.5422222222 0.0684375000 0.1205555556
2 0.1496953125 0.5943888889 0.1337187500 0.1280000000
1 0.4020312500 0.5897222222 0.0428125000 0.1111111111
1 0.4474921875 0.5907777778 0.0466406250 0.1108472222
1 0.4982812500 0.5938888889 0.0512500000 0.1063888889
1 0.8167187500 0.5958333333 0.1134375000 0.0872222222
1 0.5800937500 0.6564583333 0.0554453125 0.1212500000
1 0.6360937500 0.6627777778 0.0573437500 0.1272222222
1 0.6942187500 0.6627777778 0.0610937500 0.1211111111
1 0.8179687500 0.6766666667 0.1059375000 0.0816666667
1 0.4007812500 0.7080555556 0.0403125000 0.1008333333
1 0.4478984375 0.7111527778 0.0499218750 0.1074027778
1 0.5025000000 0.7080555556 0.0515625000 0.1050000000
1 0.8146875000 0.7527777778 0.1076562500 0.0844444444
1 0.4329453125 0.8094861111 0.0957265625 0.1015277778
1 0.6121875000 0.7900000000 0.1114062500 0.1438888889
1 0.6989062500 0.7936111111 0.0601562500 0.1372222222
1 0.8145312500 0.8294444444 0.1075000000 0.0863888889
1 0.8953125000 0.8350000000 0.0523437500 0.1888888889
