7 0.8502083333 0.0250000000 0.0529687500 0.0500000000
7 0.9124166667 0.0139296875 0.0690416667 0.0278359375
7 0.9781770833 0.0964140625 0.0436354167 0.0709921875
4 0.3430104167 0.1210156250 0.0443645833 0.0837265625
4 0.4216458333 0.1246250000 0.0444583333 0.0770000000
4 0.3813125000 0.1232890625 0.0474583333 0.0788203125
4 0.4979479167 0.1223125000 0.0388750000 0.0666718750
4 0.4609687500 0.1250234375 0.0398333333 0.0743671875
7 0.5382500000 0.1244375000 0.0346562500 0.0654687500
4 0.5727812500 0.1234921875 0.0357187500 0.0658828125
4 0.6074479167 0.1248281250 0.0352604167 0.0656406250
4 0.6420729167 0.1243750000 0.0340208333 0.0631093750
4 0.6753645833 0.1250234375 0.0324375000 0.0627265625
4 0.7423541667 0.1250859375 0.0334270833 0.0620312500
4 0.7085520833 0.1253593750 0.0347812500 0.0630468750
4 0.7738645833 0.1262734375 0.0359895833 0.0639687500
7 0.8738854167 0.1200156250 0.0533645833 0.0634687500
7 0.9284687500 0.1085312500 0.0606145833 0.0705781250
7 0.4770833333 0.2203828125 0.0283125000 0.0217421875
7 0.5105520833 0.2193046875 0.0384791667 0.0202109375
7 0.6031354167 0.1973906250 0.0461250000 0.0210078125
7 0.5845000000 0.2174218750 0.0453645833 0.0212656250
7 0.6840937500 0.2332421875 0.0505520833 0.0159765625
7 0.6336666667 0.2172578125 0.0513125000 0.0228125000
7 0.6823854167 0.2158593750 0.0489479167 0.0211250000
7 0.7365104167 0.2319921875 0.0563229167 0.0151718750
7 0.7276770833 0.2145937500 0.0426458333 0.0224375000
7 0.7665729167 0.2148125000 0.0366666667 0.0173750000
7 0.7899687500 0.2299843750 0.0514375000 0.0152890625
7 0.8552083333 0.2121796875 0.0620625000 0.0691093750
7 0.9085208333 0.2077656250 0.0582916667 0.0668515625
7 0.9681041667 0.2005312500 0.0637812500 0.0760156250
6 0.3657395833 0.2785000000 0.0417708333 0.0627421875
7 0.4786979167 0.2431171875 0.0248958333 0.0239609375
4 0.4930625000 0.2980703125 0.0364270833 0.0673515625
7 0.4543541667 0.2432187500 0.0259479167 0.0247265625
4 0.4559375000 0.2980625000 0.0351562500 0.0669296875
4 0.5606354167 0.2968906250 0.0352291667 0.0652187500
7 0.5518020833 0.2375156250 0.0242916667 0.0160625000
7 0.5270729167 0.2376328125 0.0253750000 0.0157578125
4 0.5265312500 0.2989921875 0.0352812500 0.0661406250
7 0.5034895833 0.2388437500 0.0241875000 0.0148671875
4 0.6288333333 0.2924218750 0.0340416667 0.0620937500
7 0.5871562500 0.2363203125 0.0454687500 0.0174609375
4 0.5952395833 0.2949140625 0.0360000000 0.0668984375
4 0.6966979167 0.2930625000 0.0345937500 0.0543750000
4 0.6626250000 0.2945156250 0.0350833333 0.0562734375
7 0.6351145833 0.2349218750 0.0508125000 0.0183359375
4 0.7637604167 0.2893359375 0.0323750000 0.0545468750
4 0.7306770833 0.2904140625 0.0355729167 0.0562187500
4 0.7928020833 0.2878281250 0.0261250000 0.0543359375
0 0.8312916667 0.2849062500 0.0423020833 0.0600859375
0 0.8664166667 0.2838828125 0.0356250000 0.0650625000
0 0.9003020833 0.2815625000 0.0423229167 0.0689296875
0 0.9334895833 0.2818828125 0.0444895833 0.0732968750
0 0.9709166667 0.2836484375 0.0508750000 0.0764218750
6 0.4131041667 0.3122734375 0.0362500000 0.0324140625
4 0.6684375000 0.3634296875 0.0294583333 0.0518671875
4 0.6370833333 0.3652578125 0.0318333333 0.0525546875
4 0.6997291667 0.3589531250 0.0292812500 0.0477109375
4 0.7581250000 0.3534140625 0.0271041667 0.0447343750
4 0.7290833333 0.3569296875 0.0295833333 0.0457578125
4 0.7862083333 0.3502500000 0.0280520833 0.0462109375
0 0.8510937500 0.3600703125 0.0406041667 0.0576718750
0 0.8884375000 0.3652421875 0.0366458333 0.0642656250
2 0.2472291667 0.3984843750 0.2508541667 0.1053359375
4 0.4713541667 0.3780390625 0.0383437500 0.0516796875
4 0.5068750000 0.3753203125 0.0340937500 0.0525625000
4 0.5410833333 0.3734843750 0.0345833333 0.0557812500
4 0.6062812500 0.3678359375 0.0312291667 0.0534531250
4 0.5742604167 0.3708437500 0.0299270833 0.0538671875
0 0.9656562500 0.3724296875 0.0409062500 0.0687968750
0 0.9267916667 0.3682109375 0.0438333333 0.0649609375
0 0.9906250000 0.3748984375 0.0187500000 0.0717187500
2 0.4998750000 0.4889062500 0.0988020833 0.1530000000
2 0.5886979167 0.4788203125 0.0851354167 0.1466484375
2 0.6755625000 0.4680078125 0.0831458333 0.1456406250
2 0.7545937500 0.4585000000 0.0762812500 0.1431562500
2 0.8202812500 0.4512968750 0.0818437500 0.1379765625
0 0.9277083333 0.4463125000 0.0436770833 0.0649843750
0 0.9689270833 0.4556093750 0.0478541667 0.0645546875
2 0.2439583333 0.5267812500 0.2459791667 0.1853984375
2 0.4111770833 0.5032578125 0.1188958333 0.1667500000
0 0.8850208333 0.5117578125 0.0302500000 0.0545468750
0 0.9208437500 0.5196328125 0.0369583333 0.0595156250
0 0.9584062500 0.5314062500 0.0380312500 0.0647343750
0 0.9868229167 0.5391718750 0.0263541667 0.0559375000
2 0.6725104167 0.5999921875 0.1575104167 0.1449765625
2 0.8093750000 0.5755156250 0.1331979167 0.1363281250
0 0.9398541667 0.6301171875 0.0450208333 0.0401640625
0 0.9456875000 0.5972656250 0.0370208333 0.0416562500
0 0.9093229167 0.5810859375 0.0420625000 0.0402265625
0 0.9811536458 0.6084609375 0.0376927083 0.0383359375
2 0.1923125000 0.6827500000 0.1275312500 0.1511796875
2 0.3514687500 0.6657968750 0.1961875000 0.1713203125
2 0.5173333333 0.6355234375 0.1770520833 0.1656093750
0 0.9800625000 0.6439375000 0.0398750000 0.0426250000
