7 0.2052460937 0.0981484375 0.0541835937 0.0290468750
7 0.2521484375 0.0974062500 0.0472500000 0.0272773438
7 0.2494179687 0.0758789063 0.0532382812 0.0266367188
7 0.2589179687 0.0597148437 0.0419570313 0.0155703125
7 0.3469375000 0.0959257813 0.0708007812 0.0313125000
7 0.4681914062 0.0963671875 0.0734648438 0.0419921875
7 0.2120507812 0.1171210938 0.0482343750 0.0319609375
7 0.2533242187 0.1195742188 0.0422226562 0.0265273437
7 0.2390859375 0.1612460938 0.0592539062 0.0249335937
7 0.2366621067 0.1409028728 0.0588235294 0.0287277702
4 0.3413750000 0.1445078125 0.0732226563 0.0356992188
4 0.3444023437 0.1203906250 0.0737890625 0.0321367187
4 0.4686562500 0.1291601562 0.0703437500 0.0434726563
4 0.4534687500 0.1562656250 0.0966171875 0.0376757812
7 0.5488085937 0.1376601562 0.0509882812 0.0437968750
7 0.6005471956 0.1381668947 0.0519835841 0.0410396717
7 0.6615039062 0.1515781250 0.0325039063 0.0241718750
7 0.6935859375 0.1482148437 0.0372890625 0.0299804688
7 0.7256250000 0.1521093750 0.0338281250 0.0367968750
7 0.2260078125 0.2276054688 0.0730117188 0.0283164063
7 0.2360742187 0.2067656250 0.0526210938 0.0274335938
7 0.2357382812 0.1844687500 0.0594453125 0.0282656250
4 0.3381054687 0.1732890625 0.0716328125 0.0347500000
4 0.3352148437 0.2050820313 0.0746640625 0.0370429688
1 0.4464648437 0.2209335937 0.0390898438 0.0501210938
7 0.4682929687 0.1840781250 0.0709140625 0.0325664062
1 0.4846015625 0.2272617188 0.0360390625 0.0509570313
7 0.5485546875 0.1805820312 0.0271562500 0.0402539063
7 0.5797812500 0.1960156250 0.0353007812 0.0388359375
7 0.6113632812 0.2015937500 0.0297304687 0.0350000000
7 0.6101132813 0.1736210937 0.0376562500 0.0306406250
7 0.7028945312 0.2246914063 0.0896796875 0.0497539063
7 0.7006406250 0.1850195312 0.0874453125 0.0474843750
7 0.1626367187 0.2481523438 0.0623203125 0.0257578125
7 0.1793750000 0.2830664063 0.0474335938 0.0222070313
7 0.2242226562 0.2518710937 0.0616523437 0.0273867188
7 0.2267578125 0.2763984375 0.0579687500 0.0276757812
4 0.3245429687 0.2367031250 0.0808867187 0.0408320312
4 0.3205820312 0.2728476562 0.0835625000 0.0436250000
1 0.4089296875 0.2664453125 0.0412929687 0.0538046875
1 0.4790859375 0.2768789063 0.0301289062 0.0473007812
1 0.4464101562 0.2706093750 0.0392148437 0.0472343750
1 0.5915585938 0.2824960938 0.0698867188 0.0573515625
1 0.5886562500 0.2406367188 0.0742890625 0.0542187500
7 0.7004375000 0.2636171875 0.0834921875 0.0550390625
7 0.1813281250 0.3263945313 0.0252695312 0.0310234375
7 0.1815117187 0.3005429688 0.0539726562 0.0262656250
1 0.2129492188 0.3569531250 0.0637343750 0.0271757812
7 0.2088242187 0.3259023437 0.0313515625 0.0267265625
7 0.2277617187 0.3015703125 0.0458242187 0.0253945312
7 0.2349414062 0.3267343750 0.0258750000 0.0293554687
1 0.3137382812 0.3488085938 0.0695546875 0.0389531250
4 0.3169101562 0.3131132812 0.0812890625 0.0457460938
1 0.4066914062 0.3160937500 0.0400273437 0.0522226563
1 0.4448046875 0.3187539062 0.0375312500 0.0500976562
1 0.4355781250 0.3644687500 0.0478437500 0.0468359375
1 0.4795039062 0.3240195313 0.0326367187 0.0480351563
1 0.5877109375 0.3276835938 0.0690781250 0.0559531250
1 0.7045143639 0.3419972640 0.0902872777 0.0396716826
1 0.7042500000 0.3048867187 0.0912968750 0.0430351562
1 0.1876250000 0.4101171875 0.0793242188 0.0874062500
1 0.3094218750 0.4173593750 0.0698710938 0.0371953125
1 0.3127148437 0.3849023437 0.0669140625 0.0328242188
1 0.4285859375 0.4140937500 0.0479296875 0.0543945313
1 0.4787851563 0.3692500000 0.0384804687 0.0413554687
1 0.4733242134 0.4172366621 0.0451436389 0.0533515732
1 0.5916406250 0.4225000000 0.0735078125 0.0489062500
1 0.5885625000 0.3740937500 0.0813398437 0.0531054687
1 0.7210234375 0.3951523437 0.0676992188 0.0778593750
1 0.1788203125 0.4941171875 0.0771679688 0.0905742188
1 0.3119882812 0.4540351563 0.0814843750 0.0367695313
1 0.3090898437 0.4866054688 0.0827656250 0.0376171875
1 0.4295000000 0.4679101562 0.0446250000 0.0527031250
1 0.4720234375 0.4706796875 0.0403789062 0.0542929688
1 0.5935078125 0.4663320313 0.0780312500 0.0488906250
1 0.7229921875 0.4893750000 0.0722851562 0.0403085938
1 0.7245000000 0.4505507812 0.0719335938 0.0462773437
1 0.3052343750 0.5227343750 0.0813281250 0.0396875000
1 0.3035937500 0.5610937500 0.0843750000 0.0377343750
1 0.4766757812 0.5225664063 0.0378437500 0.0489492187
1 0.4341406250 0.5198476562 0.0478320313 0.0505781250
1 0.5923392613 0.5116279070 0.0766073871 0.0492476060
1 0.5938554687 0.5613828125 0.0803242187 0.0528398438
1 0.7240039062 0.5280468750 0.0634414062 0.0406250000
1 0.1536718750 0.5837500000 0.1214062500 0.0920312500
1 0.2992968750 0.5978906250 0.0810937500 0.0382031250
1 0.4289414062 0.5706953125 0.0484140625 0.0522304688
0 0.4498554688 0.6243007812 0.0887343750 0.0546132812
1 0.4737187500 0.5738085938 0.0410078125 0.0522539063
0 0.5989882813 0.6114062500 0.0268242188 0.0523554687
1 0.7249687500 0.5723437500 0.0701093750 0.0454453125
1 0.7268671875 0.6182460937 0.0714804687 0.0464570313
7 0.1507226563 0.6595703125 0.0795585938 0.0443554687
7 0.2900136799 0.6402188782 0.0861833105 0.0465116279
0 0.4261757812 0.6822343750 0.0540625000 0.0578398437
0 0.4741171875 0.6806640625 0.0401523437 0.0573125000
0 0.5727578125 0.6664570312 0.0502109375 0.0623046875
0 0.6112421875 0.6670273437 0.0266601562 0.0595312500
0 0.7309375000 0.6684375000 0.0710937500 0.0549218750
7 0.1419687500 0.7079531250 0.0841640625 0.0488046875
7 0.2848476563 0.7071054688 0.0911679687 0.0900156250
0 0.3895234375 0.7405664063 0.0421250000 0.0558828125
0 0.4526289063 0.7422851563 0.0816015625 0.0649531250
0 0.5883710937 0.7318476562 0.0768554688 0.0687656250
0 0.7330742188 0.7238125000 0.0753164063 0.0552500000
7 0.1325703125 0.7773203125 0.1035625000 0.0948789063
7 0.2851015625 0.7876679688 0.0863359375 0.0775664063
0 0.4502656250 0.8038671875 0.0823671875 0.0655507812
0 0.5941757812 0.7978046875 0.0665781250 0.0669375000
0 0.7562265625 0.7789882812 0.0334218750 0.0560742188
0 0.7161015625 0.7801914062 0.0492265625 0.0538398438
7 0.1245664063 0.8721875000 0.0995156250 0.0973164062
7 0.2678632813 0.8834218750 0.0929648438 0.0967265625
0 0.4244101563 0.8698476562 0.0540078125 0.0698906250
0 0.4726562500 0.8696875000 0.0437500000 0.0718750000
0 0.6159414063 0.8555585937 0.0289882812 0.0632265625
0 0.7658593750 0.8958164063 0.0261953125 0.0641953125
0 0.7312578125 0.8968476562 0.0445507812 0.0644453125
0 0.7584218750 0.8348320312 0.0396562500 0.0536562500
0 0.7161210937 0.8363593750 0.0514648438 0.0571328125
7 0.1145156250 0.9583554687 0.0924296875 0.0832890625
7 0.2623476563 0.9650976562 0.0853515625 0.0698007812
0 0.3728554688 0.9353593750 0.0526914063 0.0649648438
0 0.4399257813 0.9373046875 0.0849921875 0.0737187500
0 0.5909218750 0.9037226563 0.0755078125 0.0671953125
0 0.7327968750 0.9623281250 0.0440585937 0.0643984375
0 0.7693242188 0.9600781250 0.0306640625 0.0609804688
0 0.4225781250 0.9852148438 0.0506250000 0.0295703124
0 0.3720000000 0.9836210938 0.0505039063 0.0327539063
0 0.4688281250 0.9832031250 0.0445312500 0.0335937500
0 0.6197773438 0.9719570312 0.0248242188 0.0560820312
0 0.5818007813 0.9745849609 0.0505390625 0.0508300781
