1 0.0634921875 0.2921562500 0.1036328125 0.0729270833
1 0.1768750000 0.2743750000 0.0823437500 0.0587500000
1 0.2731562500 0.2793229167 0.0442343750 0.0536041667
1 0.3142187500 0.2833333333 0.0435937500 0.0516666667
1 0.3639062500 0.2972916667 0.0464062500 0.0643750000
1 0.4045546875 0.2915104167 0.0366875000 0.0690312500
1 0.4442812500 0.2948958333 0.0411562500 0.0651041667
1 0.5432812500 0.2837500000 0.0779687500 0.0483333333
1 0.7539062500 0.2770833333 0.0939062500 0.0581250000
1 0.9046875000 0.2733333333 0.0759375000 0.0452083333
1 0.9559375000 0.2435416667 0.0417187500 0.1179166667
1 0.9767656250 0.2873645833 0.0464687500 0.1416979167
1 0.0767578125 0.3608333333 0.0933593750 0.0704062500
1 0.1875000000 0.3352083333 0.0856250000 0.0620833333
1 0.2804609375 0.3392500000 0.0451562500 0.0596562500
1 0.3239062500 0.3425000000 0.0446875000 0.0606250000
1 0.4115546875 0.3636041667 0.0366484375 0.0693020833
1 0.3732343750 0.3653854167 0.0412031250 0.0741875000
1 0.5417187500 0.3327083333 0.0759375000 0.0489583333
1 0.6598593750 0.3092500000 0.0792890625 0.0953020833
1 0.7495312500 0.3329166667 0.0935937500 0.0554166667
1 0.8954687500 0.3264583333 0.0704687500 0.0518750000
1 0.9329687500 0.3539583333 0.0350000000 0.1102083333
2 0.0760937500 0.4286041667 0.1042031250 0.0722708333
1 0.1933437500 0.3939583333 0.0812734375 0.0588750000
1 0.2868046875 0.3994791667 0.0481953125 0.0624062500
1 0.3315234375 0.4086562500 0.0403046875 0.0473437500
1 0.4099843750 0.4301562500 0.0367656250 0.0549166667
1 0.4459375000 0.3697916667 0.0421875000 0.0585416667
1 0.5417187500 0.3806250000 0.0754687500 0.0427083333
1 0.5418750000 0.4202083333 0.0715625000 0.0406250000
1 0.6564843750 0.4060416667 0.0768515625 0.0961562500
1 0.7431250000 0.4102083333 0.0985937500 0.0933333333
1 0.8843750000 0.4291666667 0.0718750000 0.0489583333
1 0.8901562500 0.3804166667 0.0628125000 0.0500000000
7 0.9635937500 0.4191666667 0.0559375000 0.0783333333
7 0.9695312500 0.3706250000 0.0598437500 0.0768750000
1 0.2053046875 0.4507083333 0.0861093750 0.0544270833
1 0.2950625000 0.4626666667 0.0358046875 0.0628125000
1 0.3359453125 0.4628125000 0.0435781250 0.0654791667
1 0.3786640625 0.4371354167 0.0336406250 0.0616562500
1 0.4490546875 0.4333958333 0.0409296875 0.0590416667
1 0.5410937500 0.4989583333 0.0690625000 0.0360416667
1 0.5414062500 0.4595833333 0.0707812500 0.0393750000
1 0.6481328125 0.4981041667 0.0727890625 0.0876979167
1 0.8697109375 0.4777500000 0.0610390625 0.0509375000
1 0.9506250000 0.4658333333 0.0879687500 0.1054166667
1 0.0295234375 0.5155104167 0.0590468750 0.0873750000
2 0.1002109375 0.5026979167 0.1027968750 0.0905520833
1 0.2105703125 0.5066666667 0.0840781250 0.0556666667
1 0.2001406250 0.5659375000 0.0377968750 0.0595833333
1 0.2395312500 0.5648854167 0.0377031250 0.0578750000
1 0.3378750000 0.5290208333 0.0428593750 0.0684791667
1 0.4318984375 0.5421666667 0.0801328125 0.0568125000
7 0.5405859375 0.5391041667 0.0745078125 0.0393541667
1 0.7370312500 0.5064583333 0.0946875000 0.0887500000
1 0.8659375000 0.5277083333 0.0465625000 0.0404166667
1 0.9246875000 0.5204166667 0.0842187500 0.1006250000
1 0.0397109375 0.5923229167 0.0737187500 0.0795312500
2 0.1171093750 0.5906250000 0.0919140625 0.0939583333
0 0.2260703125 0.6280833333 0.0770625000 0.0632187500
1 0.3471718750 0.5856875000 0.0351796875 0.0473437500
0 0.3946015625 0.5883958333 0.0218437500 0.0351875000
0 0.4379765625 0.6309479167 0.0745937500 0.0454166667
0 0.4396328125 0.5930937500 0.0677734375 0.0418333333
7 0.5480625000 0.5944375000 0.0535625000 0.0764270833
1 0.6464140625 0.5775937500 0.0699453125 0.0820833333
0 0.7414500684 0.6240875912 0.0506155951 0.0492700730
7 0.8685937500 0.6045833333 0.0509375000 0.1397916667
1 0.0553281250 0.6673125000 0.0761953125 0.0725416667
0 0.1406093750 0.6654062500 0.0745859375 0.0544895833
0 0.2337656250 0.6817812500 0.0690781250 0.0452604167
1 0.3323906250 0.6465416667 0.0762812500 0.0629895833
0 0.3919765625 0.6915937500 0.0210234375 0.0594375000
0 0.4388203125 0.6894062500 0.0729531250 0.0656875000
0 0.5417236662 0.6678832117 0.0656634747 0.0711678832
1 0.6410234375 0.6603541667 0.0674843750 0.0756562500
0 0.7194218750 0.6750729167 0.0787968750 0.0565729167
2 0.8045937500 0.6811562500 0.0452968750 0.1075937500
1 0.8395312500 0.6795833333 0.0365625000 0.0933333333
1 0.0715390625 0.7380520833 0.0761875000 0.0680729167
7 0.1285937500 0.7270833333 0.0446875000 0.0543750000
0 0.1643906250 0.7228125000 0.0369296875 0.0575937500
0 0.2399140625 0.7281145833 0.0690781250 0.0490520833
6 0.3564453125 0.7572604167 0.0387968750 0.0485625000
6 0.3130000000 0.7601250000 0.0448593750 0.0553125000
1 0.3331640625 0.7052916667 0.0747343750 0.0561041667
0 0.3966953125 0.7435312500 0.0249062500 0.0406041667
0 0.4418984375 0.7455729167 0.0658828125 0.0472604167
7 0.5435390625 0.7583125000 0.0501484375 0.0184895833
4 0.5348837209 0.7262773723 0.0766073871 0.0474452555
6 0.6035156250 0.7241354167 0.0444062500 0.0566354167
4 0.6287578125 0.7638125000 0.0647109375 0.0293750000
6 0.6467265625 0.7253125000 0.0442656250 0.0528645833
0 0.7097734375 0.7239583333 0.0791015625 0.0514583333
1 0.8309375000 0.7364583333 0.0317187500 0.0868750000
7 0.7873593750 0.7549166667 0.0364921875 0.0479687500
8 0.0940390625 0.8325625000 0.0608203125 0.0448437500
8 0.0825156250 0.7892291667 0.0582578125 0.0441041667
0 0.1573046875 0.7753229167 0.0702187500 0.0463229167
5 0.2169609375 0.7937500000 0.0312109375 0.0558437500
0 0.1685859375 0.8244166667 0.0649921875 0.0604895833
5 0.2592734375 0.8007187500 0.0586796875 0.0375729167
5 0.2520546875 0.7677291667 0.0609218750 0.0321145833
5 0.3001796875 0.8077708333 0.0241875000 0.0366041667
5 0.3610234375 0.8043750000 0.0374843750 0.0354583333
5 0.3267812500 0.8071041667 0.0291015625 0.0407812500
7 0.4048593750 0.7904270833 0.0170781250 0.0535104167
7 0.4439687500 0.7908125000 0.0605078125 0.0524062500
7 0.4996562500 0.7875625000 0.0220468750 0.0392916667
7 0.5449375000 0.7986875000 0.0467031250 0.0227083333
7 0.5441875000 0.7776770833 0.0476015625 0.0211770833
7 0.5474296875 0.8178750000 0.0401796875 0.0162708333
4 0.6257109375 0.7882916667 0.0641640625 0.0288437500
4 0.6236328125 0.8190625000 0.0698906250 0.0331041667
0 0.6897031250 0.8135937500 0.0364843750 0.0450208333
0 0.7606019152 0.8248175182 0.0273597811 0.0383211679
0 0.7117500000 0.7731354167 0.0676250000 0.0435416667
0 0.7245156250 0.8178854167 0.0356562500 0.0432500000
5 0.2212734375 0.8570416667 0.0336171875 0.0665729167
5 0.2625546875 0.8502812500 0.0598593750 0.0356250000
5 0.3486406250 0.8398541667 0.0585078125 0.0275833333
5 0.3514375000 0.8743541667 0.0581328125 0.0307812500
7 0.4023046875 0.8466770833 0.0248593750 0.0586979167
7 0.4446875000 0.8453541667 0.0600234375 0.0590729167
7 0.5558906250 0.8407812500 0.0200859375 0.0243645833
7 0.5476875000 0.8574479167 0.0344218750 0.0196458333
7 0.5162812500 0.8361354167 0.0208046875 0.0227812500
4 0.6135781250 0.8454895833 0.0819218750 0.0362187500
0 0.6874921875 0.8562083333 0.0386796875 0.0473020833
0 0.7190312500 0.8579583333 0.0323750000 0.0419791667
2 0.8342187500 0.8945833333 0.0632812500 0.1616666667
0 0.7893593750 0.9023333333 0.0493046875 0.1032291667
