1 0.5264583333 0.0946875000 0.0906250000 0.0646875000
2 0.4454895833 0.1069765625 0.0888958333 0.1195859375
1 0.6108333333 0.1035937500 0.0979166667 0.0618750000
8 0.6818750000 0.1231250000 0.0714583333 0.0795312500
1 0.4562500000 0.1971875000 0.0847916667 0.0695312500
1 0.5287500000 0.2056250000 0.0762500000 0.0707812500
1 0.5883333333 0.2173437500 0.0647916667 0.0829687500
1 0.6395833333 0.2175000000 0.0708333333 0.0610937500
1 0.6814583333 0.2276562500 0.0639583333 0.0826562500
1 0.7310416667 0.2293750000 0.0747916667 0.0692187500
1 0.4622916667 0.3484375000 0.0793750000 0.0792187500
1 0.5241666667 0.3489062500 0.0679166667 0.0790625000
1 0.5841666667 0.3370312500 0.0687500000 0.0446875000
1 0.6575000000 0.3379687500 0.0697916667 0.0410937500
1 0.7216666667 0.3410937500 0.0622916667 0.0392187500
1 0.5797083333 0.3942656250 0.0563229167 0.0458515625
1 0.6381250000 0.3925000000 0.0610416667 0.0396875000
1 0.7050000000 0.3925000000 0.0610416667 0.0364062500
1 0.4639479167 0.4893437500 0.0722500000 0.0573671875
1 0.4664270833 0.4393359375 0.0648437500 0.0459296875
1 0.5337395833 0.4399296875 0.0642708333 0.0458906250
1 0.5346250000 0.4864609375 0.0652916667 0.0473671875
1 0.5948229167 0.4413359375 0.0639583333 0.0458984375
1 0.6015520833 0.4852109375 0.0640000000 0.0469843750
1 0.6544062500 0.4398359375 0.0594166667 0.0424687500
1 0.6591666667 0.4812812500 0.0573125000 0.0493281250
1 0.7122500000 0.4662265625 0.0535937500 0.0979453125
1 0.7659166667 0.4392968750 0.0677083333 0.0359921875
1 0.7718020833 0.4778281250 0.0655104167 0.0419687500
3 0.7047916667 0.5618750000 0.0497916667 0.0629687500
3 0.7404166667 0.5585937500 0.0489583333 0.0557812500
3 0.8058333333 0.5437500000 0.0406250000 0.0267187500
3 0.7722916667 0.5428125000 0.0397916667 0.0276562500
1 0.4803333333 0.5785468750 0.0591145833 0.0913671875
1 0.5306666667 0.5754453125 0.0552812500 0.0892578125
1 0.6205312500 0.5713828125 0.0513645833 0.0870546875
1 0.5753020833 0.5758281250 0.0537395833 0.0901796875
1 0.6676562500 0.5698437500 0.0538020833 0.0869375000
1 0.7203958333 0.6100468750 0.0525000000 0.0345468750
1 0.7732395833 0.6065468750 0.0543125000 0.0374765625
3 0.8127083333 0.5717187500 0.0422916667 0.0270312500
3 0.7804166667 0.5707812500 0.0406250000 0.0275000000
1 0.5179166667 0.6464062500 0.1081250000 0.0387500000
1 0.7293750000 0.6457812500 0.0595833333 0.0325000000
1 0.5276041667 0.7270937500 0.1292395833 0.1077500000
1 0.6429895833 0.7095546875 0.1195833333 0.1004531250
1 0.7495625000 0.7044218750 0.1144166667 0.0983125000
3 0.5067500000 0.7984453125 0.1372708333 0.0592187500
1 0.5924583333 0.8026406250 0.0970208333 0.0814453125
3 0.4955937500 0.8479687500 0.1007812500 0.0568203125
