1 0.5186562500 0.2982083333 0.0469218750 0.0624895833
1 0.5689453125 0.2902187500 0.0573281250 0.0624687500
1 0.6214062500 0.2816666667 0.0514062500 0.0656250000
1 0.6781953125 0.2691458333 0.0592500000 0.0731979167
1 0.7407968750 0.2640833333 0.0664765625 0.0709687500
1 0.8120703125 0.2566458333 0.0712656250 0.0745416667
1 0.1606953125 0.3652187500 0.0546875000 0.0729583333
1 0.1966875000 0.3619166667 0.0564375000 0.0768854167
1 0.2362109375 0.3560104167 0.0625234375 0.0828750000
1 0.3524687500 0.3443229167 0.0677031250 0.0873541667
1 0.3000000000 0.3516354167 0.0594140625 0.0831250000
1 0.4125937500 0.3607500000 0.0384296875 0.0549583333
1 0.4170390625 0.3063229167 0.0348125000 0.0557604167
1 0.4864609375 0.3586979167 0.0450625000 0.0510625000
1 0.4453437500 0.3598541667 0.0404687500 0.0524270833
1 0.4737890625 0.3053541667 0.0426562500 0.0578854167
1 0.4437343750 0.3049270833 0.0255468750 0.0541145833
1 0.5267968750 0.3556458333 0.0451093750 0.0572500000
1 0.6278906250 0.3410104167 0.0531796875 0.0593750000
1 0.5728203125 0.3513125000 0.0548671875 0.0591875000
1 0.6830937500 0.3348125000 0.0617421875 0.0587916667
1 0.7438203125 0.3332500000 0.0615000000 0.0688437500
1 0.8113359375 0.3266666667 0.0689921875 0.0724062500
2 0.3068359375 0.4184791667 0.0350703125 0.0414062500
1 0.6153125000 0.4266666667 0.0443750000 0.0500000000
1 0.6571875000 0.4266666667 0.0454687500 0.0504166667
1 0.7542187500 0.4160416667 0.0537500000 0.0562500000
1 0.7031250000 0.4250000000 0.0496875000 0.0516666667
1 0.8137500000 0.4147916667 0.0618750000 0.0625000000
2 0.1865859375 0.4731250000 0.0559296875 0.1243541667
2 0.2133333333 0.4733242134 0.0553846154 0.1258549932
2 0.2944296875 0.4929062500 0.0459765625 0.0899583333
2 0.2592500000 0.4963541667 0.0604921875 0.0817291667
1 0.4323437500 0.4989583333 0.0410937500 0.0429166667
1 0.4400000000 0.4425000000 0.0421875000 0.0466666667
1 0.4731250000 0.4970833333 0.0421875000 0.0472916667
1 0.4820312500 0.4402083333 0.0376562500 0.0514583333
1 0.5584375000 0.4379166667 0.0482812500 0.0497916667
1 0.5182812500 0.4422916667 0.0398437500 0.0479166667
1 0.5898750000 0.4889062500 0.0413906250 0.0636458333
1 0.6715625000 0.4947916667 0.0473437500 0.0500000000
1 0.7823437500 0.4839583333 0.0512500000 0.0635416667
1 0.4385937500 0.5437916667 0.0410234375 0.0439479167
1 0.4790000000 0.5423125000 0.0433984375 0.0433541667
1 0.5537812500 0.5118750000 0.0434218750 0.0962916667
1 0.5174531250 0.5165625000 0.0489843750 0.0897083333
1 0.5921796875 0.5382708333 0.0379375000 0.0418229167
1 0.6296875000 0.5166666667 0.0485937500 0.0914583333
1 0.6786171875 0.5402708333 0.0532734375 0.0549791667
1 0.7289062500 0.5077083333 0.0551562500 0.0977083333
1 0.7817890625 0.5535312500 0.0548125000 0.0798854167
1 0.4897812500 0.6146458333 0.0457343750 0.0508437500
1 0.4484218750 0.6106875000 0.0381250000 0.0487812500
1 0.5353906250 0.6122812500 0.0447656250 0.0496250000
1 0.6261015625 0.6149479167 0.0472421875 0.0398437500
1 0.5784140625 0.6121354167 0.0419375000 0.0376666667
1 0.6748717949 0.6114911081 0.0512820513 0.0547195622
1 0.7245312500 0.6164583333 0.0503125000 0.0535416667
1 0.2800000000 0.6339583333 0.0415625000 0.0952083333
1 0.3217187500 0.6389583333 0.0371875000 0.0954166667
1 0.3457812500 0.6383333333 0.0379687500 0.0950000000
1 0.3014062500 0.6352083333 0.0357812500 0.0964583333
1 0.3912109375 0.6459791667 0.0301406250 0.1030937500
1 0.4181328125 0.6491354167 0.0377109375 0.1041770833
1 0.3710937500 0.6435416667 0.0417187500 0.1006250000
1 0.4937968750 0.6786145833 0.0441171875 0.0764062500
1 0.4553984375 0.6734062500 0.0433984375 0.0785520833
1 0.5345078125 0.6808854167 0.0424453125 0.0835416667
1 0.5700546875 0.6691145833 0.0407187500 0.0454270833
1 0.7159609375 0.6720729167 0.0469921875 0.0580104167
1 0.7661796875 0.6786770833 0.0532890625 0.0620104167
1 0.8161015625 0.6894791667 0.0525625000 0.0587395833
1 0.5385546875 0.7070520833 0.0381250000 0.0378333333
1 0.5765859375 0.7128333333 0.0440937500 0.0421458333
1 0.6684296875 0.7275104167 0.0484765625 0.0448958333
1 0.7154218750 0.7282395833 0.0456171875 0.0465208333
1 0.7616093750 0.7348854167 0.0520000000 0.0629375000
1 0.8129609375 0.7411875000 0.0552421875 0.0686250000
1 0.6679687500 0.6639583333 0.0479687500 0.0431250000
1 0.6165625000 0.6831250000 0.0473437500 0.0485416667
1 0.6206250000 0.7225000000 0.0437500000 0.0443750000
