1 0.3666210670 0.0068399453 0.0574555404 0.0136798906
1 0.4853671875 0.0329375000 0.0620195313 0.0595234375
6 0.0498085938 0.0732929687 0.0637304688 0.1189765625
6 0.1087187500 0.0705429687 0.0675039062 0.1172929687
6 0.1695312500 0.0703281250 0.0655820313 0.1212851562
1 0.2419296875 0.0394531250 0.0645742187 0.0623437500
1 0.2412968750 0.0994062500 0.0653906250 0.0569921875
1 0.3024687500 0.0418671875 0.0615039063 0.0623828125
1 0.3643007812 0.0425273438 0.0621210937 0.0614726563
1 0.4293945312 0.0958593750 0.0624726562 0.0641406250
1 0.3690507813 0.0996796875 0.0615625000 0.0479140625
1 0.4247929687 0.0376367187 0.0606562500 0.0567070312
1 0.4926835937 0.0935078125 0.0634921875 0.0653554688
1 0.5527812500 0.0403671875 0.0615625000 0.0605664063
1 0.5537890625 0.0967656250 0.0573906250 0.0528085937
1 0.6128125000 0.0916132812 0.0624921875 0.0578320312
1 0.6108398438 0.0363671875 0.0606367188 0.0567460938
7 0.7037226562 0.0492812500 0.0324609375 0.0312539063
7 0.7403671875 0.0400000000 0.0369648438 0.0208710937
7 0.7207187500 0.0686289062 0.0394296875 0.0393242188
7 0.7612812500 0.0661562500 0.0420703125 0.0393710938
7 0.8266328125 0.0870937500 0.0339570312 0.0600000000
7 0.7949335937 0.0655468750 0.0317187500 0.0391679688
7 0.8590585938 0.0808515625 0.0395429687 0.0698632812
7 0.8906171875 0.0809726562 0.0377187500 0.0686406250
7 0.9459375000 0.0737500000 0.0219531250 0.0782812500
7 0.9203906250 0.0767968750 0.0290625000 0.0735156250
7 0.9867187500 0.0679687500 0.0263281250 0.0865625000
1 0.3057031250 0.1033085938 0.0669921875 0.0570507813
7 0.7261367188 0.1020781250 0.0362968750 0.0368164062
7 0.7622851563 0.1008515625 0.0408476562 0.0351289063
7 0.7971992187 0.1010429688 0.0316914062 0.0355898437
5 0.0114687500 0.2303007813 0.0229375000 0.0540390625
6 0.0479687500 0.2160937500 0.0700000000 0.0657031250
6 0.1054296875 0.2159335937 0.0653789063 0.0647148438
6 0.1636562500 0.2149804688 0.0642070312 0.0619062500
1 0.2304140625 0.2292304688 0.0686484375 0.0566093750
1 0.3006406250 0.2281835937 0.0742265625 0.0561835937
1 0.3716992188 0.2267421875 0.0737421875 0.0594765625
1 0.4393867187 0.2240781250 0.0618398437 0.0579765625
1 0.5093007813 0.2149804688 0.0628945312 0.0509179687
1 0.5713046875 0.2147929688 0.0604531250 0.0553437500
5 0.7625781250 0.2171796875 0.0260117187 0.0294609375
3 0.9614062500 0.2318750000 0.0362500000 0.0367968750
3 0.9886132813 0.2324218750 0.0227734375 0.0346093750
5 0.0187539063 0.2826640625 0.0375078125 0.0517539062
6 0.0653085938 0.2790195313 0.0637500000 0.0601250000
6 0.1202890625 0.2780937500 0.0611289062 0.0596445313
6 0.1732773437 0.2752812500 0.0577656250 0.0635703125
1 0.2330312500 0.2801601563 0.0636875000 0.0537460938
1 0.2992539063 0.2795859375 0.0687460937 0.0485156250
1 0.3687226563 0.2784843750 0.0689570312 0.0475468750
1 0.4375976563 0.2765820312 0.0749921875 0.0477460938
1 0.4367695313 0.2766132813 0.0719609375 0.0492265625
1 0.5090742188 0.2684765625 0.0660546875 0.0592460938
5 0.6310156250 0.2597656250 0.0317968750 0.0681250000
1 0.5693867188 0.2683125000 0.0570390625 0.0536054687
5 0.6627460938 0.2669726562 0.0308007812 0.0570507812
5 0.6944179688 0.2773007813 0.0352617187 0.0342656250
5 0.7273710937 0.2761250000 0.0324414063 0.0313085938
5 0.7660507812 0.2484687500 0.0268007812 0.0308945312
5 0.7257109375 0.2437343750 0.0221171875 0.0315507812
5 0.7569843750 0.2763476563 0.0300429687 0.0273320313
7 0.7954921875 0.2521523438 0.0351171875 0.0763710937
7 0.8279531250 0.2511835937 0.0326992187 0.0726210938
7 0.8569296875 0.2456875000 0.0385234375 0.0833828125
3 0.8916406250 0.2476562500 0.0396093750 0.0746875000
3 0.9579687500 0.2660156250 0.0364843750 0.0322656250
3 0.9258593750 0.2464062500 0.0414843750 0.0753125000
3 0.9879492187 0.2653125000 0.0241015625 0.0309375000
7 0.7621132812 0.3376015625 0.0601132813 0.0366523438
7 0.8236484375 0.3352109375 0.0611328125 0.0369257813
7 0.8899140625 0.3330468750 0.0628515625 0.0387812500
5 0.0308632813 0.3864023438 0.0561406250 0.0508242187
5 0.0794531250 0.3861054687 0.0518554687 0.0521875000
1 0.3066718750 0.4117421875 0.0609531250 0.0990742187
1 0.4186046512 0.3844049248 0.0588235294 0.0465116279
1 0.4187578125 0.4331835938 0.0537968750 0.0481132813
1 0.4730468750 0.4314062500 0.0537500000 0.0447656250
1 0.4738828125 0.3824375000 0.0536562500 0.0527617188
1 0.5282382812 0.4308515625 0.0540781250 0.0441953125
1 0.5290195313 0.3811601562 0.0543828125 0.0528945312
1 0.5816640625 0.4302851562 0.0522773437 0.0438476562
1 0.5803632813 0.3805156250 0.0527382812 0.0511054687
1 0.6372539063 0.4280625000 0.0585351563 0.0496015625
1 0.6974726562 0.4242304687 0.0621210938 0.0559453125
1 0.6971171875 0.3681640625 0.0618632812 0.0567343750
1 0.6375156250 0.3687695313 0.0527617188 0.0552578125
7 0.7597031250 0.3783593750 0.0634882812 0.0484609375
7 0.7600546875 0.4252304687 0.0661953125 0.0463281250
7 0.8233007813 0.3771679687 0.0654960937 0.0499062500
7 0.8205312500 0.4228554688 0.0644023438 0.0465234375
7 0.8854257813 0.3738828125 0.0667304688 0.0444570313
7 0.8839804687 0.4226132813 0.0638242187 0.0503671875
7 0.9483476562 0.3712187500 0.0610468750 0.0491171875
7 0.9457343750 0.4188515625 0.0613437500 0.0496328125
5 0.0830039063 0.4411171875 0.0475585937 0.0559804687
5 0.0345820313 0.4366093750 0.0561562500 0.0456250000
6 0.1345078125 0.4335937500 0.0651679687 0.0598359375
6 0.1935976562 0.4337617188 0.0641132812 0.0582617187
6 0.2535664062 0.4339375000 0.0664765625 0.0540859375
1 0.3638281250 0.4425000000 0.0545312500 0.0383593750
0 0.0123398437 0.5505390625 0.0246757813 0.0505195312
5 0.0603847656 0.5337890625 0.0701117187 0.0496093750
5 0.1307222656 0.5311128906 0.0804687500 0.0570312500
5 0.2013671875 0.5218750000 0.0621093750 0.0570312500
6 0.2524753906 0.5564453125 0.0652343750 0.1011718750
6 0.3106785156 0.5532566406 0.0613281250 0.1003906250
6 0.3648437500 0.5529296875 0.0617187500 0.0949218750
1 0.4259375000 0.5292968750 0.0669531250 0.0493750000
1 0.4965800274 0.5225718194 0.0642954856 0.0451436389
1 0.5608593750 0.5189062500 0.0642968750 0.0415625000
1 0.6278125000 0.5454687500 0.0630468750 0.0964062500
7 0.6862812500 0.5228046875 0.0563789062 0.0484140625
7 0.7441328125 0.5217851562 0.0580039062 0.0489804687
7 0.8020000000 0.5644921875 0.0593945312 0.0444531250
7 0.8035000000 0.5204335937 0.0588085938 0.0475273437
7 0.8623046875 0.5207695313 0.0581992188 0.0429335937
7 0.8596054688 0.5627656250 0.0557382813 0.0445078125
7 0.9228867188 0.5148671875 0.0610664062 0.0449375000
7 0.9167539062 0.5610234375 0.0613750000 0.0435781250
0 0.0168320313 0.5959531250 0.0336601563 0.0386210938
5 0.0609375000 0.5853515625 0.0703125000 0.0496093750
5 0.1272820312 0.5832031250 0.0726562500 0.0492187500
5 0.1943359375 0.5796875000 0.0699218750 0.0585937500
1 0.4278906250 0.5754687500 0.0660937500 0.0521875000
1 0.4910156250 0.5731250000 0.0666406250 0.0478906250
1 0.5621875000 0.5714843750 0.0683593750 0.0471093750
7 0.6853046875 0.5690859375 0.0551445313 0.0447539062
7 0.7009179688 0.6325156250 0.0529414062 0.0306445313
7 0.7426640625 0.5679726563 0.0561093750 0.0455078125
7 0.7549648438 0.6260781250 0.0544296875 0.0326523437
7 0.8130781250 0.6273476562 0.0539570312 0.0292500000
7 0.8751601562 0.6234843750 0.0561679688 0.0384023438
5 0.0225820313 0.6739140625 0.0451601562 0.0536445313
5 0.0794257813 0.6749960938 0.0733281250 0.0519492187
6 0.1521484375 0.6642578125 0.0785156250 0.0511718750
6 0.2300781250 0.6548828125 0.0523437500 0.0378906250
6 0.2906250000 0.6589843750 0.0703125000 0.0531250000
1 0.3492539063 0.6873007813 0.0489453125 0.0941953125
1 0.3959921875 0.6899375000 0.0452382812 0.0901210938
1 0.4384062500 0.6852695313 0.0435703125 0.0880273438
1 0.5957539063 0.6696328125 0.0551718750 0.0443320312
1 0.6473945313 0.6680156250 0.0511601562 0.0467539062
7 0.7531015625 0.6619414062 0.0485039062 0.0363242187
7 0.7003671875 0.6638671875 0.0533750000 0.0397382813
7 0.8096250000 0.6588046875 0.0535898437 0.0402031250
7 0.8045664062 0.6974687500 0.0604140625 0.0375156250
7 0.8616210937 0.6955273438 0.0525820313 0.0332148437
7 0.8658710938 0.6595468750 0.0519648437 0.0365156250
7 0.9315000000 0.6908046875 0.0531875000 0.0362851562
7 0.9318398438 0.6557460938 0.0534375000 0.0388945312
5 0.0237460937 0.7248945313 0.0474921875 0.0513593750
5 0.0829140625 0.7240312500 0.0778320312 0.0479882813
6 0.1537109375 0.7154296875 0.0730468750 0.0519531250
6 0.2244517578 0.7077695313 0.0788652344 0.0639921875
6 0.2943359375 0.7074218750 0.0730468750 0.0484375000
1 0.4884296875 0.7097148437 0.0601328125 0.0422851562
1 0.5459218750 0.7048828125 0.0592421875 0.0423828125
1 0.5996328125 0.7084921875 0.0521367187 0.0365507813
1 0.6494531250 0.7068750000 0.0511718750 0.0355468750
7 0.6990703125 0.7036484375 0.0543203125 0.0434335937
7 0.7495937500 0.7000976562 0.0543984375 0.0432890625
0 0.0284453125 0.7926210938 0.0568906250 0.0343281250
8 0.2746406250 0.7872148437 0.1434687500 0.0393671875
7 0.8754843750 0.8211054688 0.0516523438 0.1510429688
7 0.9334804688 0.8150781250 0.0604179687 0.1500234375
2 0.0935078125 0.8596679687 0.0821796875 0.1342187500
0 0.0355156250 0.8883515625 0.0708085938 0.0807421875
2 0.1654140625 0.8557929687 0.0801640625 0.1368828125
8 0.2790000000 0.8819335938 0.1456796875 0.0704218750
1 0.3808164063 0.8617812500 0.0503710938 0.1102070313
1 0.4840312500 0.8556250000 0.0486679687 0.1176250000
1 0.4349140625 0.8588906250 0.0528750000 0.1120976563
1 0.5333046875 0.8526015625 0.0488671875 0.1122421875
1 0.6007187500 0.8560898438 0.0857304688 0.0995468750
7 0.6726210938 0.8454414062 0.0504062500 0.1071406250
7 0.7241757813 0.8443867188 0.0468984375 0.1082187500
7 0.8156953125 0.8361640625 0.0492226562 0.1160468750
7 0.7691289062 0.8343750000 0.0471914063 0.1193984375
1 0.4842968750 0.6629687500 0.0598437500 0.0484375000
1 0.5403906250 0.6611718750 0.0560937500 0.0469531250
