5 0.8939375000 0.0216979167 0.0658984375 0.0433958333
4 0.1298515625 0.0889791667 0.1857734375 0.1050729167
7 0.2675546875 0.0520625000 0.0756250000 0.0608645833
7 0.3250937500 0.0463020833 0.0432031250 0.0517500000
7 0.4772656250 0.0740937500 0.1236171875 0.1481875000
7 0.5618359375 0.0756458333 0.0467578125 0.1503125000
5 0.6621640625 0.0340104167 0.1142343750 0.0680208333
5 0.6581328125 0.0964270833 0.1207734375 0.0825937500
5 0.8109531250 0.0375312500 0.1057734375 0.0750625000
0 0.9594921875 0.0385208333 0.0806015625 0.0770208333
7 0.2602187500 0.1217708333 0.0463046875 0.0520208333
7 0.2900156250 0.1659895833 0.0797421875 0.0627083333
7 0.3412734375 0.1008958333 0.0446640625 0.0626354167
5 0.7326640625 0.1595625000 0.0438437500 0.0892500000
5 0.7959453125 0.1159895833 0.0842109375 0.0930937500
5 0.8650937500 0.1009270833 0.0556484375 0.1030729167
0 0.9404218750 0.1343229167 0.0951093750 0.1177708333
4 0.1352109375 0.1715520833 0.1512578125 0.0971041667
7 0.3022265625 0.2213229167 0.0917890625 0.0637291667
7 0.3853437500 0.2020208333 0.0450078125 0.1058125000
7 0.4859375000 0.2158020833 0.1146171875 0.1475104167
7 0.5549453125 0.2132083333 0.0296562500 0.1374687500
5 0.6306953125 0.1756979167 0.0630390625 0.0837083333
5 0.6867890625 0.1704583333 0.0562421875 0.0977291667
5 0.7898671875 0.2045000000 0.0943281250 0.0839062500
0 0.0304628906 0.2481041667 0.0609257813 0.1021250000
4 0.1447656250 0.2416562500 0.1341718750 0.0939270833
7 0.3102578125 0.2716145833 0.0910937500 0.0603020833
6 0.6311796875 0.2706250000 0.0645859375 0.1084791667
6 0.6935234375 0.2692708333 0.0772500000 0.1096458333
0 0.7957578125 0.2908541667 0.1035312500 0.1079270833
0 0.8981640625 0.2409791667 0.0555781250 0.0891562500
7 0.9498359375 0.2353333333 0.0668671875 0.1040312500
0 0.0361484375 0.3376770833 0.0722968750 0.0831875000
4 0.1605546875 0.3014166667 0.1282343750 0.0836562500
7 0.3241562500 0.3205416667 0.0983593750 0.0623333333
0 0.4895312500 0.3297916667 0.1121875000 0.1039583333
0 0.7852890625 0.3666562500 0.1037031250 0.0923541667
0 0.9037656250 0.3277500000 0.0837578125 0.0910312500
0 0.0538359375 0.4215625000 0.1076640625 0.1020520833
6 0.1592656250 0.3935104167 0.0894218750 0.1192291667
4 0.3455234375 0.3963541667 0.1270625000 0.1003333333
0 0.5018750000 0.4283333333 0.1060937500 0.0887500000
1 0.6251953125 0.3755625000 0.0561250000 0.1073958333
1 0.6776015625 0.3677604167 0.0559375000 0.0893437500
1 0.9709531250 0.3971770833 0.0580937500 0.0970104167
0 0.3520156250 0.4811562500 0.1056953125 0.1161458333
0 0.4811875000 0.4860208333 0.0513593750 0.0365937500
0 0.5290625000 0.4808333333 0.0409375000 0.0304166667
1 0.6194687500 0.4492083333 0.0552343750 0.0726979167
1 0.6720546875 0.4431770833 0.0465234375 0.0718958333
0 0.7794453125 0.4392291667 0.0990546875 0.0996770833
2 0.8926562500 0.4338645833 0.1090937500 0.1385625000
1 0.9617187500 0.4881354167 0.0765625000 0.0910104167
0 0.0675390625 0.5134895833 0.1227578125 0.0998125000
1 0.2031640625 0.5081770833 0.1308437500 0.1326250000
0 0.4809531250 0.5280000000 0.0441015625 0.0609166667
0 0.5208359375 0.5169166667 0.0393359375 0.0420520833
1 0.6239531250 0.5176979167 0.0528671875 0.0608020833
1 0.6701171875 0.5129687500 0.0526875000 0.0711562500
1 0.7416640625 0.5152187500 0.0438984375 0.0573645833
1 0.7833125000 0.5082916667 0.0384140625 0.0538750000
1 0.7810546875 0.5644270833 0.0372578125 0.0615000000
2 0.8767578125 0.5414270833 0.1019140625 0.1181250000
1 0.9487500000 0.5632083333 0.0682187500 0.0792708333
6 0.0792890625 0.6065312500 0.0931484375 0.0908020833
1 0.1471875000 0.5816666667 0.0273437500 0.0797916667
1 0.2314296875 0.6149062500 0.1166640625 0.1142708333
7 0.3579062500 0.5713854167 0.0739765625 0.0905000000
1 0.6175078125 0.5865625000 0.0487031250 0.0707083333
1 0.6649218750 0.5790312500 0.0485234375 0.0667500000
1 0.7396640625 0.5703437500 0.0461562500 0.0602083333
1 0.7300156250 0.6277708333 0.0430468750 0.0578229167
1 0.7693125000 0.6218958333 0.0343984375 0.0510416667
2 0.8690859375 0.6233437500 0.0988828125 0.0786145833
1 0.3797500000 0.6370520833 0.0866796875 0.0561250000
1 0.3859765625 0.6754375000 0.0821640625 0.0523437500
1 0.5195312500 0.6409479167 0.0864843750 0.0765000000
1 0.5392500000 0.6993541667 0.0316562500 0.0456666667
1 0.5741328125 0.6920104167 0.0308125000 0.0516354167
1 0.6189531250 0.6542187500 0.0455546875 0.0606979167
1 0.6641171875 0.6387291667 0.0435703125 0.0552395833
1 0.6595546875 0.6930000000 0.0461796875 0.0520625000
1 0.7651171875 0.6681458333 0.0371171875 0.0412916667
1 0.7266328125 0.6770416667 0.0339921875 0.0453750000
1 0.8482812500 0.6725000000 0.0745312500 0.0485416667
1 0.9282500000 0.6431041667 0.0799921875 0.0860104167
1 0.1476562500 0.7130208333 0.1390625000 0.1218750000
1 0.2558139535 0.7007299270 0.1094391245 0.1131386861
1 0.3928593750 0.7105729167 0.0795859375 0.0535104167
1 0.3974218750 0.7429583333 0.0767812500 0.0520520833
1 0.4989218750 0.7109479167 0.0395390625 0.0472500000
1 0.4973125000 0.7615625000 0.0362500000 0.0569062500
1 0.5375000000 0.7437500000 0.0332812500 0.0604166667
1 0.5725000000 0.7389583333 0.0353125000 0.0562500000
1 0.6191171875 0.7003333333 0.0386953125 0.0419166667
1 0.6183310534 0.7481751825 0.0383036936 0.0529197080
1 0.6587968750 0.7381354167 0.0395390625 0.0499687500
1 0.7596875000 0.7516666667 0.0365625000 0.0470833333
1 0.7593750000 0.7085416667 0.0335937500 0.0437500000
1 0.7227343750 0.7650833333 0.0381250000 0.0451041667
1 0.7216406250 0.7214166667 0.0335546875 0.0407916667
1 0.8257812500 0.7175000000 0.0385937500 0.0460416667
1 0.8628125000 0.7091666667 0.0368750000 0.0500000000
1 0.0205000000 0.7900416667 0.0410000000 0.0427083333
1 0.0297890625 0.8266562500 0.0595703125 0.0473125000
1 0.1781250000 0.7973958333 0.1171875000 0.0927083333
1 0.2802578125 0.7885416667 0.1024453125 0.0875729167
1 0.4018125000 0.7879687500 0.0797656250 0.0546666667
1 0.4091250000 0.8235104167 0.0741093750 0.0535104167
1 0.5092187500 0.8141666667 0.0400000000 0.0577083333
1 0.5440625000 0.8056250000 0.0306250000 0.0483333333
1 0.6202890625 0.7959375000 0.0400937500 0.0381041667
1 0.5775000000 0.7952083333 0.0350000000 0.0558333333
1 0.6578125000 0.7840208333 0.0354140625 0.0422916667
1 0.0543750000 0.8972916667 0.0900000000 0.0481250000
1 0.0398437500 0.8612500000 0.0759375000 0.0531250000
1 0.1960937500 0.8473958333 0.0968750000 0.0552083333
1 0.2121093750 0.8848958333 0.1007812500 0.0572916667
1 0.2970859375 0.8536250000 0.0916640625 0.0910833333
1 0.4135234375 0.8562187500 0.0729375000 0.0446041667
1 0.0268750000 0.9614583333 0.0409375000 0.0764583333
