1 0.2873645833 0.0232343750 0.1416979167 0.0464687500
7 0.3706250000 0.0304687500 0.0768750000 0.0598437500
1 0.2733333333 0.0953125000 0.0452083333 0.0759375000
1 0.2435416667 0.0440625000 0.1179166667 0.0417187500
1 0.3539583333 0.0670312500 0.1102083333 0.0350000000
7 0.4191666667 0.0364062500 0.0783333333 0.0559375000
1 0.4658333333 0.0493750000 0.1054166667 0.0879687500
1 0.5204166667 0.0753125000 0.1006250000 0.0842187500
1 0.3264583333 0.1045312500 0.0518750000 0.0704687500
1 0.4291666667 0.1156250000 0.0489583333 0.0718750000
1 0.3804166667 0.1098437500 0.0500000000 0.0628125000
1 0.4777500000 0.1302890625 0.0509375000 0.0610390625
1 0.5277083333 0.1340625000 0.0404166667 0.0465625000
7 0.6045833333 0.1314062500 0.1397916667 0.0509375000
1 0.6795833333 0.1604687500 0.0933333333 0.0365625000
2 0.8945833333 0.1657812500 0.1616666667 0.0632812500
2 0.6811562500 0.1954062500 0.1075937500 0.0452968750
1 0.7364583333 0.1690625000 0.0868750000 0.0317187500
7 0.7549166667 0.2126406250 0.0479687500 0.0364921875
0 0.9023333333 0.2106406250 0.1032291667 0.0493046875
1 0.2770833333 0.2460937500 0.0581250000 0.0939062500
1 0.3329166667 0.2504687500 0.0554166667 0.0935937500
1 0.4102083333 0.2568750000 0.0933333333 0.0985937500
1 0.5064583333 0.2629687500 0.0887500000 0.0946875000
0 0.6240875912 0.2585499316 0.0492700730 0.0506155951
0 0.6750729167 0.2805781250 0.0565729167 0.0787968750
0 0.7239583333 0.2902265625 0.0514583333 0.0791015625
0 0.8178854167 0.2754843750 0.0432500000 0.0356562500
0 0.7731354167 0.2882500000 0.0435416667 0.0676250000
0 0.8248175182 0.2393980848 0.0383211679 0.0273597811
0 0.8579583333 0.2809687500 0.0419791667 0.0323750000
1 0.3092500000 0.3401406250 0.0953020833 0.0792890625
1 0.4060416667 0.3435156250 0.0961562500 0.0768515625
1 0.4981041667 0.3518671875 0.0876979167 0.0727890625
1 0.5775937500 0.3535859375 0.0820833333 0.0699453125
1 0.6603541667 0.3589765625 0.0756562500 0.0674843750
6 0.7253125000 0.3532734375 0.0528645833 0.0442656250
0 0.8135937500 0.3102968750 0.0450208333 0.0364843750
0 0.8562083333 0.3125078125 0.0473020833 0.0386796875
4 0.7638125000 0.3712421875 0.0293750000 0.0647109375
6 0.7241354167 0.3964843750 0.0566354167 0.0444062500
4 0.7882916667 0.3742890625 0.0288437500 0.0641640625
4 0.8190625000 0.3763671875 0.0331041667 0.0698906250
4 0.8454895833 0.3864218750 0.0362187500 0.0819218750
1 0.2837500000 0.4567187500 0.0483333333 0.0779687500
1 0.3327083333 0.4582812500 0.0489583333 0.0759375000
1 0.4202083333 0.4581250000 0.0406250000 0.0715625000
1 0.3806250000 0.4582812500 0.0427083333 0.0754687500
1 0.4595833333 0.4585937500 0.0393750000 0.0707812500
1 0.4989583333 0.4589062500 0.0360416667 0.0690625000
7 0.5391041667 0.4594140625 0.0393541667 0.0745078125
7 0.5944375000 0.4519375000 0.0764270833 0.0535625000
0 0.6678832117 0.4582763338 0.0711678832 0.0656634747
7 0.7583125000 0.4564609375 0.0184895833 0.0501484375
4 0.7262773723 0.4651162791 0.0474452555 0.0766073871
7 0.8178750000 0.4525703125 0.0162708333 0.0401796875
7 0.7986875000 0.4550625000 0.0227083333 0.0467031250
7 0.7776770833 0.4558125000 0.0211770833 0.0476015625
7 0.8361354167 0.4837187500 0.0227812500 0.0208046875
7 0.8574479167 0.4523125000 0.0196458333 0.0344218750
7 0.8407812500 0.4441093750 0.0243645833 0.0200859375
1 0.2948958333 0.5557187500 0.0651041667 0.0411562500
1 0.3697916667 0.5540625000 0.0585416667 0.0421875000
1 0.4333958333 0.5509453125 0.0590416667 0.0409296875
0 0.6309479167 0.5620234375 0.0454166667 0.0745937500
0 0.5930937500 0.5603671875 0.0418333333 0.0677734375
0 0.6894062500 0.5611796875 0.0656875000 0.0729531250
0 0.7455729167 0.5581015625 0.0472604167 0.0658828125
7 0.7875625000 0.5003437500 0.0392916667 0.0220468750
7 0.7908125000 0.5560312500 0.0524062500 0.0605078125
7 0.8453541667 0.5553125000 0.0590729167 0.0600234375
1 0.2915104167 0.5954453125 0.0690312500 0.0366875000
1 0.3653854167 0.6267656250 0.0741875000 0.0412031250
1 0.3636041667 0.5884453125 0.0693020833 0.0366484375
1 0.4301562500 0.5900156250 0.0549166667 0.0367656250
1 0.4371354167 0.6213359375 0.0616562500 0.0336406250
1 0.5421666667 0.5681015625 0.0568125000 0.0801328125
0 0.5883958333 0.6053984375 0.0351875000 0.0218437500
0 0.6915937500 0.6080234375 0.0594375000 0.0210234375
0 0.7435312500 0.6033046875 0.0406041667 0.0249062500
7 0.7904270833 0.5951406250 0.0535104167 0.0170781250
7 0.8466770833 0.5976953125 0.0586979167 0.0248593750
1 0.2833333333 0.6857812500 0.0516666667 0.0435937500
1 0.2972916667 0.6360937500 0.0643750000 0.0464062500
1 0.3425000000 0.6760937500 0.0606250000 0.0446875000
1 0.4086562500 0.6684765625 0.0473437500 0.0403046875
1 0.4628125000 0.6640546875 0.0654791667 0.0435781250
1 0.5290208333 0.6621250000 0.0684791667 0.0428593750
1 0.5856875000 0.6528281250 0.0473437500 0.0351796875
1 0.6465416667 0.6676093750 0.0629895833 0.0762812500
6 0.7601250000 0.6870000000 0.0553125000 0.0448593750
1 0.7052916667 0.6668359375 0.0561041667 0.0747343750
6 0.7572604167 0.6435546875 0.0485625000 0.0387968750
5 0.8043750000 0.6389765625 0.0354583333 0.0374843750
5 0.8071041667 0.6732187500 0.0407812500 0.0291015625
5 0.8077708333 0.6998203125 0.0366041667 0.0241875000
5 0.8398541667 0.6513593750 0.0275833333 0.0585078125
5 0.8743541667 0.6485625000 0.0307812500 0.0581328125
1 0.2793229167 0.7268437500 0.0536041667 0.0442343750
1 0.3392500000 0.7195390625 0.0596562500 0.0451562500
1 0.3994791667 0.7131953125 0.0624062500 0.0481953125
1 0.4626666667 0.7049375000 0.0628125000 0.0358046875
1 0.5648854167 0.7604687500 0.0578750000 0.0377031250
0 0.6817812500 0.7662343750 0.0452604167 0.0690781250
0 0.7281145833 0.7600859375 0.0490520833 0.0690781250
5 0.8007187500 0.7407265625 0.0375729167 0.0586796875
5 0.7677291667 0.7479453125 0.0321145833 0.0609218750
5 0.8502812500 0.7374453125 0.0356250000 0.0598593750
1 0.2743750000 0.8231250000 0.0587500000 0.0823437500
1 0.3352083333 0.8125000000 0.0620833333 0.0856250000
1 0.3939583333 0.8066562500 0.0588750000 0.0812734375
1 0.4507083333 0.7946953125 0.0544270833 0.0861093750
1 0.5659375000 0.7998593750 0.0595833333 0.0377968750
1 0.5066666667 0.7894296875 0.0556666667 0.0840781250
0 0.6280833333 0.7739296875 0.0632187500 0.0770625000
5 0.7937500000 0.7830390625 0.0558437500 0.0312109375
0 0.8244166667 0.8314140625 0.0604895833 0.0649921875
5 0.8570416667 0.7787265625 0.0665729167 0.0336171875
2 0.5026979167 0.8997890625 0.0905520833 0.1027968750
2 0.5906250000 0.8828906250 0.0939583333 0.0919140625
0 0.6654062500 0.8593906250 0.0544895833 0.0745859375
0 0.7228125000 0.8356093750 0.0575937500 0.0369296875
7 0.7270833333 0.8714062500 0.0543750000 0.0446875000
0 0.7753229167 0.8426953125 0.0463229167 0.0702187500
1 0.2921562500 0.9365078125 0.0729270833 0.1036328125
1 0.3608333333 0.9232421875 0.0704062500 0.0933593750
2 0.4286041667 0.9239062500 0.0722708333 0.1042031250
1 0.5923229167 0.9602890625 0.0795312500 0.0737187500
1 0.6673125000 0.9446718750 0.0725416667 0.0761953125
1 0.7380520833 0.9284609375 0.0680729167 0.0761875000
8 0.7892291667 0.9174843750 0.0441041667 0.0582578125
8 0.8325625000 0.9059609375 0.0448437500 0.0608203125
1 0.5155104167 0.9704765625 0.0873750000 0.0590468750
