1 0.3396875000 0.1881250000 0.1103125000 0.0747916667
3 0.4571875000 0.1764583333 0.0359375000 0.0562500000
3 0.4962500000 0.2058333333 0.0404687500 0.1050000000
3 0.4592187500 0.2289583333 0.0345312500 0.0500000000
3 0.5317187500 0.2060416667 0.0390625000 0.1039583333
1 0.6131953125 0.1990520833 0.0234687500 0.0839270833
1 0.5801562500 0.1950000000 0.0412500000 0.0789583333
1 0.7882812500 0.1941666667 0.0926562500 0.1016666667
2 0.9484375000 0.1881250000 0.0979687500 0.0847916667
1 0.3453125000 0.2589583333 0.1090625000 0.0656250000
1 0.4746875000 0.2981250000 0.0528125000 0.0883333333
1 0.5284375000 0.2993750000 0.0495312500 0.0837500000
1 0.5978112175 0.2883211679 0.0492476060 0.0894160584
1 0.6599531250 0.2849791667 0.0598281250 0.0748958333
1 0.7754687500 0.2856250000 0.0937500000 0.0883333333
2 0.9289062500 0.2783333333 0.1123437500 0.1043750000
1 0.3507812500 0.3195833333 0.1067187500 0.0679166667
1 0.5903125000 0.3618750000 0.0356250000 0.0606250000
1 0.6595000000 0.3660312500 0.0586953125 0.0875000000
1 0.3550000000 0.3800000000 0.1035937500 0.0622916667
1 0.4659375000 0.3812500000 0.0529687500 0.0808333333
1 0.5253077975 0.3886861314 0.0533515732 0.0821167883
1 0.5854687500 0.4306250000 0.0484375000 0.0785416667
1 0.7728125000 0.3706250000 0.0845312500 0.0725000000
1 0.9332812500 0.3708333333 0.0776562500 0.0650000000
1 0.3600000000 0.4710416667 0.1004687500 0.1297916667
1 0.5068750000 0.4564583333 0.0887500000 0.0625000000
1 0.6565625000 0.4500416667 0.0571093750 0.0762395833
1 0.7685937500 0.4439583333 0.0920312500 0.0766666667
1 0.9195312500 0.4950000000 0.1146875000 0.0766666667
1 0.9246875000 0.4352083333 0.0887500000 0.0652083333
1 0.5067187500 0.5595833333 0.0851562500 0.0545833333
1 0.5071875000 0.5104166667 0.0867187500 0.0541666667
1 0.5793750000 0.5002083333 0.0393750000 0.0627083333
1 0.6539062500 0.5190833333 0.0541796875 0.0596250000
1 0.7473437500 0.5145833333 0.0514062500 0.0639583333
1 0.7834375000 0.5125000000 0.0443750000 0.0693750000
1 0.3643750000 0.5889583333 0.0951562500 0.1229166667
1 0.5053125000 0.5977083333 0.0854687500 0.0404166667
1 0.8948437500 0.5668750000 0.1126562500 0.0877083333
5 0.3550000000 0.8291666667 0.0212500000 0.0270833333
5 0.3330625000 0.8227500000 0.0226875000 0.0548750000
5 0.3545312500 0.8031250000 0.0185937500 0.0227083333
5 0.4165625000 0.8306250000 0.0209375000 0.0225000000
5 0.3746406250 0.8162916667 0.0217734375 0.0530312500
7 0.7807812500 0.8260416667 0.0256250000 0.0404166667
5 0.3660937500 0.8473229167 0.0405390625 0.0099166667
5 0.3542187500 0.8708333333 0.0217187500 0.0258333333
5 0.4103046875 0.8967395833 0.0451093750 0.0384895833
5 0.4086406250 0.8632291667 0.0451250000 0.0381354167
5 0.3759375000 0.8877083333 0.0232812500 0.0479166667
5 0.5208515625 0.8988020833 0.0813515625 0.0549687500
5 0.6235937500 0.8593750000 0.0498437500 0.0543750000
7 0.7589062500 0.8620833333 0.0318750000 0.0402083333
7 0.8859375000 0.8422916667 0.0195312500 0.0637500000
5 0.3551562500 0.9029166667 0.0232812500 0.0247916667
5 0.6184375000 0.9095833333 0.0550000000 0.0570833333
5 0.7365625000 0.9008333333 0.0234375000 0.0525000000
5 0.7104687500 0.9025000000 0.0335937500 0.0483333333
