1 0.2204687500 0.3218750000 0.1062500000 0.1222916667
1 0.3512265625 0.3492708333 0.0440625000 0.0467604167
1 0.4035781250 0.3010625000 0.0586250000 0.0713333333
1 0.4920312500 0.3250000000 0.0487500000 0.0810416667
1 0.5407968750 0.3236458333 0.0477187500 0.0842500000
1 0.6632890625 0.3404687500 0.0919531250 0.0681770833
8 0.8236875000 0.3236875000 0.0908359375 0.0651562500
8 0.9693750000 0.3576666667 0.0612500000 0.1265729167
1 0.2175546875 0.4107395833 0.1099921875 0.0599270833
1 0.3478203125 0.4073958333 0.0513984375 0.0489479167
1 0.4064218750 0.3755625000 0.0564453125 0.0744687500
1 0.5004765625 0.4068645833 0.0603671875 0.0840312500
1 0.5541406250 0.4082500000 0.0506640625 0.0828750000
1 0.6696406250 0.4160000000 0.1018671875 0.0698541667
8 0.8424609375 0.4199895833 0.1096015625 0.1229166667
1 0.2140546875 0.4693541667 0.1121171875 0.0648437500
1 0.4016875000 0.4474375000 0.0603437500 0.0742916667
1 0.6813046875 0.4919791667 0.1033281250 0.0800000000
1 0.2118750000 0.5326250000 0.1177031250 0.0684895833
1 0.3455546875 0.5343125000 0.0480937500 0.0616770833
1 0.4057109375 0.5272395833 0.0620468750 0.0818541667
1 0.4939687500 0.5013750000 0.0643515625 0.0898020833
1 0.5516640625 0.5005833333 0.0549218750 0.0904583333
1 0.8530078125 0.5175000000 0.1201328125 0.0796250000
1 0.2060156250 0.5969895833 0.1185468750 0.0736145833
1 0.3823906250 0.5905729167 0.1036093750 0.0530104167
1 0.4976406250 0.5944375000 0.0542500000 0.0876145833
1 0.5552421875 0.5841562500 0.0606484375 0.0850937500
1 0.6887031250 0.5844479167 0.1098437500 0.0872083333
1 0.8654687500 0.5988750000 0.1165703125 0.0886250000
1 0.2037500000 0.6618020833 0.1173437500 0.0697812500
1 0.3767656250 0.6467291667 0.1085078125 0.0626770833
1 0.4946250000 0.6832708333 0.0476796875 0.0812708333
1 0.5564921875 0.6805833333 0.0612343750 0.1050104167
1 0.7001328125 0.6822187500 0.1014062500 0.1061041667
1 0.8781250000 0.6808333333 0.1312500000 0.1100000000
1 0.1995781250 0.7271770833 0.1220625000 0.0726979167
1 0.3759218750 0.7109583333 0.1120703125 0.0686979167
