8 0.8569375000 0.0775833333 0.0965703125 0.1092361111
7 0.1569531250 0.4536944444 0.0311406250 0.0689027778
7 0.2199687500 0.4450555556 0.0270781250 0.0855000000
7 0.1904453125 0.4496388889 0.0324218750 0.0777500000
7 0.2449609375 0.4468055556 0.0266250000 0.0790000000
7 0.2706250000 0.4480694444 0.0242890625 0.0760277778
5 0.0204843750 0.5563333333 0.0393750000 0.0531388889
7 0.1267421875 0.5529444444 0.0207656250 0.0311250000
1 0.3408671875 0.5607083333 0.0426171875 0.0786111111
1 0.3095390625 0.5651111111 0.0193828125 0.0799305556
1 0.4296640625 0.5322638889 0.0171171875 0.0466666667
1 0.3829140625 0.5605000000 0.0417421875 0.0807638889
1 0.4128906250 0.5580138889 0.0184375000 0.0780694444
1 0.4547187500 0.5293055556 0.0250234375 0.0435416667
1 0.4779453125 0.5295694444 0.0216250000 0.0437777778
1 0.5634453125 0.5447361111 0.0218515625 0.0747222222
1 0.5445000000 0.5475972222 0.0181640625 0.0773611111
1 0.5257500000 0.5306805556 0.0209218750 0.0410694444
1 0.5006796875 0.5285972222 0.0226406250 0.0440138889
1 0.5820234375 0.5438888889 0.0209218750 0.0743611111
1 0.6033046875 0.5424444444 0.0185468750 0.0740555556
1 0.6212812500 0.5406666667 0.0202656250 0.0728750000
1 0.6607812500 0.5561111111 0.0212500000 0.0341666667
1 0.6834609375 0.5543055556 0.0234218750 0.0319166667
1 0.6643750000 0.5260277778 0.0237343750 0.0239583333
1 0.6413359375 0.5370972222 0.0224843750 0.0740416667
1 0.7279453125 0.5281527778 0.0162890625 0.0730277778
1 0.7130468750 0.5311805556 0.0132500000 0.0746805556
1 0.7579453125 0.5212916667 0.0206562500 0.0822500000
1 0.7406718750 0.5289166667 0.0174296875 0.0726250000
1 0.7007812500 0.5307777778 0.0130859375 0.0741250000
1 0.7738515625 0.5205972222 0.0183437500 0.0853750000
1 0.7902187500 0.5195555556 0.0225156250 0.0860416667
5 0.0225937500 0.6114305556 0.0451875000 0.0555277778
5 0.0615703125 0.5946527778 0.0398515625 0.0818055556
7 0.0914921875 0.6150972222 0.0192656250 0.0298750000
7 0.0907187500 0.5832083333 0.0178515625 0.0348750000
7 0.1097890625 0.6010694444 0.0209531250 0.0489305556
7 0.1290468750 0.5946250000 0.0204531250 0.0558333333
7 0.1437812500 0.5902361111 0.0128125000 0.0638194444
1 0.2238359375 0.5705138889 0.0227968750 0.0859722222
1 0.2691406250 0.5702638889 0.0229609375 0.0816111111
1 0.2902656250 0.5668888889 0.0192812500 0.0821944444
1 0.2473515625 0.5711944444 0.0233593750 0.0798333333
1 0.4296015625 0.5745972222 0.0161250000 0.0370694444
1 0.4543984375 0.5724027778 0.0245937500 0.0410277778
1 0.4778984375 0.5707777778 0.0225156250 0.0423750000
1 0.5260625000 0.5703888889 0.0222890625 0.0428750000
1 0.5009140625 0.5705277778 0.0249921875 0.0441250000
2 0.2344296875 0.6900416667 0.0472343750 0.1222777778
2 0.2753750000 0.6936944444 0.0404296875 0.1089722222
8 0.4888281250 0.6570972222 0.0471093750 0.0907500000
8 0.5386875000 0.6548888889 0.0564531250 0.0895972222
8 0.5870703125 0.6493333333 0.0423671875 0.0890555556
8 0.6271093750 0.6446388889 0.0416953125 0.0836944444
8 0.5408984375 0.7391388889 0.0379453125 0.0425833333
8 0.6175390625 0.7190833333 0.0387265625 0.0530138889
8 0.4890000000 0.7945000000 0.0552343750 0.0751944444
8 0.5411015625 0.7843888889 0.0461406250 0.0566111111
8 0.6203359375 0.7678750000 0.0400781250 0.0652638889
8 0.5817031250 0.7715694444 0.0393750000 0.0682638889
3 0.2041366906 0.5814696486 0.0179856115 0.0686900958
3 0.1861510791 0.5862619808 0.0188848921 0.0623003195
3 0.1663669065 0.5734824281 0.0188848921 0.0303514377
3 0.1672661871 0.6038338658 0.0197841727 0.0303514377
2 0.3198437500 0.6888888889 0.0525000000 0.0994444444
2 0.3587500000 0.6833333333 0.0245312500 0.0925000000
7 0.3889062500 0.6905555556 0.0368750000 0.0683333333
7 0.4175000000 0.6780555556 0.0262500000 0.0800000000
7 0.4415625000 0.6755555556 0.0226562500 0.0791666667
