1 0.1870390625 0.2588125000 0.0552421875 0.0686250000
1 0.2383906250 0.2651145833 0.0520000000 0.0629375000
1 0.2845781250 0.2717604167 0.0456171875 0.0465208333
1 0.3315703125 0.2724895833 0.0484765625 0.0448958333
1 0.3793750000 0.2775000000 0.0437500000 0.0443750000
1 0.4234140625 0.2871666667 0.0440937500 0.0421458333
1 0.4614453125 0.2929479167 0.0381250000 0.0378333333
1 0.1838984375 0.3105208333 0.0525625000 0.0587395833
1 0.2338203125 0.3213229167 0.0532890625 0.0620104167
1 0.2840390625 0.3279270833 0.0469921875 0.0580104167
1 0.3320312500 0.3360416667 0.0479687500 0.0431250000
1 0.3834375000 0.3168750000 0.0473437500 0.0485416667
1 0.4299453125 0.3308854167 0.0407187500 0.0454270833
1 0.4654921875 0.3191145833 0.0424453125 0.0835416667
1 0.5446015625 0.3265937500 0.0433984375 0.0785520833
1 0.5062031250 0.3213854167 0.0441171875 0.0764062500
1 0.6289062500 0.3564583333 0.0417187500 0.1006250000
1 0.5818671875 0.3508645833 0.0377109375 0.1041770833
1 0.6087890625 0.3540208333 0.0301406250 0.1030937500
1 0.6542187500 0.3616666667 0.0379687500 0.0950000000
1 0.6985937500 0.3647916667 0.0357812500 0.0964583333
1 0.6782812500 0.3610416667 0.0371875000 0.0954166667
1 0.7200000000 0.3660416667 0.0415625000 0.0952083333
1 0.2754687500 0.3835416667 0.0503125000 0.0535416667
1 0.3251282051 0.3885088919 0.0512820513 0.0547195622
1 0.4215859375 0.3878645833 0.0419375000 0.0376666667
1 0.3738984375 0.3850520833 0.0472421875 0.0398437500
1 0.4646093750 0.3877187500 0.0447656250 0.0496250000
1 0.5102187500 0.3853541667 0.0457343750 0.0508437500
1 0.5515781250 0.3893125000 0.0381250000 0.0487812500
1 0.2182109375 0.4464687500 0.0548125000 0.0798854167
1 0.2710937500 0.4922916667 0.0551562500 0.0977083333
1 0.3213828125 0.4597291667 0.0532734375 0.0549791667
1 0.3703125000 0.4833333333 0.0485937500 0.0914583333
1 0.4078203125 0.4617291667 0.0379375000 0.0418229167
1 0.4825468750 0.4834375000 0.0489843750 0.0897083333
1 0.4462187500 0.4881250000 0.0434218750 0.0962916667
1 0.5210000000 0.4576875000 0.0433984375 0.0433541667
1 0.5614062500 0.4562083333 0.0410234375 0.0439479167
1 0.2176562500 0.5160416667 0.0512500000 0.0635416667
1 0.3284375000 0.5052083333 0.0473437500 0.0500000000
1 0.4101250000 0.5110937500 0.0413906250 0.0636458333
1 0.4817187500 0.5577083333 0.0398437500 0.0479166667
1 0.4415625000 0.5620833333 0.0482812500 0.0497916667
1 0.5179687500 0.5597916667 0.0376562500 0.0514583333
1 0.5268750000 0.5029166667 0.0421875000 0.0472916667
1 0.5600000000 0.5575000000 0.0421875000 0.0466666667
1 0.5676562500 0.5010416667 0.0410937500 0.0429166667
2 0.7407500000 0.5036458333 0.0604921875 0.0817291667
2 0.7055703125 0.5070937500 0.0459765625 0.0899583333
2 0.7866666667 0.5266757866 0.0553846154 0.1258549932
2 0.8134140625 0.5268750000 0.0559296875 0.1243541667
1 0.1862500000 0.5852083333 0.0618750000 0.0625000000
1 0.2968750000 0.5750000000 0.0496875000 0.0516666667
1 0.2457812500 0.5839583333 0.0537500000 0.0562500000
1 0.3428125000 0.5733333333 0.0454687500 0.0504166667
1 0.3846875000 0.5733333333 0.0443750000 0.0500000000
2 0.6931640625 0.5815208333 0.0350703125 0.0414062500
1 0.1886640625 0.6733333333 0.0689921875 0.0724062500
1 0.2561796875 0.6667500000 0.0615000000 0.0688437500
1 0.3169062500 0.6651875000 0.0617421875 0.0587916667
1 0.4271796875 0.6486875000 0.0548671875 0.0591875000
1 0.3721093750 0.6589895833 0.0531796875 0.0593750000
1 0.4732031250 0.6443541667 0.0451093750 0.0572500000
1 0.5546562500 0.6401458333 0.0404687500 0.0524270833
1 0.5262109375 0.6946458333 0.0426562500 0.0578854167
1 0.5562656250 0.6950729167 0.0255468750 0.0541145833
1 0.5135390625 0.6413020833 0.0450625000 0.0510625000
1 0.5829609375 0.6936770833 0.0348125000 0.0557604167
1 0.5874062500 0.6392500000 0.0384296875 0.0549583333
1 0.6475312500 0.6556770833 0.0677031250 0.0873541667
1 0.7000000000 0.6483645833 0.0594140625 0.0831250000
1 0.7637890625 0.6439895833 0.0625234375 0.0828750000
1 0.8033125000 0.6380833333 0.0564375000 0.0768854167
1 0.8393046875 0.6347812500 0.0546875000 0.0729583333
1 0.1879296875 0.7433541667 0.0712656250 0.0745416667
1 0.2592031250 0.7359166667 0.0664765625 0.0709687500
1 0.3218046875 0.7308541667 0.0592500000 0.0731979167
1 0.3785937500 0.7183333333 0.0514062500 0.0656250000
1 0.4310546875 0.7097812500 0.0573281250 0.0624687500
1 0.4813437500 0.7017916667 0.0469218750 0.0624895833
