8 0.7637500000 0.2363888889 0.0703125000 0.1608333333
8 0.7701562500 0.3744444444 0.0425000000 0.1088888889
1 0.2384765625 0.5562916667 0.0540546875 0.0450138889
1 0.3321484375 0.5627500000 0.0544062500 0.0417638889
1 0.4062656250 0.5609444444 0.0283359375 0.0430972222
1 0.4354531250 0.5631666667 0.0307578125 0.0414583333
1 0.5804843750 0.5639861111 0.0746328125 0.0464305556
3 0.6742187500 0.5525000000 0.0167187500 0.0219444444
1 0.1979765625 0.6333055556 0.0264609375 0.0958472222
1 0.2377890625 0.6011527778 0.0547031250 0.0449722222
1 0.3328906250 0.6082500000 0.0539140625 0.0466111111
1 0.4320781250 0.6168472222 0.0271640625 0.0662361111
1 0.4025000000 0.6155555556 0.0321875000 0.0705555556
1 0.5064062500 0.6288888889 0.0582812500 0.0680555556
1 0.5073437500 0.5697222222 0.0576562500 0.0550000000
1 0.5786015625 0.6118611111 0.0724453125 0.0503194444
3 0.6743750000 0.5786111111 0.0175000000 0.0316666667
3 0.6921875000 0.5708333333 0.0192187500 0.0600000000
8 0.6651250000 0.6195555556 0.0754687500 0.0566666667
7 0.7546250000 0.5706388889 0.0163906250 0.0325694444
7 0.7701484375 0.6162361111 0.0154296875 0.0394166667
7 0.7729453125 0.5694444444 0.0136875000 0.0493611111
1 0.2376718750 0.6438611111 0.0529218750 0.0395694444
1 0.2386640625 0.6860694444 0.0519375000 0.0413333333
1 0.3330078125 0.6770555556 0.0531718750 0.0901388889
1 0.4317421875 0.6811250000 0.0263671875 0.0610277778
1 0.4020312500 0.6811111111 0.0331250000 0.0627777778
1 0.5056250000 0.6961111111 0.0571875000 0.0666666667
1 0.5857812500 0.6613888889 0.0584375000 0.0505555556
8 0.6787265625 0.6982222222 0.0442187500 0.1022916667
8 0.6440000000 0.6956666667 0.0306328125 0.0996805556
7 0.7531796875 0.6355972222 0.0173515625 0.0541666667
7 0.7483593750 0.6985000000 0.0177421875 0.0579305556
7 0.7713046875 0.6508611111 0.0177421875 0.0236527778
7 0.7667734375 0.6950833333 0.0152343750 0.0593055556
1 0.1995859375 0.7276250000 0.0247343750 0.0918888889
1 0.2384140625 0.7309166667 0.0529218750 0.0439722222
1 0.3318750000 0.7433333333 0.0532812500 0.0397222222
1 0.4045156250 0.7417916667 0.0300156250 0.0560972222
1 0.4318125000 0.7386527778 0.0237421875 0.0525000000
1 0.5522500000 0.7521527778 0.0237343750 0.0696527778
1 0.5042187500 0.7608333333 0.0518750000 0.0663888889
1 0.5765390625 0.7578333333 0.0243437500 0.0631388889
1 0.5835937500 0.7058333333 0.0607812500 0.0394444444
1 0.6014062500 0.7616666667 0.0259375000 0.0683333333
7 0.7638828125 0.7596944444 0.0171640625 0.0596527778
7 0.7452734375 0.7574722222 0.0208281250 0.0462777778
1 0.2005703125 0.8223750000 0.0222578125 0.0923333333
1 0.2382890625 0.8199583333 0.0526796875 0.0391250000
1 0.2939062500 0.8063888889 0.0242187500 0.0925000000
1 0.2381640625 0.7768611111 0.0524296875 0.0435277778
1 0.3322734375 0.8087361111 0.0516875000 0.0914583333
1 0.4323203125 0.7934861111 0.0217421875 0.0547361111
1 0.4065625000 0.7961111111 0.0292187500 0.0552777778
1 0.5045312500 0.8230555556 0.0528125000 0.0616666667
1 0.5509375000 0.8225000000 0.0248437500 0.0569444444
1 0.6012500000 0.8319444444 0.0264062500 0.0647222222
1 0.5751562500 0.8250000000 0.0245312500 0.0683333333
2 0.6441484375 0.8313333333 0.0408046875 0.0623888889
7 0.7606015625 0.8183194444 0.0163906250 0.0527916667
7 0.7417031250 0.8172916667 0.0221718750 0.0397638889
1 0.2386640625 0.8595277778 0.0514453125 0.0408888889
1 0.4037500000 0.8483333333 0.0309375000 0.0494444444
1 0.4335937500 0.8454722222 0.0288437500 0.0517361111
