0 0.1589140625 0.2644479167 0.0517734375 0.0434479167
0 0.1168906250 0.2634583333 0.0493671875 0.0345416667
7 0.2386953125 0.2644583333 0.0812734375 0.0633229167
7 0.3309375000 0.2702083333 0.0745312500 0.0618750000
1 0.4193984375 0.2835208333 0.0694140625 0.0294166667
1 0.4845312500 0.2875000000 0.0381250000 0.0327083333
1 0.5242500000 0.2885000000 0.0388437500 0.0415416667
4 0.7017265625 0.2775208333 0.0733359375 0.0312708333
0 0.1027734375 0.3076041667 0.0504453125 0.0473750000
0 0.1476171875 0.3106458333 0.0526484375 0.0501250000
7 0.3314062500 0.3535416667 0.0745312500 0.0491666667
1 0.4217812500 0.3152291667 0.0721875000 0.0335937500
1 0.4198593750 0.3442395833 0.0736875000 0.0315625000
1 0.4882812500 0.3256250000 0.0417187500 0.0350000000
1 0.5280437756 0.3302919708 0.0369357045 0.0419708029
7 0.5845078125 0.3603854167 0.0263593750 0.0111875000
7 0.5989765625 0.3351458333 0.0192968750 0.0299479167
7 0.5859765625 0.3107708333 0.0344375000 0.0233020833
7 0.6183046875 0.3581145833 0.0438046875 0.0200208333
4 0.7068437500 0.3046666667 0.0733671875 0.0342708333
4 0.7133906250 0.3388645833 0.0773671875 0.0413541667
0 0.1038671875 0.4128125000 0.1072343750 0.0559583333
0 0.2205234375 0.3772083333 0.0942343750 0.0504583333
1 0.3317187500 0.4089583333 0.0687500000 0.0650000000
1 0.4208828125 0.3765625000 0.0725859375 0.0312604167
1 0.4235156250 0.4072916667 0.0785156250 0.0391562500
1 0.4910937500 0.3768750000 0.0509375000 0.0481250000
1 0.4975000000 0.4308333333 0.0468750000 0.0606250000
1 0.5426562500 0.4327083333 0.0470312500 0.0595833333
1 0.5346875000 0.3745833333 0.0496875000 0.0510416667
1 0.6065937500 0.4102916667 0.0870078125 0.0401875000
4 0.7246093750 0.3794687500 0.0822500000 0.0364895833
4 0.7330078125 0.4114583333 0.0922890625 0.0379270833
0 0.0979453125 0.4662187500 0.1028125000 0.0583437500
0 0.2091640625 0.4649687500 0.0997500000 0.0733333333
1 0.3207656250 0.4939791667 0.0935859375 0.1003437500
1 0.4293750000 0.4804166667 0.0825000000 0.0397916667
1 0.4278515625 0.4454166667 0.0819375000 0.0378020833
1 0.5023984375 0.4896875000 0.0525234375 0.0596041667
1 0.6152500000 0.4453229167 0.0950000000 0.0410104167
1 0.6228515625 0.4942812500 0.0989609375 0.0625833333
4 0.7498437500 0.4570416667 0.0994765625 0.0573333333
0 0.0818281250 0.5276875000 0.1144375000 0.0682916667
0 0.1962031250 0.5492083333 0.1165937500 0.1013229167
1 0.4311562500 0.5320625000 0.0856406250 0.0433645833
1 0.5540355677 0.5492700730 0.0519835841 0.0583941606
1 0.5040156250 0.5489166667 0.0556796875 0.0599479167
1 0.6391796875 0.5568229167 0.1038750000 0.0732604167
1 0.7654687500 0.5350000000 0.1271875000 0.0933333333
8 0.8533828125 0.5657916667 0.0484531250 0.0960208333
0 0.0613515625 0.5860937500 0.1173828125 0.0690416667
1 0.3125312500 0.5971770833 0.0996484375 0.1087291667
1 0.4322421875 0.5806875000 0.0802812500 0.0524687500
1 0.5607343750 0.6116145833 0.0517812500 0.0674583333
1 0.5087265625 0.6120937500 0.0523984375 0.0645729167
1 0.6510703125 0.6261666667 0.1171250000 0.0733333333
1 0.7907578125 0.6246562500 0.1106875000 0.0713541667
0 0.0577812500 0.6548229167 0.1155625000 0.0673020833
0 0.1861406250 0.6583541667 0.1111406250 0.0817604167
1 0.4319843750 0.6372812500 0.0937421875 0.0501979167
1 0.4337734375 0.6855520833 0.0966484375 0.0526770833
1 0.5406250000 0.6970937500 0.1105859375 0.1118437500
1 0.8053125000 0.6877083333 0.0923437500 0.0450000000
8 0.8891406250 0.6666041667 0.0741406250 0.1382916667
0 0.0607500000 0.7167083333 0.0720156250 0.0462812500
0 0.1786250000 0.7436250000 0.1147656250 0.0935625000
1 0.3126484375 0.7026875000 0.0976250000 0.0504062500
1 0.4365390625 0.7383437500 0.0975859375 0.0563437500
1 0.6690156250 0.7061354167 0.1198125000 0.0899166667
