7 0.7662500000 0.0908333333 0.0453125000 0.1410416667
7 0.8114062500 0.0845833333 0.0445312500 0.1427083333
6 0.5220312500 0.1327083333 0.1250000000 0.1008333333
1 0.6925234375 0.1548020833 0.0760312500 0.1206562500
1 0.3874375000 0.1992500000 0.1180078125 0.0976979167
1 0.6226796875 0.1687395833 0.0649140625 0.1212708333
3 0.7670312500 0.2227083333 0.0460937500 0.1300000000
3 0.8132812500 0.2168750000 0.0468750000 0.1345833333
1 0.2637500000 0.2712500000 0.1042187500 0.0904166667
6 0.4998437500 0.2758333333 0.0925000000 0.2062500000
7 0.6551953125 0.2784791667 0.1357031250 0.1265104167
1 0.2626562500 0.3570833333 0.1123437500 0.0822916667
1 0.4204843750 0.3093750000 0.0569765625 0.0837083333
7 0.8003125000 0.3277083333 0.1156250000 0.1133333333
1 0.4227031250 0.3951250000 0.0539062500 0.0832500000
7 0.6202343750 0.4035104167 0.0573203125 0.1360000000
7 0.6845078125 0.4037916667 0.0636484375 0.1343125000
7 0.0579687500 0.4575729167 0.1143750000 0.1927916667
1 0.2540625000 0.4450000000 0.1079687500 0.0947916667
1 0.4218515625 0.4808750000 0.0522031250 0.0818854167
6 0.5012421875 0.4794791667 0.0908437500 0.1942291667
7 0.8181250000 0.4337500000 0.1490625000 0.1064583333
1 0.2612500000 0.5404166667 0.1089062500 0.0958333333
1 0.4223437500 0.5639583333 0.0506250000 0.0852083333
7 0.6143281250 0.5322395833 0.0554609375 0.1077291667
7 0.6742734375 0.5329791667 0.0701093750 0.1196354167
0 0.8115625000 0.5277083333 0.1393750000 0.0904166667
7 0.0757734375 0.5863750000 0.0773984375 0.0772708333
7 0.1311796875 0.6080416667 0.0471796875 0.0711875000
0 0.8174531250 0.6260416667 0.1515000000 0.0989583333
1 0.2610937500 0.6410416667 0.1148437500 0.0985416667
1 0.4193750000 0.6545833333 0.0493750000 0.0902083333
6 0.5003125000 0.6775000000 0.0906250000 0.2025000000
7 0.6132187500 0.6419270833 0.0532812500 0.1084895833
7 0.6694765625 0.6510312500 0.0634062500 0.1129166667
7 0.0470234375 0.7200520833 0.0768984375 0.0927812500
1 0.2585937500 0.7406250000 0.1179687500 0.0987500000
1 0.4167187500 0.7487500000 0.0590625000 0.0862500000
7 0.6585937500 0.7606250000 0.1368750000 0.0833333333
0 0.8192343750 0.7296145833 0.1514062500 0.1134791667
1 0.4896015625 0.8200520833 0.0665703125 0.0900104167
1 0.2610937500 0.8410416667 0.1104687500 0.1127083333
1 0.4178125000 0.8447916667 0.0551562500 0.0914583333
1 0.4900312500 0.8792708333 0.0683203125 0.0387604167
7 0.6578125000 0.8481250000 0.1357812500 0.0939583333
0 0.8107265625 0.8378958333 0.1380468750 0.1148020833
0 0.8103046875 0.9440416667 0.1448281250 0.1119166666
