7 0.2308710937 0.1656250000 0.0471914063 0.1193984375
7 0.1843046875 0.1638359375 0.0492226562 0.1160468750
7 0.2758242187 0.1556132812 0.0468984375 0.1082187500
7 0.3273789062 0.1545585938 0.0504062500 0.1071406250
1 0.3992812500 0.1439101562 0.0857304688 0.0995468750
1 0.4666953125 0.1473984375 0.0488671875 0.1122421875
1 0.5650859375 0.1411093750 0.0528750000 0.1120976563
1 0.5159687500 0.1443750000 0.0486679687 0.1176250000
1 0.6191835937 0.1382187500 0.0503710938 0.1102070313
8 0.7210000000 0.1180664062 0.1456796875 0.0704218750
2 0.8345859375 0.1442070312 0.0801640625 0.1368828125
0 0.9644843750 0.1116484375 0.0708085938 0.0807421875
2 0.9064921875 0.1403320312 0.0821796875 0.1342187500
7 0.0665195312 0.1849218750 0.0604179687 0.1500234375
7 0.1245156250 0.1788945312 0.0516523438 0.1510429688
8 0.7253593750 0.2127851563 0.1434687500 0.0393671875
0 0.9715546875 0.2073789062 0.0568906250 0.0343281250
7 0.2504062500 0.2999023438 0.0543984375 0.0432890625
7 0.3009296875 0.2963515625 0.0543203125 0.0434335937
1 0.3505468750 0.2931250000 0.0511718750 0.0355468750
1 0.4003671875 0.2915078125 0.0521367187 0.0365507813
1 0.4540781250 0.2951171875 0.0592421875 0.0423828125
1 0.5115703125 0.2902851563 0.0601328125 0.0422851562
6 0.7056640625 0.2925781250 0.0730468750 0.0484375000
6 0.7755482422 0.2922304687 0.0788652344 0.0639921875
6 0.8462890625 0.2845703125 0.0730468750 0.0519531250
5 0.9170859375 0.2759687500 0.0778320312 0.0479882813
5 0.9762539062 0.2751054687 0.0474921875 0.0513593750
7 0.0685000000 0.3091953125 0.0531875000 0.0362851562
7 0.0681601562 0.3442539063 0.0534375000 0.0388945312
7 0.1341289062 0.3404531250 0.0519648437 0.0365156250
7 0.1383789063 0.3044726563 0.0525820313 0.0332148437
7 0.1903750000 0.3411953125 0.0535898437 0.0402031250
7 0.1954335938 0.3025312500 0.0604140625 0.0375156250
7 0.2468984375 0.3380585938 0.0485039062 0.0363242187
7 0.2996328125 0.3361328125 0.0533750000 0.0397382813
1 0.3526054687 0.3319843750 0.0511601562 0.0467539062
1 0.4042460937 0.3303671875 0.0551718750 0.0443320312
1 0.4596093750 0.3388281250 0.0560937500 0.0469531250
1 0.5157031250 0.3370312500 0.0598437500 0.0484375000
1 0.5615937500 0.3147304687 0.0435703125 0.0880273438
1 0.6040078125 0.3100625000 0.0452382812 0.0901210938
1 0.6507460937 0.3126992187 0.0489453125 0.0941953125
6 0.7093750000 0.3410156250 0.0703125000 0.0531250000
6 0.7699218750 0.3451171875 0.0523437500 0.0378906250
6 0.8478515625 0.3357421875 0.0785156250 0.0511718750
5 0.9205742188 0.3250039062 0.0733281250 0.0519492187
5 0.9774179687 0.3260859375 0.0451601562 0.0536445313
7 0.1248398438 0.3765156250 0.0561679688 0.0384023438
7 0.1869218750 0.3726523438 0.0539570312 0.0292500000
7 0.2450351562 0.3739218750 0.0544296875 0.0326523437
7 0.2573359375 0.4320273437 0.0561093750 0.0455078125
7 0.2990820312 0.3674843750 0.0529414062 0.0306445313
7 0.3146953125 0.4309140625 0.0551445313 0.0447539062
1 0.4378125000 0.4285156250 0.0683593750 0.0471093750
1 0.5089843750 0.4268750000 0.0666406250 0.0478906250
1 0.5721093750 0.4245312500 0.0660937500 0.0521875000
5 0.8056640625 0.4203125000 0.0699218750 0.0585937500
5 0.8727179687 0.4167968750 0.0726562500 0.0492187500
5 0.9390625000 0.4146484375 0.0703125000 0.0496093750
0 0.9831679688 0.4040468750 0.0336601563 0.0386210938
7 0.0832460938 0.4389765625 0.0613750000 0.0435781250
7 0.0771132812 0.4851328125 0.0610664062 0.0449375000
7 0.1403945312 0.4372343750 0.0557382813 0.0445078125
7 0.1376953125 0.4792304688 0.0581992188 0.0429335937
7 0.1965000000 0.4795664063 0.0588085938 0.0475273437
7 0.1980000000 0.4355078125 0.0593945312 0.0444531250
7 0.2558671875 0.4782148438 0.0580039062 0.0489804687
7 0.3137187500 0.4771953125 0.0563789062 0.0484140625
1 0.3721875000 0.4545312500 0.0630468750 0.0964062500
1 0.4391406250 0.4810937500 0.0642968750 0.0415625000
1 0.5034199726 0.4774281806 0.0642954856 0.0451436389
1 0.5740625000 0.4707031250 0.0669531250 0.0493750000
6 0.6351562500 0.4470703125 0.0617187500 0.0949218750
6 0.6893214844 0.4467433594 0.0613281250 0.1003906250
6 0.7475246094 0.4435546875 0.0652343750 0.1011718750
5 0.7986328125 0.4781250000 0.0621093750 0.0570312500
5 0.8692777344 0.4688871094 0.0804687500 0.0570312500
5 0.9396152344 0.4662109375 0.0701117187 0.0496093750
0 0.9876601563 0.4494609375 0.0246757813 0.0505195312
1 0.6361718750 0.5575000000 0.0545312500 0.0383593750
6 0.7464335937 0.5660625000 0.0664765625 0.0540859375
6 0.8064023437 0.5662382812 0.0641132812 0.0582617187
6 0.8654921875 0.5664062500 0.0651679687 0.0598359375
5 0.9654179687 0.5633906250 0.0561562500 0.0456250000
5 0.9169960938 0.5588828125 0.0475585937 0.0559804687
7 0.0542656250 0.5811484375 0.0613437500 0.0496328125
7 0.0516523438 0.6287812500 0.0610468750 0.0491171875
7 0.1160195313 0.5773867188 0.0638242187 0.0503671875
7 0.1145742187 0.6261171875 0.0667304688 0.0444570313
7 0.1766992187 0.6228320313 0.0654960937 0.0499062500
7 0.1794687500 0.5771445312 0.0644023438 0.0465234375
7 0.2399453125 0.5747695313 0.0661953125 0.0463281250
7 0.2402968750 0.6216406250 0.0634882812 0.0484609375
1 0.3624843750 0.6312304687 0.0527617188 0.0552578125
1 0.3028828125 0.6318359375 0.0618632812 0.0567343750
1 0.3025273438 0.5757695313 0.0621210938 0.0559453125
1 0.3627460937 0.5719375000 0.0585351563 0.0496015625
1 0.4196367187 0.6194843750 0.0527382812 0.0511054687
1 0.4183359375 0.5697148438 0.0522773437 0.0438476562
1 0.4717617188 0.5691484375 0.0540781250 0.0441953125
1 0.4709804687 0.6188398438 0.0543828125 0.0528945312
1 0.5261171875 0.6175625000 0.0536562500 0.0527617188
1 0.5269531250 0.5685937500 0.0537500000 0.0447656250
1 0.5812421875 0.5668164062 0.0537968750 0.0481132813
1 0.5813953488 0.6155950752 0.0588235294 0.0465116279
1 0.6933281250 0.5882578125 0.0609531250 0.0990742187
5 0.9205468750 0.6138945312 0.0518554687 0.0521875000
5 0.9691367187 0.6135976562 0.0561406250 0.0508242187
7 0.1100859375 0.6669531250 0.0628515625 0.0387812500
7 0.1763515625 0.6647890625 0.0611328125 0.0369257813
7 0.2378867188 0.6623984375 0.0601132813 0.0366523438
3 0.0120507813 0.7346875000 0.0241015625 0.0309375000
3 0.0741406250 0.7535937500 0.0414843750 0.0753125000
3 0.0420312500 0.7339843750 0.0364843750 0.0322656250
3 0.1083593750 0.7523437500 0.0396093750 0.0746875000
7 0.1430703125 0.7543125000 0.0385234375 0.0833828125
7 0.1720468750 0.7488164063 0.0326992187 0.0726210938
7 0.2045078125 0.7478476563 0.0351171875 0.0763710937
5 0.2339492188 0.7515312500 0.0268007812 0.0308945312
5 0.2742890625 0.7562656250 0.0221171875 0.0315507812
5 0.2430156250 0.7236523437 0.0300429687 0.0273320313
5 0.2726289063 0.7238750000 0.0324414063 0.0313085938
5 0.3055820312 0.7226992187 0.0352617187 0.0342656250
5 0.3372539062 0.7330273438 0.0308007812 0.0570507812
1 0.4306132812 0.7316875000 0.0570390625 0.0536054687
5 0.3689843750 0.7402343750 0.0317968750 0.0681250000
1 0.4909257812 0.7315234375 0.0660546875 0.0592460938
1 0.5632304687 0.7233867188 0.0719609375 0.0492265625
1 0.5624023437 0.7234179687 0.0749921875 0.0477460938
1 0.6312773437 0.7215156250 0.0689570312 0.0475468750
1 0.7007460937 0.7204140625 0.0687460937 0.0485156250
1 0.7669687500 0.7198398437 0.0636875000 0.0537460938
6 0.8267226563 0.7247187500 0.0577656250 0.0635703125
6 0.8797109375 0.7219062500 0.0611289062 0.0596445313
6 0.9346914063 0.7209804687 0.0637500000 0.0601250000
5 0.9812460938 0.7173359375 0.0375078124 0.0517539062
3 0.0113867188 0.7675781250 0.0227734375 0.0346093750
3 0.0385937500 0.7681250000 0.0362500000 0.0367968750
5 0.2374218750 0.7828203125 0.0260117187 0.0294609375
1 0.4286953125 0.7852070313 0.0604531250 0.0553437500
1 0.4906992188 0.7850195313 0.0628945312 0.0509179687
1 0.5606132813 0.7759218750 0.0618398437 0.0579765625
1 0.6283007812 0.7732578125 0.0737421875 0.0594765625
1 0.6993593750 0.7718164063 0.0742265625 0.0561835937
1 0.7695859375 0.7707695312 0.0686484375 0.0566093750
6 0.8363437500 0.7850195312 0.0642070312 0.0619062500
6 0.8945703125 0.7840664063 0.0653789063 0.0647148438
6 0.9520312500 0.7839062500 0.0700000000 0.0657031250
5 0.9885312500 0.7696992187 0.0229375000 0.0540390625
7 0.2028007813 0.8989570313 0.0316914062 0.0355898437
7 0.2377148438 0.8991484375 0.0408476562 0.0351289063
7 0.2738632812 0.8979218750 0.0362968750 0.0368164062
1 0.6942968750 0.8966914062 0.0669921875 0.0570507813
7 0.0132812500 0.9320312500 0.0263281250 0.0865625000
7 0.0796093750 0.9232031250 0.0290625000 0.0735156250
7 0.0540625000 0.9262500000 0.0219531250 0.0782812500
7 0.1409414063 0.9191484375 0.0395429687 0.0698632812
7 0.1093828125 0.9190273438 0.0377187500 0.0686406250
7 0.2050664063 0.9344531250 0.0317187500 0.0391679688
7 0.1733671875 0.9129062500 0.0339570312 0.0600000000
7 0.2387187500 0.9338437500 0.0420703125 0.0393710938
7 0.2792812500 0.9313710937 0.0394296875 0.0393242188
7 0.2596328125 0.9600000000 0.0369648438 0.0208710937
7 0.2962773438 0.9507187500 0.0324609375 0.0312539063
1 0.3871875000 0.9083867187 0.0624921875 0.0578320312
1 0.3891601563 0.9636328125 0.0606367188 0.0567460938
1 0.4472187500 0.9596328125 0.0615625000 0.0605664063
1 0.4462109375 0.9032343750 0.0573906250 0.0528085937
1 0.5073164063 0.9064921875 0.0634921875 0.0653554688
1 0.5752070313 0.9623632813 0.0606562500 0.0567070312
1 0.6309492188 0.9003203125 0.0615625000 0.0479140625
1 0.5706054688 0.9041406250 0.0624726562 0.0641406250
1 0.6356992188 0.9574726562 0.0621210937 0.0614726563
1 0.6975312500 0.9581328125 0.0615039063 0.0623828125
1 0.7587031250 0.9005937500 0.0653906250 0.0569921875
1 0.7580703125 0.9605468750 0.0645742187 0.0623437500
6 0.8304687500 0.9296718750 0.0655820313 0.1212851562
6 0.8912812500 0.9294570312 0.0675039062 0.1172929687
6 0.9501914063 0.9267070312 0.0637304688 0.1189765625
1 0.5146328125 0.9670625000 0.0620195313 0.0595234375
1 0.6333789330 0.9931600547 0.0574555404 0.0136798906
