7 0.0679687500 0.0132812500 0.0865625000 0.0263281250
3 0.2324218750 0.0113867188 0.0346093750 0.0227734375
3 0.2653125000 0.0120507813 0.0309375000 0.0241015625
7 0.0737500000 0.0540625000 0.0782812500 0.0219531250
7 0.0767968750 0.0796093750 0.0735156250 0.0290625000
3 0.2318750000 0.0385937500 0.0367968750 0.0362500000
3 0.2660156250 0.0420312500 0.0322656250 0.0364843750
3 0.2464062500 0.0741406250 0.0753125000 0.0414843750
7 0.4188515625 0.0542656250 0.0496328125 0.0613437500
7 0.3712187500 0.0516523438 0.0491171875 0.0610468750
7 0.5610234375 0.0832460938 0.0435781250 0.0613750000
7 0.5148671875 0.0771132812 0.0449375000 0.0610664062
7 0.6557460937 0.0681601562 0.0388945312 0.0534375000
7 0.6908046875 0.0685000000 0.0362851562 0.0531875000
7 0.8150781250 0.0665195312 0.1500234375 0.0604179687
7 0.0809726562 0.1093828125 0.0686406250 0.0377187500
7 0.0808515625 0.1409414063 0.0698632812 0.0395429687
7 0.2456875000 0.1430703125 0.0833828125 0.0385234375
3 0.2476562500 0.1083593750 0.0746875000 0.0396093750
7 0.3330468750 0.1100859375 0.0387812500 0.0628515625
7 0.3738828125 0.1145742187 0.0444570313 0.0667304688
7 0.4226132812 0.1160195313 0.0503671875 0.0638242187
7 0.5207695312 0.1376953125 0.0429335937 0.0581992188
7 0.5627656250 0.1403945312 0.0445078125 0.0557382813
7 0.6234843750 0.1248398438 0.0384023438 0.0561679688
7 0.6955273438 0.1383789062 0.0332148437 0.0525820313
7 0.6595468750 0.1341289062 0.0365156250 0.0519648437
7 0.8211054688 0.1245156250 0.1510429688 0.0516523438
7 0.0870937500 0.1733671875 0.0600000000 0.0339570312
7 0.0655468750 0.2050664063 0.0391679688 0.0317187500
7 0.1010429687 0.2028007813 0.0355898437 0.0316914062
7 0.2511835937 0.1720468750 0.0726210938 0.0326992187
7 0.2521523437 0.2045078125 0.0763710937 0.0351171875
7 0.3352109375 0.1763515625 0.0369257813 0.0611328125
7 0.3771679687 0.1766992187 0.0499062500 0.0654960937
7 0.4228554687 0.1794687500 0.0465234375 0.0644023438
7 0.5644921875 0.1980000000 0.0444531250 0.0593945312
7 0.5204335937 0.1965000000 0.0475273437 0.0588085938
7 0.6273476562 0.1869218750 0.0292500000 0.0539570312
7 0.6974687500 0.1954335937 0.0375156250 0.0604140625
7 0.6588046875 0.1903750000 0.0402031250 0.0535898437
7 0.8343750000 0.2308710937 0.1193984375 0.0471914063
7 0.8361640625 0.1843046875 0.1160468750 0.0492226562
7 0.0400000000 0.2596328125 0.0208710937 0.0369648438
7 0.0661562500 0.2387187500 0.0393710938 0.0420703125
7 0.0686289062 0.2792812500 0.0393242188 0.0394296875
7 0.0492812500 0.2962773438 0.0312539063 0.0324609375
7 0.1020781250 0.2738632813 0.0368164062 0.0362968750
7 0.1008515625 0.2377148438 0.0351289063 0.0408476562
5 0.2171796875 0.2374218750 0.0294609375 0.0260117187
5 0.2484687500 0.2339492188 0.0308945312 0.0268007812
5 0.2437343750 0.2742890625 0.0315507812 0.0221171875
5 0.2763476562 0.2430156250 0.0273320313 0.0300429687
5 0.2761250000 0.2726289063 0.0313085938 0.0324414063
7 0.3376015625 0.2378867188 0.0366523438 0.0601132813
7 0.4252304687 0.2399453125 0.0463281250 0.0661953125
7 0.3783593750 0.2402968750 0.0484609375 0.0634882812
7 0.5217851562 0.2558671875 0.0489804687 0.0580039062
7 0.5679726563 0.2573359375 0.0455078125 0.0561093750
7 0.6260781250 0.2450351562 0.0326523437 0.0544296875
7 0.6325156250 0.2990820312 0.0306445313 0.0529414062
7 0.6638671875 0.2996328125 0.0397382813 0.0533750000
7 0.6619414062 0.2468984375 0.0363242187 0.0485039062
7 0.7000976562 0.2504062500 0.0432890625 0.0543984375
7 0.8443867188 0.2758242187 0.1082187500 0.0468984375
5 0.2773007813 0.3055820312 0.0342656250 0.0352617187
5 0.2669726562 0.3372539063 0.0570507812 0.0308007812
1 0.3687695313 0.3624843750 0.0552578125 0.0527617188
1 0.3681640625 0.3028828125 0.0567343750 0.0618632812
1 0.4242304687 0.3025273438 0.0559453125 0.0621210938
1 0.4280625000 0.3627460937 0.0496015625 0.0585351563
7 0.5228046875 0.3137187500 0.0484140625 0.0563789062
7 0.5690859375 0.3146953125 0.0447539062 0.0551445313
1 0.6680156250 0.3526054687 0.0467539062 0.0511601562
1 0.7068750000 0.3505468750 0.0355468750 0.0511718750
7 0.7036484375 0.3009296875 0.0434335937 0.0543203125
7 0.8454414062 0.3273789062 0.1071406250 0.0504062500
1 0.0916132813 0.3871875000 0.0578320312 0.0624921875
1 0.0363671875 0.3891601563 0.0567460938 0.0606367188
1 0.2147929687 0.4286953125 0.0553437500 0.0604531250
1 0.2683125000 0.4306132813 0.0536054687 0.0570390625
5 0.2597656250 0.3689843750 0.0681250000 0.0317968750
1 0.4302851562 0.4183359375 0.0438476562 0.0522773437
1 0.3805156250 0.4196367187 0.0511054687 0.0527382812
1 0.5454687500 0.3721875000 0.0964062500 0.0630468750
1 0.6696328125 0.4042460937 0.0443320312 0.0551718750
1 0.7084921875 0.4003671875 0.0365507813 0.0521367187
1 0.8560898438 0.3992812500 0.0995468750 0.0857304688
1 0.0967656250 0.4462109375 0.0528085937 0.0573906250
1 0.0403671875 0.4472187500 0.0605664063 0.0615625000
1 0.2149804687 0.4906992188 0.0509179687 0.0628945312
1 0.2684765625 0.4909257813 0.0592460938 0.0660546875
1 0.4308515625 0.4717617188 0.0441953125 0.0540781250
1 0.3811601562 0.4709804687 0.0528945312 0.0543828125
1 0.5189062500 0.4391406250 0.0415625000 0.0642968750
1 0.5714843750 0.4378125000 0.0471093750 0.0683593750
1 0.6611718750 0.4596093750 0.0469531250 0.0560937500
1 0.7048828125 0.4540781250 0.0423828125 0.0592421875
1 0.8526015625 0.4666953125 0.1122421875 0.0488671875
1 0.0329375000 0.5146328125 0.0595234375 0.0620195313
1 0.0935078125 0.5073164063 0.0653554688 0.0634921875
1 0.2240781250 0.5606132813 0.0579765625 0.0618398437
1 0.2766132813 0.5632304687 0.0492265625 0.0719609375
1 0.2765820312 0.5624023437 0.0477460938 0.0749921875
1 0.4314062500 0.5269531250 0.0447656250 0.0537500000
1 0.3824375000 0.5261171875 0.0527617188 0.0536562500
1 0.5225718194 0.5034199726 0.0451436389 0.0642954856
1 0.5731250000 0.5089843750 0.0478906250 0.0666406250
1 0.6852695313 0.5615937500 0.0880273438 0.0435703125
1 0.6629687500 0.5157031250 0.0484375000 0.0598437500
1 0.7097148437 0.5115703125 0.0422851562 0.0601328125
1 0.8556250000 0.5159687500 0.1176250000 0.0486679687
1 0.8588906250 0.5650859375 0.1120976563 0.0528750000
1 0.0376367188 0.5752070313 0.0567070312 0.0606562500
1 0.0958593750 0.5706054688 0.0641406250 0.0624726562
1 0.0996796875 0.6309492188 0.0479140625 0.0615625000
1 0.2267421875 0.6283007813 0.0594765625 0.0737421875
1 0.2784843750 0.6312773437 0.0475468750 0.0689570312
1 0.4331835938 0.5812421875 0.0481132813 0.0537968750
1 0.3844049248 0.5813953488 0.0465116279 0.0588235294
1 0.5292968750 0.5740625000 0.0493750000 0.0669531250
1 0.5754687500 0.5721093750 0.0521875000 0.0660937500
1 0.6899375000 0.6040078125 0.0901210938 0.0452382812
1 0.8617812500 0.6191835937 0.1102070313 0.0503710938
1 0.0068399453 0.6333789330 0.0136798906 0.0574555404
1 0.0425273438 0.6356992188 0.0614726563 0.0621210937
1 0.0418671875 0.6975312500 0.0623828125 0.0615039063
1 0.1033085938 0.6942968750 0.0570507813 0.0669921875
1 0.2281835938 0.6993593750 0.0561835937 0.0742265625
1 0.4117421875 0.6933281250 0.0990742187 0.0609531250
1 0.4425000000 0.6361718750 0.0383593750 0.0545312500
6 0.5529296875 0.6351562500 0.0949218750 0.0617187500
6 0.5532566406 0.6893214844 0.1003906250 0.0613281250
1 0.6873007813 0.6507460937 0.0941953125 0.0489453125
1 0.0394531250 0.7580703125 0.0623437500 0.0645742187
1 0.0994062500 0.7587031250 0.0569921875 0.0653906250
1 0.2795859375 0.7007460937 0.0485156250 0.0687460937
6 0.4339375000 0.7464335937 0.0540859375 0.0664765625
6 0.5564453125 0.7475246094 0.1011718750 0.0652343750
6 0.6589843750 0.7093750000 0.0531250000 0.0703125000
6 0.7074218750 0.7056640625 0.0484375000 0.0730468750
8 0.7872148437 0.7253593750 0.0393671875 0.1434687500
8 0.8819335938 0.7210000000 0.0704218750 0.1456796875
6 0.0703281250 0.8304687500 0.1212851562 0.0655820313
1 0.2292304688 0.7695859375 0.0566093750 0.0686484375
6 0.2752812500 0.8267226563 0.0635703125 0.0577656250
1 0.2801601563 0.7669687500 0.0537460938 0.0636875000
6 0.4337617188 0.8064023437 0.0582617187 0.0641132812
5 0.5218750000 0.7986328125 0.0570312500 0.0621093750
5 0.5796875000 0.8056640625 0.0585937500 0.0699218750
6 0.6548828125 0.7699218750 0.0378906250 0.0523437500
6 0.7077695313 0.7755482422 0.0639921875 0.0788652344
6 0.0705429688 0.8912812500 0.1172929687 0.0675039062
6 0.2149804688 0.8363437500 0.0619062500 0.0642070312
6 0.2159335938 0.8945703125 0.0647148438 0.0653789063
6 0.2780937500 0.8797109375 0.0596445313 0.0611289062
6 0.4335937500 0.8654921875 0.0598359375 0.0651679687
5 0.5311128906 0.8692777344 0.0570312500 0.0804687500
5 0.5832031250 0.8727179687 0.0492187500 0.0726562500
6 0.6642578125 0.8478515625 0.0511718750 0.0785156250
6 0.7154296875 0.8462890625 0.0519531250 0.0730468750
2 0.8557929688 0.8345859375 0.1368828125 0.0801640625
6 0.0732929688 0.9501914063 0.1189765625 0.0637304688
6 0.2160937500 0.9520312500 0.0657031250 0.0700000000
6 0.2790195313 0.9346914063 0.0601250000 0.0637500000
5 0.3861054688 0.9205468750 0.0521875000 0.0518554687
5 0.4411171875 0.9169960938 0.0559804687 0.0475585937
5 0.4366093750 0.9654179687 0.0456250000 0.0561562500
5 0.5337890625 0.9396152344 0.0496093750 0.0701117187
5 0.5853515625 0.9390625000 0.0496093750 0.0703125000
5 0.6749960938 0.9205742187 0.0519492187 0.0733281250
5 0.7240312500 0.9170859375 0.0479882813 0.0778320312
2 0.8596679687 0.9064921875 0.1342187500 0.0821796875
0 0.8883515625 0.9644843750 0.0807421875 0.0708085938
5 0.2303007813 0.9885312500 0.0540390625 0.0229375000
5 0.2826640625 0.9812460938 0.0517539062 0.0375078124
5 0.3864023438 0.9691367187 0.0508242187 0.0561406250
0 0.5505390625 0.9876601563 0.0505195312 0.0246757813
0 0.5959531250 0.9831679688 0.0386210938 0.0336601563
5 0.6739140625 0.9774179687 0.0536445313 0.0451601562
5 0.7248945313 0.9762539062 0.0513593750 0.0474921875
0 0.7926210938 0.9715546875 0.0343281250 0.0568906250
