1 0.4778281250 0.2281979167 0.0419687500 0.0655104167
3 0.5437500000 0.1941666667 0.0267187500 0.0406250000
3 0.5428125000 0.2277083333 0.0276562500 0.0397916667
1 0.6065468750 0.2267604167 0.0374765625 0.0543125000
3 0.5717187500 0.1872916667 0.0270312500 0.0422916667
3 0.5707812500 0.2195833333 0.0275000000 0.0406250000
1 0.2293750000 0.2689583333 0.0692187500 0.0747916667
1 0.3410937500 0.2783333333 0.0392187500 0.0622916667
1 0.3925000000 0.2950000000 0.0364062500 0.0610416667
1 0.4662265625 0.2877500000 0.0979453125 0.0535937500
1 0.4392968750 0.2340833333 0.0359921875 0.0677083333
3 0.5585937500 0.2595833333 0.0557812500 0.0489583333
3 0.5618750000 0.2952083333 0.0629687500 0.0497916667
1 0.6100468750 0.2796041667 0.0345468750 0.0525000000
1 0.6457812500 0.2706250000 0.0325000000 0.0595833333
1 0.7044218750 0.2504375000 0.0983125000 0.1144166667
8 0.1231250000 0.3181250000 0.0795312500 0.0714583333
1 0.2175000000 0.3604166667 0.0610937500 0.0708333333
1 0.2276562500 0.3185416667 0.0826562500 0.0639583333
1 0.3379687500 0.3425000000 0.0410937500 0.0697916667
1 0.3925000000 0.3618750000 0.0396875000 0.0610416667
1 0.4812812500 0.3408333333 0.0493281250 0.0573125000
1 0.4398359375 0.3455937500 0.0424687500 0.0594166667
1 0.5698437500 0.3323437500 0.0869375000 0.0538020833
1 0.7095546875 0.3570104167 0.1004531250 0.1195833333
1 0.1035937500 0.3891666667 0.0618750000 0.0979166667
1 0.2173437500 0.4116666667 0.0829687500 0.0647916667
1 0.3370312500 0.4158333333 0.0446875000 0.0687500000
1 0.3942656250 0.4202916667 0.0458515625 0.0563229167
1 0.4852109375 0.3984479167 0.0469843750 0.0640000000
1 0.4413359375 0.4051770833 0.0458984375 0.0639583333
1 0.5758281250 0.4246979167 0.0901796875 0.0537395833
1 0.5713828125 0.3794687500 0.0870546875 0.0513645833
1 0.8026406250 0.4075416667 0.0814453125 0.0970208333
1 0.0946875000 0.4735416667 0.0646875000 0.0906250000
1 0.2056250000 0.4712500000 0.0707812500 0.0762500000
1 0.3489062500 0.4758333333 0.0790625000 0.0679166667
1 0.4399296875 0.4662604167 0.0458906250 0.0642708333
1 0.4864609375 0.4653750000 0.0473671875 0.0652916667
1 0.5754453125 0.4693333333 0.0892578125 0.0552812500
1 0.6464062500 0.4820833333 0.0387500000 0.1081250000
1 0.7270937500 0.4723958333 0.1077500000 0.1292395833
3 0.7984453125 0.4932500000 0.0592187500 0.1372708333
2 0.1069765625 0.5545104167 0.1195859375 0.0888958333
1 0.1971875000 0.5437500000 0.0695312500 0.0847916667
1 0.3484375000 0.5377083333 0.0792187500 0.0793750000
1 0.4893437500 0.5360520833 0.0573671875 0.0722500000
1 0.4393359375 0.5335729167 0.0459296875 0.0648437500
1 0.5785468750 0.5196666667 0.0913671875 0.0591145833
3 0.8479687500 0.5044062500 0.0568203125 0.1007812500
