1 0.2407660739 0.0286659316 0.0738714090 0.0297684675
1 0.3347286822 0.0240000000 0.0393798450 0.0392500000
1 0.4694573643 0.0322500000 0.0393798450 0.0345000000
1 0.4679767442 0.0067250000 0.0441860465 0.0134500000
1 0.5025271318 0.0070390625 0.0200310078 0.0140781250
1 0.5003100775 0.0325000000 0.0221705426 0.0352500000
1 0.7359689922 0.0137500000 0.0840310078 0.0272500000
1 0.0635658915 0.0821250000 0.0382945736 0.0325000000
1 0.1032558140 0.0797500000 0.0396899225 0.0302500000
1 0.1409302326 0.0790000000 0.0342635659 0.0322500000
1 0.1200000000 0.0381250000 0.0251162791 0.0440000000
1 0.2398449612 0.0590000000 0.0744186047 0.0306250000
1 0.2404651163 0.0887500000 0.0739534884 0.0336250000
1 0.3339534884 0.0983750000 0.0387596899 0.0345000000
1 0.3347286822 0.0605000000 0.0392248062 0.0401250000
1 0.3654263566 0.0920000000 0.0229457364 0.0222500000
1 0.3663565891 0.0627500000 0.0223255814 0.0368750000
1 0.4702325581 0.0657500000 0.0401550388 0.0338750000
1 0.5007751938 0.0593750000 0.0207751938 0.0198750000
1 0.6361240310 0.0838750000 0.0762790698 0.0750000000
1 0.7817054264 0.0997500000 0.0167441860 0.0958750000
1 0.8537984496 0.0923750000 0.0457364341 0.0941250000
1 0.0640310078 0.1140000000 0.0381395349 0.0303750000
1 0.0640310078 0.1446250000 0.0392248062 0.0310000000
1 0.1407751938 0.1400000000 0.0339534884 0.0263750000
1 0.1035658915 0.1413750000 0.0395348837 0.0298750000
1 0.1417054264 0.1110000000 0.0365891473 0.0318750000
1 0.1029457364 0.1105000000 0.0384496124 0.0311250000
1 0.2278372093 0.1460000000 0.0533565891 0.0296187500
1 0.2303875969 0.1220000000 0.0475968992 0.0220000000
1 0.3355038760 0.1432500000 0.0415503876 0.0458750000
1 0.3742713178 0.1445312500 0.0402713178 0.0445875000
1 0.4978217054 0.1376937500 0.0280697674 0.0326562500
1 0.4665581395 0.1013187500 0.0390077519 0.0397000000
1 0.4626666667 0.1432812500 0.0398372093 0.0202187500
1 0.6303875969 0.1653750000 0.0724031008 0.0581250000
1 0.7378294574 0.1201250000 0.0379844961 0.1028750000
1 0.0782635659 0.1817375000 0.0196434109 0.0250812500
1 0.1112325581 0.1781812500 0.0472945736 0.0291750000
1 0.2277519380 0.1738750000 0.0522480620 0.0291250000
1 0.2270861833 0.2028665932 0.0519835841 0.0297684675
1 0.3356589147 0.1887500000 0.0410852713 0.0431250000
1 0.3747286822 0.1877500000 0.0378294574 0.0422500000
1 0.4973875969 0.2118125000 0.0271007752 0.0224812500
1 0.4648294574 0.2072375000 0.0434496124 0.0349437500
1 0.4668139535 0.1696125000 0.0438139535 0.0378125000
1 0.6320109439 0.2094818082 0.0779753762 0.0396912900
1 0.1072868217 0.2550000000 0.0536434109 0.0275000000
1 0.1063565891 0.2817500000 0.0547286822 0.0268750000
1 0.2175193798 0.2758750000 0.0410852713 0.0386250000
1 0.2528682171 0.2357500000 0.0403100775 0.0372500000
1 0.2558139535 0.2768750000 0.0368992248 0.0387500000
1 0.3618604651 0.2392500000 0.0189147287 0.0333750000
1 0.3289922481 0.2338750000 0.0393798450 0.0393750000
1 0.3302325581 0.2733750000 0.0406201550 0.0293750000
1 0.3615503876 0.2725000000 0.0210852713 0.0257500000
1 0.4982945736 0.2690000000 0.0204651163 0.0202500000
1 0.4982945736 0.2411250000 0.0215503876 0.0351250000
1 0.4680620155 0.2763750000 0.0404651163 0.0323750000
1 0.4679069767 0.2410000000 0.0356589147 0.0345000000
1 0.6106976744 0.2823750000 0.0387596899 0.0371250000
1 0.6106976744 0.2472500000 0.0396899225 0.0360000000
1 0.6483720930 0.2850000000 0.0393798450 0.0376250000
1 0.6513178295 0.2483750000 0.0392248062 0.0370000000
1 0.1058914729 0.3085000000 0.0562790698 0.0272500000
1 0.1131782946 0.3443750000 0.0403100775 0.0257500000
1 0.2159689922 0.3127500000 0.0384496124 0.0346250000
1 0.2156589147 0.3497500000 0.0361240310 0.0363750000
1 0.2548837209 0.3171375000 0.0397984496 0.0373812500
1 0.2545736434 0.3536250000 0.0410852713 0.0362500000
1 0.4593565891 0.3598437500 0.0402093023 0.0423000000
1 0.4595348837 0.3153750000 0.0381395349 0.0425000000
1 0.5013953488 0.3620000000 0.0409302326 0.0397500000
1 0.5041860465 0.3170000000 0.0393798450 0.0430000000
1 0.6089922481 0.3188750000 0.0379844961 0.0368750000
1 0.6200000000 0.3561250000 0.0598449612 0.0363750000
1 0.6482170543 0.3208750000 0.0410852713 0.0355000000
1 0.1120930233 0.3700000000 0.0409302326 0.0205000000
4 0.1117829457 0.3942500000 0.0849612403 0.0291250000
4 0.1096899225 0.4240625000 0.0860465116 0.0293750000
4 0.2364341085 0.4325000000 0.0728682171 0.0251250000
4 0.2358139535 0.3825000000 0.0730232558 0.0281250000
4 0.2365891473 0.4081250000 0.0730232558 0.0256250000
4 0.3424806202 0.4037500000 0.0567674419 0.0232812500
4 0.3429767442 0.4280000000 0.0545581395 0.0219937500
1 0.3688217054 0.3735375000 0.0408062016 0.0400062500
4 0.4841782946 0.3930375000 0.0731627907 0.0227625000
4 0.4852945736 0.4162375000 0.0771240310 0.0241375000
1 0.6224806202 0.4193750000 0.0551937984 0.0300000000
1 0.6203100775 0.3888750000 0.0601550388 0.0348750000
4 0.1104651163 0.4550000000 0.0875968992 0.0300000000
7 0.1192248062 0.4873750000 0.0249612403 0.0346250000
7 0.1426356589 0.4872500000 0.0246511628 0.0345000000
7 0.2359689922 0.4641250000 0.0258914729 0.0375000000
7 0.2609302326 0.4642500000 0.0244961240 0.0380000000
7 0.3515658915 0.4824187500 0.0294883721 0.0524312500
4 0.3416899225 0.4516250000 0.0541085271 0.0245375000
7 0.3247364341 0.4861812500 0.0255271318 0.0472812500
7 0.3751782946 0.4863250000 0.0271782946 0.0482187500
4 0.4866124031 0.4414062500 0.0735813953 0.0270062500
7 0.4863565891 0.4792562500 0.0230775194 0.0508562500
7 0.4607519380 0.4802125000 0.0291937984 0.0525062500
7 0.5099302326 0.4785125000 0.0291627907 0.0458687500
4 0.6292749658 0.4740904079 0.0725034200 0.0551267916
7 0.1401550388 0.5565000000 0.0254263566 0.0346250000
7 0.1172093023 0.5565000000 0.0235658915 0.0351250000
7 0.1412403101 0.5220000000 0.0244961240 0.0338750000
7 0.1178294574 0.5216250000 0.0235658915 0.0342500000
7 0.2351937984 0.5033750000 0.0275968992 0.0385000000
7 0.2606201550 0.5040000000 0.0248062016 0.0388750000
7 0.2579922481 0.5446750000 0.0296589147 0.0410750000
7 0.2342093023 0.5416937500 0.0295736434 0.0418937500
7 0.3494418605 0.5324687500 0.0287674419 0.0502312500
7 0.3242248062 0.5332562500 0.0255658915 0.0458375000
7 0.3745736434 0.5346687500 0.0277441860 0.0504125000
7 0.4835891473 0.5288062500 0.0291085271 0.0416875000
7 0.5075116279 0.5297875000 0.0278604651 0.0434562500
4 0.6201550388 0.5282500000 0.0708527132 0.0548750000
7 0.1382790698 0.6177500000 0.0234263566 0.0177875000
7 0.1392248062 0.5912500000 0.0243410853 0.0348750000
7 0.1122480620 0.6176250000 0.0262015504 0.0181250000
7 0.1161240310 0.5912500000 0.0243410853 0.0346250000
7 0.2319379845 0.6238750000 0.0255813953 0.0400000000
7 0.2331782946 0.5835000000 0.0252713178 0.0405000000
7 0.2586046512 0.5836250000 0.0254263566 0.0402500000
7 0.2576744186 0.6236250000 0.0254263566 0.0391250000
7 0.3485348837 0.5788562500 0.0314186047 0.0466312500
7 0.3221705426 0.6233750000 0.0241860465 0.0450000000
7 0.3221085271 0.5783687500 0.0223953488 0.0457500000
7 0.3461085271 0.6254875000 0.0308139535 0.0427250000
7 0.3730620155 0.6264625000 0.0317751938 0.0399500000
7 0.4558992248 0.6139187500 0.0311085271 0.0401312500
7 0.4841937984 0.5700687500 0.0273875969 0.0466312500
7 0.4605736434 0.5690937500 0.0282713178 0.0477000000
7 0.5066046512 0.5720187500 0.0276511628 0.0451937500
7 0.5035736434 0.6132812500 0.0318914729 0.0406812500
4 0.6285271318 0.5851250000 0.0728682171 0.0556250000
7 0.7355038760 0.5853750000 0.0355038760 0.0428750000
6 0.0765891473 0.6686250000 0.0489922481 0.0350000000
7 0.1082170543 0.6356250000 0.0341085271 0.0182500000
7 0.1374961240 0.6352187500 0.0226046512 0.0185437500
7 0.1364341085 0.6518750000 0.0251162791 0.0163750000
7 0.2277519380 0.6558750000 0.0241860465 0.0201250000
7 0.2277519380 0.6761250000 0.0235658915 0.0202500000
7 0.3427906977 0.6821250000 0.0227906977 0.0231250000
7 0.3433488372 0.6584375000 0.0254883721 0.0238312500
7 0.4820155039 0.6518750000 0.0235658915 0.0387500000
7 0.4572093023 0.6550000000 0.0255813953 0.0382500000
7 0.5066666667 0.6521250000 0.0248062016 0.0380000000
4 0.6274418605 0.6401250000 0.0741085271 0.0540000000
4 0.6260465116 0.6950000000 0.0720930233 0.0538750000
7 0.7322480620 0.6606250000 0.0198449612 0.1043750000
7 0.8234108527 0.6795000000 0.0382945736 0.1097500000
7 0.7846511628 0.6625000000 0.0496124031 0.1005000000
6 0.0863565891 0.7635000000 0.0372093023 0.0431250000
6 0.1009302326 0.7197500000 0.0945736434 0.0505000000
6 0.2103875969 0.7130000000 0.0275968992 0.0593750000
6 0.2372093023 0.7248750000 0.0279069767 0.0718750000
6 0.3419972640 0.7089305402 0.0793433653 0.0396912900
6 0.3446511628 0.7516250000 0.0739534884 0.0433750000
6 0.4576744186 0.7610000000 0.0393798450 0.0325000000
6 0.4955038760 0.7078750000 0.0376744186 0.0670000000
6 0.4595348837 0.7067500000 0.0431007752 0.0655000000
6 0.6172093023 0.7466250000 0.0375193798 0.0507500000
7 0.6437209302 0.7436250000 0.0406201550 0.0727500000
6 0.7990697674 0.7506250000 0.0713178295 0.0525000000
6 0.1179844961 0.8303750000 0.0251162791 0.0201250000
6 0.2031007752 0.8168750000 0.0376744186 0.0327500000
6 0.2051162791 0.7813750000 0.0381395349 0.0208750000
6 0.2358139535 0.8150000000 0.0262015504 0.0312500000
6 0.2373643411 0.7798750000 0.0257364341 0.0332500000
6 0.3086821705 0.8056250000 0.0258914729 0.0251250000
6 0.3516279070 0.8036250000 0.0257364341 0.0291250000
6 0.4993798450 0.8058750000 0.0392248062 0.0346250000
6 0.4612403101 0.8027500000 0.0381395349 0.0376250000
6 0.5009302326 0.7701250000 0.0409302326 0.0337500000
6 0.6325581395 0.8227500000 0.0671317829 0.0456250000
6 0.7956589147 0.8046250000 0.0713178295 0.0566250000
6 0.0832558140 0.8463750000 0.0434108527 0.0332500000
6 0.1183255814 0.8577250000 0.0262558140 0.0300937500
6 0.2268217054 0.8551250000 0.0790697674 0.0350000000
6 0.2271317829 0.8856250000 0.0770542636 0.0315000000
6 0.3454263566 0.8728750000 0.0710077519 0.0327500000
6 0.3513178295 0.8341250000 0.0266666667 0.0277500000
6 0.3069767442 0.8347500000 0.0268217054 0.0277500000
6 0.4821705426 0.8488750000 0.0688372093 0.0516250000
7 0.4669767442 0.8927500000 0.0541085271 0.0260000000
6 0.6176744186 0.8580000000 0.0545736434 0.0266250000
6 0.6178294574 0.8857500000 0.0568992248 0.0295000000
6 0.7967441860 0.8630000000 0.0722480620 0.0550000000
6 0.0782945736 0.9037500000 0.0424806202 0.0311250000
6 0.0790697674 0.9346250000 0.0437209302 0.0311250000
6 0.1131782946 0.9043750000 0.0272868217 0.0226250000
6 0.1128682171 0.9302500000 0.0268217054 0.0295000000
0 0.2251007752 0.9528875000 0.0727829457 0.0306562500
7 0.3625426357 0.9442937500 0.0372093023 0.0528125000
6 0.3449612403 0.9050000000 0.0691472868 0.0318750000
7 0.4669767442 0.9192500000 0.0541085271 0.0272500000
7 0.7849612403 0.9242500000 0.0570542636 0.0606250000
0 0.0925581395 0.9827500000 0.0310077519 0.0313750000
0 0.0612403101 0.9840000000 0.0302325581 0.0320000000
0 0.1231007752 0.9835000000 0.0305426357 0.0330000000
0 0.2234031008 0.9843437500 0.0735891473 0.0313062500
0 0.3386899225 0.9827000000 0.0870000000 0.0346000000
7 0.7815503876 0.9722500000 0.0513178295 0.0295000000
7 0.7826356589 0.9932500000 0.0486821705 0.0135000000
