1 0.2607343750 0.1313750000 0.0468203125 0.1556527778
1 0.3440078125 0.1500833333 0.0439062500 0.1382638889
1 0.3060781250 0.1414444444 0.0433828125 0.1403888889
1 0.4281953125 0.1807222222 0.0435156250 0.1199722222
1 0.3877109375 0.1717638889 0.0420234375 0.1262777778
1 0.4988515625 0.2113055556 0.0403984375 0.1304027778
1 0.4610781250 0.1975833333 0.0395625000 0.1235833333
1 0.5729687500 0.2027777778 0.0812500000 0.0819444444
1 0.6540625000 0.2294444444 0.0831250000 0.0661111111
1 0.2609296875 0.2557638889 0.0531250000 0.0824583333
1 0.3547734375 0.2786805556 0.0490000000 0.0672638889
1 0.3103203125 0.2589444444 0.0528515625 0.0777083333
1 0.3995312500 0.2905555556 0.0418750000 0.0727777778
1 0.5746875000 0.2591666667 0.0817187500 0.0769444444
1 0.6557812500 0.2816666667 0.0817187500 0.0644444444
1 0.7327031250 0.2886805556 0.0304375000 0.1358194444
1 0.7063281250 0.2835416667 0.0312968750 0.1287083333
7 0.7744921875 0.2989166667 0.0478515625 0.1109861111
1 0.2571875000 0.3311111111 0.0531250000 0.0861111111
1 0.3521875000 0.3397222222 0.0476562500 0.0672222222
1 0.3065625000 0.3313888889 0.0498437500 0.0747222222
1 0.3979687500 0.3500000000 0.0432812500 0.0677777778
1 0.4790625000 0.3141666667 0.0423437500 0.0672222222
1 0.4393750000 0.3038888889 0.0373437500 0.0688888889
1 0.4379496403 0.3642172524 0.0395683453 0.0623003195
1 0.5581250000 0.3352777778 0.0409375000 0.0638888889
1 0.6008203125 0.3426944444 0.0466875000 0.0622222222
7 0.8174140625 0.3089027778 0.0473125000 0.1068611111
7 0.8572109375 0.3268194444 0.0448515625 0.1080972222
7 0.8980312500 0.3332361111 0.0437890625 0.0895972222
1 0.4781250000 0.3761111111 0.0418750000 0.0730555556
1 0.5604687500 0.3947222222 0.0432812500 0.0633333333
1 0.6039062500 0.4019444444 0.0470312500 0.0636111111
1 0.6493906250 0.3894305556 0.0472656250 0.1063750000
1 0.6901875000 0.3672361111 0.0473359375 0.0600972222
1 0.6910625000 0.4225277778 0.0453984375 0.0605972222
1 0.7290937500 0.3780416667 0.0387421875 0.0607777778
7 0.8019296875 0.4277222222 0.0312343750 0.1084861111
7 0.7773671875 0.4191666667 0.0317343750 0.1104444444
7 0.8205390625 0.4290555556 0.0286875000 0.1218055556
7 0.8400390625 0.4333333333 0.0274218750 0.1099583333
1 0.2632812500 0.4494444444 0.0925000000 0.1463888889
1 0.3464062500 0.4702777778 0.0840625000 0.1386111111
1 0.4023437500 0.4805555556 0.0360937500 0.1202777778
1 0.4343750000 0.4825000000 0.0348437500 0.1252777778
1 0.4867187500 0.4930555556 0.0687500000 0.1252777778
1 0.5611328125 0.4811805556 0.0466484375 0.0736250000
1 0.6009843750 0.4860138889 0.0330625000 0.0714305556
1 0.6323984375 0.4928194444 0.0379218750 0.0665000000
1 0.7311796875 0.4369861111 0.0441171875 0.0723750000
7 0.8964687500 0.4466805556 0.0276406250 0.1048611111
7 0.8582421875 0.4373333333 0.0293359375 0.1102777778
7 0.8770781250 0.4495277778 0.0290468750 0.1141111111
7 0.9117187500 0.4532222222 0.0307890625 0.0967638889
7 0.9279609375 0.4582361111 0.0300703125 0.1016944444
1 0.5625937500 0.5479027778 0.0415000000 0.0631805556
1 0.6031171875 0.5506944444 0.0374375000 0.0672083333
1 0.6686562500 0.5038888889 0.0341328125 0.0641805556
1 0.6712578125 0.5383611111 0.0384218750 0.1180694444
1 0.6355937500 0.5532916667 0.0374765625 0.0707777778
1 0.7357890625 0.5462638889 0.0391406250 0.1190972222
1 0.7012968750 0.5386527778 0.0395468750 0.1217500000
7 0.8064140625 0.5525416667 0.0528828125 0.0974722222
7 0.8912187500 0.5605833333 0.0434531250 0.1001666667
7 0.8513984375 0.5574027778 0.0473984375 0.0965555556
7 0.8032578125 0.6226666667 0.0308515625 0.0509861111
7 0.8326015625 0.6235555556 0.0311250000 0.0526666667
7 0.8820859375 0.6297916667 0.0242578125 0.0427638889
7 0.8584687500 0.6271805556 0.0259218750 0.0454305556
7 0.9378125000 0.5761805556 0.0538906250 0.1011527778
7 0.9029218750 0.6330277778 0.0267343750 0.0414027778
1 0.2268515625 0.6410694444 0.0537421875 0.1576111111
1 0.2684062500 0.6444027778 0.0453437500 0.1549722222
1 0.3039453125 0.6652222222 0.0419218750 0.1105277778
1 0.3420390625 0.6625277778 0.0407734375 0.1139305556
1 0.4127734375 0.6705555556 0.0332109375 0.1201527778
1 0.3778046875 0.6687916667 0.0375390625 0.1110000000
1 0.4771093750 0.6666388889 0.0334453125 0.1373194444
1 0.4461484375 0.6706388889 0.0357187500 0.1244722222
1 0.5094218750 0.6687083333 0.0344765625 0.1407083333
1 0.5681250000 0.6511111111 0.0445312500 0.0730555556
1 0.6126562500 0.6563888889 0.0518750000 0.0736111111
1 0.6593750000 0.6625000000 0.0479687500 0.0697222222
1 0.7410937500 0.6691666667 0.0437500000 0.0725000000
1 0.7001562500 0.6655555556 0.0456250000 0.0766666667
2 0.8445625000 0.6978611111 0.0905546875 0.1058055556
7 0.9542187500 0.6838888889 0.0418750000 0.0405555556
7 0.9335937500 0.6413194444 0.0440546875 0.0512777778
1 0.5714062500 0.7263888889 0.0476562500 0.0783333333
1 0.6196875000 0.7308333333 0.0532812500 0.0780555556
1 0.6664062500 0.7352777778 0.0456250000 0.0819444444
1 0.7485937500 0.7444444444 0.0437500000 0.0794444444
1 0.7075000000 0.7402777778 0.0468750000 0.0836111111
3 0.9593750000 0.7213888889 0.0410937500 0.0416666667
2 0.9070546875 0.7316666667 0.0927187500 0.1505416667
