4 0.4372187500 0.0892734375 0.0633203125 0.1738085938
0 0.7196367188 0.0669921875 0.0746210938 0.0784140625
0 0.7916132812 0.0611210938 0.0750234375 0.0768398437
0 0.8665351562 0.0583281250 0.0793710938 0.0799882812
0 0.9414257813 0.0653750000 0.0722929688 0.0705703125
0 0.9877421875 0.0654335937 0.0245117187 0.0744765625
7 0.0508984375 0.1207109375 0.1017929687 0.1275195312
7 0.1550742187 0.1256210937 0.0951953125 0.1205351562
7 0.2255585937 0.1196250000 0.0496445313 0.1167539062
7 0.2749765625 0.1168984375 0.0579843750 0.1273671875
7 0.3269726562 0.1152070313 0.0648632812 0.1257070312
4 0.3825625000 0.1075156250 0.0643046875 0.1461718750
5 0.5015859375 0.1124726563 0.0770000000 0.1275546875
5 0.5740781250 0.1106250000 0.0780156250 0.1290585938
0 0.7165156250 0.1403671875 0.0731953125 0.0706757813
0 0.7902460937 0.1356601562 0.0781640625 0.0758437500
0 0.8658593750 0.1331914063 0.0764257812 0.0759101563
0 0.9857851563 0.1315468750 0.0284257812 0.0661328125
0 0.7706875000 0.2921796875 0.0811171875 0.0829570312
0 0.0773398437 0.3135390625 0.1009687500 0.1294023438
0 0.1441210937 0.3143984375 0.0715742188 0.1281718750
0 0.1958906250 0.3130664063 0.0706523438 0.1251328125
7 0.2740937500 0.3211132812 0.1076484375 0.1156210937
7 0.3460820313 0.3217773438 0.0556328125 0.1099492187
7 0.3977226562 0.3219960937 0.0551523437 0.1127343750
4 0.4898242188 0.3195820313 0.0491718750 0.1207695313
4 0.4433906250 0.3208867188 0.0408789063 0.1156289062
4 0.5374531250 0.3204531250 0.0514843750 0.1175898438
4 0.5832968750 0.3203281250 0.0489023438 0.1186289062
5 0.7016796875 0.3185664062 0.0693281250 0.1215937500
0 0.8429843750 0.3132578125 0.0805781250 0.1258359375
0 0.9116171875 0.3132500000 0.0850312500 0.1203867187
0 0.9686591797 0.3079296875 0.0626816406 0.1372578125
1 0.0893007812 0.4953476562 0.1179921875 0.0943359375
1 0.1681171875 0.4981718750 0.0620429687 0.0958281250
1 0.2097617187 0.4977929687 0.0598710937 0.0950703125
1 0.2524375000 0.4975781250 0.0564375000 0.0953398437
1 0.2950078125 0.4985585938 0.0537617188 0.0958554687
1 0.3379882813 0.4986171875 0.0548671875 0.0945468750
4 0.5189609375 0.4984335938 0.0416640625 0.0948789063
0 0.9810585938 0.4754492188 0.0378828125 0.0543164063
1 0.4021887825 0.5088919289 0.0834473324 0.0752393981
4 0.4718125000 0.5006992188 0.0622343750 0.0983476563
4 0.5680078125 0.5008359375 0.0563437500 0.1016367188
4 0.6181835937 0.5053828125 0.0485507812 0.0922617188
6 0.6645234375 0.5025078125 0.0491562500 0.0998867188
6 0.7626367187 0.5046328125 0.0476484375 0.1005898437
6 0.7128125000 0.5033203125 0.0499687500 0.0992617188
0 0.8218320312 0.5260898438 0.0731757813 0.0541289063
0 0.8994804687 0.5298125000 0.0830546875 0.0523789062
0 0.9704335937 0.5312812500 0.0591289063 0.0552617187
0 0.7234570312 0.6329453125 0.0677656250 0.0589960938
1 0.1271679687 0.6517265625 0.1091601563 0.0877578125
1 0.1972421875 0.6509453125 0.0550585937 0.0876835938
1 0.2814609375 0.6516640625 0.0542031250 0.0794062500
1 0.2398476562 0.6521523437 0.0546445313 0.0812695313
1 0.3239765625 0.6522343750 0.0490976562 0.0816914063
1 0.3668632813 0.6524531250 0.0502578125 0.0846757813
7 0.4103945312 0.6525117188 0.0492617187 0.0882148438
7 0.4516367187 0.6537500000 0.0469218750 0.0896992188
7 0.4933281250 0.6538007812 0.0444257812 0.0880976562
7 0.5362226562 0.6569101563 0.0459218750 0.0884921875
7 0.5789296875 0.6570937500 0.0448125000 0.0861562500
7 0.6235117187 0.6581093750 0.0464179687 0.0900117188
7 0.6680273438 0.6584804687 0.0457265625 0.0923437500
0 0.7212578125 0.6821171875 0.0675156250 0.0476250000
0 0.7877851563 0.6874140625 0.0719531250 0.0427773438
0 0.7909609375 0.6416406250 0.0706835938 0.0557578125
0 0.8598515625 0.6561445313 0.0790429688 0.0974375000
0 0.9335273438 0.6589296875 0.0806250000 0.1022734375
0 0.9814687500 0.6591875000 0.0370585938 0.0969609375
7 0.5437226563 0.7777695312 0.0484843750 0.0640703125
7 0.5018359375 0.7765000000 0.0526796875 0.0610468750
7 0.6329179687 0.7799726563 0.0492851563 0.0636640625
7 0.5877539063 0.7790429688 0.0458281250 0.0649843750
7 0.6750312500 0.7811718750 0.0529453125 0.0630664062
7 0.7625703125 0.7860156250 0.0598593750 0.0674492187
7 0.7185468750 0.7839296875 0.0564257812 0.0653242188
1 0.1422968750 0.8448007813 0.1027304688 0.0749960938
1 0.2121875000 0.8456250000 0.0501367187 0.0759414062
1 0.2917265625 0.8558593750 0.0522460938 0.0793554687
1 0.2506992188 0.8464843750 0.0489296875 0.0760273438
1 0.3335273438 0.8571640625 0.0476875000 0.0838593750
1 0.4177812500 0.8619140625 0.0489257813 0.0793710938
1 0.3764765625 0.8606796875 0.0505312500 0.0801953125
1 0.4595664063 0.8633281250 0.0470781250 0.0808828125
7 0.5023867187 0.8647265625 0.0481210938 0.0828203125
7 0.5462890625 0.8648945313 0.0471250000 0.0851523437
7 0.5890664062 0.8667109375 0.0481914062 0.0857460938
7 0.6337695313 0.8687578125 0.0472968750 0.0887148438
7 0.6793789062 0.8712773437 0.0473515625 0.0883125000
7 0.7218554688 0.8728906250 0.0473671875 0.0894101563
0 0.8246054687 0.8728906250 0.0702460938 0.0901875000
7 0.7668789062 0.8729609375 0.0488398437 0.0842890625
0 0.8912890625 0.8721132813 0.0778125000 0.0876718750
0 0.9596015625 0.8718789063 0.0776914063 0.0962617188
